4.638037601270675 0.4182610305088717 -0.7800096422959493
4.322820465222644 0.30147232070603713 -0.12611989527435263
4.27477584911547 -1.3598962972455395 0.38897767949268525
3.989590657041345 0.4821103046505745 0.5451327025255249
5.404475997098697 -3.1336826792294428 0.27864976793142826
5.198281135104396 -0.17816742182054 -0.41081564996097764
5.5098067517301335 0.4887055842715811 -0.12974776231384483
5.568419300776911 1.518608356116316 0.01077436235355688
5.002370896490631 -0.11572457216698992 -0.04750940664128987
5.040415421824304 -0.16045606947148822 -0.1394324568242168
4.940700649165563 0.6129975597741184 -0.7370197093667276
4.440490429501637 0.9013896865399506 -0.0849242545105956
4.573001045918247 0.22605125461492562 -0.5533485317421664
5.420639757332141 -0.8448247488492031 0.3989459961864221
5.790501558574038 -0.41239639666262057 0.4374831426804081
5.871742572925749 0.18049151145577738 0.16943169946120865
4.8776695911199255 -2.455303552705273 0.3334556765254468
4.931558737587241 1.9620417672911927 0.4717810666525123
5.587881605924233 -0.16006827485934647 -0.4390609340030453
4.98829704475345 2.359312905554823 0.5174948748571212
5.111982485366282 0.6033111214744459 -0.37899489372417766
4.837634200787317 -0.18935316805412314 0.08763261403135994
4.5771375286275395 -0.39877669026623364 0.5613841142061322
4.682949308838636 1.3339218450745873 -0.785862014589531
3.865404163556803 0.8694986025870981 0.13172673807519764
4.725879713495129 1.6710532315775077 -0.4949431358158445
5.703559296202646 1.8130260568701877 0.9155199870236989
5.4084833501736576 0.12043496391672465 0.8232618376039934
4.773962034103957 -0.27488617196624876 -0.03190910622064291
5.153441475802749 0.8222318960722869 -0.19094301471153546
5.0464470399136205 1.4444963026428987 0.7387007216152488
4.845648434641138 2.4934301917553863 0.14306564145669307
5.030565436427084 -0.8072578115284986 0.8581307172503689
4.7827260294940395 0.5795117088169185 0.5970153597233373
4.54956300829578 0.04324721692785782 0.20986157165917468
5.540967650655365 -0.7720897982777293 0.5247442867897496
4.0193140081403715 2.2650815182829107 1.211125882900968
4.945047336076591 0.8800330806061507 -0.3284458775581448
4.023136954368095 1.404293229844016 -0.5885440147297579
4.324755796229024 1.9881497616546306 1.276633041233187
5.245162298804019 1.4436120861940966 0.2549423225622309
5.150803671436694 0.4941558701691484 0.013462469875805128
5.098433103163965 1.813249156732503 1.593429161981168
4.109677677092782 0.8747477187844857 0.3506863202746028
4.454610385136794 -0.18895142599392575 0.19426079476829988
5.205192804726732 2.013129383287133 -0.40603116916492943
3.835116131312458 1.7317599939160064 -0.35615207856655784
3.9249263670659973 2.6029366815676718 -0.17417533396343776
4.272660858295514 1.8750532648932843 1.2525702413543116
4.790349079554529 -0.17494082318634688 0.444434841405778
3.6970001393938086 2.0761565600301854 1.0142749433616722
4.793342883653909 2.143320594261231 0.3651711805644978
4.387008502139122 1.675302744978476 1.0615190204791736
4.501190301456581 0.34521957701072487 0.5493959139074404
4.904524621526367 2.0720794124676676 0.9016816151451503
5.338788482490675 -0.24137983013472894 0.02128016369789476
5.119921277673278 0.6556185852511578 -0.31460597173248817
5.2850183769545485 2.315156540861355 0.8352514547908775
4.623940707462858 1.9037452489113265 0.7680995803120145
4.7091655525830225 2.0655197141321318 0.7750726301318577
3.7848466375212446 1.4537929033195922 1.0487247493403637
4.385356440307093 2.3138093342160535 0.2724294315393428
4.646396873081529 1.7968970536897912 0.6573430577884223
3.8783015973142807 2.2773395275989294 1.2124168168028864
3.5660434220596606 1.9676798999504135 -0.01669063646365887
5.326745997711166 2.2112806470203865 1.4689751948689853
4.5304935968286175 1.9335823585745404 0.9154115172540724
3.7989153876570647 1.7218985400572766 1.3228270165605385
4.328807615537497 1.317160860152147 0.0436577865897394
4.285053265949025 1.778448281641473 0.46931014879568844
4.51138883498139 3.3393141625639937 0.594696682424637
4.909646953329637 2.175944840010054 0.6040351696558486
4.484484998243193 1.8063454500373735 0.528527444013966
4.116161059838177 2.701272186777035 1.1149643219538348
5.459344379788097 1.0810499873201111 0.07640934826874946
4.653992815108419 1.398953940475454 0.7887249462161081
4.598513899236053 1.291417215997656 1.1491433543453815
4.819934672836286 2.1172285115913323 0.8697832344105135
4.433365771889666 3.2279960944953467 0.6794982542739241
4.417820932639357 3.831593846821551 1.0620307543300767
4.102416287025878 3.6435539511197725 1.1844651880306265
4.681713641284339 2.6051806414513563 -0.1540532245934203
4.235117060531455 1.8649901904593935 -0.199511301939161
4.415550114226759 3.1730963780347032 0.3626215860184011
4.485516646317369 1.4576991849714531 0.998701478406691
5.2589297969231374 1.8290460568962883 1.5282808366851843
4.699619261011277 1.9567019431881751 0.7553687395589778
3.8237494548590623 2.7478174885850746 1.7673135679844152
4.693050793333951 4.162609368000837 1.8633291544090116
4.263539606736933 2.4118686547642163 0.9145371013540542
4.259903407252333 3.2700779544296847 1.5989159535659985
3.4362194270199873 1.8711905407540583 1.2017035309250668
3.653595722734897 2.821672560844864 0.38899604061982274
4.16897672049562 1.509388722277247 0.5123675662465741
4.667452729360931 3.311360383172706 0.8859204510590548
4.55463545669224 3.1336735995173353 1.0236268003081253
4.142597869047636 2.4990413914291634 1.0059884161488049
2.7468902761247125 3.991963796528353 1.3904419268974177
4.254301971534017 1.1158620024481072 1.1638410469542455
4.09034173791123 2.62634534455095 0.9822903862817167
3.816062644611965 4.296357798236305 1.6676295251789397
3.6450208229338923 3.5291456150512115 0.24513864239347916
3.45701923016883 4.546974659444001 1.7586757600796217
3.7692676507081724 2.955371834542334 0.9329698587790318
3.9597607227926397 4.319186557950668 1.037922784958765
3.4036956908318237 3.7382861473359115 1.3566825332953378
2.5754447147829174 4.772279606080715 1.9151556637645686
3.0087315243647046 2.958316688131534 0.7372060938662224
2.8427595752392305 3.7928133014229184 0.14217581329074047
4.211841803287283 2.8159767253621366 1.3724016248478794
4.3242212604100345 2.9419325399837777 1.0427423670497178
4.267560658026728 3.0019678036256217 1.2686099021497848
3.833546823091249 2.8384688904190836 1.5146721752101981
3.2254149856584857 3.7789029204882194 0.701354235159479
2.997197866080303 4.236406431259627 1.1521036820187323
3.4848695305665474 3.434880057771757 1.339393887795144
3.1858867144462057 5.061528953131156 0.6898798443655383
4.002399463269398 2.114861194124843 1.4567873449396138
3.8758988038002795 4.14565396176899 0.7766475204075933
2.845925994679244 2.7379011162865825 1.6501944880245611
4.020451466536721 2.3076024980149086 0.4491711894941698
1.9560294983713844 3.3268840489380533 0.6369170012353725
3.2132799560721246 2.994360304171799 2.1074889294376393
2.962711460469613 4.356221374953963 1.178538468399871
3.219040392733218 2.0295329710079195 1.5196907395440586
3.745789761646738 3.5599195690137333 1.8682910566347473
2.734116105699797 3.2286138194466525 1.2085105068256121
3.612482953597268 2.9925853931348625 1.9191212014195644
3.771890831419446 3.2974275540200364 1.6142552987919554
2.2578278354440124 3.9799008302105365 1.5486765588326867
3.573704725811293 2.226121244428247 1.0113129561219303
4.320819792461391 3.573307638922666 1.3021624814142807
3.3232249956023026 3.65789989986522 1.0780699818883073
2.1568595797094976 4.650697686599089 1.5171655712539436
4.408082700266378 2.0605629761899222 0.5834147112162644
3.85027581907638 3.2807313986522444 1.6899361696844513
3.0571006951703317 4.54348660351909 1.7821399615657552
0.9472968984967369 4.3787601389376745 1.7005704415910663
3.9626814208134085 3.983873077997471 0.8169360266966842
4.019561375823684 3.6052924667661874 1.0707033362410479
2.971885735722621 3.0309425971283224 1.1343521309256794
3.5207840372916444 3.1153524101669623 1.3165985829708764
1.7316405855287023 4.17627673894288 1.90370552466892
3.150130481429007 3.9499850124093574 1.4501174417835287
2.2868143750213594 4.374482764314051 2.4290582019318743
3.082020206164633 4.15719416358997 1.5838248241295374
2.964086591622397 3.1868386125398227 0.9718035775274937
4.024014954809326 3.5508485101841876 1.6206669664514162
1.4646908340130913 5.434046513747685 2.086844945102156
3.3446453202847035 4.577580427328527 1.4039770903839557
2.9664343991349815 4.130355444109017 1.402022368544402
1.907195029492586 3.7012116498139567 1.9524779141977038
2.0113858590737683 4.153898681606491 1.3693930150944107
3.5342755888742623 3.759412936978667 1.8210169050583518
2.112398781818254 4.690983383449688 1.2331331565600536
3.6044817828711366 3.515802319202813 1.6021319518368453
3.0632394552021576 4.185320718163467 0.7144727223629844
3.4133163633559116 4.448617936827658 0.8396346625051683
3.9406839211691396 2.907399075188447 1.9089953367228547
1.485365113539726 4.955247124722737 0.5359097819082008
2.562178300868586 4.147014937488047 0.5417798955382833
3.548218912689247 2.973139793240273 2.8512960191073944
3.8050040821304436 1.9147101459268752 2.155031713192498
1.4131137082732148 4.230465771171659 1.252813284765037
2.595735400136291 4.523961733470968 2.749943249910365
2.52141333164181 4.121795413586391 0.6352007929481678
3.1584303423374718 4.140292201592689 1.0901134853786987
3.4033281929178694 3.9518593446028074 2.037357777432725
3.6726403005016772 4.431567199315694 1.4867735489572311
3.1379822284862 3.8959236325752915 1.854816826746697
0.8370270613646213 5.98681942679192 2.0687346457958014
3.56699409362946 3.5888286381874632 1.5769928929396237
3.1075533352521254 4.07636587895384 1.369477632281258
0.078476317869438 5.0437679936579505 3.256037058152691
3.3198534863821347 4.326624090475617 1.9595342747934432
3.2661865286561884 4.151228125521558 0.9432955155986239
3.115353723976595 3.9759146839884187 1.0512830536926905
2.8956949032296 4.37138834867992 1.736328778250573
3.6042966537841234 4.029051806832056 1.0710919547229012
4.2459600488301 4.128533776578119 2.0147251275116234
1.7645888549501936 4.64682398627589 2.432654917980839
1.1424260177335541 5.254421928520443 1.5859021380522154
2.0518376274190673 4.3393338550752505 1.8583766908630759
1.9968973861153958 4.128621543939704 1.532972346680399
1.837291779007338 3.880744700619169 1.6429980297204614
2.4960582287390314 4.407623371551164 0.7515620197046406
1.7074117478740292 4.509476854152815 1.5856275037193108
0.7015357826650173 5.3603809569561385 2.9495974148713016
2.493315137002429 4.471361190673784 1.222752294458906
1.3471060785798072 4.5376763698281835 1.8307572234518017
1.1386408219208515 4.4981854024885735 1.5831309909367666
2.4476162981717042 3.809905474735292 1.9792790528868882
3.605659571514431 4.649832084479488 2.3984993937222
1.6397203029280467 4.424108881681959 1.3753195397701274
1.128758666202361 4.092283809949977 2.4206701541154914
2.3144637709886964 4.799718336843931 2.340225598995845
1.1560403622160969 4.763889727057858 1.6051923560636443
2.3657769506626005 4.500925237898148 1.581493485969967
0.03426170269495908 4.96190335127732 2.1405347340121037
1.9326236609078375 4.260030978581334 2.288012707097873
1.487245978659722 5.098423298114563 1.5850553651011576
2.7456101052774398 4.2216938008426865 2.2369957737027897
2.4914949189164592 4.676026124749731 2.115277318398906
0.5274653113286231 4.746592231740231 2.8093879921618647
0.12898701659638778 5.207348258237754 3.001511555237231
-0.12462059897900699 4.664206943800852 1.789099406811482
1.1707035072559877 4.412874796940579 2.8156296904983362
2.2435435788629023 5.103968778658058 1.727997715007624
1.803749378276953 5.204642605959581 2.2750576530609568
1.1151596215315456 4.641616326621686 1.7785975007990658
-0.23221925486873266 5.277741179333059 2.4704458680675323
1.501801308558967 4.448497162914462 2.0565192335191047
2.410256973548109 4.539979673836922 1.672061875447323
0.9319383623704169 5.376542094857112 1.9495937840396154
0.9749767501578781 5.767941535531975 2.4707303247213748
1.0870722592565907 3.7303576881008116 3.151114335220239
-0.5851818352538619 4.586755842233326 1.3971932776551315
0.90891324629389 5.284384195605964 2.0368889358872573
0.6099520271486164 5.630621512346985 1.8377684606201559
1.8537473421629376 4.926210335487359 2.2128716244941913
1.2334163734217727 5.70658314500195 3.0315643657609366
3.1035538497936432 3.878852744088254 1.849896481839899
0.6560173712696948 4.280699937224967 2.42222176801597
1.252196964363518 4.690752513802112 2.5498875463442534
1.4312800544125228 4.70004588379981 2.6111543247300433
0.9246070390149024 4.668223881218731 2.602425151805052
1.813760150876269 5.419148412557122 1.986203010799823
0.3210146315721261 5.101188320933934 1.8409043897742743
0.5082910196443439 5.425906411845401 1.4027115433777348
3.4343610536815006 5.317516798460401 2.825251674729434
2.5089666664614865 3.945382471864496 1.991410090624565
-0.12355682752464149 4.945018823272258 1.991273036622792
0.6499586186083406 3.7758327587967657 1.555770823823369
0.8869408659726272 3.9962197518718297 1.5408227003112978
-1.598256443182545 5.941441766114783 1.7593167580983882
-0.7580760999839463 5.132468680341716 2.1743138086648357
0.8927617488449952 5.30684453355728 2.7582982932657716
0.07334400039453455 5.0555671535942075 1.6619506394423638
0.9455289624031138 4.827789397813988 2.7984897308565637
1.3017396029018398 4.384487941734519 2.293966369445627
0.21993486127942355 4.407068227584945 2.905305502236697
0.9516313013986423 5.625129608877162 1.637666536968744
-0.7022538398644209 5.404154307836655 2.3638580538666956
0.2627699181867664 4.540108661293237 2.4206220376672065
-1.5144528164941595 4.981176286860493 2.7927150092588118
1.9578629642183099 4.666199085674426 2.9520963912454325
-0.3051470847885058 5.1288109694356425 2.5817548477480194
-0.800000210558544 5.538234216467482 2.335421198288523
0.09510631926438205 4.983198316501883 1.9460762186437846
0.714531965575183 4.360688619281614 2.1442426781651673
-0.7836838450837463 3.70542853923851 2.5704180733530992
0.48423046524944247 5.064639771626079 1.867230370382279
0.578375827038239 5.093306726539794 1.748882281880937
-2.5038272696698782 4.90420179473792 3.5154596186602887
-0.9416786310121683 4.862020939763515 2.9983349649360043
0.001865336536812171 4.249988257868085 1.645945527974729
0.00702794929277908 4.266630485424982 2.61701288567974
0.2543287689791579 4.791968928364755 2.376241351064887
0.6584676222511404 4.815815524583356 3.20338261671988
0.09347572780093784 5.0436482988255324 2.384315462926922
-1.8063606864194806 4.797002095549795 2.6654730260789106
-0.06447063190319263 5.393969132405665 2.464835394617603
0.8955473282620835 5.045187655227473 2.635034646488436
-0.0002647991705999424 5.261394402255887 2.3427613184556932
-0.8953784061649824 4.7112426548340505 2.9815345114813105
-0.32554163759426075 6.053664936254673 2.3077587171065987
-1.0021941268507126 5.048838104056587 2.918404633792577
-0.42753492107041796 5.067668082556689 2.951117751070058
-0.2554815000865248 4.461059579714729 2.8761525088231132
-0.9856811248797294 4.331647053202149 3.7021292062858615
0.48659925822378486 4.818475503999429 2.5021039299820087
-1.2520775795906884 4.443204526414516 2.961379269995437
0.3982132933255101 5.099844903706025 2.840352383662833
0.23232621125599404 4.88639046940518 2.8229756885983748
-1.74204803339147 4.738856182267625 2.6905073839245697
-0.8840472068127951 5.8353781052748825 3.915028600777384
-1.0128449179337147 4.670693740761549 3.4111763412006217
0.03128382112549882 4.763444476884371 2.5466886652474074
-0.5180441835791015 4.517329505712686 3.9134330912617545
1.3268936569278549 4.032389830781056 2.7713677068853775
-1.2042804799296825 4.322899878325027 2.540703592702441
-2.1442876200644636 4.245214236981093 2.2864430611349205
-1.2150756405116971 4.95965419751337 3.397878875518847
-1.3277352560308842 4.161310745590025 2.344507328243302
-2.264776783853204 5.202719522901709 1.271227808742717
-0.967203800745198 4.7266119908231845 2.679882374839547
1.5348639449887034 4.804132264009476 3.4863087413269804
-0.49594265706948193 5.114081416260904 3.3673495375244364
-0.8536522436921388 5.183224427905149 2.3637098008637993
-2.2860824032613714 5.5432018307869795 3.3637707492761386
-1.481280187058515 4.582029524352305 3.475544810512987
-0.5370595402013645 5.6935989841792995 2.1215779901849703
-1.642352092078564 5.6665575886274855 2.152508189492919
-0.8031482116072927 4.667298497223832 2.4436791970812424
-0.7360735987741249 5.052635066438144 2.9203213593310777
-2.033220716719671 5.340237540769162 3.2064497305385538
-1.3681179695161683 4.957272505402984 2.7260419330969827
-0.45590403150346864 5.337833961939918 2.4947971433492224
-1.0428635489276625 4.493676482929732 3.1792290673646715
-0.959502606410593 5.646491764447352 2.480796747345902
-3.0882525658589692 4.6399767742488995 3.6998876430149146
-1.735514249200596 4.799845924553686 2.1502818743617826
-0.6718356783442762 4.883543462889592 2.8626911393122145
-1.5388769486702507 4.533636238694822 3.4309441406209156
-2.1300227180811735 4.2729402091598585 2.8644319680552375
-2.2839709532039403 4.340626636895021 4.174519962446372
-1.7450471725423606 4.510095480525322 3.2519384366459243
-2.4149931100514777 5.671245767332629 3.3745974566054677
-1.3862468570601654 4.998841063823689 3.096300229391954
-1.0128050381014602 5.609925348052247 3.1136336065363723
-0.8117731757803218 5.079111415158243 3.41582898839961
-0.9127743908032728 5.8126024620269465 2.9248242741592914
-0.9668832471230625 4.957375823279214 2.603486186879822
-2.5264992493283067 5.123121563726533 3.4886621036251655
-2.639277654454436 4.136342625344152 2.854200502706019
-2.1745088536421697 3.250404312905436 3.355265420027345
-2.285128352626988 3.8302314210828357 3.1396741644891866
-1.7459934596880737 4.1401186731358655 3.3156783811594908
-1.436056239982873 4.685662021846443 2.892827729937147
-1.1682849361756793 4.842096892611629 2.940005305592716
-2.9991531291896614 5.237007778915748 3.1875107989035834
-1.2203928899833887 4.641314308970345 3.0257603113413394
-2.8613428584858465 3.6858747073367817 4.448470094008534
-2.6904421349325176 3.799958856628212 3.2499798078440354
-2.4764682201849837 3.8367617497452593 3.239684284362828
-1.2573415305122049 4.646725935161947 3.265119955304376
-3.62511830302546 3.64778148059342 2.9564269553669393
-1.7830264886682217 4.919815524199422 3.9127861360712317
0.14823389117545774 5.40128048941112 3.1117087357556192
-3.3191349049191556 4.220732083723031 3.722733488043203
-2.073890079460725 4.640785854266826 3.825730287878116
-3.4434544075094924 3.0681530521875295 3.314097870228051
-0.5824408281219835 4.967277336579768 2.6976933155781273
-2.728323116283154 4.265792367953145 3.0308607558471845
-2.213967986590772 4.487865730652539 3.131610461113387
-2.638065814206588 4.2107668423121325 3.798917002569166
-3.722714835765938 4.060602671672973 3.82199838415467
-2.495097600775634 4.634403357853943 3.9998151066595753
-2.4383538910360185 2.620321599550827 3.829487975390966
-2.224497856108054 3.7653480802733634 3.7328340315251287
-3.5219825813973875 3.708958281871267 2.5291812711516437
-3.3386345547316654 3.1833610343217167 2.8616311724562884
-2.6975798689817463 3.7974048796964466 3.3898807743709627
-1.5558387617539091 4.0548023258344035 3.3602480372631702
0.35927429006433886 4.924090847598335 3.4842879393564354
-2.548230230636572 4.289622948333348 2.8049009155026727
-1.839243643876747 3.6427231993193656 2.5293982475037495
-3.631637328820628 3.0779369602547146 2.4817935088193
-2.342852797261281 4.937756608109089 3.4120493025038177
-2.7247355888626124 3.8051639173677025 3.389511892168956
-1.8170220092128977 4.127294632095456 3.455229858900188
-3.038373337088108 3.897705290197696 3.655298630011262
-2.0429126911595503 5.016810821859392 3.7637523679629052
-3.8094868365629115 3.1736913804938687 3.280997261695166
-4.552712761602138 2.8089499275759353 3.8200401740034424
-2.829409258148658 3.789437439850422 3.459694532716193
-2.4264730108762653 5.3989242111901135 4.571615709321392
-3.0801380475541507 4.1084074888293065 3.4447515167664453
-2.832174520890586 4.333486779380984 3.5738334446770095
-1.9509578925581192 4.617099702403898 4.127428594059561
-2.2064153697031 4.352672702061319 3.9511791742843982
-4.352185742889304 3.649714448907841 3.9361456842099085
-2.7820878119066914 4.305165915332083 3.6239262371056515
-2.6364947367834572 4.237107486032627 4.121743223518537
-4.323031827495021 2.6975007791470023 3.254759991530399
-2.7890315912294783 3.9145757037442355 3.270442521920305
-4.7332988526292885 2.5795081853689434 4.6359331506770625
-4.211870104938095 2.0003280591710593 3.7477580481748416
-2.9122492659702135 3.7871304858955095 3.3125325780779376
-4.392746891086984 3.4128088500887515 4.675864554210886
-3.29868169087237 2.853610103065968 4.156060860076609
-3.3061588324836406 4.509468782547242 3.810302753159542
-3.7282355848365443 4.300226029032007 3.1320332788659258
-4.048873591013095 3.328643413740381 4.273721184463157
-3.6151165042146505 3.344528982012577 3.649438014369248
-4.021963853320426 2.6737928217169022 5.064192822894583
-4.124671867036873 3.1662255038667335 3.840383439851144
-3.7306993077557786 4.170821943461812 3.331305327473109
-4.152978059839701 2.854549324252062 3.1356584666019782
-3.124062781917907 3.006059474753309 4.3076059245704945
-3.7387499839275877 2.923595712657381 3.9779147195856
-4.8451052617504455 3.6084231508726945 4.583622053804291
-3.3735602801031357 3.412692139021583 2.918652550874507
-3.467023294182154 3.2203982155352926 4.157001995645493
-4.640509019277894 2.984573306234949 4.746531203422963
-4.056636553951951 2.569901471833129 4.408700499007192
-4.417921978672075 3.057663044890946 4.343610276446448
-4.99451492368159 1.5524214353800014 3.4409250037681516
-2.8640951128860355 3.6723233260111225 3.3851287090189537
-4.390542698533578 3.0566493060327 4.086818785500806
-3.9196299270353983 4.064395380721363 3.87540286275935
-3.4590413823829516 2.0834195784674643 4.092726422610838
-3.558840801863544 3.596059787745268 4.482857855322534
-5.249671560403961 1.1110081864627648 4.668862446652575
-3.7218738001239413 3.025676451978222 3.758347975729606
-4.038109786902812 3.0931356842663122 3.679532797016483
-3.9467516353765237 3.022976362329563 3.2908281073620897
-4.217541955137375 2.3657387501160287 4.255737182829887
-2.627213429708256 3.0377020148339855 3.4431690234423695
-4.040074941898378 1.981139055582251 3.5068623106388195
-3.9184616894024953 2.5308912992450145 4.062269130403277
-3.6407707330118106 3.189458075349956 3.5053743503252783
-4.188102449748057 3.183109797607426 4.841245753529394
-3.5714292968730956 3.6761665598515076 3.921206996898882
-4.196664357256056 3.5740974604670703 4.076530911755776
-4.448028188769831 2.638434542524553 4.0025543981534355
-3.998386832126335 1.272110392267238 4.3565943317346445
-3.3828076697273834 2.3468920172282544 3.9459340508927876
-4.78554260237991 1.7850140037368398 4.052325942431301
-4.568906350134138 1.0080717790478233 4.451502885734662
-3.8278388288458203 2.0085800868020414 4.044047264904268
-4.920477477923599 1.507744538271509 3.917991551247195
-3.910866457208012 2.2601400057706176 3.5969287173779545
-4.340909122531487 3.7619812236644607 3.756531479867979
-5.076001677015595 1.239589329667819 3.9188161704514926
-4.998241983025945 2.476167684022903 4.021511996554221
-4.8950968711074925 2.0985267781346404 4.0510705244495755
-3.342148066207194 2.4053095322007136 4.293839039185841
-3.848258832572833 2.061442710945002 3.875839043578259
-4.284637768715545 1.3712770504316303 2.9265459181786575
-3.055355153863128 3.036559952015929 3.763569351591478
-3.7965872158702494 1.55342774620802 4.350060878267879
-4.715831119529678 1.3862095641065497 3.9552004643075676
-4.84892508715603 2.030217826974202 3.772960214668835
-4.303153053158359 2.0673840827365546 5.061529101432387
-3.5089224209612864 3.5255055053064 3.753799037337193
-5.03882228471133 1.4802036789780881 4.346774164767548
-3.314301680118083 2.8051751844763384 3.904948683102359
-3.6145140726364446 3.593279827768834 3.7999632466005386
-3.4688915644479956 2.3753737394584564 4.187658310901441
-3.8034552592076736 1.8648298324662442 4.621034100735969
-5.176187867787951 1.4136261308240843 5.6176928203495535
-3.6379993568842934 1.9949884192314433 4.118831164668336
-4.395846174231046 3.0088004437374822 3.4544651585424453
-5.698018433039804 0.5309541675179328 5.076575241437994
-4.177539157682287 2.547505106277544 4.757746092279929
-5.389055021250733 2.1735651626404118 4.559764759650606
-5.133367375245103 1.1206941676557916 3.558522563608083
-3.8475834391942114 1.3132483276792248 3.9075532962443638
-4.593036033253311 2.2071111862819226 4.031393286389379
-4.472469536050076 2.329889211590343 4.399208092733595
-4.647754365159666 0.23419323085164645 4.1382745005641395
-4.1321908085651184 4.025655412959832 4.482834818224771
-5.260586403021068 1.304942867788422 4.561055213594466
-4.242157990833983 2.5698959399664516 4.321083693970971
-5.259003254594335 1.8081115749128456 5.0089699042328215
-4.636594011206795 2.1117963260702837 5.092295519696948
-4.70837060333691 0.5142362244133521 4.277097490925418
-5.314043954735432 1.017390491766628 4.625396976964792
-4.075029829104421 1.2755510459991055 4.22116295710245
-4.419530879594226 -0.6692170839609551 4.574114663292056
-4.384383911897893 2.2990213470363474 3.4166788797424443
-5.460181090815361 1.8541790910466658 4.041355201832039
-4.87495613421709 1.0388025666749532 4.655706802276186
-5.882552703026115 0.807995457437653 5.089860545303395
-5.313611610704116 0.6445842155214678 3.9368166549414783
-4.925375766706542 0.4922814511848561 4.638234753758036
-5.318128397091894 0.9024628466999834 4.8483533978002145
-4.734015799809722 0.8902625351630469 4.298515811164581
-6.67906273219287 2.33758851672347 4.07696875947431
-4.944150106038825 -0.06527742780318063 4.3752884219304295
-4.618545752368858 2.3455238228429454 4.1838311025739445
-4.590578371044028 2.2715330830818434 4.307596827706251
-4.985365439162705 2.1226346716281173 4.2142375802875485
-4.065001358446154 2.4470257580756756 4.510223699072742
-4.218228028280512 0.9820168660536276 3.373677457673846
-4.80474371560363 2.1006420121906317 5.023831478996508
-4.21359014649033 2.496565930133421 4.019278070202195
-4.83508659953561 1.7908070903971274 4.944475817511618
-4.02943419042314 0.16139430490397333 4.811762491069059
-4.200971500871501 1.2785406492802138 4.958356375992244
-4.1495704379100715 2.498008853024866 3.8493244323125397
-5.6307935169543875 0.6690927508571802 4.473516348182736
-4.9269475355439685 1.330877000808546 4.521241692375965
-5.4860608487373295 2.169966483888959 4.033051740818084
-5.476564415866959 -0.35009435750952383 4.9983481926149755
-4.465931517917499 1.4817842934320085 4.351698792034969
-5.083010497979615 0.1422401379821549 5.1079648426663224
-4.545756629840637 1.120354739269795 4.678683291214943
-5.069948711605501 0.3361761870015016 5.934319278902026
-4.969739690051562 0.806265935357478 4.96622601936799
-5.125748962540056 -0.3588095484567085 4.241948898920329
-5.506940437803543 -1.6771394083027127 4.822446141971174
-5.2050553357737295 0.21332109131825921 5.067840420004885
-4.821342180543996 1.5679868822926926 5.32010461713567
-4.670332582552455 0.8139856906820362 4.932428427131524
-5.006195988825146 0.8530129581639555 5.263328563633705
-5.289826683471328 -1.3382039622456028 4.770790033008337
-4.647617760388308 1.3665206064923276 5.075003339144544
-3.441511767348613 0.9165562926593085 4.636645842580917
-5.557840259260939 1.0093501397515154 4.971086793499835
-5.10155307748641 1.7753145914036208 4.814776938965832
-5.030661487806499 -0.35403785391393733 5.916390209085983
-5.8700406670434635 0.5072411771616975 4.708266857461234
-4.57944317621099 1.5829016132155682 4.670948807509095
-4.480194032862367 0.5532707601073708 4.144301955006981
-5.10357888299326 1.5440868176443527 5.470075052246072
-5.025743247533188 -1.7730737635026939 4.821114263549074
-4.793455406132041 0.7610293647983315 4.681817478851898
-3.6684681476007484 0.3239387539334308 5.048224648724916
-5.664147316165724 -0.6094249710613583 4.886030560895563
-5.526908344293988 0.7201161597616897 5.855325369262919
-4.102838581378224 -1.0502405257747711 5.825272888025496
-5.650170520213194 -0.2809200105648656 4.69465459227689
-4.831936632347762 -0.052623495479789964 5.468930257419484
-4.086908489888847 -0.39782208310182005 5.141044090621279
-4.312390744504651 -0.21079888567814306 5.396512365284649
-4.939093945406912 -0.02532029456928518 5.271624099185129
-4.849928073418717 1.424280199504932 4.94544824065962
-4.125832379025883 -0.26979410169322754 5.471083955749401
-4.497374159670567 0.33691655854259406 5.8315550980499875
-4.347424929437552 0.10844251807574744 4.660269932971782
-5.522692205487529 0.0712538151230016 5.1046730786996735
-6.152234059380801 0.03685904525326803 5.511274134878655
-4.920131934477779 -1.3246683980016645 5.642430644029362
-4.6547656497388905 -0.7395219878167911 4.261550552817813
-4.343774085073857 -0.4511286223722969 5.008343336874894
-4.810579116374372 -1.0226518898331927 4.657440123224097
-5.158911940336252 0.27011992855737965 5.504622455857805
-5.0400833305019175 -0.3602311561463063 4.643225692765432
-4.244125501080821 -0.9752002361823713 4.704003578946534
-4.893227251615377 -2.5058574463411847 5.111835288925081
-4.864175413539472 -1.9893441197722623 4.4476687486362145
-5.075411942057885 0.384734584955048 5.375219596499598
-5.102003531227703 1.5210017561156215 4.706628290648285
-5.689561601489872 -0.7007368547150731 5.6066156631264175
-5.251154363030286 -0.05078791294303034 6.117521042890509
-4.572418897348688 -2.341233359645633 5.632909201721324
-5.053289292569939 -0.9026791070632518 6.124390670120821
-5.396785087026633 0.11920084741718615 5.069038693268267
-5.417029247146722 0.05852852167745876 4.991990051480364
-4.4370246836520115 -0.915906158708052 5.2150538759070715
-3.9355030842118883 -1.55352956543346 6.052997508600542
-4.829082420211235 -0.3711588145761835 5.52400858804109
-5.4224755020769955 0.9191190763742151 5.385377438590789
-5.138806534709988 -1.9252150136049075 5.28595610815308
-4.089987627456959 -0.7042916044163627 5.579420163162199
-6.051973287575403 -0.9197990327676252 5.327973285925155
-4.987164299609843 -1.3589243349760691 4.525961766678449
-4.773249476065859 -1.193070599087888 5.33873897534888
-4.998953151038615 -1.0732980301356785 5.352053804020076
-4.6878383397332914 -0.8578999076487638 5.5155684432712455
-4.093620019573687 0.4259092189852634 5.511335643689571
-3.4607515915325457 -2.0329416635256954 5.97542376592356
-5.089941827661219 0.47987663991314594 5.955124762233053
-5.087997038822504 0.3879044303861196 5.32277940942543
-5.076836277052166 -1.5602391304139038 5.136308077219381
-4.9471845490878 0.6858678919474629 6.358935002343007
-4.576805185649819 -0.5071153588492215 5.748279575471164
-4.502061596797034 -1.5877358747487238 5.045847261249887
-4.883863860715007 -1.2230874369400986 5.138505133625474
-4.337813100678776 -0.7057499412296673 5.772086809211038
-4.790896654222943 -2.3356615996480814 4.890899328541474
-4.329770779719152 -1.9403146309148345 5.674508466522621
-5.027452247906805 -2.3677215173923707 5.895070808578738
-4.217763325922478 -1.42471425237324 5.422058697230842
-5.15093130396968 -1.669206414280386 6.264802119223721
-4.626895845913041 -3.052320975216731 5.493045252499341
-4.607873191616389 -3.059573403416889 5.6788927104152425
-4.621395373541482 -2.297685430552344 5.387416576762756
-5.694864825744731 -0.510476265983228 6.463639788667344
-4.588108691426188 -2.1546592339763246 5.154837215316087
-4.894898032513458 -1.2359432426456034 6.339090863702671
-4.505854846530401 -1.0014526380160311 5.097420780878191
-5.688512819198959 -1.1131979443799873 6.515664126166742
-4.38135493067337 -1.4095887687423658 6.190320166398976
-3.8393190003445175 -2.493889316177919 6.214278535237903
-5.514922511616002 -1.1209033667055845 5.0955611024275775
-3.4283687680846184 -3.7818607017549137 6.405173535293472
-3.6595216483752506 -3.789725185011709 6.110387682436714
-3.579447941297986 -2.9625723713271492 5.208493006946164
-2.6812154606925414 -4.944744686461849 5.236757991369678
-3.7524852494838745 -3.578884186663233 5.042100343432025
-4.53295856105047 -1.8474027051320046 6.144180057825916
-4.8190504156066565 -2.5455562342954425 5.701017548583762
-3.530099616041693 -2.4172695828068194 6.179299129130993
-4.621765410553964 -1.4454662520757324 5.678660723300732
-4.535508051571215 -2.7263026191603745 6.4020049818954305
-4.316955989684291 -1.1709084095958258 5.268501592197863
-4.1159695756538515 -2.246477612353189 6.172715883272975
-3.308278573551098 -2.9439750140060568 5.768162110651434
-3.473408478245196 -3.309976089866915 6.775625721525263
-4.335809814272403 -2.6139452974154658 5.9557389127176315
-4.281548373315294 -3.269049444465938 5.674503679355454
-4.479677760964791 -2.518682238179593 4.92069261190597
-4.454138524555463 -3.0221348980356226 6.148179614600043
-4.458877588870142 -3.339584764204366 5.526544822913082
-5.1558040986387725 -3.2130191533897188 6.43801767606891
-4.32574432503997 -1.7791990475594985 5.803399348572826
-4.053603554244541 -3.073224702984977 6.311855349959004
-4.4789593327973005 -3.2290250324817964 6.006193222744078
-4.569328343696878 -1.600668207469013 5.615403034714364
-4.444013190697819 -1.4297486283105187 6.593892898806002
-4.547087716965435 -3.8066189131162584 6.25515292991414
-3.2262853059461456 -3.3791875600385 5.982593107322285
-4.28235840079332 -1.7439357225777923 5.645743091650158
-4.25500081602792 -2.271131484240759 6.772908113237528
-3.2339963130289267 -2.795487370016559 5.7616687584206705
-3.7040756348636217 -3.9594228715962188 6.0464608899741945
-3.500391487734541 -3.040337757041587 5.312412648719044
-3.877650638674154 -2.8286739092324047 6.106930761622441
-3.2357597262463225 -3.604768486612342 6.215752623462402
-3.3339135384067715 -3.7553217776535357 4.678111695332557
-3.0393966790918596 -4.1332830088130015 7.020564912974507
-3.509175667198745 -3.820512437432608 6.4153369263778375
-4.446165307387176 -1.1557130238563038 7.557415360115179
-4.963327216309469 -2.0082548424863607 6.107435314292769
-4.2202627708888505 -3.5156916001104968 6.365455512291864
-4.9490760239839915 -2.3082603738186127 6.575702204341741
-4.1976616044731845 -2.2244915686268656 4.693672881468444
-4.020403377248177 -2.3193723824732206 5.246180400231424
-3.3934953624161257 -3.781594751279476 6.052453090805021
-2.799267662816448 -3.1962463946622846 6.2540947760124
-4.2556201836436705 -2.213686225142589 5.863264956193697
-3.647926530175671 -2.6105424578343865 5.3638572586351385
-4.186279236721032 -1.391390128641182 5.3451981162727495
-2.946511277497841 -3.767673611896374 6.2599200939417114
-4.255457461720028 -3.1312183470222683 6.4594515917245205
-4.444756392106033 -2.807719963356329 5.909499288294347
-2.847076967616151 -4.343439246079104 6.987408562038771
-2.9488683406871385 -4.250512027335926 6.713161833989477
-5.2190763991882605 -3.519598862868399 6.414753165109928
-3.014422534987153 -1.3713167254845815 6.235846991102895
-4.5449585483117385 -1.9389718151072857 6.701774859890478
-3.3500023277052424 -3.317085503845679 5.721880375704495
-4.144021143361196 -2.587420558216981 6.079236390789426
-2.151886620893047 -4.565557260706082 5.574401656508231
-3.153558821399279 -3.0335804206601673 5.924564063255891
-2.493484638699704 -4.312045837798657 6.392200746872541
-3.233660883668187 -3.1892970702271524 5.6822326345476
-2.8810083731753795 -4.457203370063708 6.11271377379952
-3.091128148857333 -3.8589271364437665 6.04667033394175
-3.3340100925259577 -3.293407372059893 5.7938655519216855
-4.285000194399815 -1.6634259610252173 6.831659952260404
-3.636637982097268 -4.1806708113455135 6.0929530886145296
-2.6037045927847107 -4.764269198020607 6.125572917879614
-3.533735294678408 -3.275713772503288 5.54230794710284
-3.1733324852885874 -3.484144441282837 6.794437373843544
-1.5080502952380035 -4.099287764200732 5.543040309474619
-1.5567613273837582 -4.325579283764672 6.583483461210154
-3.992682436547975 -4.124409706332148 7.127973479550541
-4.017204400018715 -3.738490363653107 6.328813222869642
-2.5953788443936503 -3.669212605978285 6.795024858360805
-3.0343009433191805 -3.354537558269783 5.937230406309184
-4.319562017308704 -4.152770100001906 6.519975236080217
-2.3417534116434173 -4.496207340971537 6.30013313368908
-2.9360753159450113 -3.861861777091842 6.8111479762855875
-1.4052960014981744 -5.40884741709108 6.972290530784929
-2.988479130705058 -3.8942863007853696 6.1470312319909
-2.642733462644363 -4.573536092130947 6.710885859645355
-2.458586024153661 -5.466221610159142 6.78801990117121
-2.5203371796607907 -3.7190187085238318 7.97873008497981
-2.2790258839871256 -4.895448711203732 6.223514399253835
-3.720730291127436 -3.883713395031932 6.772102293848545
-2.3146136205615666 -3.7855226807226865 6.46074963119775
-3.381265293531856 -4.384493586091146 6.331074038484549
-3.739544932988637 -3.434897663796048 6.363972679245869
-1.383056186080199 -4.322560671735263 5.952597923719964
-3.7023755158555622 -3.41229153921393 6.341458678214711
-2.012445868267516 -4.274485905547444 6.907554875859068
-3.873754105603708 -3.5397597499357025 6.669352612612195
-3.1485711561216263 -3.7112082358251843 6.883994950087342
-3.5176215138076645 -4.028830351190308 6.525374514892945
-3.2865928781775655 -3.777300031288784 6.007622722624125
-3.5942475418301667 -2.6566101113646936 7.156398027369583
-2.5238562004330163 -5.139615931905221 7.225923778924987
-2.2977830479407144 -4.105168187136811 6.988107222146704
-1.5484271277785926 -4.4325365036734 6.888282727846158
-3.116964579814038 -3.941674457977197 7.2293840799788285
-1.7237692780505662 -5.009230160621258 6.220241767640377
-1.4924865252961432 -5.158172127059903 6.468275178991306
-1.529702490396575 -4.4086613030671495 6.86260644034232
-2.544131930462363 -4.245623625309345 6.111413239006685
-1.9860465471132096 -4.930502218894891 6.726357012113888
-2.668281121538306 -4.696514760158725 6.771987248728414
-2.554747560748901 -4.345590575127968 5.789579828987998
-0.9353240986666318 -5.954608694058558 6.828142378932456
-1.4463902869025596 -4.223455980930498 7.190041398562586
-1.6606104023394852 -3.525187613595877 6.41365710320645
-2.3377668741566198 -4.3428109090264755 7.139170468773472
-0.02544617123254723 -5.059941193873541 7.220374299129801
-1.1726184454035686 -4.584198414657905 5.958786127416337
-2.025679814022564 -3.652378831745733 6.502158313900644
-1.434184454098449 -4.394221251151613 6.67468256059071
-3.142865527588996 -5.335652403842597 6.573668652313051
-1.1987944498312872 -4.825449365679278 6.213759188111414
-1.5877663189463969 -4.545782940231051 6.10449449580028
-2.512978307922396 -4.521202712757535 6.902001279560333
-2.2297596845127203 -4.4475433538426925 7.2103885785335615
-1.102391454417427 -5.3298608696282 6.909525570303708
-1.7000160327094593 -4.515205200665843 7.114413466011244
-0.910661065814128 -6.00004896972176 8.048297139354624
-1.0232680818152902 -5.253590662279922 6.316219106207671
-1.433169859998958 -4.743440192369287 7.942229617233471
-3.2751788657057883 -3.3132175551188148 7.213254767990408
-0.719734342189045 -4.929823768874731 7.211431681566088
-2.8912113099758616 -3.8012084271511193 6.864094531266497
-1.2450594479783892 -5.047425448964797 8.592444877209886
-1.641125144878678 -3.793366878122308 7.007142728870339
-1.4844537564189673 -5.213011243039839 7.153352176418225
-0.2730712836524126 -3.8306649514574187 6.052466951602817
-1.9290859486335215 -5.1884437695532615 6.8221649406812
-1.0705627900209067 -4.697932502682315 6.704277535949569
-3.5897787078429064 -2.7809536263973067 7.213110722091463
-2.4016537211627935 -4.453996045658481 7.3166117335548675
-1.1630742704668813 -4.9282910633044406 6.754461434867696
-0.49101550475891437 -4.747459570794944 6.701553522194741
-0.90661876628241 -4.9434178250388685 6.849310842254457
0.23571173020699918 -5.007724893354171 6.85456176495085
-1.7791296158612475 -4.69308918615884 7.479085094050098
-1.823528437251686 -4.433102464113966 7.227117110938745
-1.8564085919333277 -4.801585958404908 7.142730738292688
-0.08189075590609106 -4.190555499295308 7.47538475778593
-2.2401273474140146 -4.471324826832297 7.494937010559391
-0.36451410560984593 -5.940557565313166 7.003369570612299
-0.94094795494154 -4.467031792814517 7.462246679768674
-0.6516962448631425 -5.138259235522041 7.290244908893115
-1.6733773677241357 -5.283253614085289 7.120583324057
-1.7937882142429988 -4.401857686332274 7.257755367568355
0.624595952036494 -5.554627025876957 7.598579802132131
0.19323015555261858 -4.877954596770583 7.667202435631808
0.08558079217227971 -5.4899252369159095 7.837934513235967
-0.7600677958156411 -5.316968983061609 7.605566579227358
-1.4393678288338954 -4.947542701162102 7.423436146834517
-0.662911442476886 -5.2855251189738 7.73661849647047
-1.9499701494023507 -4.512141647458426 7.58391178107674
-1.3884169346179769 -4.045511638337846 6.970369087674031
-0.640115755272169 -4.911856654143013 7.223524270569554
0.0755964592345465 -4.418960604281345 7.396973453911345
-1.0084060651455848 -4.815257207620545 6.807223391202424
-1.434521143533555 -3.9554614817851093 7.796446723669058
-2.708227248079057 -4.083759811104053 7.064894475777735
-1.1318441819646876 -5.33411722833221 7.654689033232393
0.7827106165253818 -4.558287298684742 7.815712100060059
2.4388496816415968 -4.784832106260466 7.362862423719293
-0.5117497285766901 -4.861223651917581 7.216182271487927
-1.6523891722247153 -5.6817916987912405 7.496715266019688
1.5568764712029257 -5.170933432514306 7.319381569243386
-0.30178998460311546 -4.58650479277377 7.58222615866008
-0.849811286741377 -5.084063218685305 7.252370414436174
0.10797893075495425 -5.309442343224957 7.728237752974481
-0.9882639771147852 -4.4512762069422065 6.9762175384970755
-1.1737338340849524 -5.367562138500272 8.12800980115521
-0.00415976048184862 -5.56970403619576 7.572679793751702
2.6892262544901446 -4.536720969158062 7.106257566241824
0.06564220335476774 -4.418626287812323 6.557759808679534
-1.9325073726284783 -4.898729558635562 7.272183326798232
0.09683604342093363 -4.847142298143526 7.629094779247004
0.16446010962749982 -4.553611622906916 8.029684721372327
-0.10515401132107823 -4.283406307662034 7.639285578773733
-0.028982659345766385 -5.211902899146266 6.765942935742418
-1.0980752843750792 -5.6003091610791715 7.812756315084403
-1.4091924043775828 -5.726369141207845 7.771574498894305
0.7374370023538055 -3.314659811761272 7.312499262757363
0.6475710270864574 -5.902137056013312 7.040176056721378
-0.2819560018338691 -4.321699535052128 7.024344741998454
1.3563108342893768 -5.095502857092573 8.338704599806823
1.0110880085023175 -5.357906848044215 7.249635888853749
1.1191030411453877 -4.759002572714803 7.433130916752889
-0.40595073120859176 -5.951349005698906 8.544374104711519
0.5257318148303386 -4.2320265105616315 7.773237810856414
-1.6421194152967116 -5.235456203937402 7.468237660075187
-0.06292671066481284 -5.195365572530553 7.212447876377035
-0.44468756522805336 -4.79032780527568 7.258988262864063
0.024065341629460453 -5.866020124610918 7.822405248930957
0.00592528101182314 -5.033586448415289 8.122101440247382
1.4831691133322726 -5.293030469124918 7.186061308214375
0.5336461509961328 -4.545186008539214 7.744305063962302
0.27841270192797957 -5.027163197415826 7.731563458998577
-0.36677528592009195 -5.148174322002297 6.99949117518723
-0.4047753856905009 -4.18875173594131 7.643931898608165
0.7206242152652658 -4.7987322379388395 7.742227878222909
-0.6553341599380847 -5.022833170468635 7.979876836906931
2.3504918455413772 -4.581573587193015 7.496554999309535
0.6502594944005945 -4.23044879388037 7.370954478644833
0.3972647436281791 -4.388960792193576 8.024949357578697
-0.30565057920457217 -5.577205931408778 8.000129619540026
1.2618028332934905 -4.677414461441205 8.126579235939653
1.0130265280506912 -4.198421106516009 8.066502621608878
1.5074051833326108 -4.3742070389398915 7.811526735108575
0.9211237743091273 -5.58342306286975 7.872328645968562
1.301834643155755 -4.349974047032584 7.8814045768825585
1.1693667546060331 -4.715465205758524 7.935500487005143
0.3689627440380246 -5.401530628330654 7.695589885342428
0.7842370411311053 -5.482978689157314 7.51929533207208
2.434257679382416 -4.041906623050697 8.75526191853644
2.6382969011875903 -4.467906977484062 7.726014698798934
-0.4336719733396841 -5.606730085031449 8.32198327133364
2.4906329889258165 -4.652007448797291 7.783633190577852
2.906836398816107 -5.162110075677868 8.060559634336926
-0.167501204013633 -5.855045855567907 8.19595013561014
2.344259478003592 -4.51271746803713 7.250927440418498
1.9943307308158673 -4.008032538902554 8.131010284224136
1.0784265793619257 -5.283070076552176 9.347713005332745
1.393832460494076 -3.9624565162106977 7.797093757687889
2.568201975819212 -4.233240038139151 8.7227120032902
0.6675147111537894 -4.493529638735492 7.214857900252642
1.5651093661736553 -4.3473368025501795 8.242111632438835
1.4902715724463858 -4.59186238898094 7.145323555723068
2.8074282642074024 -4.050756085180479 8.821205732773835
1.1688420392382768 -4.141084901455252 7.402044225060425
0.9978686430840976 -5.121837789000469 8.698194292684251
2.301579107815991 -4.810502551714141 8.145266251018024
2.3669848914983 -4.7753334697784995 7.650195280659173
1.4767384306675273 -5.277795209442218 7.925915124839989
2.153507949703321 -4.730495277566672 8.080860495193983
2.4870183874775282 -3.8657232399930646 8.205518130375085
1.4160232372731953 -4.707770547518568 7.786000882834195
2.3415140303367434 -3.841640353677699 8.353510966774756
2.152091184043989 -4.914545560854173 7.293743236211958
1.3792099665296012 -3.8304091823198463 8.060782937539646
2.075996312295719 -4.417424934150901 8.28048409970191
2.195584430384958 -4.937978865510295 8.101712462440434
2.6202378864397198 -3.7375873267833524 9.239760238089877
1.7091069023293932 -5.057626932894759 7.555919665025893
1.5901592383431633 -4.403185150396013 7.880779845262196
1.6414763309290796 -5.50703472974424 8.799294968862519
2.960997795027271 -4.245391999984144 7.835358578563156
1.6109597393786006 -3.9103350249881483 8.824571020850183
0.8052219440567572 -3.8899469510662046 8.08304485959445
1.8310268356895385 -4.095926451817122 7.829287057491453
3.278667028360147 -3.089465620010999 8.782945787682001
1.7015932738387185 -5.557729218742174 8.58919966797666
2.755272665749079 -4.088276452799123 8.878355076472834
1.996061937104448 -4.308037321202584 8.85890776507264
1.9346308680570499 -5.1518769057081 8.620955247808132
2.8753334997500075 -4.167457097704093 7.905063747032241
2.8982175812709867 -3.6356059254942603 7.779696847489475
2.9397898119822172 -4.358284347987959 8.978643488899715
3.0780215715879358 -4.52576638210547 9.023402355116195
2.1729574694014366 -4.080427784427511 8.15805193074547
1.3146144929934296 -4.426944796993149 8.786169235077425
2.549862016708306 -4.531812008019161 8.529583539740333
1.0716480512941593 -4.696027525697063 8.958933144652297
2.043625738624693 -4.557457136830169 7.632744770099539
3.4307697356782034 -4.8468563609709685 7.709418763079067
1.7690684293932164 -4.679231394224286 8.72189899189915
1.9848177017207869 -4.386766945946976 7.79100113551583
2.482129707496933 -4.75834591110642 8.812043138943524
3.5227025047086142 -3.323498905475062 8.925267297798456
2.180042181789098 -5.3055535030617005 7.764668410371426
3.223738005609049 -4.52357207658335 8.13283854945383
3.438364292113572 -3.872851775269561 8.515589550635074
1.9354286524680442 -4.008742990396197 8.448285778347815
1.4175646214709379 -4.315583520152917 8.570601490556804
2.534689201586614 -4.2405630351155095 8.023099441223295
3.2283196263137954 -3.0270784819566714 7.1356514753790155
3.6645567441669145 -3.0277851146435824 8.18235304770295
2.6946172478413897 -3.4441681227488545 7.784629187063706
2.627338002104842 -4.496280876757475 7.916327306558488
2.920345443026367 -3.4075209211636888 8.18895411055691
2.4259260599543855 -4.949718162948189 8.668490409823958
2.7463658306565466 -3.9959949786202946 9.471458336640147
3.512149169866554 -3.817433470937046 8.08602087582903
2.6485014562352602 -3.595783695113677 8.453065629377376
3.0462747286722367 -3.819630124859428 8.97591170695717
2.6277929648385956 -5.300280440483432 8.785126302983128
3.760188854930857 -3.7309234655839734 8.643564807054641
2.7797842410421514 -4.647498935191065 8.904851583028709
2.403111879129867 -3.5540925730365704 8.508890771041507
3.868691206022555 -3.5004458626118726 8.87098935823372
4.501068350111984 -2.2124328302006564 9.744280344665063
0.1539733007079661 -4.7745452841116265 8.758226025616185
2.9642635926567245 -3.673861840069788 8.539477958496127
2.9744834875341315 -3.593320418980919 8.190659962100442
3.886325223376319 -3.5288466273755508 8.196977097457475
3.282291156227862 -3.041317236365075 8.304628383666376
1.9241489657843274 -4.2229025848121395 7.965730768062286
3.4248819420515217 -4.656010966393623 8.327974263890761
3.652894022869311 -2.5847999808451267 8.349448285497603
3.281572093266921 -4.805737720612743 7.662497746042742
3.464179823851968 -4.1987611461946655 8.03961872654917
3.5099394079216433 -3.503425287856143 9.312628596727713
4.285019077059132 -3.64821013202829 7.625417322577047
4.090979362029872 -2.627914330836935 8.948193302490187
4.438416005386584 -2.6367055048413506 9.58252926821824
3.0740014675976575 -3.10614048563594 7.903505724019712
3.9469419957264944 -3.4776980782014615 8.219916464303763
3.8589814057649012 -3.2327973790856706 9.36036366670449
4.331028776610935 -2.4422026927853 8.48583494732834
3.5330607954115747 -3.927265244233691 8.52492727951831
3.1258816832955287 -3.4470438141631927 9.189581808220737
2.362680256511185 -4.425685891226856 9.358253764967221
3.2208821863063255 -3.8967853369328833 8.367292256987243
2.79229470014593 -4.760484526444994 8.358263484983297
3.4135569786418136 -3.770572102202759 8.462498017878485
2.7498132406256066 -4.19244515831958 8.470284575010494
3.8136231123765003 -2.8990381501454205 8.142480255017237
4.488909178130473 -2.3420559373235026 8.951974446258404
3.35121693131075 -4.275100888869013 8.41029160853532
3.3939781862770135 -4.622871608054214 8.804985828329492
3.4408720461333635 -4.015766698303406 8.72290586732144
1.8898355611864133 -4.221596914097471 8.70317119314479
3.650275530308949 -2.819887590894204 8.740763674266487
2.992698890423076 -3.735120531682244 9.0820245764225
4.028668374587279 -4.167261937687782 9.37672266599387
2.0151205931759897 -3.91135097438356 9.214476546149863
3.25143393049238 -2.79196954294381 8.784041811332646
4.265408660827546 -3.0424330717938535 9.076450937166904
3.9264338196815287 -2.858972648054475 9.23645674769367
4.748262833156601 -2.7105808999104966 9.157490045922291
3.4764316370078503 -2.5983564632936336 8.731236725667989
5.408417055337997 -1.5794541960226915 8.552746639036432
3.9214611971695486 -3.0042251573824634 9.227092738241026
5.095281973025255 -3.3015528763872797 8.74542706823279
4.510923662783948 -2.5675657859371968 9.978258838925038
3.993340640058226 -1.7784499640825455 8.759606633771835
3.680479753238145 -2.144314118231493 10.136250476625252
4.387616807071494 -1.8453213313655346 10.171799488412663
4.481516553193787 -2.936761698424099 9.353032696065803
4.795009395320316 -2.7048590690992387 9.26431069846042
3.4284564115296496 -2.750926031069708 9.311967633725327
4.428334335967096 -2.5540678791948386 9.530672365676438
4.263393404196095 -2.6680953122030258 9.26345152523421
4.833093101483841 -2.098899833981681 8.810427460416824
3.8664467260500404 -2.4466493295909366 9.75948298231602
4.4606374932960975 -2.7798713987487793 8.465376499880113
5.117827722458342 -2.3075751703250913 9.65474791634864
4.88770260807311 -0.282435263403023 8.963130292318228
3.6114081607834625 -3.9336569333710205 8.894159526153716
3.4581713822109283 -2.979447076519717 7.970563728232175
4.453330159114912 -0.7207821896380309 8.364782315683915
4.694943795933998 -3.4667255408547697 9.239529110911068
5.5103468250541665 -0.707015840333965 8.861734738611535
4.736851044379942 -2.573397033802444 9.009847550673042
4.378191240490857 -3.0923915317697586 8.982060168730118
4.897426422595115 -1.4200461331737946 8.561249518176506
4.374261680664129 -1.7772266093172557 9.174588841097934
4.686337814641398 -1.2998347225046523 8.829410528131852
3.569794862300178 -2.0941577910052582 10.380768336719703
4.306945023852512 -1.614070988834706 9.365845614103021
3.944733032774068 -2.4068686106210704 9.758533570424484
3.5163251443234667 -3.152325120582729 9.81675766550357
4.39792831917112 -1.7849788895165888 8.482292781972362
4.47062982792713 -3.066905120188277 9.437274904209763
4.678908381215173 -2.2342920862218683 9.783169967114233
3.9661935359983658 -2.494450870179648 9.494321248012373
5.597366503744093 -0.7037162663835946 8.773457961260153
5.035118378892493 -2.6386028393706136 9.741117693627423
3.9732335607853733 -2.620136147135097 9.278784051191742
5.141950894247277 -1.087060250615229 9.011250104448253
3.929366804778119 -2.3605187277583424 9.834281770209927
4.959385069000217 -0.9114329063029936 9.5248481052094
4.690490487026376 -1.8100195867463784 9.84074145739846
4.264513104693246 -1.9376262903440518 10.203453384909823
4.066168670162091 -1.8620309122966978 9.445200461061082
4.383208519128139 -0.25784450655813507 9.507842715199208
3.817521847242061 -1.9536897634382377 9.134751755357074
4.69919965115117 -1.5203700540083467 8.761945229776503
5.131885451772692 -0.6825883102991775 9.504308149413074
4.320098337265232 -1.6879187824234843 9.833495241027745
5.366731216777899 -0.8031391540752937 9.334227413191527
5.400635203466502 -1.7101911614359522 9.109828397586357
5.368320147327638 0.10420994847111009 8.724951430394738
4.6581831202155906 -2.6466784379979527 9.863085139682893
4.142225251698702 -1.6741932665598362 9.774730258024157
5.450175353455052 -1.3502678628218836 9.099150752072278
4.012518840732157 -0.945946211646997 10.085078067574358
5.036161027436452 -1.3776462679382477 9.864107697125995
4.189354551412909 -0.5230152242451598 9.138377178064166
5.178559326003456 -0.8855942110237118 9.406079157705175
4.835525736557198 -0.7130776345868393 9.726768309326465
4.761352801222194 -2.7751473421705404 9.401829325754884
5.514444961978113 -1.8168143803329813 10.489450772613623
4.45318135076077 -0.32896357972436235 9.952625513539951
4.5913398508546095 -1.4489828440370285 10.695556373563239
4.585928632740502 -1.3549541113561867 9.824718571953252
5.053737315681142 -1.0442321034098692 9.585071268049917
4.494084277959836 -1.7040651987211797 9.81325412975169
3.648941643347208 -2.3543610385034284 10.383526260625237
4.685902654948015 -0.8225937970469354 8.940874560700951
5.245891579999124 -0.7650553627732982 10.80716887597708
4.492055387705819 0.629776147086156 10.367897487793716
5.703720411290796 -0.04180424850925073 9.558014330745062
4.336799702647303 0.001574712365210901 9.512178428520455
5.314341571587833 1.66520733756917 9.343812585528273
5.159266521540786 -1.4421787709198184 9.17898623883045
4.6737452341269305 -1.3383014870378436 8.977118694062641
5.511054595943197 -0.8243496987615742 9.936591066611665
4.681765734830539 0.9765413186191827 9.58076318040157
4.45826245813344 0.49216853713580677 9.126981767482985
5.3205307841646 0.19727180603655545 9.578968115227209
4.75539313972649 0.7762437737130305 9.761099736668696
4.968097966307734 -0.42700833977773195 9.543293873053793
4.6979126806905915 -0.8739448208050324 10.037693683827982
4.449409884169785 0.5090740979275203 10.380397595617474
5.375390889262953 -0.955095998262808 10.448814086054174
6.085925905245855 -0.20685556414635525 10.161461323394018
4.5363672948968015 0.22429732083957024 10.177967339054074
5.009070556746401 -1.0785547966574163 10.117579711535766
5.305608800069452 -1.329165614123489 10.300991072738956
5.5927408359088995 -1.5024707705012519 10.470412864042954
4.250549890629057 -1.7851321354491188 10.333499054446582
4.985956786514733 -0.06625597744556083 9.804025042416457
4.786395754456085 0.30494128774634843 9.472273111567095
5.091606216081616 -0.3091147397769966 10.148361927120629
4.441993449399669 0.5551319317970637 8.73037897292928
4.676982961665067 -0.2499868068842377 9.987170998846482
4.84393758784187 1.1771536211366034 9.972690328458611
5.006066710043725 -0.6786229581431206 10.575212969914602
