4.302692443428204 1.020525196978617 0.2614697644356008
4.878435423953044 -0.9457978585125155 -0.2284669494003933
5.388380841338157 0.6041033481367476 0.49293159742373155
4.842069786330915 0.834804827099717 -0.1355834541538986
4.964088471059709 0.6610124294046603 0.16796515122641834
4.9563737207242 -0.11594338207249855 -0.05611730706703784
4.4223058120747964 -0.5856498507748881 0.7816638716392945
4.793985533401897 -1.2575734256732725 -0.41367395108767974
3.4273224989958875 2.2969401117851267 -0.8262003463353057
5.355992295435674 -1.4404739305469543 -0.615723426301307
4.577347350343994 -1.2048713074298465 0.3713664568123336
4.69574234779941 1.3653919676422164 -0.2835972141011359
5.706423552333956 -0.11733694623448718 -0.4487540108448441
4.828665144341506 -0.3965785239294948 -0.539349569751118
4.710857442607946 -0.8210684326977776 0.450559916349437
4.134193595870942 0.28727262294430783 0.6199743679336848
4.8955796164261915 2.1428252863436965 -0.1367424312777897
4.052580784683068 1.9066194922249808 -0.1569222568699081
5.773007636132216 -0.6229722540328668 -0.0662462673900518
5.4564797898443915 -0.5273186011731965 0.17528178433491792
3.4922548933784547 0.2708773424652893 0.8716707751027231
3.752200156105304 2.717183515136516 1.08521085893339
5.704590570258665 -0.6592907086632841 0.5637856084813601
4.214310903528184 1.0622123129650523 -0.4767127948854225
4.464981851054947 2.75759872779033 0.45419680233397974
4.604924084960768 2.133649946760417 -0.051670115405967554
4.741330176393981 2.637444420076308 0.40588858555465335
4.539468691173386 1.163446169557792 -0.26551803773706883
5.115589207813606 -0.05146151931329752 -0.12546267478841677
3.7912574821513774 1.3052697122848798 -0.14260159819664925
5.333491834870025 -1.579923264958236 0.216511027463763
5.155906140724461 0.7231804488354282 0.36437277051199035
5.549861051676199 1.0161680566610856 0.32507194484528984
3.451323180502876 3.35046826678487 0.7766823752030115
5.209826992575934 -0.017674228950134013 0.41756448655133654
5.475482203531372 1.8344511884519834 0.6268061318303498
4.81022958356276 1.1082073577542273 -0.35872669411804625
3.3598080161659976 1.9021769919688725 1.048611049778029
4.5817813657650275 0.19962952864254788 0.2525095756049678
4.655998343820087 0.44654141261820285 0.8787351309409586
5.175723650355262 -0.41014600634201814 0.14309474467490457
4.881852137849566 2.1525995707887393 0.5429299576497977
4.892471734090928 2.8007457453899325 0.009563739375755942
4.764147185386449 1.941626522949698 0.6165381082316955
4.7416451110894124 1.0767387280367364 -0.19108929834366994
3.5209119467537833 1.7843800388187112 0.4613882189523392
4.171221924379197 2.639542846659618 0.03551187378442677
5.112116427386395 2.026616695192408 0.4861216923519504
3.656742897743923 0.5005947871497367 0.5556809385483116
4.542698940902276 2.2571193243421 0.8415787098860782
4.342670180296524 2.333583729008236 0.5236079123123237
4.889153451003571 1.3870942348596058 0.4990501915029928
3.627755154584403 1.1282773818582337 0.611224402663074
4.1972511461539925 2.8787579644192323 1.2991495331028138
4.285029472463546 0.12418306641258334 0.8031314178245906
4.5715419408964255 2.061964584230953 0.7344927982568562
3.150192102242965 3.2075396353436925 1.95991706353976
4.484539425847273 1.709977794817001 0.21055337381279599
4.222567365713507 -0.08136190022946878 -0.6374340060921244
4.622963373034691 0.9045607439997642 0.5092095142445361
5.2100066259950655 1.2265061612673045 1.0657580326560707
4.558980695006015 2.0593624957480308 0.6218036671013549
5.392823882427815 0.5485503278876437 1.2763096955964919
4.042522038316065 2.42224708072664 0.23083498016422643
3.3170351198634243 2.80463807443038 1.0662996966280205
3.8710504742226686 3.5892532041413845 0.964693840643039
5.892860264477241 1.3198385747837125 -0.03740907483174727
3.7344261596616435 0.2518097220933945 0.9760364381371727
5.260766811250423 0.9098778605058032 1.0683582085172763
4.418648236887005 1.9855769666097365 0.9790225751505486
5.21650480235112 0.8310562622922133 0.6435646590818589
3.399422633066386 1.499420303171401 0.6777648611854066
4.315328712282465 3.15527166916459 1.194520763112493
3.5975273091619826 2.7604785569327497 1.1617203725644978
5.4286678707762555 1.7415917358862858 1.3525345718277095
4.259577459897312 1.2887584030713923 1.118545677872527
4.348520760031853 2.1030269336312952 0.608906617939998
4.0345799075893565 2.4423024417946415 0.922754486945812
3.8448808849652085 3.778423832172109 0.1540329193113279
3.589266820534378 2.0457067660879535 0.5202517025805986
5.03612628925157 1.3474041888243597 1.236077308173762
4.491847517756848 3.183326008281668 0.5427020814211998
4.318413746675448 2.015568154382093 0.8020717442979168
5.326141069062086 1.3189169601507484 1.3562053527184417
4.2777544220807515 0.9265124955930606 0.483061402791575
3.4982847809520514 2.4238315069046275 0.315271959528747
3.928736386347526 2.6278604031844686 0.7453882938211422
4.661223066071287 2.117208862858506 0.9099074664644047
3.2640992369583928 3.347787580233533 0.8896655091180012
5.367466097827602 0.5434411485764558 1.556613910446337
3.972226087100473 2.9016564280008916 0.4590467119766405
3.3347774676703796 3.6029245243500005 1.3252383045018372
4.025729507782761 1.8911726789247967 1.218340352486521
4.372895562887337 2.1230612654581686 1.7641659966001526
3.31817093361928 2.916229296961482 1.7909231663276475
4.115227925026851 2.135624764148765 2.1351280752909014
3.9101541714062287 3.723615451743998 -0.06659614716981332
3.764370860511698 2.56855437214265 -0.5658564775736412
4.378001569784292 3.4096059640596126 1.3035103172396543
4.3456185359723705 3.1325055842276766 1.819004206463572
2.4948714857801106 4.560958060116769 -0.7062841760195557
4.451997110022302 3.0162670244249234 0.4861155342801773
5.25311146813375 0.9123099731602751 0.6156711829761954
3.290022453587306 4.348986687149339 1.7003343413244298
2.6827595778690214 4.2020445360842595 0.5061573517607578
4.095378990022214 2.8722297053551555 0.506591201924302
4.285136054292043 2.128020474235804 1.0866062375813939
4.4220826650626135 3.548964816141679 1.285403353688122
3.6775697159680787 3.4348038569690904 1.3772842841668584
3.2120373722416926 3.5541873857128814 1.0594361216428319
2.960407625354417 3.8665143316868296 0.8248307334786144
4.182880225066225 3.0277523922630656 0.3358665703303524
3.7981136980937746 2.3788468035079333 1.3145032247513764
2.784142846692812 5.481210670066582 1.6124253651352554
3.6186209188264615 2.8672998424958633 0.5065184771645761
2.8847904678189775 2.4497449547472363 1.0215997390805618
3.0614135705755467 4.536735114699915 1.952526369735077
3.5570842184195977 3.3601192372766193 0.7252620668868353
4.353840577050185 3.0236863060412125 1.3628270887488254
4.533134660492449 2.4402569267954455 0.41556219042018505
4.838878950467528 2.7558087764924077 0.5593141779437397
4.04680507860345 3.942110146307405 1.761929919196472
1.8199590183365653 4.312062271222608 1.0518562049058677
3.759228351967486 2.702488767610716 1.1921634642416303
2.94226636440611 3.757091614653565 1.5125470429700083
3.107878704016077 3.875295695168339 0.745879783462955
5.023411435713637 1.9017840120199312 1.2455245361319587
2.648289060091783 4.343150306167329 1.866149607344479
4.406901411555763 3.380586445479733 0.9871048797276605
3.107829501792411 4.271370316108524 0.6080901681384868
3.8799330377296286 3.320853706812882 1.4680817264874677
3.0776728591379383 4.648445445927902 1.1445514918267583
3.1690802079623333 3.176463585828589 1.0634556366305925
3.7347274527113634 2.946299133608054 1.5364543377676494
4.73544867078811 2.17989699926613 1.0803937734578606
2.640291792281952 3.9649683336332235 1.9165220569371384
2.95542416430053 3.8587334155879653 1.4586349724415941
3.3417077863063587 2.700964412426534 1.5585080840849947
2.60637068776905 3.489867463001171 -0.025982364742232367
2.817721994574264 3.9554564578465734 1.43932620994252
3.2649667855595963 2.4281223041089417 1.7161480949903802
3.637814405811272 3.6791819777224317 0.903540770533413
3.221376029173513 3.8777172459570077 2.479316827242271
3.814502307440079 4.181644232005315 1.4079276077662943
3.8824117430974843 2.0729970949140943 0.9403782260171512
4.134117247503292 3.2309342693064855 0.8267752781713749
2.7824314721453938 4.312000720241332 2.6573305715077162
3.730208465767654 3.076577359011 1.7337032845045464
1.7447867164909756 4.7547887951893255 1.7304616312415717
3.1766303201776704 4.315191578148678 0.6806027936448599
1.6514247256968242 5.005039399169715 2.767403973119686
4.279256423768142 4.616200394259647 0.6816515092543276
3.432705005813951 3.3329350541657123 1.382234598344331
4.669692635259372 3.4624827206263555 0.9655359177886624
1.853167559792136 4.615671644366281 1.0631351122967907
3.459733181408494 4.132629386052846 1.5368651784846707
2.3761344004934304 4.4216301036579395 1.3394321533939986
3.9032474247338254 3.7786103877166513 0.5429141370844865
3.2335443786135922 4.094252273509852 0.7234254644661121
4.114972321083708 3.2593398622361742 1.4367621880969996
3.2055911239652337 4.265298168726963 1.6631664408678146
4.068483354128542 3.630632185912713 2.4188554569851997
3.02244432406998 4.086682126630899 1.5342375126070729
2.3561816795902186 3.687275383693142 1.1333620327594176
2.0832041964359655 4.424745279994692 1.2423775600747937
1.3985655985644394 5.793470198121947 1.6708116635470922
0.9662066020328666 5.002403218362847 1.5631360581475389
-0.5903814421700262 4.8595588551590385 1.6116729981132436
1.763311332303181 4.606897176534174 0.6747453711639717
2.2428671248725203 4.154740000217688 1.9090330091571248
2.5851954015118586 4.0120494060608145 1.384647979449849
1.7452343494930072 4.640962867893494 1.64356213282349
2.594856359711914 5.17895988335802 0.5678176797232062
2.08451745655759 4.25407221885092 1.314320203972854
3.7181842551105477 4.4261874887414185 1.4199181630651354
2.723158759243158 3.752998662118586 1.4488817899934108
3.9385558003091945 4.068790470689924 1.2792787074822185
2.219076193045291 3.880154637865581 1.695360762381371
3.5648594773505318 3.6948567084356134 2.2640543398881925
2.219542765819767 4.302090461751995 2.4917537772882152
0.8136759361349719 4.150456689577499 1.58569892326393
1.67170990390799 4.889108955142652 2.5639842193334217
2.6934444254031247 4.693960000896692 2.369677431826584
1.2955417711778678 3.3474379108578 1.50278221236205
3.385405705541634 3.335439280806924 2.108923658684318
3.0759844884615806 3.197620176957284 1.7371569983904314
2.7438951185854425 4.677224417436321 1.7195903655097373
2.385240344106911 4.136041337055969 2.1004964982565593
1.7730760401270718 4.462109447620604 0.6477608762212623
2.8564163907271114 5.082159067056651 1.7708396708673786
2.0325080990285707 4.7755939046365885 2.330736864236796
-0.1688164922806232 5.3316774285566 1.7958753970852581
1.7162576429500669 4.805349116742767 0.9879375719775633
1.879081569121084 4.755520568757982 2.1653975479936416
1.4483884959402715 3.7495322142751784 2.2350734539706316
0.8861447264706636 4.475728321850918 2.3252247144161027
0.21368955688554722 5.621692069082035 1.6286162619890419
1.352072896199147 4.626057037655007 1.2467723762658274
1.2108338682414022 5.98078303646497 1.339057921589501
2.828204282716683 4.611064800355572 1.1032648822189883
0.775789876436038 5.522837507162113 1.3043238037447047
2.6653038656410737 4.656059763017557 2.7666417719655683
2.123454858668159 5.127062985227381 2.9182197236016894
1.1330889628467928 3.964534313653736 1.5436335610890612
2.2471595953463708 4.135006803107554 1.9411436279181262
0.8579240481923563 5.040155834489705 2.6936349877858357
0.543935977709414 3.9301598062581893 1.3360012745230354
0.8479595087503294 4.105736980833912 3.0923880890616298
0.46694775178161196 5.935009724628936 2.1338036225130455
1.1884144415644315 4.602915671179825 1.8864932459298551
1.915757340843786 5.464751535020099 1.6710622111424975
-0.38687932969250766 5.270756200671368 3.1165971791322766
0.9003309815764245 5.022824848294627 2.599146940536977
0.4668009533583792 5.233021224963924 1.8394398812642099
-0.047579553860292376 4.594294835904091 2.365896767327521
2.0124473831467227 4.270214808115259 3.4166800361980703
0.32474967770071167 4.758002770336549 2.0338136564178604
1.0925163931114548 4.762546029786201 2.7013367111567606
2.9892045008786288 4.138565620972005 1.7723013919049508
-0.9239671121256275 5.035627993634364 2.31338711264351
0.8669117856351473 5.412177044047866 1.925392418791788
2.0967549878922482 5.171915739741757 2.0353316660999714
1.5943237840906113 4.029467245833571 1.9116734884280187
0.9768525363009527 5.4826630351020995 3.347447287503689
1.4523057461923867 3.560241798384453 2.1196560556538295
0.3112199764966937 4.590351902460058 2.6592226642611085
2.082106981534321 4.338482388154116 1.810919083836235
0.49065327055369534 5.331716964316203 2.584030736609511
-1.704549326398283 5.352399152142978 1.9387323777533587
0.021690643850924955 4.9655409561655155 2.1292656018425964
0.6178866755088941 5.4978017666500785 1.5919403745713026
0.41243823477410174 4.006660448496667 2.530689959967744
0.26757307306777894 4.4275983207827405 2.8255500691693074
1.3822290152702126 4.107105146243074 1.6043895021936656
0.975810437287862 5.81249595735279 2.240917000053667
0.8428365026209657 4.114799633757882 2.8269020284487896
1.0481429943193872 4.444266468613937 1.6290025673501574
0.6872293681765561 5.338389660699271 2.1262879621002133
-0.01725410657691307 5.405549761871507 1.869781171387758
1.1205573519921095 5.775470135801894 3.0818908750790954
1.3453036148205955 5.253305703065458 2.147952527884182
0.6845958889973347 4.7449845817694865 3.4273556800497573
-0.771022222554278 5.612599447673628 2.3028891312362636
-2.5428792956423205 4.683100695951817 2.351500901483884
-0.5000077913609347 4.575659008869783 3.204205156542552
1.3515497288160119 5.395285602399979 3.11764370786821
-0.2407710914255016 4.60493244705033 2.442069203891561
0.3398397141475851 4.77459103348913 3.179438595786254
1.2781815674283934 4.000973667894741 2.2918100221598214
0.3855612337470587 4.867322901737355 2.5583860325027064
1.0086737575274345 5.198195857735006 3.0478964805194426
0.7059556121848017 5.053973157785937 2.4706782132669036
-0.3012007957360811 5.347708950982061 2.4874644111776387
0.7548503333497772 5.207417100846126 2.522086842534249
0.24148168268441153 4.651758105395014 2.5034408893990383
-1.0077867879641553 4.891692046302545 3.785613717701189
-2.1630860537515457 5.048610465608892 2.7513741775505998
-0.9115704579428962 3.45208200139563 3.0218460854961577
-1.9938247754861202 4.940975319583848 2.0771869384727615
-0.23922650574316148 5.045065521159651 1.7233102152124546
-0.8946221095906514 5.371162127610049 2.178814473057749
-1.7744081525669628 5.046438962763368 2.590117665177141
-0.2522093576344944 5.1721008003758335 2.328301518431904
0.5056560889741502 4.2673544027620265 2.340879387371964
0.12756287494883076 5.672631192476009 1.7799356920733627
-1.0958470939535592 4.951723560240809 2.618005540069013
-0.5429011884230164 4.9492064830199345 3.1074067566613017
-0.28682392286888575 5.5233511671118185 2.6671605701749814
1.3858576981214625 4.235450777650933 2.7083409438582535
-1.0795739950793215 4.608715725946239 3.555619796109244
-0.6121080561351407 5.094937277392287 2.2854945927478054
-2.3265223019278585 5.132522696626671 2.2221553244360708
0.30032076630749055 5.9365914064940135 2.3003939188962974
-1.2540603276299107 4.566120585207814 2.8376447638537647
-1.2288539982140132 4.854408205877684 2.777413855360367
-1.3043277860965918 4.700974061933419 2.438805722577831
-1.6417685326187914 4.92832861783344 2.5454794050700364
-0.054226024547841006 4.469507822631543 2.7034953736335154
-1.3730249404588968 4.529102192360466 3.2655264725941104
-1.2932977374464047 4.972625827788875 3.0659037501048063
-1.4743359158107483 4.3579583364358685 2.551142091043975
-0.40976891509855334 5.2838815125045215 2.3669408105569585
-0.8087458223424729 5.619828002611949 2.5101910413744624
-0.5323336242126773 5.477353554881421 3.29171723652233
-1.383053099147856 5.809178808668774 1.7670539317864355
-0.8120548737485285 4.636148067288508 2.6097634592517456
0.9083394646621523 4.3701273115017205 3.558841885526549
-1.1421620991822221 5.966412050593328 2.4996070880203094
-0.24910981387457146 4.910583579198082 2.689586253455515
-3.3646032870905214 4.463393732621188 2.4721716882265676
-0.1114463244850137 4.783655068129389 2.035846819347092
-2.691393789417654 3.771261514896044 2.5744270618988714
-1.8385078579596703 4.995575156590646 3.427022895360359
-0.7870665396225616 4.8320198046122735 2.8620287962023068
-2.2776890537514447 5.232677446513494 3.0610363228049815
-1.3670524643432649 5.370973785354099 3.1189635084092786
-0.6557755201024706 5.22260084703921 3.633537717243745
-2.6095850311981783 4.352877707282573 2.4806430674133377
-2.01324771661141 5.649819388898058 3.364131979103565
-0.013506965143956341 4.901120086782245 2.9876692733702925
-3.485082476392535 3.976322258670889 3.2025598650542126
0.09927941075976597 4.977643650575261 3.00485447517748
-1.6253959481476639 5.078540988076965 3.1580776504785173
-2.0374842061665857 4.770246046587542 3.229222726834452
-1.339131572347036 5.724304903329108 4.1249517346599625
-0.7624613054284158 4.800765741247621 2.6691229105889596
-1.0280858675048299 5.348822221698381 2.805698794952605
-2.531577741826191 4.243113765443282 3.2760602152774583
-1.506341955048874 4.332392763290647 3.5282584561938677
-1.8756872636211306 4.792486258110528 2.9466347127372927
-0.021683477297067415 4.618812623972288 2.8788254570351857
-1.9634633264876786 4.257122226036219 2.797602582939301
-2.7171463450497324 4.373720123617677 3.385724946235304
-2.1117515164876504 4.270708207900769 3.050087207693301
-0.8185153893693284 5.97725692416753 2.959198212554592
-0.3331927934614104 4.535435241730566 3.8751134047331357
-1.711699356435444 5.7666406342879295 4.310329436410135
-1.9258301562848354 4.8221880152100125 3.2636933378133746
-0.45494299855854775 4.211683860922397 3.2195827199056852
-1.7240034400398883 5.375120987796033 3.8546920419472497
-3.7564529304393917 3.4684093393036552 2.852752405087001
-2.996644437896641 3.8842584589401583 3.762633728617148
-2.2591986671768134 4.745831694416659 3.6489309311667424
-2.108958705151964 4.258317861789352 2.896875527445548
-1.106859979334587 4.769979774428377 3.250255605962633
-1.7194094797285608 4.769863497684054 3.4990313706079683
-3.4352869467990486 4.547689682317407 3.9045612066416
-0.5948855433374581 4.357598202249012 3.0106442224911154
-4.155953349657277 4.414086187488099 3.8128402954958203
-2.905977969069422 4.777804462409933 2.7232687584325888
-2.161214103809729 4.270858339987772 4.3367282377700604
-3.0888128025657164 4.14011497671047 4.1368286611033875
-2.922632778025105 4.516743095625665 3.554936681578095
-2.4654411461895194 4.276292569266744 3.77743547051269
-2.1811644968483916 4.8940840788101205 3.5040269602303673
-4.431445908198715 3.881954443690441 3.808488727408961
-2.903328251322091 5.057518581459113 3.862781565103337
-1.0450830123680086 5.207550503069015 3.1426685879842506
-2.4202141147243603 3.454929376741322 2.346789882374366
-2.9653681357470414 3.5704131870741462 3.6877377237361184
-2.5542278022496103 4.253787507823287 4.006534336795195
-4.715633570963261 2.6927327706715833 3.268078108041216
-3.228513296051564 2.6046794022281516 3.144798501432594
-2.3899504500109865 3.808223834710356 2.854551703243835
-1.5972675679633117 4.521765640214123 2.8240815048674808
-3.5784846846288567 3.2549669963496357 3.424620882426413
-3.348336212369086 3.7789956491374213 3.3814993350169056
-4.522235659192485 3.1643635656308864 2.129559486395804
-3.434849100306494 3.2847048200950737 4.146062090484349
-3.615884228822629 3.309256416146025 3.566456740627029
-2.439569134308921 4.159483265760966 3.277220859312476
-2.659273808652696 4.164860045050007 3.805313876823549
-1.8006428675404145 4.434409843053528 3.5844501385405523
-2.9526885790577007 3.598944403354474 2.924654089278505
-3.4732449046090346 3.6314979399968874 4.248925098434603
-4.3673130025317 2.5594554982195006 3.022386428407553
-2.7530512359600325 3.750053046928957 3.4604646222946873
-3.426244176607097 3.573823775029371 4.179148894298559
-2.33498424761653 4.444434445234297 3.737206142944542
-4.292167906567653 3.9536812638291012 3.903792048524725
-4.162983170309676 3.5877119846354044 3.720774018699266
-2.2990283135077565 3.068930021150757 3.173787298578019
-4.284429439188422 4.3239523828490265 3.3836512031662664
-3.343378257944399 4.396778128305202 2.95146638523849
-1.6862721390864022 4.2136075227666705 3.8130279651544554
-3.656570754975223 2.7166850735852925 3.626917062860692
-2.4004193062628763 4.465935464816338 3.4706613869516136
-1.9682611778932213 5.290818911987084 3.4984670997495755
-3.600736178453293 2.6819560921510575 3.343061747244718
-2.6620752140843145 3.614509036532437 4.098162498098974
-4.223336898083321 3.3208799228710397 3.0510492975152985
-2.821213099160225 3.631971048921116 2.997778262588371
-2.668382426735065 4.447584676248719 3.539984083620058
-5.109938580448138 1.4993127854622446 3.4258209517769407
-2.569466893431026 4.297368918887412 4.250197845019926
-3.7671929268802757 3.6274680049604835 3.8947662939848815
-4.576212186075134 2.253947131560189 3.294627707784157
-3.884974197578019 3.9622107724734343 3.503677544831734
-2.1613067616475683 4.220851469402226 4.10788589655001
-3.48513375839975 2.1059144261777307 3.2680506687955546
-3.9534208495146212 2.448300158288302 3.823959435718472
-2.579212980048376 3.874319353943743 3.5369858326405823
-3.02461304933735 3.4741322262779617 3.4893962967737444
-4.065644855096158 2.66970812036147 4.03149429647407
-3.8285554189289064 2.8889657719834876 3.6175546837672363
-4.406943089440452 2.281498612225434 3.6361241105324984
-2.517571700078173 4.579079132404698 3.748236137603494
-2.608514708319884 4.572182037173713 3.6783805182249742
-4.640723473845034 2.522512779810177 4.461338581620519
-3.134486070497618 2.951752843931318 3.88403584007059
-4.031772480710671 3.8355184280760755 5.049673630412456
-3.8829057882800964 2.588494461942966 3.8419701242392548
-2.1346311322900497 4.087206927890187 4.173075804470076
-4.294006469795892 2.818254971810682 3.8010202643318407
-4.4950892989497016 3.1569423896690094 4.062865344900863
-4.76085660072462 2.3906348191855984 4.492955875370494
-1.823156440464442 4.41129139681693 4.116623952951163
-4.648720995171081 3.9134481915302306 3.201868571330331
-2.848173414855112 2.089136964210723 4.533796268079128
-3.609197262110754 2.8320589153892137 4.050127206374019
-4.871687066563765 3.023111963712547 3.1435681620684566
-3.873230129293325 3.1454996364368 3.842266155880438
-5.120686676893962 1.8401536379082737 3.6214896899798816
-3.9813175343836957 3.3145736582096874 5.19806368942117
-4.274480570311891 1.721288268771075 3.197253379665599
-4.07800107357289 2.851751355249256 4.37269709652487
-3.7176793893141973 3.8862453556661998 4.162376907021908
-4.749323894270467 3.64277799727287 3.7036050135586893
-3.25736753136888 2.6077709826740274 5.220951229516605
-5.1832838820329314 3.019460198177917 3.6297605636895636
-5.507474167774317 2.087724148033669 4.395793951399289
-3.980001965181535 1.9972142992713284 4.289480246985077
-3.7707802286788827 3.0025507423376183 5.207949659955625
-4.770251389261823 3.0842758486542188 3.922572286820871
-4.439052458417175 3.148987388922241 3.534633681734946
-2.592788569311866 3.8420958475800884 3.5988478627144875
-5.76956528218582 1.3554924584237429 3.896097743255511
-4.736848465996874 1.6667988097814397 3.6912003434084104
-4.219983713968967 1.8679857312372772 4.265161158834679
-3.916266603903708 3.2041055736290587 3.395020925354799
-4.415823668945308 2.6788678117393125 3.505997371702813
-4.870583609592668 1.0003688900471273 4.588857852492227
-3.077732410592138 2.1323915540448155 4.1354304105866
-4.753170165548706 2.618185218850818 4.2189074962487485
-3.214291302578813 2.4180401418788673 3.8258808951655414
-5.257342205943937 1.4633256379926445 4.507551835381791
-4.719474715413464 2.117164920444872 4.213941492939759
-5.075103483170119 1.9620549348012997 3.459907913955051
-3.81347886881583 3.4130355064635203 4.140481843240631
-4.380856765315066 2.962069459859689 4.016506769525229
-4.777053510472199 1.3181022121136996 4.272120849279242
-4.384374640640677 1.6059080458517698 4.382895992573065
-3.6970614811822484 3.050210773896398 3.978183603381977
-4.579116913335063 2.5635358982733547 4.196904328087603
-3.9324500113759715 2.390480336570104 4.72210051661902
-3.7966445564199085 2.4381707298660587 3.485249377752236
-3.9399471916428896 0.5882063891557876 4.721728657982228
-5.504867184819252 1.2644785807093684 4.31831633684178
-4.7903135664435315 0.8819117334859494 4.329758540732745
-4.913459152617027 0.5844080365455142 4.348510320080689
-5.525352846499324 1.4753071205417123 5.25989378546621
-3.6230891573670547 1.912507746630005 4.495668591590696
-4.017916492875801 1.6927954010442514 4.372105381746903
-4.774894304992579 0.9410265891503583 4.937673854919609
-4.255537744838701 2.5883227801677346 4.398727771854112
-4.810400586998374 1.8866957433517277 4.923412205290084
-4.965267531994759 1.9738634589437054 4.046813339410576
-4.761314391331144 1.5050880109828333 4.179401669729138
-4.180235754990885 2.2185752575794133 3.640685765415524
-5.033051597067012 0.3172598871730933 4.9187943463874655
-4.721108553885543 2.5614876702979816 4.664535007590838
-4.80268517494109 0.5091551163483843 4.596563608910704
-4.533065827094143 1.6823923140962675 3.8680343375346853
-5.323584523947525 1.702776202738305 3.5530676309455753
-4.488830884263299 0.7502763459838342 4.504800877373986
-4.257441169393554 1.2252206109965433 4.640462002978056
-3.6468176345953793 1.0647556461774037 4.174905549961663
-5.274064593763397 1.5837368021819636 4.630510862672516
-5.650695230448538 0.2290212398170942 5.455189910388842
-4.780942822335937 2.6906763892215393 4.832022128857991
-4.385992126879037 0.13653236976670258 4.275275189303225
-5.218096140142231 1.4060524335954532 4.393272997017453
-5.357825385810454 -0.18022639491331774 4.30089976539601
-4.2874012970716375 0.8586243878000456 4.353258584344445
-3.6532903962396577 0.01658427759591824 5.002654362935884
-5.0441108909479615 1.0574025308897457 5.106826339255497
-4.394545356052151 1.1673930154523335 4.434361734387945
-5.1425576679043274 0.014442957885017128 4.544142540840473
-4.366122257916963 0.8540273244234334 4.387366627295659
-5.4943215338326805 1.3333308854701729 4.941169022439842
-4.98467984220594 1.9396572360747038 4.371088939895155
-4.468613454479248 1.318386416518119 4.5350534980921875
-4.737628630562502 -0.0043088012311708335 4.573607582270261
-4.99613228149375 0.36295477388683683 4.718588304054462
-4.9633158039511 0.7457829364940931 4.499603838429428
-5.228152243796055 1.244401621476175 5.687481224191189
-4.724212090056169 2.4394026735181975 3.6424244436022217
-4.64057404166217 1.471534131238798 5.290915551616845
-4.823665667832214 1.0505706874343181 4.686178308427783
-4.412253405342331 0.12611469791162697 4.356908320628221
-4.988369632464624 -0.39583245602668304 4.582161950275677
-4.8677830661994825 0.19609035090929525 4.539997846580928
-5.3476404964001105 1.0162654414207584 4.376038361619366
-4.325251472235351 0.020517866570384218 5.186083390256486
-4.84277627838639 0.9795576544691784 4.852169900565861
-4.063052814348215 1.8580966412622626 4.078592886167294
-3.911454373289399 1.050577937971348 4.750286427656132
-4.499408098813342 -0.22806816493191895 5.30757780949163
-5.126004746731368 0.07544824619413211 4.913139223541893
-4.412907697076774 0.25297227217656226 4.38278834212131
-4.270173281396341 1.4850955326801578 4.390385907460859
-4.729279847086851 0.6117870156724828 5.060543183419977
-4.828670718097774 0.7921023954866417 3.87527045667625
-5.329103455199326 -0.8900226852535098 4.228743566810174
-4.812424103765292 0.8628426937750461 4.312643894239
-5.085187201473131 1.039284526548975 4.4064925313211205
-5.517101660159615 0.5186380079783421 5.763552059353269
-5.780364725305765 0.8305359875146076 5.45181374083067
-4.289796540707969 0.2892140037585654 4.869881127451217
-4.92288385928564 -1.2479810061609888 5.022993063079668
-5.085135991015343 -0.9984992578292101 4.319649453548534
-5.36756403900823 0.5622332501223525 4.657917002332175
-4.914582488350418 2.0479624687929636 5.098566751466217
-5.855511012658992 0.18073383843019397 3.795654385740975
-4.657887697957264 0.3891831129803746 4.628178121232287
-5.230739940011183 0.613124563463177 5.383543167252565
-5.128844280413823 1.8722854000865072 5.183190463211007
-3.8886030190072924 -2.2675214810103297 5.824031201938526
-6.047403299254286 1.3511915280625675 5.604079112729478
-5.520864427755006 0.4973338850002461 4.46645419337562
-3.8653922127104905 -1.1988897601305661 4.4453981523586545
-4.876417913652949 0.2660607767237161 5.198557941632825
-3.8542041516213734 -1.7328856938938955 5.263603625324631
-4.750101314558536 -0.7018821856224945 5.011112999708034
-5.731662641763227 -0.9607082963993131 4.7109760972445205
-3.504378363768969 -1.122588372247968 4.80809621756696
-4.1009195702472665 -1.735004430230751 4.7054444515309894
-4.548890200783061 -0.13502230706427767 5.662702087719388
-4.5702364125284545 -0.3878583165319858 6.25391634749307
-3.9796461878565332 -2.8769197345814286 5.68065062475793
-5.128110924213783 1.3858114937082786 4.277129445169891
-4.629462417136298 -2.0178242087318266 5.5059807691239335
-5.754143469283888 -0.5803023398348873 5.837438581038163
-5.666062603987813 -1.685227275131021 5.389654261981678
-5.206785659447741 -0.8320322399504703 5.023617639057104
-4.99662583268944 -0.278185312429644 5.578436772208893
-4.9702609309408805 -0.14935445497375785 5.462712942437722
-4.24992473549696 1.303958142228528 5.025771733972685
-4.324581580647366 -0.7099988012297062 5.058442052956457
-5.18073071921981 0.42848764287773533 5.360806589098484
-5.713307302910053 -1.1671802510240186 5.376004951375399
-4.647618798158178 -0.30128199619731166 4.645329042206537
-4.569850051945894 -0.9800562582624283 5.850590022258421
-5.691452316426452 -2.160016839299886 5.357178103467054
-4.743398713802043 -2.264265821428395 5.7338685861120995
-5.497381923372524 -0.07879518273384997 5.878359927203428
-4.961501141480608 0.4933649077577412 5.242917039327479
-4.3069792726867355 -1.3924450815411051 5.499381090794898
-3.933517425472769 -1.299701684153419 4.4676383405515345
-6.165269927072218 -0.4098669179574498 5.678190612890017
-5.3693953718034635 -0.8539987592854841 6.3440629067921686
-5.0233744266379885 0.09087841905324003 4.850420144009031
-5.236596996892205 -0.6268040385997875 5.924440935629998
-5.168111638828558 -0.15710351327815353 5.965686572019377
-5.664182632039653 -2.1314569829518737 5.208052296552349
-5.065588998837295 -1.3443659953017386 6.1115678374345
-3.570889370879549 -1.768059883993948 5.460812509402564
-4.4482831973242165 -1.0988918753294215 6.2289645202112
-4.285049236745221 -2.5215400986659713 4.915613892162254
-5.1689126936717535 -2.395987716771393 5.862672534955823
-4.6074569289350835 -1.254307531155361 5.033294465337401
-4.055298964265838 -1.8486017897422975 4.929211084203586
-3.6048359677588113 -2.996264076822832 5.972763638862662
-4.780628479478972 -1.7383878153509709 5.358355128826087
-3.724656598307436 -3.5743275501113936 5.999978521225949
-5.179375817151363 -1.1548644984614422 5.1988828565423475
-5.308655583425179 -2.548086300416083 4.853817571739797
-4.737036709063636 -1.8674079405009139 5.1110424164663755
-3.323940892368762 -2.241293138120274 5.117424379856933
-4.3040405910932495 -2.196858960774895 5.594038253951372
-4.568680239218923 -2.58172466739222 5.604015283774833
-3.773826757070531 -1.17366780253544 6.334048666569503
-3.8397925164961526 -2.2779956604234397 5.370978323069671
-4.836826252095745 -2.890231368015933 5.4378080778544025
-4.563114124190378 -2.0032523041475367 5.227195692892479
-4.789983590885079 -0.6796070861514555 5.000685831993032
-5.310230708170375 -0.7440344901816994 6.138908329737723
-3.822514268530836 -4.014087885404309 5.472640885613148
-4.844425816915921 -1.0165305906493378 5.350955676350816
-4.312866250359104 -3.091933808577685 5.5554299934970555
-4.718597848238025 -1.8127271960472853 5.520645226587069
-4.449881868831685 -0.7605027732951328 4.619166694627859
-5.627052668604272 -0.9716498215249606 6.0417207807415965
-4.560965206554135 -1.5303651604879487 5.240480838463237
-4.903224338804632 -2.638259108523557 5.545909521322899
-4.255237690655275 -1.7199478673973276 5.729429684425566
-4.8228993526706345 -3.1680232204320307 5.8315248894054905
-5.430062184168608 -1.7535041512214469 5.539041354389718
-4.216406085039852 -2.2411177984228394 6.361477125714728
-1.9850500966704574 -3.8305079320685955 6.627840808255264
-3.9757809797621637 -2.241944322233028 5.204069387087632
-4.777202545789624 -0.9012800941898909 5.892735943950217
-5.418418307715028 -3.028917784594028 5.7454523181412505
-4.320188851604031 -2.874465645275561 6.1696604285737555
-5.274301524991758 -0.9537951077414083 7.001258298683987
-2.894370077320653 -3.0743209388522086 5.569978187051967
-5.840420274026141 -1.974228610287814 6.5453962948026865
-3.498746174415595 -2.855113412706132 6.088841980378303
-4.776434516550145 -1.8704094809572787 6.466327885192977
-5.242311899069138 -2.1864045894155946 5.941617399341008
-3.507261586287928 -4.090829618625992 5.464742267654835
-4.33313664642157 -1.5212923325762922 5.262083495949129
-4.507956161888623 -2.489249805056511 5.976738631982564
-3.9975673058246968 -3.764439685317271 5.773773452590741
-3.489939425058614 -3.0334683529853694 6.8356160990404
-5.0933458503491575 -1.6537256447955688 6.212130023232307
-5.0117823222762246 -2.6868841648906603 5.776316325978538
-3.8102351244025794 -3.4514142561585097 6.259747018336187
-4.849769821414292 -2.077291117111476 5.829454754009618
-4.944928621708261 -1.6332236380161125 6.2122811732511245
-4.546812826921763 -1.7293775026866518 5.605570666167591
-3.518410022256729 -3.443611412784668 6.430656179241461
-4.12834653036017 -3.0208004971424596 6.312108903552163
-2.7723368386373783 -4.331017629761822 5.537362465660409
-3.925491899827763 -3.564081106386302 6.902199445939126
-4.373586479207021 -2.9297205575019465 5.686375130641348
-3.640998742875711 -2.170656135712435 6.232416052114501
-4.922149232062945 -1.6370631403346674 6.647473453498643
-4.387459151725646 -4.259181508462471 6.249536054197468
-4.049975555096419 -3.2621823900656537 5.886660557349777
-4.005492166036696 -3.1801948457966565 6.244753680693257
-4.053109368637591 -2.1907157204028036 6.145817148645703
-4.125331254308248 -2.290051262699961 5.909775236253454
-2.8516860452481954 -3.302557756169468 6.584880235341849
-4.841747999424986 -3.195488393619427 7.0630307443029015
-3.9787318692263867 -3.806034196856542 5.6583164495643405
-4.099371931463549 -2.456723929420509 6.907404629375926
-3.643186243656096 -2.298153046644966 6.2873228932164125
-2.283743584890344 -3.434656462340651 5.633456188126083
-2.9584052345850047 -3.359293438854296 6.740521808024114
-3.2090098236060127 -4.077554663503967 5.543408918955637
-2.740958975498179 -4.363974706522379 6.098494536495831
-3.086874476174051 -3.4982858846892184 5.711712369531481
-3.0208199129270685 -3.8180447342676045 5.898527907944965
-2.885215996984111 -4.323058355695156 6.073504681999606
-3.0237519509573154 -4.178899320475291 6.072752647265534
-3.6380920486772683 -2.8231184904743465 5.887942958762033
-3.60884746596841 -4.471170781306452 6.537615363111604
-4.835100853183883 -2.612009137910407 6.8172741580284715
-3.6673516319530672 -2.845824598527777 6.5822584214661735
-2.2723634618620094 -3.486151882918544 6.6851026830440885
-3.517313146451785 -3.3109304161556046 6.006436829348526
-3.4856549723852965 -1.98280800295369 6.203454802482819
-2.6532336501028038 -4.227790720632806 6.984272163294563
-3.560307100567235 -4.241243819288506 8.185099514303948
-1.9831906238463541 -3.3576288312615294 6.0532450139522505
-4.686072166037839 -1.4488078785302358 4.98902417694654
-2.77146911549431 -4.336804363580558 6.257572747262886
-4.207827687738047 -2.0726102230192103 6.965077091368018
-3.3798959137557048 -4.102620825920567 6.5793145063481635
-2.43117744662719 -3.668731077346657 6.336340921474024
-4.078123659452687 -3.602320031383371 6.7747580091254935
-3.790258648150976 -4.286424924462127 6.267624975565456
-3.6425607462345946 -3.850260441897893 5.858105348610982
-2.801400275126382 -3.203106122858765 7.004605188551264
-1.9689989021502687 -3.6647059485383044 7.644650804861529
-0.8175253424728458 -4.686905349622526 5.250599771709524
-3.744727764842868 -2.62559131011363 6.265056297284395
-3.5430322012928244 -2.3131629846877133 6.809630627234371
-3.7953592432065077 -3.4233457211192064 6.2142601241429585
-2.3304476924468007 -4.487048516587594 6.251632930800309
-3.162778012593437 -4.810087776436337 6.835524711699975
-3.0830835443925837 -4.160916489625055 6.744519924832503
-1.987396809048477 -4.035084244206869 5.888823479715317
-3.0305338746602097 -3.420291460963775 7.088741555007396
-2.6741516895013215 -4.807805933436545 6.881917472147983
-1.9578982767586728 -3.977351354612075 6.328837730119266
-3.6833052003906865 -4.1131664187525905 6.957616883487748
-4.591102693817993 -2.828878104070708 6.906733271108366
-2.8734728351750283 -4.165131762330482 6.618686147485012
-2.3352921650570426 -3.535601224955671 6.113538438056825
-2.0934430135518407 -4.281109553449432 5.748669619566953
-2.4711108562329747 -4.978653517783489 6.452680385215953
-2.9979235088613003 -4.17552656783378 6.350205580087166
-1.8763924390692224 -4.836713364305468 7.133749069503269
-2.4577818437411034 -3.036007428335353 7.129956164018646
-1.8647051872185214 -4.140879786400511 7.3592482224858
-2.9777911475497008 -4.257150428843887 7.031242002631424
-3.97406499885502 -3.7892660907627227 7.1920932676062135
-2.7784232132691646 -3.8229795244236735 6.899261865210777
-2.8855497930078355 -3.9746958312739884 6.782743022332363
-2.5734324269452715 -3.8963084334805207 7.643467493710832
-3.6748246347956246 -3.238622830019263 7.343734802283989
-2.296539255433414 -4.115335453389962 6.663377900311206
-3.1729515975429066 -4.677066187692696 6.8849633366282825
-2.297104348973722 -3.527227368485954 6.366420962236046
-2.5225502887841578 -5.0421091723401705 6.16918247625134
-2.5949213702995717 -4.418201870872835 6.771476882041553
-3.263835410823905 -3.5731426938891127 7.401053985224678
-0.8179317163955008 -5.14108084201038 6.252270253781844
0.34647613520167686 -5.183007586653905 6.675105886981307
-2.6752684196914327 -4.869293817702285 6.253905607102114
-2.1751120567121016 -4.921289368801537 6.767159639465769
-1.853356202718512 -5.515660391287752 6.3311440734477635
-2.1124691931017745 -5.143332786141733 7.206634815914724
-1.295186722906719 -3.690037704100007 6.862517981296612
-2.079534252440096 -4.717381459221299 7.042479926659945
-1.7097804406152668 -4.001148684313774 6.652622142435603
-1.9837399931158546 -5.140962695223177 6.408462600379707
-2.507312395367943 -4.331481892532679 7.346239646194122
-1.1450532337719725 -4.249092936492208 6.813262167890675
-2.693694206230172 -4.619512853562565 7.190214461296947
-1.7406394911079244 -4.699673025701111 7.03318737967477
-2.0293953062618666 -4.255176680336102 7.119626190140392
-0.44080398464882464 -5.385851464857527 6.498336259192989
-1.3885885283625519 -4.447252686036046 6.840772734213662
-1.1248219268517843 -5.422023722518406 7.210887069016852
-1.4269446343953487 -5.074998884684417 7.028636743047262
-2.600374195661885 -3.6619379155593794 8.002289518441318
0.6064521605064568 -5.617347198574175 6.6433534973887856
-1.146491488211899 -5.499256837581676 6.358485862239906
-0.4344211908206753 -4.448343626045229 7.309314133372303
-1.2012010304991332 -4.8993247616787 7.988675367360672
-1.4236111723766471 -5.394633065001862 7.105964385700493
-0.3607803860820673 -5.427492117703008 7.176903916029658
-1.231654240203019 -5.8684669232955375 7.050929801107005
-0.11795116860145362 -5.040606985253645 6.914235731133554
-2.814106759421356 -3.158632562153552 7.742486629202152
-0.8517356518432389 -4.995948955147169 7.173872952418236
-0.32191674789773955 -4.0777826905789905 6.437579059169295
-0.9918265012277709 -4.310800537789237 6.851647700105165
-0.560881368250936 -4.684917116748199 6.5315786234831545
-0.04484708801253306 -4.918398144153888 6.4748266144629
-1.4126773158658883 -4.299246611911302 6.770278301065722
-1.0378725782864457 -5.041901486206666 6.359961711052103
-1.3548490029666316 -5.68627819023978 7.31985143353486
-1.1054897683415092 -4.7304663155322135 7.106688213134633
-3.3841290469249508 -4.893405826029966 6.687673466001782
-0.005667432127905905 -5.596849786057274 7.229995132792635
-1.4001966776629369 -4.593924028720876 6.708067385751702
-1.4879064297730953 -4.272698704243361 7.296036209617903
-0.03811367188421493 -3.052240984345737 6.42317450523573
0.8268542431173869 -4.892595784907022 6.68821361121654
-2.8422811195491455 -4.814444934560096 6.600525642169514
-0.45064183443564254 -4.435345730401862 7.788175545068377
-2.418593767734235 -4.080975744801751 8.181929172145074
0.6094304391606012 -5.254966760928199 6.786335177181718
-2.3419154185810034 -4.732397422717961 7.252438672137573
0.7963445564669598 -4.577022813234399 6.922753803562729
-3.082965327285081 -4.6905384923873905 7.227912767367348
-0.42000120307436745 -4.973746068011944 6.783649814565055
0.5379656784681701 -5.106883280045911 6.2816038200791855
-1.0628497038057652 -4.876116703648829 6.9071501569554234
0.7632665524125841 -5.241300916331483 7.702297171147411
-0.49635133585559255 -5.156254547923749 6.578470240892759
-0.297601891842132 -4.9545047104212365 7.540098212887465
-1.0837909413604485 -4.939360602299678 6.397248421470192
-2.605797192823726 -5.000586965914533 7.656580621561066
-0.8254522196583578 -5.220000966188762 7.030657320282511
0.8059405494893294 -4.979316506111776 7.882537021878253
0.1119458720373123 -4.7038193554850585 8.34984447314042
-0.06389500674903677 -4.5802535720119675 7.496848502492216
-1.552420533085075 -4.909698763031048 7.750253822629562
-0.565599105793948 -4.3512345237892385 6.995737932487808
0.480371645627435 -5.968976663360222 6.499871492224518
0.9238780213566529 -4.719584721021712 7.694422360585767
0.9983532221508375 -4.491752730350031 7.639426480081982
-1.9267446841132818 -4.324239099460956 6.782063825296989
-0.608046508144736 -5.082418292858792 7.125054879319735
1.1456427570652177 -4.924042416712371 7.734369782659964
2.1253046187824474 -4.366530820904813 7.656952374710014
-1.8170271876240875 -4.747404961659967 6.932937307615086
-0.21924968928084326 -4.761279744573201 7.2288929389422885
0.14475632906677968 -4.956297509121139 7.44956946786066
-0.05742301523269267 -4.304062712884604 7.181629329675503
1.908400600857573 -4.470936922517232 7.79556987346353
-0.16164287560737717 -5.612605168589482 7.8138423274075395
-2.066141632669207 -5.1263821378351215 7.279770561820998
-0.4993107157459191 -5.74003881624715 8.16454737676206
1.3669435075694532 -5.124235810743424 7.45367246580286
0.6174926978339167 -5.057790407674302 7.405008281412377
-0.20064605686708498 -5.1879836476596966 7.121978364502233
0.12474746128883032 -5.776332755803447 7.362297156224951
1.116851814398736 -4.97550474560636 7.554195837780572
0.34261130562695385 -5.235892275226603 8.114117607667195
-0.16981729974427992 -4.79500695261449 6.566099410208507
-1.673099194214749 -5.018587737373758 7.684152042774149
-0.05908117904309705 -4.686663951374694 7.599500861922505
0.6615157507509491 -4.65417097070431 6.8026702562072385
-0.527590441993236 -6.12655330898216 8.175188551299994
0.6889501904808274 -5.444089353172999 7.821805111864152
1.1922131840424348 -4.202543067764306 7.264345517048437
1.2143093507563336 -5.287394374090917 7.833823463099588
2.2361837565183995 -4.034885188791717 8.39897666398196
1.5986371270027875 -4.932928080776887 7.159196317042124
0.44827842132731915 -5.073265976949225 7.582776688975506
0.6740856606606989 -4.624816495221449 7.619557429493005
1.784465345604586 -4.6128993323911525 7.009265584417523
1.8358881097673867 -4.717221851175977 7.247383747969956
0.593840846550001 -4.188496052951476 8.64334557188018
2.328602938671481 -3.7065910304225365 8.39864823883337
1.9812874782553984 -4.19399106257476 7.5571050344036
-0.735820588501063 -4.524046638949142 7.885843606313471
0.9427171217899224 -4.958204029595158 7.8187082720218894
1.1685948690599415 -4.131693461729583 7.7424852221555405
1.6526356414138932 -4.812495594505809 8.203573432532645
2.040448641273472 -4.648086887008175 8.721076378502786
2.1911031995021695 -5.2103709882375915 7.428780642100017
2.3533287938358143 -4.231960418220347 8.42077695522436
0.6525903121021007 -4.83039906239299 7.84980277506624
0.2011581784058097 -5.319210446234125 7.653750692318773
2.517693590041595 -4.269359281675122 8.503729888603004
0.5954674570864439 -5.289416600268457 8.371641325944116
0.4367149425276326 -4.380314227894473 8.559561744263792
2.1301232720897953 -4.521156422051294 7.671485803192338
1.1836310943641712 -4.369363038094075 7.388008786391038
0.8917107634795677 -3.7764612831705526 8.280574851476548
1.12418674485785 -3.9084149686899297 8.478644810949472
0.5239243154874876 -5.033242531158276 8.114314738632698
0.42882959994546044 -5.244723597764754 7.161441619721976
1.0010596969857186 -5.192353923841368 8.048090107949982
1.0800564864644209 -4.584454940120445 8.442119469271006
2.056096220107197 -4.426963595234249 7.924168619162925
1.8921336608742254 -3.955226976690411 8.737438238449549
2.194081700351361 -5.083597506838512 8.112211196162404
2.929588146929178 -4.129973029005942 7.78584152387629
2.6200382228585943 -5.242832244397119 7.825919577027759
1.8306173128808574 -4.75644396593927 8.465267971501572
-0.05265963783000114 -4.600289962307953 8.255620416867798
2.379651251023491 -5.169788114297629 7.857543387252211
3.43819378289952 -4.6621391663159155 8.619383206495197
1.128104521619093 -4.51902428122708 8.226534273933531
1.2305192501985827 -5.045338823311781 7.864995689168833
1.7011879980941498 -4.287344903699492 7.586363213798593
2.4141018114932304 -4.218155479722516 8.277134553428255
1.7748198055273912 -4.619411349449921 8.140206053442645
2.115513432559343 -4.150786391393392 7.991707290012064
1.194530554250015 -5.697092340067622 8.318480944282705
1.3366808730229025 -5.075271903507467 8.846227104987767
2.2906684855972888 -3.8920364345879928 7.821164431235369
2.245591739035838 -3.660623508023127 7.693102885209587
1.4498337280934415 -4.7996618257140735 8.663807003734293
2.180604719588779 -4.067129960542841 7.7409553915046425
2.735281115022261 -4.7154446080344075 8.242196524779002
2.0899146578236447 -4.3951966249320495 8.021200750037895
2.852348195158874 -3.9150847305903054 7.947940784029059
2.8015769467677036 -3.9735984214715176 8.029781115854076
1.0619387071006063 -5.094791109598881 9.184493828122847
4.088455395680515 -3.497046282648841 7.3739670194781635
3.88437602910369 -2.3653091038233773 9.369926619255887
2.550024159073085 -4.112511649171973 7.969072846283507
2.8166894266579225 -4.658835752784013 8.55526171697072
2.3540034351819235 -3.3802015509319734 9.243406341897014
1.9769720310332144 -4.361902065340641 7.7787367359626645
2.7774673729553356 -4.142794711474737 8.00110648447445
1.4682679127309455 -4.95179337963946 7.632382695147018
3.1877739646641454 -3.8810005514858976 8.40658814708305
3.202754959156019 -3.5345474159162498 9.142899112224232
2.3505666066986097 -4.319239015429581 7.795206418587915
2.4543973516855573 -4.141171915665428 8.66682456893712
1.2219067447079814 -4.54137400432701 7.468636643927534
3.4829532958878975 -3.9169217009234463 7.567559124746304
2.7323767744914975 -3.529079014608437 8.829331326272236
2.5331632412700804 -3.773163970167401 8.34934458885748
1.9687851998211232 -4.939843451313045 9.231437916507332
2.1110432022697916 -4.183262842910898 7.939496788204166
3.3323376163038296 -3.786406857963821 8.12180517237941
2.1790617309024443 -4.939967526884558 8.99679394016532
2.07952748779539 -4.4887200275774255 8.295313926347408
2.553988868881645 -4.483283726717742 7.944093220880706
4.434536457027823 -3.823776521481721 8.578685715941344
3.7735289445064204 -4.5994226835917065 7.723933879970614
2.3124199447048417 -4.119057136669714 8.364538768435027
1.7166542909913638 -4.666064286863766 9.373108618263421
2.2885703779561695 -4.453013733517479 8.76743022853629
3.556489248202034 -2.7234433517030827 8.055778362290635
1.4648255888448174 -3.9696378260889955 8.318843006823265
3.972583417708672 -3.3159239200962394 8.598006679491826
4.632584915996854 -3.496977562359097 8.829548767279118
4.047696476776568 -3.7816130934970786 8.872035342324496
3.0095212065509367 -4.290142411096116 8.699938043062923
1.5414608078529357 -4.500720702861373 8.107256716204514
3.7371867948362847 -4.373380192565832 7.93014872044018
2.1062135554036585 -4.912219804781002 8.056364326363417
2.6562510176080294 -4.695412202809737 8.977120541910274
2.693730589386196 -3.910270106708907 8.940292948508336
3.083625776418236 -3.5715617999658003 8.614111787695453
4.151068851201437 -3.114564476817515 9.518157812840899
2.902202477159528 -3.556464712329723 8.93363409758489
3.700788944919256 -4.041324969328468 8.933646386699934
3.5533493373551126 -3.0131431223190748 8.92482853059865
4.08823461773789 -4.853433150304322 7.939129176514417
3.1478020718238566 -3.6773722284769703 7.983790097733028
4.071903965749491 -2.8111565184608915 8.459200360863685
4.475424295294296 -3.2212860415414344 8.391883185067488
3.5612064382662405 -3.3859426041827283 8.868939491450917
3.2838560639990986 -4.436599745986471 9.18282913757267
4.464600364335589 -3.234812585049762 7.930368664381499
3.0506637968931263 -4.648970758365409 8.552018324594673
3.645881088895567 -2.946932331387471 8.59820127458397
5.363586752916877 -1.7360177186643857 8.303078592171696
3.4371025428896003 -3.187455775387451 8.334013993307272
4.320040943409747 -3.8117584657074213 8.695716413266725
3.5144362574123935 -3.328444863768253 9.822360878178479
3.1160204954317514 -2.829119919566242 8.28015738213396
4.210878561786723 -3.524128963556336 8.465313968860984
3.69617195158896 -3.9679093532289245 9.043389476893733
3.822884110702568 -3.1628279819934404 8.455063997033331
4.648557905415724 -3.3112170864388797 8.187159688671885
4.8531898280863555 -2.909201289898329 8.639122897087493
4.8221970049256315 -2.7700274117029005 9.34086696888247
3.2766089423609857 -3.4095163238630724 8.338276371652347
2.8425443190727675 -4.238447710936271 10.191434706239232
3.4822773781983396 -3.304486638817357 8.988895967510624
1.391985269781708 -4.1717158374915995 9.727494819978205
5.646319029122721 -1.4575978066582007 9.257525479675795
3.115781889117499 -3.8148299959102427 9.246318406624496
4.216249226535272 -1.799251534640304 9.571448247737466
3.6597388944958853 -4.743757435554271 8.492412570365177
4.7527050215026865 -2.659250497935777 8.23241533493185
4.9682899574232415 -2.5849902070042563 9.261595596004875
4.19482922984155 -2.7588636248492895 8.771004766897503
3.0789822131414795 -1.2881247478238582 9.26386945841884
3.9952046951914513 -2.568872979508348 10.207664721831827
4.743154179326191 -1.4037511513475955 8.715133015888709
4.696402931105951 -2.803090991946631 8.378775920050224
3.780452277875541 -3.463524171547509 8.902595166842644
3.745311224638837 -3.248738870348803 9.168163664916781
4.342534875940631 -2.4030861180111374 8.66959455272228
3.913321832657201 -3.0002625069331 9.110863923742476
3.2527061226916625 -2.3961226595145853 8.98248690999195
4.3201918637812575 -1.3616307686410092 8.97352745993512
4.450960909748626 -2.2885301409564796 9.558946822366522
3.776457832389084 -1.4856816330715281 9.868749309257847
4.570923213337659 -1.7039651211077562 8.820910506405076
4.295114749654228 -1.2593792190705986 9.493730315058853
4.437973362524221 -2.467553667934943 9.266379241056471
4.243760189921235 -2.095531921117715 8.605824993466278
4.070868369071758 -2.197962464201519 8.487279988206874
3.548065947987772 -3.30091938624349 9.5514056765741
3.9318804039193895 -3.648089008097759 9.524363819130016
4.3416853613813435 -1.271226399930309 9.408631085090436
4.626344565993113 -2.6103583210647936 10.38210016777907
4.089713886124765 -2.6514951730185614 9.657265213891986
4.6548041224086365 -1.6332432167574398 8.9240496033901
3.7758327495381625 -2.2205240306739844 9.23705036461042
3.765488920122789 -2.2997681752622707 9.723478914585849
4.926130867386264 -0.420406576586581 8.668982488183019
5.09384690119469 -1.2603538888281232 9.366787515450856
3.8787902770264573 -2.5727071320281483 10.28545336430468
4.712456071021865 -3.0433736664264788 9.540735971077707
5.332067265550965 -1.1663787092955198 9.90254746958905
4.765020933888482 -1.9615803166666528 8.96200457375578
5.115372768035095 -1.4463991400331095 9.379410425939612
4.966135836497345 -1.861681357983387 9.27194111321295
3.7866941156771934 -2.37306274889688 9.515469245198759
4.4966357245629265 -3.000138636530616 9.469030863425132
4.7068928047392795 -2.4514861900999154 10.103111896989935
5.117100597848865 -1.7055146126248026 9.900395402683815
4.769987861121993 -1.0052815325602042 9.43957909815817
5.0614805584100955 -1.1615389683146053 8.695992321727264
4.377059186901752 -1.3643440136944052 9.687334198724201
3.8130413246562633 -2.9394720862302517 8.82531028066007
3.975275323459791 -1.714659216174648 9.895459044030037
5.062038836079393 -2.9011770692560948 9.226453464156343
4.135192038494794 -2.830710995295811 9.536889553405894
4.194207144183513 -0.7978435270820207 10.648623209888907
5.033123723975294 -0.9957501258071523 8.995855030015804
4.5367134277346155 -1.2552776688944103 8.871891756375359
3.925766331893544 -1.1854659013298312 9.375410029561877
4.524977253563527 -2.1104025929904138 9.427312023280898
2.8435951601782152 -2.190618526707478 8.984977208886406
4.796636022358076 -2.6307014490754606 8.884515586117638
4.805304832389053 0.8211588413388624 9.679864904828213
4.807137471991627 0.47251361959296173 10.147575572031709
4.551831499847132 -0.25827812017294227 10.125512172087923
4.514326012483032 -1.272475523570101 10.349342325120485
4.764930829197135 -1.8623645099549608 10.178791386946903
5.125205341050199 -1.261424065902228 8.940044205428217
5.143747924165165 -2.1267091002795264 9.645247574211773
5.714805046289001 -0.9074202022158312 9.193156491910946
5.468404962598054 -1.2789471790274185 9.418692902070212
4.79315111182267 -1.7157825885567344 9.784687836938138
4.246495573546725 -0.42649229614679024 9.963805826545105
5.242984813164213 -1.091329873293773 9.52229767353066
5.135742596237182 -1.182695337394765 10.564105927470344
5.512403474966616 -0.545682189917278 10.154827804734722
5.0380827812426405 -0.1289193634956483 9.662187526845544
4.917001371651236 -0.6726778693270313 10.316643808160507
4.116876495472584 -0.26666771954037094 9.475980907378426
3.896434297912801 -0.14861485249773948 9.486805613803586
5.080820254781984 -0.887425849836204 9.459396908039666
4.6660498909338175 -1.916651250225119 10.003979343424195
4.133111025943035 -2.5643842839706745 8.780009460200436
4.370125569176542 -2.6124466593530857 10.186087571124688
4.869274736140087 0.6996518407635212 10.094743454433148
4.503978047206954 -1.5908224474071764 9.292646167852114
4.039220935055153 0.9565524355032646 10.197790913666918
5.070634320343139 -1.8555240530801436 9.749067006473272
4.984268920256522 -0.9180145441793918 9.25040824313503
4.7424158939806045 0.05603975977132358 9.576697035800905
5.434791286441409 1.5483198933655253 10.551057586593291
5.197904491549473 -1.014066521935944 10.004496466785497
5.514423323519918 0.0028843544560035257 9.650961769671369
5.01219640340252 -0.08845413904545883 11.035140413373252
4.735779149415948 -2.4279195840221943 9.584182035578173
4.990685992032269 -0.669076912623131 9.732242804834026
4.515987529632959 -1.119821659862343 9.515427118872562
5.259848800883655 -0.1197083535914673 10.524661158809923
3.7966383954245906 0.6984010279604366 10.210061962791576
4.443926624181998 -0.7020429153851152 9.763621209586567
5.392983969677582 -1.9805970795104904 10.072832060613479
5.162275818439354 0.24685372077350368 9.310326919871786
5.354710977013613 -0.04481995922692997 9.356228100947273
4.812277758308121 -1.58251697876282 9.94444776519048
4.480696618415531 -1.845405319655807 9.040344402103802
4.998566773606147 -0.015175807456716655 9.537590578571455
4.572757725208102 0.22354428889506742 9.082510706486918
4.870017102135196 1.5291920883331154 10.030780084341602
4.938209576534469 0.7157097203067496 9.63505859678334
