5.77058613753199 0.172868830148838 -0.29439912978545274
4.949861881534076 -0.09765303253230305 0.3644285313538291
5.517685941068526 1.462196275872554 -0.09875580996627331
4.78742208976952 0.8634261351398014 0.2943674485841824
4.324344978888061 1.0891662281322079 -0.7820338358986226
5.248211993351806 -2.0141428771778775 -0.3789981915560793
4.84922398060906 1.7225678304205694 0.5736368337069129
4.291780970598217 0.16594168986744495 0.6450384846277051
3.742927954819272 0.10184132077543942 0.8377903974107563
5.122563614197026 0.18947928022177646 0.5679701414111987
4.644505950579404 -1.7012580823260839 -1.1668049068310171
4.697963588213468 -0.01654456378800205 0.3616685963101312
5.293307476542371 -0.7336551238362068 -0.6593700564007849
5.610490223979275 1.387515378080347 0.16780841517957834
4.762229010743649 0.42316129866077545 0.6607065981928141
5.41932444599633 0.21478856706004237 0.4632674543497083
5.078320683810108 1.4623705708981736 -0.5989198405191367
5.227274113169187 -0.30163929742213336 -0.9900884113363108
6.0167941577328925 -0.5864699125300882 -0.3355227577514897
4.931701945985945 2.3102553144948677 0.09497748328221993
4.282330626019319 2.648267272615032 -0.39534867444532523
4.32309218330361 0.4385733065258535 0.7998486462964791
5.36379356348667 1.414229512529848 0.32342419619319285
4.2452555709817865 2.199343353355362 0.2791113285638901
4.871754513260807 1.3964240983159066 0.10189654105046533
4.21153180547824 1.2522523462892996 0.7039862434675739
5.018868207267128 2.618696601010452 0.8719192528711989
5.310447708175531 0.3341797281021284 -0.10190010707707764
3.2739425938338087 1.853507002847389 0.00679973665973993
4.782933941573005 2.1038991786945993 0.07119478966262038
4.047444716681608 1.1585764530008449 0.5279919533182867
4.047023539427053 0.5025648912339439 -0.5607020918376855
4.282257686567742 3.1268397591471118 0.7497932191879504
4.724916410649792 1.538612628944993 -0.08163125823466172
5.28117572903319 1.4410912272146523 0.14363011230121023
4.805773358370501 0.708593440682417 0.7788895077929489
4.55437939077121 1.392334251072436 0.7278298303067059
4.503652713022456 -0.279648830104335 0.5265429493108662
4.957702387015688 1.8251557168169579 0.48053154338039406
4.836102047929635 -1.0032529595335486 -0.7482602333690628
5.91296750726672 0.3184014384920791 0.3659794552571176
5.031107313761144 2.1172317115924417 0.2829650130603081
5.0123558800979735 2.9460658611924693 0.8211795423761321
4.8380112066271055 1.8163178500269517 1.209092448416416
5.349326345369573 0.8314449837566569 0.3040174332455519
4.914382599078983 0.05509864781489795 0.5208708419571446
5.025074899782181 -0.8236163313827202 0.4049797126813679
5.540893428533203 2.3226116167295436 0.5304575325002717
5.341485855419636 2.518165503004939 0.09377134025625278
4.937912650104602 0.33441677619164006 -0.1928970599952552
3.9380012738845616 1.7976411021421301 -0.031418893164797956
4.802274297839838 -1.0438745087179522 0.3617537205275614
4.410571827148937 1.604527529141255 1.27581709660276
4.509274795110471 1.0668127645798289 0.6581784652444872
3.955186960157057 2.168169239217667 0.8138565772050019
4.716991831252572 2.290460312958841 1.0519223140203868
4.191695243591501 2.0900140167559913 0.7058426448512771
4.809045225806049 2.7680130154788496 0.8708805936505817
4.84792608018919 1.8641170331181585 0.7416252110500183
3.7667918927980235 2.230062022806974 0.019427558955883995
4.870809708575684 2.489380635646437 0.47747606611619753
4.964783912683087 1.5704053202377661 0.7272109568915941
4.0591959985456025 2.300872630966111 0.25711144426773613
4.4295679823661 3.352044225759698 -0.2509522256776082
4.351391186480923 2.7959581963323177 0.5940832009042712
3.8096545794746057 3.039313227854879 1.1377398925153286
4.458623321632495 1.9855662448684652 0.4316248249076563
5.00188125485438 2.1955278254933983 0.047698258458852005
5.261374606342585 0.48534419502623327 -0.01944073534293922
4.346489427126006 1.6649002880222095 0.4325465815621757
5.263955470633374 0.6466246776215819 1.2665143426629357
4.367614228719811 2.747152663518562 0.7767259089065702
4.300980527776206 2.9890847181104014 0.7049481317617625
4.6299603209974345 1.4483010324744878 1.0783099533403546
4.440995923649677 1.5813475005871058 0.669157695731394
5.230319176234865 0.5952508016800409 0.8056792206699654
4.098140887994416 2.6364608461106775 0.8950379619901234
4.856981069604569 2.5172221712526834 1.2293913900875608
4.979540017239912 1.7394180438625069 1.1611816965384614
5.1557466540606995 0.32362881169150526 1.146112231669191
4.008979024487651 2.6178919120999713 0.8082290743456514
4.683598379968427 1.9300625678021766 1.1534122541530578
5.700129099304588 2.172120063384374 0.7445518590295379
4.091647572487632 2.3732584753748744 1.1671438573082646
3.985037486882553 2.7731133035255913 0.8184491462859795
4.0772147072316125 2.4033659339310156 1.1657139480379863
3.509435448825856 3.7678560513705097 0.09511835224930454
4.787777541909147 2.21602175540693 1.3445017323884028
3.63274827607843 2.6216560618404214 1.1311470747665342
4.320331058569509 3.3506691540143363 0.9022492284548579
4.641646573400165 1.915912511442475 0.6865236348715171
4.067097918250685 2.989507601219482 1.361670973168578
6.2864975157728855 2.0682141653303154 1.0308152219900149
2.864844411050798 2.5803428630135596 1.3824359750122566
4.745843493789079 3.126546634811364 1.3872722683043437
4.217411308181572 2.946507508668081 0.5027975144595515
3.1089166328775892 2.585946542147452 1.3904339191794712
4.3093556013933085 2.7721957547615066 0.43060742939026686
4.7151169930318515 3.50809764452389 0.6001725845676558
3.3767848254459416 3.1217438057676072 0.31721607204672886
2.8861837053006316 2.199645069256111 1.8909639905173714
4.260178210526024 2.3968053493504375 1.0262165207568075
4.312485851239954 3.222557632299112 1.5302714942109161
4.4902523188010175 2.5008235485562595 1.0617701901435486
3.7553294883570256 2.5496042631644165 0.6494808333413705
3.3728206707416537 3.0586942797422543 0.5525390677352469
4.9007418486495515 2.1315706134961596 1.2568762417036399
4.37463451224081 2.148905385989435 1.186908183294133
3.755431376240836 3.577258235261855 1.3910903828913574
3.69727938344821 3.033153279408826 0.996130425905382
4.793988520083321 1.7147577240585656 1.4359064695163184
4.061927561583556 2.9775331231710664 1.427620720634251
2.0857463356867507 4.525519841952483 1.0748715194935063
4.603795057181391 3.5585358204613664 1.380152127345194
4.541363852281031 1.2313342025650311 1.3753801954373066
3.8924330792249178 2.9012505850885044 0.673374231492784
2.9805098277105992 3.3553424987192644 1.5226808238337208
3.7036910082937955 2.684277077609159 1.2492647373115229
3.9226510542508817 2.323296415866206 1.105843870145232
3.4033296936737534 3.36467516065723 0.4169865413205772
3.474842730582323 3.934900073499024 1.2650571440851561
2.9077423726229124 3.905114926275432 1.5013253321368718
4.32344523458559 1.7187139102260898 1.2117822405948746
3.154572921328539 4.012310200973395 1.1887235448553604
2.171220325448481 3.7282064612575065 1.1979762208529188
2.8651166195111797 3.703987505746862 1.9701281121705687
3.648849169588849 3.819851044280274 1.3351165494896258
2.5156265759429837 3.9418174820140113 0.6969172071072535
2.667290234844823 3.6650383513546805 0.8350910483191327
3.622163753177699 2.668770036495615 1.47729956016422
3.817370316849373 4.018529567673919 0.708667338804357
3.7496797809757356 2.86800917376806 1.6358218545269787
3.9765713389216235 3.2675956142855673 0.6222091907467269
2.558711370484583 4.650021430994854 0.7578734550866223
3.6217555918152167 4.249993087730917 1.588439312740647
3.38084969212005 2.6311927964692017 1.113421745635818
2.3423508934840527 2.891868742875531 1.6415285706918121
3.2503245400899887 4.17727921496866 0.8417874505639638
1.6036037930226643 4.263361119791683 1.6031829628955108
3.385575510274868 3.73819416405067 2.1132139516816135
4.027474567263738 3.319421201534774 1.3672269317302526
1.731727719621726 4.329001379421852 1.7558551053961495
3.1119537034579627 4.895681724424959 1.2397943130244555
3.2836987248585463 3.7736402766229773 1.5056179529535445
2.838454824036946 3.8510881999860183 1.6595265729412165
4.309147042780068 3.9299446385551544 0.994557779090008
2.9688528981156113 3.718077100549508 1.4689665941852472
4.796698781116382 2.442808026223778 0.9541879064926032
2.5687647207641486 5.1307597701833965 1.3467045825232833
2.4438288159437076 4.0435261941596226 1.0069909089289766
2.901571455589961 3.6781752886995123 0.7787380521686812
3.4597837979363546 4.00204509496908 2.201194137725267
2.231087595273208 4.411968365493607 1.9170658757562185
2.8162208829498754 4.440398267898909 1.9358384014924908
3.3584875415536186 3.3357413912536384 0.7585134692097915
2.1528150147540046 4.5738207052023245 2.2110149845153675
2.661417639727079 3.392938118298124 0.979092635032544
3.5292825025448344 5.403516182262018 1.459633699229977
2.7542812161491455 4.138559166678357 1.8133926582377138
3.6425044745558046 3.8078427390978926 1.8264238605844703
2.7522006734539985 3.6111351611082885 1.776457870020903
1.389674548897232 4.9880650026361 1.1655731754882501
1.0545413912908639 4.3384219765704 2.2774499009959506
1.9726979392438733 3.7416392814761603 1.4335343558872955
2.021999908625949 3.422031588487503 0.4953029261456272
3.078062680953311 4.408723426762208 2.0012930825631567
2.133839596655261 4.293588766460741 2.0091785882139876
2.383168340232589 4.182083331541652 1.6717881795954102
2.9613439739622613 4.234330374539713 2.1127090251900924
2.598583335673799 4.395790277515056 2.431558827925758
4.071673554531751 3.4236126509157674 1.5468516429107453
3.03012012178307 4.787773662362037 2.6477167856089543
3.1417533240226843 4.5341776959595945 1.081086772876684
2.0591331938283894 4.969648380411805 1.9756715530285125
3.7436397528709904 3.011510585224063 2.0586719273869396
1.4000628318958481 4.973205441735561 2.1262182725008416
2.21436440640917 3.9838309465610213 1.8616645938825755
0.7536242145156014 5.037723040955597 2.948871886384854
2.428289545829422 4.221938485515067 1.155012918096574
2.1157664970378733 5.0525755650264195 3.0961742216592745
1.665463501281996 4.976859457579611 1.8860981562092758
3.870164522297864 2.7477575365279603 1.8765544952138207
3.4417597871126904 3.663839586108114 1.428830902815508
2.642070557273403 4.237058562613927 1.3203597930460629
2.7061652026446454 4.780781820976018 1.3197066664911405
2.988742063267184 4.093232540589518 1.9542878716492023
3.441211165695277 4.098551453333171 2.294115460216323
1.3011376154964274 4.538767626584218 1.2257281639389634
0.776064179819937 4.898733440999693 2.7786980211592036
0.49859452931378645 3.814327805698159 1.6455909466150047
1.2883284547023903 5.134207873500626 2.6693587140282014
2.1781448175782674 4.303309831153554 2.7534664841330483
2.353824178273581 3.8195981480216115 2.5372753347805332
2.2997435781921363 4.108168431181963 1.7404800868362738
2.3802272404127804 4.24254925869117 1.7573035545343638
3.811663907493748 3.6053678226764325 2.4639454607323046
1.5936765594100035 4.568136960479579 2.0630443649922485
2.381275539697889 4.092946900801313 1.6198292702550978
1.6857117082194009 4.036454560723728 2.319690569375451
0.9142673048948581 5.191874270898618 1.877822398584876
1.7702339871983526 5.023434358116447 2.805228530863484
1.863108626789089 4.2591254238949245 1.6626248638260737
-0.16189920157189408 4.555152960117515 2.6273546449946408
1.7142836736082767 4.790634661618833 2.6011417943170265
2.2886302660363556 4.4904552351831155 1.6754088285225257
1.5844212781662823 5.160143244146288 2.3502226644474544
2.0355113351683913 4.264918626517755 2.799243795761299
2.4826906002931106 3.5985506603167345 2.44540845230304
0.45183972204005834 4.996664495196337 1.4079666190255828
3.2336567641420846 4.06096653324435 2.6166277984375306
1.7515919064535357 5.52341361184072 2.5137776908662315
2.1288544887144765 5.073803835906773 2.218914681694075
0.3268421005957729 4.171906458126547 1.878389946799902
2.73049281167942 4.426046689005898 1.6619173721175646
1.3569522786721069 4.506041350513387 1.281304683844163
1.6089685343540858 4.3911775224918195 1.049346673884031
1.6634780592920855 5.072562636410459 1.7800546114132425
2.5753825100075605 4.789317093683849 1.8659799224589522
1.1644562329089556 5.210544890432659 2.68485971030735
-0.393479563546289 5.387019144351938 2.236691058515952
-0.8259909564889939 4.942319869181028 2.1782530364495902
2.596312745577245 4.7142404051158575 2.1732795995324525
2.947707533511113 4.677913107465756 1.9345756378750687
0.41128675267794884 4.800713766250646 2.12693601441371
0.7447293730029242 5.224222686604612 1.8693406611186765
0.08965542786068352 5.525371468649857 2.9399875234870465
0.8290468838542784 5.3753518864732674 2.5008750520125864
0.12213473294242577 4.859508826971877 2.1515341281427287
1.8798456746587002 5.352562042586923 2.062540247830179
2.308350341182175 5.121227427993964 2.6613798318033
0.27069973043006457 4.116179669794995 2.0790811984653663
2.0062340655058093 4.421787363283644 2.950367950038355
2.608325946743489 4.918321312343962 1.7649708759806453
1.753141407516787 5.232074291257354 2.109493789283407
0.9669939227333001 4.863678405357471 3.2533012190627892
0.7243781031239881 4.3480274039642195 0.9303845116197418
-0.722580932113103 4.300510816917287 3.2597627688346096
0.8714030266273786 4.717365069367417 1.6023565283180101
1.2434805633864354 4.91648441965565 2.2373159041649586
-0.221967445835185 4.5023832101553305 2.5585717445217715
-0.6244807280818585 5.526453034578713 2.8866682452347967
0.20332725946368602 5.883763285517473 2.887754517373135
0.13724191225328966 4.630918550824641 2.096455515410669
-0.2837054041222547 4.463297617576278 2.0478705053644006
0.16452655437292865 4.80145743064258 2.708648278390977
0.9335749128283265 5.333715599786928 1.862229485755197
-0.4430152778759752 3.8887979273615945 2.860528819478663
1.3621844253361743 5.125531540059065 2.4261641869941486
-1.8923073492828628 4.4714577196013625 3.3604805853278474
0.447127252491016 5.3057607456099705 2.5885940982023836
-0.9465415160054304 5.067693229069938 2.951129544847339
0.6396655315015982 5.359755885206141 2.9992788533307873
-0.4204778211815337 5.002025592512461 2.9154819981018942
-0.2831944451531249 4.936401118039458 1.9550778441185788
0.49878525128980467 5.83750853090949 2.856919127403706
1.8983597985063352 5.302314721916192 2.963245323566252
0.1614932547828579 4.758812595749562 2.8247881848016245
-0.6555118871807264 4.913027834310251 2.0956660954728323
-0.36771893510078757 5.099983975049036 2.752107983186177
0.4338971728555664 5.1610934244150455 3.217871892104055
1.39703301911492 4.657560571995766 2.1111957104828316
-1.9789196502131348 5.495312803651384 2.881105214832842
-0.12209855542560484 5.822038030680165 2.3914196043723357
0.005884170608030336 5.369153006528775 2.98342852195985
-0.11561323336478126 5.381958641517679 3.0504073163982626
0.9249244365058142 4.319907015941954 2.9653454768228156
-1.2767704741305117 4.897909305967687 2.28268584556493
-0.23899047517433947 4.804134463195557 2.6279872375793167
-2.109189100203805 5.163834030499769 3.5629050445523607
0.9476076202593164 4.692774933860515 2.750254135468862
-0.7985313342055019 4.860839398838631 3.599863219790737
-0.6135117270779176 5.1263897678126344 2.200732805184114
-0.8051932456246379 4.976030321220714 2.486939176510961
0.6268130115593517 5.136622058178119 3.149796253029201
-1.4793957215819724 5.092662065630811 3.1758725584159913
-0.27633063273633446 4.740270593240401 3.5383356810363047
-1.4306577145854964 4.7086576135915825 2.7235179457067074
-0.4009305900610176 5.025112245893798 2.901220438761667
-0.8910579370159948 4.631428216317174 2.322177176338408
-0.11886470755054604 5.230937912839897 3.075347735474034
0.6817996916010038 4.649438608787672 2.6943510985281085
-1.1219459891835448 4.694250009348438 2.681884514111397
-0.1448414687703165 5.05437873482145 3.35834748781589
-0.438205941325233 6.195506029030275 2.009401383991358
-0.6994032499747127 6.079332026220501 2.3062482208592185
-1.4554689164968175 4.969684135830376 2.2464730006046656
-0.8189814235047117 5.0670919533199 3.2486349615612955
-0.21450759517317564 4.988952991902694 2.953534207115952
0.9899061072481791 5.051586111557629 3.0132770326447256
-0.5673630395071431 4.989651417935474 2.932375235414798
-2.1056927185888017 4.298506407605513 2.375398561648843
-0.6372379337155993 5.219958029196599 3.822147250288904
-0.538735958851734 5.534335581915035 2.9016526961273987
-1.4724218170933483 5.104327516296696 3.2113062266529493
-1.7131304792812825 3.9528661155528906 2.4354004401894462
-2.8623775450319497 3.774729734239516 3.2456609828999654
-2.3039954026714455 4.655877868255248 2.8609299001914374
-2.786625960234126 3.4709399274891704 3.4362407824940924
-1.9855917684893623 4.729506026256804 3.5535545104062662
-1.439051670521351 5.027440997232198 3.1089461617567133
-2.7215260713726424 3.7256254681069345 2.686774582458659
-0.9480111457392104 4.963531994461942 3.6882005263403075
-3.430365821420729 3.9030443450231815 2.9091653219548665
-1.6554040417408564 4.822251656316439 4.281116732808175
-1.190194790511666 5.226690143314127 2.980252567534679
-0.9164253984957862 4.5740294715430565 2.499055636604564
-2.3119075108591116 5.134048174533805 3.28514785281084
-1.3796642525777794 4.254672908571199 3.421707813314152
-0.527163518871756 5.931924136719175 2.694957744932003
-1.2138428510873869 4.677294772248399 2.8996676989616104
-3.2850676898733706 3.812395685278413 3.147153275843058
-1.3285688027831002 4.703561777985018 3.705848249084796
-2.116446050031589 4.943423587412938 3.366763124987549
-1.4010890500687654 4.232812741539916 3.8527844260427604
-4.384169171311621 3.5501614372196273 3.114994959644225
-1.8147149848502402 5.017792546255295 2.9279207897510986
-2.7173198032748473 4.808490793271492 3.2267971063450913
-1.7781633412313518 4.532371059092628 3.166238842605775
0.32925318631554334 5.802262059929654 2.6177468207627417
-2.0819740143284484 3.9395389735165716 3.1674118726882985
-1.7364331611714858 4.682768313819247 4.091607798080665
-2.485503291868822 4.3043123786852675 3.0639528565547316
-0.9851036472021467 4.727190909883136 2.467002113652729
-2.618441560229009 4.724404224708057 3.3061966867132475
-1.6748250876164885 4.6609903630873655 2.783229617854844
-0.4711282643365922 4.295791860927176 3.196712446213819
-2.015301227846253 5.340163981404156 2.507913074680722
-1.6281362756874647 4.6373835853781715 3.975892074817872
-2.4241655240252875 4.09309203397861 3.670331202191805
-3.2966261536233037 4.37587059702975 3.4276892894984536
-1.6219366914594657 4.2987085539203544 3.521568260925881
-1.6620565447707458 4.448390572817749 3.465336970527406
-2.5172135094173007 4.451395592249443 3.2291297480047407
-2.459584759816338 4.099680297609909 3.419959779669724
-2.557991976250608 4.662012266053714 3.6907739120367924
-1.8241450519724298 5.049912753160771 3.0952434473088517
-0.7473282935316683 5.142451850961757 3.220361734501943
-2.839201857177574 5.403953642921988 2.6895825240384132
-3.418366178374638 4.505153429635498 3.9039786466081208
-1.8624243501837459 4.443740568422963 3.502784105148783
-1.2529289560789882 4.503387087995114 3.7753467314509734
-1.839687769686355 5.006568239999952 3.6554709270871646
-3.597607664795956 3.9604842956598016 4.2322418009602165
-3.669434400877198 4.308355165340542 3.163262652368554
-1.82958969595047 3.0813806224948492 3.98388369786651
-2.789475794842272 4.476904981461251 2.9077467408744035
-3.047251850286016 3.8391444714241287 2.573816138834489
-3.0336197629885158 4.525399964756396 4.0128963375032525
-2.4631078931286066 4.0254690807576035 3.265950167273643
-3.086527754478421 3.697961453457471 4.005090884127847
-2.126612369523429 4.621818205626298 3.7977614167216807
-2.342969635716179 4.06377081418936 3.4513230675666198
-1.6827602454314878 4.95835040544104 4.003769401435905
-3.9110577447907207 3.782547139309869 3.8100425782957146
-2.544271231321958 3.449343737972503 2.8909966241382667
-3.7020417018394367 4.660170796142044 3.9468948124176024
-1.6225262389442465 4.037920963873261 3.0360419636540166
-3.46533544141996 3.652981198533096 3.884532326563509
-4.0564316659424735 2.6744292780814467 3.425385838534417
-2.7003396656072765 4.115388471250949 3.568624617294334
-4.512986830162777 2.067724728328792 3.8125358748562053
-3.2147355781771214 3.4046558101933253 3.3163127293780024
-0.893252223474035 5.21253173088454 3.829943363529853
-3.362297513472357 2.6307595836485222 4.105529280326941
-2.7333181689301473 3.604508048547696 4.008322337461992
-3.068539993349782 3.1513449851193314 3.7705026562262227
-2.999482926436423 3.9234478347918853 4.422101757881465
-2.8201787641859957 6.057332991763097 3.8408943333698278
-3.7740033190627464 3.124635572447066 3.2680756033852814
-4.361737016807561 2.47515803276302 2.662334464537544
-3.2321645480678627 3.619899952661812 2.824504377138051
-2.4980584254966947 2.826460990938631 3.3018502721558565
-3.4003618332375183 4.75304984888646 4.200065660483353
-2.8678596238399754 4.474476246306398 3.5017229570229196
-1.8700940588972859 3.6799579089655086 3.2517868674605968
-3.2316651368623126 3.39528406275901 3.6574925950144785
-4.4087378091190885 2.404771605819473 3.9229311005127645
-4.381594094229675 3.180378115352337 3.5979077477405097
-3.927845718107425 1.8906303420037165 3.7730472120009595
-1.1100911702222278 4.395744903595251 3.9488383722691327
-3.715503857241026 2.174249717894346 4.000462779448634
-3.731564002187459 2.358687651247763 4.248644011657073
-3.1945275196205603 3.3380888113982086 4.557246870616173
-4.0616117090281705 3.126384383309168 3.7789651763920817
-2.7525963781441374 2.810904606807364 4.305149032079011
-4.2039089285062765 2.986497109825828 4.241144846191857
-2.2496628337465845 3.7568285995212345 3.5059720093879
-3.4522144189988246 4.010375598181591 4.61368826678052
-3.122615989840135 5.534510577655392 3.8936680062262656
-3.624335736287193 3.4713650682469375 3.885936674477636
-4.290781920099691 2.1962598868658763 4.039985624514508
-4.335923823255802 2.9713610664270442 3.0018204071536916
-3.4846933631502797 3.7719476430480894 3.9322176000247757
-4.275863381480143 3.3203911159695196 3.452172127655942
-2.2163736723682606 4.625168567231358 4.124671983227699
-3.37402617450161 2.128184473839269 4.0534155242792425
-4.581636182904244 1.6707725633379196 3.2463033058448927
-4.556340120314549 3.0713434788193212 3.7275519470693483
-3.5903893316231814 3.706720388694576 3.240368667554995
-4.661926355000571 3.1494446430910235 3.733668093793841
-4.256181392749918 3.041052487857875 4.673146762897684
-4.333113166396638 1.8997541734974328 4.261072674050299
-3.963880141843319 2.267164575462461 4.15238240361107
-2.720137173046281 4.5537051796122245 4.212432391108956
-4.489295696638605 2.892978513507916 3.7715000061289174
-4.790410226634033 2.2266779649306887 3.679954235662651
-4.6734772328542125 2.7830704215545596 4.4655411609951585
-5.209098022230495 1.564961517495383 4.634024615305566
-4.2244364096740235 3.7854799946627278 4.697264794275914
-3.872658820629645 3.4630044395486452 4.222719883536204
-4.717016685008729 2.757370382126749 4.531915918565292
-4.612180586765133 2.3031283658262307 4.254984496800775
-4.0050772671202 3.2469130810387314 4.154919268099855
-5.099854539358312 1.5456942592143337 4.130660389612127
-4.330103746243278 2.8790219320440573 3.5771799778394864
-4.550554163761407 1.2335523787770937 4.177339528627649
-4.5154312615960235 2.36027889820294 3.9059647620497846
-4.232435977361217 2.9683645833850556 4.115594499221162
-5.545050092077404 0.2157219185222284 3.2642955171182075
-4.556994502356325 2.7904755541720347 4.346354072293492
-4.454908058743941 1.7060384366029733 4.057437998386275
-3.3419765775464088 2.70470363210943 3.8412655515918046
-3.507755714530965 2.406418312638947 4.439229317539143
-3.5516953284468364 3.1289746736690147 3.9506151485694523
-5.516364886572387 1.2684859621313662 4.514739443307547
-4.342884984275039 1.5535944468480836 4.598816206000486
-5.517275141034645 1.7402179203785384 3.5911808121360287
-5.04644215251783 1.7171497390658885 3.665913256370842
-3.701667911836582 1.9665429924273128 5.488964185946602
-3.966744818766037 2.0806056216198017 4.161537341637479
-5.523730422245316 1.3422417186925077 4.0908805052032475
-4.620625794549235 1.7850299245609411 4.7810651333906025
-4.37249438199727 3.5342757715370374 4.410280219733651
-4.6431211286649425 2.434507652132068 4.012240455184477
-3.6731789566771327 1.3427791235729314 3.755337728870476
-4.04285222495874 3.3129133363592067 4.099896557303107
-4.998523715110117 1.782389139829989 4.178965017767148
-4.127585395286058 1.030363004532599 4.9012571093101505
-3.602331788795083 2.532959276697348 4.527162061819452
-4.749940315315499 2.1612820718551884 4.208587853759493
-3.95272805079142 2.5635617455083706 4.270753004047033
-4.00710314800804 2.4204451928576804 4.543065689576727
-5.004976344350404 1.3247192476435188 4.227222091761075
-4.548357207349386 0.9483704284308709 4.558144326697197
-5.158849731073215 2.516398550248139 4.212342040623848
-4.053032053406737 0.8963782038508323 4.162715801686904
-4.5167130867096965 -0.18079200847063195 4.842378110810564
-4.753771824232795 1.2326204417416602 4.275552493103369
-5.015968573270811 0.9632278060514188 4.226931677676867
-4.720755425230571 2.5786769095812194 4.294978302231628
-3.588646948764931 3.3463892821795502 4.536320111796309
-4.811837858581466 1.3681649855943432 4.631790151952735
-4.684510822750615 0.49366064631473194 4.4781408576093185
-4.457350312364596 1.9982366650336238 5.024487243206295
-5.206645806406936 1.4161194276962215 4.220159254634434
-4.187570652883486 2.5022939030196945 4.618048425608793
-5.891161334976714 0.6781580821368777 4.320573694999658
-5.770790722781991 2.485720594565548 4.796585129016729
-3.918286353441322 0.7050536866708935 4.2525261358816016
-5.162610770739557 1.53861740209758 4.401011890117941
-5.1417648766817985 0.5935684297146606 3.9708164498686855
-4.914350918811189 0.9093451481597357 4.487025603379247
-4.6790403913022685 -0.8896372742357108 5.197115914032739
-3.5874450683678902 1.2947644433379546 5.308595331725887
-5.227223741762804 1.611282481748618 4.776129543115382
-5.645518270727567 -0.42957903071121845 4.615668842767164
-5.116809762965193 -1.0198011940037965 4.378864910384776
-4.383141572680297 2.3939415600745697 3.3567308135432334
-5.111710749355014 0.6654957067369169 4.572555604471871
-3.8477066481948183 1.0616945680299548 5.754108316686542
-4.672512630613078 0.7078000405470328 5.81360052720077
-5.036324040760018 1.9837235893804477 4.830062292212799
-5.4115588300677055 0.5025692437698255 4.565240965978924
-5.198092166226452 0.8736152913847632 5.395547372910536
-5.49251720959407 1.2128688187014935 4.693739714256498
-5.497167610739421 -0.38201661313576835 4.223679065950703
-4.152523043988524 2.665316089130283 5.169749362863279
-4.480655297770306 2.135886977664205 4.156788202830339
-4.982547074290448 -0.12315412404247826 4.838509729436947
-5.1470844999685035 0.2933242932963077 5.561998011995908
-4.2954016440902345 -0.10862686381807181 4.926025031371641
-5.157841370976767 0.2519113310258138 4.8053968179787425
-4.430941174122031 1.5184468879524877 4.090598610261871
-5.454318080249245 0.36440815832456713 4.953109378302264
-5.572385852865351 -0.7360683640171771 4.510012087424221
-4.9138097348931105 -0.8908333557119127 4.513771885622706
-5.540059836045627 0.4710473479328797 4.327543434339276
-5.353389218545374 -1.2474080467079192 5.63547035512476
-5.004292321478976 -1.5432836702171875 5.743005664912138
-4.2227412964183975 2.878566488279232 5.444998549553447
-3.9908007748813232 1.355957103694231 5.164952897831078
-5.37715433411983 0.1468202801225692 4.530714618393587
-4.111350151435587 2.458021112012516 4.158637421053781
-5.489090039775828 0.728903196883286 5.07731736540971
-5.25367247945352 -0.028947698807630727 4.210531459870094
-4.954886335448368 1.4007224937518206 5.556412610645465
-4.78362707152166 -0.7374174510191902 5.379534733490153
-4.952116849950153 -1.0778225140389026 5.011673216070342
-5.1900938489895045 0.20395544549435143 5.306160941239309
-3.522450965479068 1.067796046307134 5.680568351311529
-4.729396946025824 -0.0630974146164971 4.916144081787766
-4.9889717271279075 -1.5527156097397357 5.275769078384201
-4.957098353996633 -2.683707465790744 4.456125691877268
-5.1628421282987285 -2.0845711024063966 4.910055175587428
-4.783673175949673 1.8334539289729528 5.305913328842537
-4.608802893586023 1.0988864273877614 4.783180365614759
-4.907667087007198 1.7909639903386718 4.063734286890356
-5.046708226681528 -0.6218659610945937 4.755252565084203
-4.37734020080023 -1.2947480493866599 4.964740822824388
-5.130029237838117 -0.4282119740277543 4.3416681569274855
-4.670519670180018 -0.632055543987716 5.53018354524033
-5.019034427251982 1.4069847385108678 5.43365783479411
-4.275097046376736 0.15975525464245247 5.161301844935331
-5.459889516592272 -0.8022926309183637 5.68187693745649
-6.016288788214032 -0.4883902587780422 4.064964116190683
-5.851129213136354 1.329161924761241 5.743373655341004
-4.441717979766248 -1.635604343959183 5.45088976233929
-4.686374432217503 -0.22817866159162986 5.8336262013784665
-5.164875408312709 -0.28266285288774395 4.792909275534053
-4.6804241685816015 -0.876873703095058 5.396909772842119
-4.941120748144837 0.9995677656710986 4.7713871755444135
-4.093370069869771 0.05688058770275973 4.98079409950841
-4.493909319039482 1.1054647171396872 5.123068109772018
-5.193822960074058 -0.08547046671654761 5.545975229770826
-5.123363673284032 0.31926221187043863 5.449960311309577
-5.1127625861909705 0.35431891429798673 5.273485819880246
-5.562088036575802 -1.4825568005019467 5.404381628383422
-5.609765336469423 -0.1821528822647315 4.765226020931089
-4.579576335251604 -2.8405902113176977 4.951928582958464
-5.033649519855315 0.27278346114835095 5.621938468826025
-5.812836468656812 0.1295579648453393 5.912069409266538
-5.004004800230272 -1.2581816244628947 5.316383884813325
-4.839435733361106 -1.8932311356843834 4.911189587015189
-5.122856023397548 -1.1062205177393911 4.976218364629148
-4.200099858467167 -0.18302334835901504 5.784714712891831
-4.679562926131918 -0.95098606726932 5.544335968909022
-5.181560111213545 -0.8260313060332762 5.729513922406736
-4.993517264472367 0.02675149887064879 5.239628611443441
-5.3313198473560055 -2.020368903410297 6.159951491440655
-4.524047721437176 -1.3262964453952593 4.494414330920647
-4.558000774503251 -1.5153529010589464 5.777205163186847
-4.076158259542582 -2.225925589525605 5.56699207249708
-4.0865978624949655 -2.641914723396839 4.512450675821665
-2.7769974177226837 -2.6439124707788055 5.26186611847006
-5.332897192335405 0.03299467040358965 5.954795524443609
-4.436086053151524 -1.5116406047065485 5.065533499729794
-3.6845230446339663 -2.3430740391798173 5.383906312909766
-4.662766207030801 1.0200800456207801 5.350388637199829
-4.357561752052325 -1.489830623560334 5.677636499352996
-5.187391913330547 -1.7555296621655936 4.901661356804091
-5.221470338736511 -1.280596787246219 4.884441436351407
-5.099516537822918 -0.7507267171121125 5.711146977190682
-4.2247349324282695 -1.270666455136099 5.768401971458293
-3.9914130993472723 -2.287189221422124 6.40129175658974
-4.982355083536851 -2.660219872297541 5.715042552632053
-4.6539741043359895 -0.8297376791305251 5.717236233278703
-3.854685672739594 -2.2386107461900266 5.5481700694580285
-4.748168151487812 -2.7082824373100376 4.698120564509926
-3.975387337384498 -2.1948663201718794 5.116146534951937
-5.176838841187639 -0.24509880428897118 5.290700064021078
-4.014241975596401 -3.274161915068907 5.916766564779411
-4.830025213585387 -2.5615912322166214 5.332303741611476
-4.347917474484105 -2.21400975705662 6.322739940030472
-4.843966775293081 -2.1283220070998263 5.544761881202435
-4.7961725819198415 -2.238153884643198 5.894551630656501
-4.299597473209811 -3.0154288987683895 5.864876158274115
-3.9356307060617928 0.46008971489651374 6.399723586037088
-5.394024671600541 -0.8820766379620212 6.0746227180820265
-4.4610403070370825 -0.9619242946447906 5.8632775226055385
-5.2522803596201975 -1.21160220103162 6.026191917708138
-3.977294079214692 -3.13891992654363 5.691870436529008
-4.375866887286135 -1.56147197563887 5.364871570068657
-4.409539790512068 -1.6870205397553752 5.428900119839084
-4.724360938267807 -2.205007635833691 6.2399441768152135
-3.808923111662865 -2.0420663800924785 5.677293214424928
-3.751975012355992 -3.4988939443866798 5.8968361928779345
-3.1037712498185983 -3.5842697661350855 6.667986743864416
-4.937494225504671 -3.1787913018753087 6.492410870621004
-3.9350972609273054 -2.005802219453967 4.890111509586477
-3.883442839525351 -1.0359065412012651 5.463345301505465
-4.309688748917838 -2.026958055486457 5.683798358993639
-4.932297741742383 -2.000676996214144 6.512661214459224
-4.28091681891711 -2.391489523086115 5.448766110980635
-4.700899063802316 -2.567331799156249 5.807430573590484
-5.220100140475892 -2.0408927484689072 6.052921981536101
-4.806638726377186 -0.1724539870172056 6.004316669268462
-4.346739637351248 -2.198066777400951 6.063859069521495
-3.585043534690078 -2.8938769123553882 5.942911935972402
-3.648250417640026 -1.9979402027134372 6.074119154972059
-4.186338028311709 -2.6357701327535095 6.141915186483171
-2.516623965775902 -4.3717988353019654 6.420421793964298
-4.4260542420364555 -2.346037390349208 5.659826308319705
-4.268793221301521 -1.6787815591136273 6.891000782623632
-3.0115755614587543 -3.2461544092094283 5.567833032013597
-3.1933520685512073 -3.2507586320492816 4.169752640545146
-4.491833743399776 -3.215299734963576 5.488287940210901
-3.6517851478889045 -2.9248084933246186 6.800007982651242
-1.9935268317853483 -2.9273351720950784 5.093822474615222
-3.011448438724435 -3.4941246817946965 6.717870315266726
-3.5746650972612564 -4.341905638568675 6.460862248667305
-2.5675458458733935 -3.074151566952921 5.457383085003513
-4.544389450457531 -3.014445956017722 5.650449661720562
-2.932309508484018 -3.849213138213486 5.764158218986634
-5.158941620107905 -1.1159834699047428 5.38145615132612
-3.841058175545057 -4.284697975085523 5.653311265700125
-2.9650145095875255 -2.7314506649701866 5.3640380408300175
-3.476922217980431 -3.0206174846911544 5.4073709538535395
-3.8915607518115682 -4.452303348509288 6.597314521517276
-1.817773325350855 -3.4666975540648868 5.274445690262103
-3.5166317564640823 -3.48945575051336 5.50619075943434
-4.545837082204051 -3.237158455746618 5.828206917173617
-3.16327710157334 -4.478139538155679 6.01284982251786
-2.6857439205195788 -3.2018359784954162 5.7964516262072
-3.062773157353122 -3.0789465812721732 7.265636419045556
-3.6597386920705284 -3.107584756813982 6.87453761592172
-5.028747330665668 -2.470449849246994 7.007478900392493
-3.62694657634234 -2.8434627600994626 7.020654414808499
-4.228860776792315 -3.9755168586406047 6.631700796178429
-5.671681806927767 -2.2940463880645767 5.481387980584171
-3.264780511404099 -3.4180840630239993 5.925817652745159
-3.850587677633886 -2.5258703932538835 6.317998317578538
-3.7072725443672883 -3.647539130916676 6.287698317517321
-3.9869287319064575 -2.043230630525342 7.206513996141274
-2.696355635419732 -3.9428465958551677 6.808024869327049
-4.535211845602307 -2.7858009632446508 5.378058223460972
-2.6525381629286517 -4.214864956025468 6.848202885426261
-3.172356184016444 -3.5688288425844807 7.043097744134842
-3.5974738094306464 -2.7790171456836092 5.715394532101675
-2.932698745186036 -2.506679732256286 6.145583274539864
-3.0726155209524046 -3.526303849018629 6.860329899180889
-3.5546865426012273 -3.446825538926201 6.027091827899942
-3.351696637973322 -3.864488042044162 5.927193534419595
-4.549211430435989 -2.477343074170007 5.394186968666475
-2.4532517973855046 -3.5674440996788293 6.637392422798865
-2.9140742157253516 -3.2637373895151183 6.795365612173525
-1.0041349753249063 -4.016271903499116 6.56640637878023
-2.956951106596613 -3.5073138165658495 6.338389445411026
-3.620925564527864 -3.5906296462877076 7.109812263720507
-4.152659326053061 -2.752980901375313 6.92925299519143
-3.2040006833646215 -3.551925468107661 6.464932094041195
-2.3559600271571832 -4.155081950663034 7.675143121698559
-3.852429532212544 -4.8397999101971685 6.341999659094839
-3.07613915602473 -3.607294931537998 6.412576598650906
-3.367798498963292 -3.882950135595172 5.945736868010283
-2.877230100217328 -4.138275126694961 6.0941112721280355
-3.0663764341256234 -5.12913895106129 6.214815677609989
-1.9957595271068005 -4.012931154728303 6.614517673902885
-1.291340592215614 -4.3950560464313115 5.854674922572277
-3.429296668753164 -3.7283410251644105 5.620099326497277
-1.8765368548990244 -4.416621255655009 5.79180264103992
-3.3606031960970766 -4.6497200479831235 6.107645533831689
-1.9016739004057883 -4.0052674467003415 6.034856877600483
-4.2842346299927145 -3.1118054100798282 6.745482650874714
-2.950099241776875 -3.4312934277650102 6.333551646156992
-1.6492444140533706 -4.989843624879961 6.4734168163155905
-4.495737773952218 -2.8122371158713437 6.707222006278034
-3.005510657243605 -3.0923325812514686 6.1386311106765525
-1.9710097749357025 -4.446601537472569 7.1811428688071155
-4.118037410903965 -2.4001154921212 6.618528110461184
-1.0065941547544135 -4.459935152011356 6.1608468473451845
-3.293388800175853 -3.8514080824535597 7.102827194726802
-2.193402025007826 -4.093010842255232 6.247511808699722
-1.5592546913252507 -4.545991065143725 5.720004607024723
-1.8233309767932233 -5.008459602669485 6.455441639740029
-4.363657236709992 -2.9195053563265607 6.76034428743079
-2.946696397491267 -3.6437076470234686 7.283441659089455
-3.0314385171119973 -5.199810333344722 6.284531281165045
-2.121984488242388 -4.835186392714973 6.606872554024992
-3.018558520263935 -5.04763126375489 6.790287071500099
-3.288272333447214 -4.158935092022239 6.742543024716855
-2.9380483716273567 -3.862891516552772 6.388407718479632
-1.6701590526783845 -5.33693691702957 7.373365786643661
-1.7245106424449312 -4.931608114895295 7.121277788129076
-2.6382831023353237 -3.0833904885038645 7.316363114879049
-3.413400073051152 -3.090324447421507 5.875359308920067
-1.7363172741762316 -5.953367013832402 6.524970143642813
-3.4218728804299396 -3.3438075470964894 6.01271096570225
-2.5524125220636766 -4.117261694720163 6.839345035903517
-2.1824487115733198 -4.2477043148410925 5.807736047960187
-0.9611537451679629 -4.902609778803543 6.655601532644392
-0.5558179535919531 -5.527636257540667 6.458121819111009
-3.7247438145501195 -3.6512991615971746 6.90262807342697
-1.7877049629097013 -4.345305676417307 6.810861536118012
-1.9485151352074948 -3.82216182651166 7.143971283389463
-0.8265038587815505 -5.7646212496180755 7.365588812194236
-3.8767618320914554 -2.984278321787239 6.564292211041453
-1.4064915141311929 -4.701359869070281 6.324253420721643
-0.6921910023073793 -4.0431313227487 7.314359201827172
-2.0054716807627377 -4.455457403475944 5.829974628589461
-2.1213988121469995 -3.921050119276554 6.5958460122644365
-1.91974278366308 -3.890917468215582 6.774752661880462
-2.6929587911428765 -3.294768817193132 7.322816699770964
-0.858654074563826 -4.764673410912721 6.725621785117501
-2.5285337179434104 -4.256240819275532 7.733297261606096
-4.1755422417257515 -3.135480976105831 6.825443806960426
-0.7982339633877593 -5.142017492501936 7.206753485958024
-0.7065637321156185 -5.072588191481413 7.825871304360361
-1.7314840838474879 -3.916584987837299 7.965609073968822
-1.857774021333865 -5.4646621601835275 6.837496972103166
-0.11643062174286435 -4.588429986995155 6.770510493655773
-2.36241013123628 -5.048519472743872 7.251343187975355
-0.18354672379045545 -4.82128091087373 6.593285584097645
-1.97585321654842 -4.6912418132693325 7.584619564329407
-1.5691205701261508 -4.9980330627474165 5.883868203904156
-0.977117097929762 -4.209289461697353 7.126156431148374
-1.6968726318915022 -4.810953004130635 8.135326346486302
-1.9403838828474995 -4.993541909405748 7.670702465656983
-2.349750049127254 -3.979305647915904 7.1656289279390055
-1.8889606282955396 -5.2735498511017775 7.448236553893793
-1.6658558629336615 -4.576116769995136 7.400972748313359
0.12806977390421656 -5.342288723764841 7.495154235132288
-1.365181885497499 -3.601354710869641 6.638909451451483
-1.433327848319563 -5.060971255777875 7.453198109281782
-2.3786709726365425 -5.200951539490478 7.979602323233204
0.18428813800843616 -5.737139751420356 6.1635780708205345
-0.7799006616354182 -6.386738163226819 6.637042207159781
-0.9341591140837074 -4.993883879047465 7.003576241479889
-1.3843904920147987 -3.900833001319038 7.320661821870855
-1.4723063905651301 -5.388270726083869 8.05074203094058
-0.41540870199301766 -4.727762630422059 6.573526263966594
-0.7861259034481339 -4.255404784597481 6.214711653964233
-1.6471430562681013 -4.763103066139631 7.358605712324673
0.12416099335759137 -4.478681962678366 7.611414683865782
-0.5506266540748496 -4.561611443861092 8.034924022320247
-0.08071402159870322 -5.158437510396737 7.763361724259793
-1.6427358417824185 -4.697886198929202 6.669163982214241
-0.7883687267133487 -5.36844651100433 7.307618440017054
-1.758284779612275 -4.030916084343354 6.923030931351914
0.24827837520974064 -4.472545787970277 7.314878468963546
-0.9428233726107145 -5.797579022785629 7.272429935619025
-2.015527875877813 -4.855156669714198 7.720351618954299
-2.1904474499374937 -4.694071493408188 6.566741501053236
-0.6002278448518886 -4.487018678929951 7.9265015053098455
0.015772760004618042 -5.788227952468767 7.262232177227009
-1.0483410371493804 -5.8399589599335 7.4728843919778205
-0.4299265211927719 -5.029866091194121 8.108195175189794
-0.1045390139988498 -4.9150690009249125 7.637793917875055
0.8304605680227642 -4.919350966090512 7.312727615013109
-0.15276779152268222 -5.029997825202965 7.563297249994658
-1.425660564500425 -5.105866101960252 7.187911435932709
-1.127884569933147 -4.963640013457545 6.944742838694616
-0.61237540464937 -4.372635392672861 8.779278632308351
-1.0970884267802985 -5.165009770253426 6.667421936638007
-0.023702258300112997 -5.20898516326316 6.280654454189328
0.8814034208616498 -4.934187539822712 6.882275862308012
1.1177625883868965 -4.81527658000974 7.837404925094348
-0.1538769326609855 -4.691644437932566 7.601574393426868
-1.3344492647018675 -5.217705177079156 7.3500054432543624
-0.829757873649207 -4.701181593361491 7.201680884793953
-0.6864357703233256 -4.501709236558937 7.564488675698794
0.14626400291843286 -4.618662876345847 7.84156809146658
0.7166124166265698 -4.524735028158171 8.019801053870708
2.484789762857714 -4.655406977131927 6.905472349691774
-0.5421086471329467 -4.071917353046346 8.17700165199709
-2.200892746647542 -4.994534708200038 7.75171194262985
-0.37588158979537223 -5.162043330804459 7.567695154458277
0.7415999802086646 -4.930187599801456 7.510681582563899
0.9086059182903501 -4.980094740357314 7.292230107590036
-0.27328651955288563 -4.7919101770846 7.776794255544632
-0.8105133813193548 -5.1438097147574995 7.080200983339372
-0.22329344336045 -5.786910345071907 7.3660997417240175
0.8663128587409615 -4.5441727273579975 8.425324127108636
0.593983183567659 -4.978318048447813 7.776248187777227
0.626477966816913 -5.133907237754366 8.261565636023287
0.2529856060921973 -5.092623727547153 7.9424594885535225
2.5195987924643948 -4.091072813764431 7.968153057946468
-0.029515451793869895 -5.12234966067938 6.947234309754514
1.7299038916087077 -4.5776947104903565 7.336552806672469
-0.30134533263568286 -5.013329387874149 7.081575717981049
-0.3116101455422149 -4.387732638481072 8.07026366586131
-1.0764683864093547 -5.821250840386564 8.17358555320915
0.03977741104540223 -5.675539744914139 7.086572778074133
0.8177576225616352 -4.280082441758536 7.503499835223731
1.2914880611489927 -3.5598739441832934 8.248020879687308
0.27933149538460395 -5.103571642580289 7.939740910305762
-0.8076942264763474 -4.2929825250029 7.842256190327397
1.0081835885970374 -4.8001048590603705 7.674537315543197
0.9276861350042561 -4.990844314964317 6.537238130118257
0.418624969719208 -4.997829371197267 6.855745270464925
-0.42754294869325066 -3.9797953941765463 8.42293726072771
-0.22454903030160064 -6.031032903476587 6.738411999727735
0.5947693796442605 -5.980251116668875 7.9662281323747735
0.6418687496738102 -4.192628854364691 7.022484282887582
2.151007255249821 -5.146330569787642 6.945111696572595
0.428955260636462 -5.097036840024687 7.447354678391578
-1.1213961950574165 -4.9926020553452295 7.850714968650355
1.3428595289001635 -4.673259400852301 7.537985833968005
-0.18402208089482794 -6.050020483902236 7.671050903865883
1.3066494657206371 -4.9505155794464635 8.025365923643356
1.4829922326578573 -4.419899701327654 7.168529065016373
2.4322265058331123 -5.23122649404087 8.601349482765169
2.1435119460496423 -5.332154048200548 7.65185080751681
1.2915458645489057 -4.981723487950532 7.944999212658668
2.151814002728368 -4.574741753316506 8.224845100472674
1.358446781216671 -5.539150573473982 8.11493023973895
3.1427941961404997 -4.216375984200597 9.176575279523746
1.6985623537958345 -4.098911241322013 8.209653809805735
1.8127550667253087 -4.914118311436061 8.396546601702203
1.9878988935245863 -5.15700832702616 7.874032091957861
2.3551291481973156 -4.895275341570797 8.079501355223337
1.1555241613227225 -4.537432429764646 8.319480277753179
2.622064198256495 -2.95928960519795 8.306830844220983
1.996025546685212 -4.652392177816058 7.822913602314095
1.902033666182072 -5.22544025450262 8.012785323797816
1.0973307375448662 -4.806390122431492 8.687146281848529
2.307759625127211 -4.611875107682645 8.227365111017273
1.6579369890727669 -5.226423068504368 8.799854387523748
2.990655421136238 -4.658703336194178 7.7313131185393
2.1199372773821805 -4.875085424461567 7.815099056171628
0.451297576205289 -5.351540957470711 7.973880702775144
-0.597539765914156 -4.558149556850898 9.399556192826449
1.6306911623834952 -4.803028534427982 8.30008711767062
1.265925663320601 -5.066527483151471 7.395580091967423
1.0986771005824263 -4.492557321354944 7.52844374111473
0.7580107078265031 -5.196575097682171 8.485117452856905
2.639546154104327 -3.325466064174188 8.534654235575744
1.0897589014138278 -4.4067907462911196 7.567445999333111
1.7791312629460871 -4.499287713623815 7.97787233300805
1.5436435593351394 -5.038412063489785 7.379122001524959
1.4083584100494475 -4.891344558763511 8.257094511013884
2.353394019152078 -4.24307617882228 7.128153882840286
2.623311015232428 -4.8700763498238855 8.641663132647354
3.0220769523406754 -3.8882239626695476 8.018775852295231
3.122510448742799 -3.5835103278756506 8.087803277825815
1.6513870512989328 -4.744044389011715 8.872719406684269
2.2868985017314887 -4.588975407552447 8.291301320886626
2.614274752013758 -4.054649337939374 7.8887246664989
2.2699898143966157 -4.2571186079554835 6.809932306199674
1.7238084146274808 -4.027492214047458 8.716308639144737
2.129667080773628 -4.944027667903617 8.274222718288108
1.5003334253105647 -4.699969532310855 7.88109707211594
1.6115761275804552 -4.757563649428042 8.468046093280108
1.2360849286509825 -4.998567982566497 8.236069545565124
2.479492408009413 -3.404237247308343 8.39085936934119
1.2884942579839955 -4.595631825512114 9.120631045064455
2.180680668802393 -5.628938938745705 8.016537089028105
1.9069478580017296 -4.071463056459631 9.022795043978117
3.1102411435851525 -4.144611284707184 8.537846700943811
3.255782345263452 -4.062862723704472 8.6775838268879
2.4599829408425955 -4.618279163145038 8.564514785282539
2.613783324150379 -4.9714087393466215 8.455609962693243
3.3628130544624506 -3.8150914844626 8.050677346724688
2.395963012495666 -3.382443114194919 9.331381905955158
2.0062087683812746 -4.064753351282644 8.35474929541249
2.3629383777881845 -5.91791778515955 8.882768853178701
1.8223517005396594 -4.07712955873687 8.261928973991084
1.722994955540228 -5.1521637291097 8.332243042119165
3.8661607778650984 -4.523050795766776 8.171172751660306
3.6136574101199734 -3.048249860325505 8.530096800989762
3.754015745093976 -3.584773066349414 8.048498107279281
2.945833272499771 -3.2165523037830948 8.785688184705878
3.6055405831164467 -3.289632534241545 8.157808701356775
2.6661417457130723 -5.072194108453928 8.377245141053171
2.0445399991447086 -5.000194676801713 8.917718358498213
4.070079648181323 -2.715472311891158 7.852425249616795
1.9867666927921346 -3.634348193962304 8.107169086236185
2.3420616366278537 -5.523195687994703 8.18890950891179
3.442205808783858 -3.235660222616537 7.405018095084924
3.395235100140782 -3.7829876334900816 8.047615215120711
3.6761952775624476 -3.521596155414868 8.574814695742663
4.215149791194594 -3.609872919856866 8.432296262887538
2.8593816661893277 -3.643019258827048 8.216669711256444
4.24184800306123 -3.4835847738726065 8.29009584218913
4.232126529668103 -2.1807607022236524 7.421531227982817
1.9553285344516258 -4.976035258388707 7.721912370925225
2.448729050598538 -3.273295174888745 8.873976708778603
3.1582537651250693 -2.9423530053382594 9.38816010808035
3.9926067788038466 -3.2198529073568203 9.03677563833666
4.112813998253579 -3.1522799675635453 8.66458266947265
3.282514592190509 -4.204696688497565 8.46860920090445
3.7290450769267327 -3.173203773544043 8.94096310781806
3.696537103164597 -3.396186036512335 9.012103657743273
3.2579370061645894 -2.997065184213247 8.499486399430193
3.114257313826541 -3.5897564326198075 8.839202538720752
3.3039872136323547 -3.7820298194370894 8.227440872910481
3.3476013989514444 -3.2700604705646477 8.430945553147774
4.539835079159281 -2.98693619981382 8.22607213913387
3.054135236695063 -3.3295896949534067 8.908672642551462
4.775243098601413 -1.553578826243102 8.542397052273973
3.316516736648689 -3.6827441691934277 8.365568818608159
3.9486232618283865 -3.3676916281584304 8.375798277879424
4.113276278646156 -3.9242978311664363 9.317704817992047
4.159191943179183 -2.8041818397047007 9.882769542961555
2.1827824901513098 -5.151248570733653 8.838927477237881
3.7184099741401018 -3.710521566709091 8.465870520814496
3.35415928950929 -3.408021268074096 9.655362667804221
3.81203332402441 -3.194289682028005 8.26881783567923
3.6093231706602693 -3.9481013209067415 8.6256843820782
5.0067794032524215 -1.861461118935268 8.42111092199774
3.8518427460640705 -2.7187065577265375 8.962798993112143
4.815150954194545 -1.9877268031856195 8.967921146408557
4.022698850163119 -3.404713012803585 9.203667302826018
3.1661875443529595 -4.306526962509697 9.367275575458889
3.8402141610095177 -2.9689190847377684 8.946125349834421
3.722366236418268 -3.1620992026650168 7.823751801193342
4.408412620119989 -1.7192834173807336 8.797599659512848
4.343508594738778 -2.822300477858483 8.388672274532091
4.413770096863124 -2.374143509321398 8.912519651905
4.974373050976057 -1.946381001123281 8.856501089007951
3.729042972704512 -1.6427878537265674 9.402161814791278
3.681841119678043 -4.045572024296999 8.239447678718328
4.071955911860317 -2.8746799819790554 7.830151723499113
3.996947271561844 -2.684071015445359 8.754234283605518
5.202551623477204 -2.0755587113076466 8.5565991239572
4.182566227748498 -2.9125955228770577 9.239109958232165
3.5787486041844283 -2.7551240690799705 8.81883486833892
4.002523312420096 -1.5671418915141062 8.650579027300672
3.245049291074791 -3.6306699015315784 8.983796835690836
3.1109154321678605 -2.9494732215763833 8.798766292947844
4.491442187896049 -2.9357634331899267 8.627077500000173
4.58323169185525 -1.969837601008853 9.070761901068783
2.868649419551893 -3.8176381468769724 8.83465396675599
3.8573743863198806 -2.978473504460453 8.851452547093036
4.378255318380831 -2.8251579772164126 8.707679137545762
5.383114002638825 -1.9941921376730232 9.568562240371383
5.5067688527436776 -1.7053981489249899 8.321045133273788
2.4104935692225222 -3.9034118801505997 8.014312848087174
3.18015775408249 -3.802372131880881 8.933611726049257
4.180210228291133 -0.8182018091596709 9.796296822741226
4.867105080741309 -1.367879103409633 9.753020715433415
4.643690699442639 -1.7405094395455376 10.431593069064473
4.344401414696513 -3.030685533372634 8.143926597340664
4.756590588934246 -2.030292124498865 9.134264860586448
3.706063564333666 -3.378766327553653 9.074389425231573
4.116102348877298 -2.203273081971071 8.380384475479026
4.155237972044525 -3.698971213025831 9.39745739924013
5.314262887265226 -1.6610893513521932 8.84099686983797
3.265355502953691 -3.384585079719359 9.499436927429747
5.012632324334499 -0.7817808016381609 9.530886179484654
4.192460650999641 -1.720239615498814 9.51566227325762
3.5723393461656747 -4.598396972420121 8.773906744787299
4.097455023670919 -2.7772456683221414 8.991206162639772
3.97073106501145 -1.7293507836561293 8.435712208106496
4.186622217360878 -2.3576020678209297 8.760444067355035
4.6232408989377305 -0.6271387581714812 9.847721090857165
4.468884153928439 -0.8631768024524802 9.248522237696141
4.53769690479937 -1.3131910229422468 8.983267893986527
5.36407150108273 -2.4368257564411175 9.02050744857684
3.638758036551772 -3.3883110252288544 10.491066706120346
5.038472022854428 -1.4542122361777194 10.483398974793609
5.8406542307916345 -1.7549088326122126 9.273486860856094
4.344379662587431 -0.9956310104570512 9.103144792540817
4.920426011819402 -1.319056948723606 9.285946893438114
3.8036453953006832 -1.4547637145317194 8.993188647720478
4.071315186003916 -1.6409828163196134 9.91202440664091
4.377175188985456 -1.3663315912794682 8.646399270046865
4.563271913554457 -2.1941568734144608 9.493158966383822
4.864969817772099 -2.922649858211525 9.88185567614705
4.087719512972448 -0.9145457972609246 8.950665263259047
4.596480767153539 -1.3467993728233212 8.867200939050445
4.606151322855066 -0.3706421231223087 9.45160525595537
4.186854107011056 -1.0489497444837754 9.804692412411242
5.724828270586302 -1.1821153141606502 9.875428213862772
4.570782880060648 0.8143109034267512 9.687451492575985
4.962741472741419 -0.5343361438197084 9.427975123749682
5.616850124293322 -2.382864707005569 9.59644961304837
5.569793068395678 -1.2334416899026042 9.221398374706117
4.714696728597471 -2.516178824143228 9.266701551571233
4.568877120148046 -2.4510286513121557 9.161710307098868
5.074213432925429 -0.7289535326559772 9.760663732820655
4.310932517039581 -2.303455215908454 9.494407118131527
5.098345601357348 0.05647030733414298 9.26142048820391
4.912500149257995 -1.504353010711526 9.597073176150893
3.6168512146043827 -2.9403672602789594 9.661253104883864
5.1780429110242805 -1.722890001588124 9.631636664127003
4.562796010106606 -2.209454963438116 10.22059831199564
4.8432867288028225 -0.6386791078865347 9.55346590137879
5.1753416014356235 0.6421047754431201 10.540926889136335
4.756631174900829 -2.235781775563484 9.950482877694228
6.125932414850703 -1.4869429931787912 9.864926899613844
5.037354195856113 -0.9959476820359371 9.60463975848591
4.9184532327617765 -0.7666264741685289 9.815595741364483
3.934917186964128 -0.3073792022574448 9.214082248812085
4.867642573144982 -0.6440750595172676 9.030201915574711
4.816118608163103 -0.6247136415246359 9.512719065490321
5.185789987862755 -1.6175652979775723 9.31518858388172
4.257680452930219 0.2572542880246168 9.749596500699955
5.47737149032844 -2.0694524455657906 8.72716921216246
4.738673871820174 1.8454155257416254 9.852837560136571
5.302785578338399 0.8656743819482791 10.333611527131985
5.114433215756611 -1.4245170498068291 10.453985058001006
5.067608296611308 -0.07009999519852728 9.998553199794362
4.812596128511771 0.00782221022908253 9.221428049251475
5.323533090125233 0.09821025005298875 9.34285099444935
5.535592224923967 0.1243076738630308 9.598285728391435
4.169846050793537 -0.9877538919183422 9.37239186704179
4.122171475103062 0.14121438405081602 8.943417791549333
4.923588625434125 -0.26169727641316975 10.208783235527903
5.210148614546397 0.308611473388488 10.11803419800616
5.107086126527196 0.9040658154715936 10.42206780495252
5.7126599716761595 -0.1426998798603086 9.822569386406995
5.243653407921819 -0.6192937036260364 9.85962368735713
4.411989758727904 -0.1354243179139496 9.93308139424904
4.872205157153027 0.29898867366045695 10.452262267798744
5.457411527353262 -0.09036100417673218 9.690660872801702
4.928972484967391 0.03818724465586143 10.10575715186273
4.90031224749356 -0.6745471698685988 9.656350238811505
4.52259449881321 -0.08555684422701872 10.591362556901089
4.992339362258941 0.14663954506143873 9.36235543796078
5.175063235879905 0.6883458199463568 10.416965323389123
