5.148949959485159 0.16582560063756 -0.5524313079477159
4.763899028098389 -0.7701288384898329 -0.8626223780870281
4.617675838318687 1.039367455760309 0.5422058680279829
4.6624025786375505 1.0487932959612163 0.9067123903454156
4.562146713644686 -0.5478381035464129 -0.4557662904439358
4.730636977850353 1.2999683235728574 -0.5042199325101641
5.209131265069303 0.5258975857123229 0.6062472703420614
4.082832810403892 1.2603536360962535 -0.34293703761867994
4.459081263488466 -1.0422479177104238 -0.6790612628278719
4.345780681387817 1.1075928548193885 0.24789559425318777
4.294410472725541 0.282011493936408 -0.38186992388426266
5.058798694640756 1.5762139698346649 0.30019870042287633
4.919702408158326 0.8693030591937516 0.10046910676196921
5.12523171340134 -0.9436810041174067 0.15063808143093232
5.1239988741491125 0.9329706617777983 0.7743796088589902
4.893093963523966 1.2182647881533923 0.14193307913215739
4.514083383816173 1.3400895633300514 -0.7090628428019097
5.116532436669022 0.019860965786983445 -0.17999759541880986
5.242298271395691 0.5350313930652191 -0.3780259723529417
4.501290369008187 1.7535478127035882 -0.3439097251159437
5.4408896995501275 1.2693278952196538 0.36176039418314765
4.827949663600516 2.4869626825256943 0.3998387991667465
4.186773485342295 0.33473868968943365 0.11883258566871005
5.2644799856602855 -0.30184835419182243 0.33227024163410246
4.540308980768496 1.0178049443400985 -0.7439775151563885
5.886943971998773 -0.921390660189931 0.8452703271648396
4.41840680479791 1.5014525353737584 -1.006618803880746
4.790150612688244 2.3199822209432317 -0.2881032912385876
4.411678340576657 0.49311824664633175 1.5902073178044402
5.861750782895903 1.320629025333672 0.13826280520337095
3.9139899318686764 3.395781788994584 1.5285901572399745
4.166323366848693 2.617318145137859 0.3352001194754859
4.410953888114645 1.08150578765845 0.5082016101945566
5.122590486002579 1.1441564171002172 0.30944836463347025
4.91870019897299 -0.09527731089931644 0.2724456678297762
5.15351016261832 0.31479471941418724 0.10125733899088196
4.254591959485389 -0.5037776476360949 -0.043070715034183304
4.721486896946238 1.3449645212438437 1.1672876608774607
4.7966415889624034 1.0632402624066162 0.981048465757586
5.219592368641184 1.4016979615447849 0.919444946958732
4.3621452777219405 0.3032074662428349 0.369496764580474
4.3956207311336275 1.6834161511923542 0.21559190278880305
4.695013196456087 -0.11125485000128353 -0.014544749150141534
5.462691285329386 -0.48807453435780934 -0.17614594452763455
5.356704080606054 2.242594451527394 0.5010800349625562
4.222536965684718 0.6258131450075938 0.13969437498644904
5.573249641336077 -0.5441534590103271 1.266071063787126
4.460171420496245 1.6832322762538814 1.4873783181481797
4.970849374763593 0.6439022444324952 0.84644087881943
4.283192762574471 0.9677601106863476 -0.003912130075143905
4.651118802069807 1.9244634970858367 0.3336150189745467
4.040137680468396 1.2286197756356474 0.6419832836356358
4.088840880328827 2.081172663438288 1.3803377257467155
5.4541801362414954 2.273449646049683 0.471246979104389
5.015044629632461 0.8840831821889665 0.773260012370679
4.21220642759169 1.4611617552234755 0.0657642410630983
4.305758454593616 2.1271387080556488 0.5510572014324047
4.116457448321299 2.9199448945343525 1.2811468970533906
5.162704184152289 0.6722491951202019 0.14611028265357967
3.926964034749082 1.447944829220424 1.4007654178129036
3.5206769653632093 2.4279180770949145 1.2561831750291987
4.500619318201275 0.8288517167432904 1.3764769492227045
5.552894611704691 1.0161941761072248 0.536300437881815
5.2868107677199525 2.13777852043491 0.7214170276663368
5.689123001724142 1.6526691840479613 1.595551131874792
4.411545233940174 1.6368144899880115 -0.01916388612250708
4.73176454350118 0.5492965029155421 0.44891028954578005
4.946457170694929 2.4461481307816624 0.887533632719057
4.8496355666415765 2.064315106157804 0.1785386106187261
5.160724054739181 1.0067491834595133 0.25531264887599814
3.906294564494069 2.084068701067096 0.9295658484634073
4.519067822783958 1.4270075514031177 1.2296063184805799
5.033956978792879 1.4466277568143917 1.0682027137473662
4.596077294813895 2.5515391588523806 0.26000166191139396
3.9378342433909137 2.1164856270937555 0.46657089618478503
4.060789568829433 2.2408670022256625 0.5878517964276596
4.862938302982564 0.5580126503978676 0.9124226057300648
3.965489407995149 1.4521301249916716 1.3577628611373584
4.525667765391605 2.6726484622328504 0.25633079109900436
5.53227205917807 0.7747037269505193 1.0198246045242496
4.643086792080807 2.1749541821828138 0.8900468647161109
3.5386416265823826 3.3346500071393717 1.0074225818336366
4.553862861822444 1.7865789726007504 1.0791483781423723
4.590138188330698 1.980963451786557 0.26815204776446233
5.431415257424263 1.393514847354675 0.48309265032147747
3.56645691390982 2.792423586132633 0.19044959459956678
4.1282056020191105 3.2741277133864597 0.2914739889255329
5.448683140466884 3.1770675856282997 1.6131928350903542
4.565555372745988 2.8147722043805454 1.6946431940338669
3.913935920256794 3.0044956273246872 0.902665232499522
3.563011155902781 3.3369520999920192 1.0488469434653178
3.2203564953811545 2.2886631003075424 1.103353946774971
3.612025527334892 3.573195581934703 0.9913532048705908
2.974524950068688 4.469668418761186 0.3902914655817259
3.747036378227157 3.4158265282080666 0.7936618508462665
4.492352383863988 2.392013275139167 1.5513823846874455
2.7537097430575157 4.45753116997252 1.5894045426549934
4.975834368480374 1.4696883762464745 0.08876262963663684
5.203062328017927 2.41622872406745 1.0149289299313844
4.562308122485302 3.3609240413617076 1.4952102329210368
2.623064880385849 3.7107830630260548 0.9298282274878338
3.9636749462816554 1.5994830783816651 1.2593013976931446
3.120483686096668 3.360269053963293 0.48296154516210055
3.674468666953944 2.183033039075718 0.18291621197632413
2.8847831103400687 3.8649688036728453 0.04564495173330885
4.007167039022992 2.485853154405321 1.8192134508387223
4.166054205178284 1.7692667064246732 1.5223289856743645
3.357450045364403 3.376318448671318 0.7599643359475912
3.4232120996339144 3.6802229080358897 0.8483132301385228
3.760449718625721 3.266975390710196 1.1618916922506917
3.9470371121607886 1.9700778217999786 0.7481370855106366
2.905612207849822 4.598600953665362 0.5638816202649868
3.19945426397828 3.148802483696522 0.5336905240980815
3.5506818057864478 3.414151752000696 2.115917089488897
3.566950626010265 2.496508871265645 1.3609816249018012
3.9583942480710497 3.235321644194346 1.5340960965375656
2.3550877932229977 4.527761398940577 1.1877854770948075
3.245051816563854 3.8085058810154035 1.9931072383344302
2.3458209776459866 4.3546947722626355 1.2957977642103649
3.8957343634739803 2.917631259816523 0.9709536388666147
3.729262451543841 2.9513621769328897 1.0919529888868102
3.032749561684756 4.886404383501959 0.7517387333768089
4.422767652216229 3.596569083062145 1.790805536480256
3.5909027199038968 2.814118269486623 1.5196396672507693
1.9908054442042118 3.916136580735072 1.5800826413452544
2.604226678306435 4.014676832912551 1.7241112727266403
2.25651556721585 3.917590095787344 0.451064775530831
4.4851954172089785 2.770044871680597 0.7300443417423761
2.879617110163606 3.822830201470609 0.8772588373381545
4.287246436041239 3.5212701679018146 0.1594138378334713
2.41656509118616 4.239126655894738 1.147424119308318
3.6642083629892945 4.841699386207805 2.056559141422425
3.0675574010415247 3.8872619611669346 1.6565331977900248
2.5354277804163297 3.6222551977231245 0.979600842614367
3.287838202249001 3.778677231373306 1.2637595475324794
2.958886457259092 3.1312270563531084 0.9850215816361068
4.536405126561689 2.6677178917036763 1.736077778306393
3.83008832693802 2.746968004823087 0.9372535296340232
4.036401889239902 4.045285471152142 1.612531805484239
3.683437518246464 3.2228754842253102 1.2157909486973575
4.2291804345097646 3.674804203519774 1.3999793408161216
1.560022191776064 4.015823215567519 1.9252960787333002
3.0923990392832215 4.609872279571921 0.842944730685208
3.837280061022765 2.902715084521032 1.5469264925743247
4.339237320591011 2.995521858228666 0.6701213111093192
3.219974823011542 3.1147858665687487 1.9909439780671456
2.312480316341225 4.315880227138684 0.6580113881880975
3.466644174993931 4.627656718605269 0.592480941517392
1.9511312467153525 3.590794244685769 1.256403465832459
3.5623257097196337 2.8383452152615165 0.26414852606130323
2.80416042486849 4.320090018468797 1.1784135044787616
1.1308108536018826 5.001383217583809 1.5826079016361494
2.744528713506825 3.627082370837342 2.140290096671296
4.617100875934818 2.820842580711458 2.02457748038185
2.350128020067557 5.116070528587186 1.2701016120701147
2.5614571173234766 3.9967287191717746 0.5779161851908282
0.9617618977720778 4.3646802739054165 2.3448057334706047
2.2603008670777704 5.080308617144181 1.7979462207927035
2.5247726757198845 3.8698392599403153 0.28234350917283346
1.8097341367524309 4.084791479807802 1.1013975313645723
4.1699446895623895 4.181751341041313 1.5029563330736226
3.236466878686219 4.716582778040507 1.685427079977468
2.9361239118135436 3.7585004904319503 2.699333729835475
2.8081524342827358 4.4268238497523695 2.310531070355338
3.759740557381584 2.7312126441966176 1.458815939525855
3.3987417866297798 4.00273241467445 1.2024523301676446
2.9591290872985923 4.414843868441821 1.8995023225100447
2.6664816678410572 3.219411282890649 1.637762718508469
2.5551021838104306 4.46091063362259 1.4299001531784568
1.8201513227096384 4.066496213460165 1.8704593293345952
1.5825543244141613 3.1610030443037074 0.9811161937026956
2.3926775973662213 4.382606033567419 1.9750303415947834
2.1765688365863185 3.5590857527600477 1.5964504334215042
1.6127936662210611 5.70541691314153 2.3717485030047154
2.0733379329872736 4.185122287989508 1.1599182229975158
1.1692238144345208 4.632659645393212 1.284216001641633
3.3078138035515807 3.913457611249538 1.5228168837061151
2.9093936832810265 3.686206438604321 2.033790622726267
2.0694006945120225 4.111613665059203 1.9840846404024113
2.41436867887302 4.429365484473412 2.0223636853693954
1.6508091133017098 4.889027313177498 2.336923536092943
2.878462752080709 3.221948654898641 2.2208773975859657
2.068517048988141 5.179081268370207 2.029432092763978
2.6734333615898156 4.548116481480617 2.003501728182461
0.7667135389750497 3.9314007978620378 1.6915798837713714
1.7717959684811782 5.487049092295926 0.8227404225870392
0.9020939084913052 5.993550478789944 1.5608877559655598
0.8852437100348031 5.860061743246845 2.54978841300717
1.1774101482354753 4.238174415773321 1.2839337221236078
1.734749288765212 4.968650044595913 2.1156380124851033
2.0426704259022888 4.893818672390069 1.4553948969748403
1.694301494251773 4.431131182174906 1.0390088433565865
2.5687380665303716 4.3932110880154545 1.8721817662370346
3.37285497986537 4.230933285625758 2.034165428342278
3.3709305542947674 3.546462989062955 1.7290054706054947
1.175939509356071 4.195369089682042 1.5397565923532734
2.304685756716703 5.195164732884606 1.5450118851898995
1.3165828130707113 4.452269385926715 1.5320137422116618
0.25771641875305856 4.858736705205167 1.9318320767986359
0.843119879174608 5.877156580636842 2.4990385296092406
-0.14287365709317681 5.39618380212924 1.3298270869793505
2.4456713075217347 5.051254834896915 1.9629002757097171
0.8125383906817352 5.834033407186354 2.540256493959746
2.0213036481208655 4.598362137441201 1.7960688823109594
0.2740015301515942 4.552329753338059 1.3829524136873033
2.252353401085797 5.462624420211287 1.8410464567632716
1.8063461811045878 4.587026806759652 2.668355501332184
-0.31699933195372393 4.296118434709296 2.4593627924202175
1.1655578976971839 4.466696613268668 2.6943982848061534
-0.018967927443229865 5.316697661463782 1.2770311356382997
2.024163816285366 4.063029802697821 2.311337158715074
0.9837908194067156 4.315574831811426 1.9709517613010348
-0.8174856036791701 5.050316397906501 2.0620884686320884
0.8221059444196522 4.362157036474209 1.7188633722552056
2.0923147881881197 5.290425407466557 2.4014024674548162
2.108318417445233 4.708465610541996 1.6074982105289126
1.3968223298090625 4.30115850347624 2.0561752143615957
1.9186387626665045 4.488132792318819 2.8331816516291752
1.2559533617884258 4.431030599332548 2.0075657948232464
-1.0967137275559322 4.454360181597294 2.218940271141972
0.5768191551617371 4.657816557675781 1.6767880295289501
1.4052571584758669 4.717732017994098 2.8980892130893654
0.4952923530431521 5.003073868910881 2.0808050607630912
1.0459209939305392 4.7918358763443525 2.149148685632854
1.5228219579286406 4.324864853387428 2.8476217412948035
0.29098975357187745 4.893305445000923 2.343997562033602
1.13086072337803 4.906861331058312 1.9218937446439486
0.6641154269715098 4.627906830295584 1.6876099298467855
1.3778617459895328 5.626090671338092 2.725462638047354
1.4748104806971871 3.560453861425965 2.0060246125817685
1.9891962860872088 4.295194871995292 2.9964775614883745
-0.04774595242065755 3.9639286025776754 2.6778589085275497
0.27041163440327276 4.538269593445217 2.60239765208215
1.6657474488934745 4.005630880295177 2.0343531357911298
1.97465056244423 5.039193073907761 2.505859818628099
-0.5060572632059285 5.314025519304466 2.8625570420707698
0.06586161319862263 4.459315428275908 2.777519790484482
1.139478756765259 4.862561962004829 2.127395085382891
1.7950154861741907 4.57343494858354 1.8577152250962476
0.8233964134538845 5.165789535281098 2.3612370301167944
-0.8195190512837033 4.938559255373454 2.78470907464927
-0.9806619603242098 4.708245868970723 2.3474014158256766
0.9745250505073579 5.171731320372313 2.922128229093333
-0.489823902856176 5.174481865460822 2.4285998248889875
1.3015064863865013 3.536029256326624 2.9276760743310755
0.2196865689705103 5.507781279030764 1.9581514591635256
-0.3944125692821659 4.351940297063546 2.6545308478262344
-1.0578615745393127 6.062777746971599 2.3656002443570476
0.8023322553806995 4.22853432755748 2.49746051247111
-1.210704255280021 5.199355271958121 3.086547131712969
-0.5065812709635303 5.274284978541509 3.8413585218898407
-0.07005218280517332 5.05270453748923 2.6333974626887624
-0.5622083818171835 4.978474381748923 2.8202721329470015
0.7006545665337655 5.373564003586561 2.861399420496311
-0.8416300185931425 5.913046427803088 1.7714703415743118
-1.5283202344650901 4.970102527490416 2.8509527487146933
0.7148191294820619 4.20757744474452 2.6174748712617393
-1.2082433646797284 4.80458066592034 3.57701449496703
-0.6537451210411129 5.366984136613982 2.6067126461619026
-0.9071242139173537 5.528429952257663 2.250517720187875
0.6314825207590868 4.842068904228558 2.6980161827918705
-1.4324637042460209 4.894742212324335 2.937945037239966
0.6080602268177313 5.912600379640661 2.7006376206248506
-0.22942022723415492 3.922840879789037 2.236613939471875
0.9494699480639757 5.639376224561181 2.1495576882167153
-0.3727268758387666 5.081662587166276 3.00595298765875
0.8583028336007258 5.09515121888015 2.1738552271017557
-2.211705586491559 4.637683239779874 2.6830100575606814
-1.6483195577815148 4.492318278723841 3.0443421608576813
-0.9901727525795064 4.688392351713781 3.076233662657431
-1.2937912819725133 4.675160755075832 2.1873210577331794
-0.6622796463095211 5.57488603280123 2.145461282620332
0.6672854609939108 5.168267934022953 3.0530876614859803
-0.9095620270338587 5.220322062182908 2.936197543497822
-0.3083278937099176 5.199469038203765 3.4033474888602124
0.9769426576556587 5.358117821913659 2.93521109069874
1.4264942859324408 4.568729312714891 2.208548348146398
-1.6619967950102728 5.156142937636909 2.67382982588387
-0.687922477318861 4.421398079877474 2.7702109941707174
-1.9957841450595155 3.730631986286618 3.099637711054664
-1.8143382702474047 4.6104836062615675 1.934598716316506
-0.7026150726390176 4.993123272007559 2.980310232656173
0.44774299004923657 4.421827935959491 2.4615262838718044
-0.09929816983022784 4.693605333104557 2.751039378210721
-2.191406772257499 4.7098927948422 3.130667844139993
-1.1472552524668067 4.913012685423811 2.345400502084205
0.3163521222993298 4.77590080327631 2.645584624978792
-1.2740230440928344 5.123277713321447 2.0525489757116775
-1.7231700677551771 5.765993075890064 1.975007994772515
-1.412532957540405 5.3620999608671935 3.515084953382509
-2.6632450904512455 4.4636518707608355 3.462816673076076
-0.6122325925573636 5.437270719406143 2.940478243173085
-0.242026613123304 5.784231186971099 2.7763563512260205
-1.5604697369631504 5.337012046377545 2.8931582143218266
-1.0224253967396342 5.138150210678951 2.283035970879586
-0.27190479262215533 3.99897296907912 2.0786959281413666
-0.23541094549084957 5.369063371305063 2.5329909589070523
-1.223725187233624 4.018749037280303 3.764790717499327
-1.3533614976693746 4.64960797877069 2.7289827850152606
-1.399596178599287 4.6240033806900405 3.3154003439927946
-2.103140285863375 4.593760857686806 3.0423891572060486
-2.201687872700861 4.603059185143094 3.0315428174508794
-0.6072914777180902 4.911698590474739 3.2149314500532533
0.23206458409553993 5.322563546037648 3.498285866442492
-2.772647806045828 3.651793365489071 2.350456025536685
-0.03067082039487725 4.438291762563022 3.4499694119033135
0.76886451314966 5.038326329884853 2.829429677890698
-2.278029153191533 5.1462096500792365 3.9849409221509013
0.29527627736456147 4.936483217205119 3.6015996833112416
-2.4021149085646183 4.360724385480241 3.2387112884024956
-1.821098697953171 3.9789404424506354 2.3524592589396973
-0.9964566275679626 4.980152625344472 3.5910933203751236
-1.6950067925353782 4.261624210654543 2.24363165554698
-2.3690814371859683 3.980386802793652 2.858417625438959
-1.4981024600371726 4.265641689063479 2.930196665519693
-2.9479128516214583 4.264112469530258 2.998514961496808
-2.8041143141255525 4.045944618672618 2.8816006598164052
-1.8603715998553962 4.564021164361674 3.3081882652214554
-2.8150259001107076 4.230497500136362 2.8228512990759276
-2.054517947229704 4.840596235965287 3.495875260609246
-1.4189619880258244 5.359710617195289 3.2804807897081467
-1.7032023784139798 4.809631581464905 3.041111531102015
-2.206264070263553 4.388856039782836 2.920573252831603
-1.383769920856541 5.303771705764435 3.175696739652191
-2.456202683965761 4.197280497812459 3.559429177637221
-0.997196470852299 5.1927684098186955 2.973830161573079
-2.4512654176309407 3.6918657091031006 2.694459162637834
-2.534705570152103 3.5080028758811856 2.9096055584137788
-1.44907113394031 5.031984198387931 3.7772704309111678
-1.3080184698959658 4.1257143984625255 3.6359136730470563
-2.04723197464176 4.573468283074317 3.1362499715473855
-0.9962148069515301 4.063748486693382 2.89894436791146
-2.691865793464139 4.879737726375591 2.7109355787769083
-2.4511741619609873 4.375188338400274 3.5941477964110655
-2.0508068798537913 5.497065687034399 2.5657475450100096
-2.457127425454693 4.448363510774834 3.4598764592958746
-2.553643949031634 3.5956210387005063 3.108149617562397
-1.9805948748437532 4.151324805482608 2.4528289887841503
-2.8382805444090913 4.249561366251432 3.6832193302707923
-3.0815198232340832 5.149258767634471 2.9928130717635146
-3.3116059515919685 3.331232165875478 3.9359812143297512
-1.6921490631351106 5.662238457475747 2.7502106243059066
-3.2546556182075563 2.9905709654746366 3.706802348676941
-3.9786796046472093 3.6042580331175897 3.0214507760330696
-2.131114984718988 3.932742620298821 2.883202849989945
-3.504421497854772 3.548431695300851 3.3731588062278757
-2.009409891169955 4.74913180557698 3.272610042525823
-1.7159742123285189 4.43785845851625 3.495134254708922
-2.238696577995549 4.6808545576331575 3.199512035481745
-2.0786736773830903 5.086771300253214 3.1161048105890905
-2.6669973049777966 4.903516346214017 4.243007603726326
-2.7031404708457347 3.8753261020610035 3.8262482177069117
-3.7086064808288173 2.8939457029415876 2.6853123002604367
-2.8828556269924723 3.8422957236124033 3.8014926114078196
-1.7702166106286146 4.393891722782403 4.137875531027269
-3.379501862915725 4.542291097344259 2.6463100043426953
-3.913272139019458 2.6487822636180898 3.973698317415693
-3.8430704843551853 3.076052559830307 3.367245637759721
-3.198942303894702 3.853042707215486 3.871448778599457
-1.1956130363695523 4.488948876406966 3.454648575858211
-2.8501650215687158 3.376929297600467 3.950674169180748
-3.9294408398434264 3.8026699079567425 3.4066476168166155
-3.4322505786335786 4.7086371280382995 4.535156427349749
-3.310072935287604 3.1327201450635287 3.9196375388928217
-2.972990309783097 5.226024685866565 3.0773523384316572
-3.60216991998578 3.7456810635134863 3.2289594101802526
-2.838617150813683 4.0150553918006695 3.4198749266057136
-3.028977700508312 4.166879949421727 3.032449757671757
-3.416141961501598 3.6156751701035974 3.9736879342666547
-2.5943250900651855 4.452750113454761 3.268422655869394
-2.4550670040126743 3.6814648691677134 3.544962913580622
-3.3136662176961593 4.1724328896760605 3.0338486767712807
-3.494919385000474 4.014618794450151 3.3905478002120266
-3.41680290309582 3.1903686008740837 3.7159159208139045
-3.2764308220521805 3.4008228964044624 3.5327828653005002
-4.197136363371582 3.562631100532501 3.530087468007361
-3.6595223757320166 2.827693151643231 3.904945494682799
-3.488567658098433 4.05920848447916 4.402846138065559
-3.3572007661934147 4.02870685334267 3.937996034152281
-2.845994236703769 3.373524354138672 3.545226085188464
-2.9361203915786978 3.6611539516031852 4.40318187768087
-4.7154570417975 3.850364752147876 3.3100917739346407
-3.9506476201011007 2.2621629363801694 4.249182425739455
-3.4200171579915875 2.797012805430257 4.6596345096124905
-4.533205738239712 2.8690803054319547 3.0812635282048704
-3.326608204010971 3.4335724603405984 3.913051346063277
-2.7794779129237255 4.303220786603277 3.5577305446229834
-2.7825536646138547 4.303064788955595 3.7590844896334836
-3.3434916167290654 4.427660406464466 4.2177663734722675
-2.8543267861883197 3.201192274452327 3.213124187505036
-3.4807015183162613 4.283849588857654 4.407063207472991
-4.383007914842964 3.2653081790628335 3.5179420375378836
-4.23079997858392 2.370719271341848 3.89727299043746
-4.254506056444383 2.2400348437804505 4.394642809119298
-2.4908954122655715 3.872962308209441 4.930246694359112
-2.865624490578597 3.200823831241581 3.4324632830272512
-3.724747833329219 3.6488910016748153 4.359805797148282
-5.094956345559461 1.667118347979547 3.9462582405069075
-3.932917515438289 3.3462835472399233 3.4343468419457355
-4.106352904593723 3.034830108492396 4.669275859166661
-3.716837948005628 3.7514226400426622 4.3565409893397495
-3.7921471994391016 2.4224979441016328 3.4337556649274714
-4.530361570145551 2.89942386274783 3.8385763999795164
-2.9243396404630055 3.097081187737362 3.6913926240021917
-3.3110835971718675 4.214280451838715 4.235399800293469
-4.4360099522397585 0.4363052253609644 3.8051820401403753
-4.888277012391567 2.1481044417178006 5.041437177344953
-4.7414806639519105 1.4308838665341217 4.299858000470666
-4.698627657709218 1.8576948646725728 4.524022441548425
-4.800012242018951 2.265350570085059 3.318294460022509
-4.438745208620279 3.0541931687042045 4.627126168037848
-4.411075775604368 0.8057325168002086 3.9765662434601223
-3.008939808162568 3.202508087443624 3.415055153013816
-4.417451415200605 1.9926330250370314 3.5855201873988047
-4.007586376200586 2.305812488858483 4.002273932826846
-5.019527945524823 1.437603650928218 3.5636300108369072
-3.3308862851387078 2.9806387623659494 4.496369203420976
-3.0393296434853756 2.8058477021064987 4.074753387675991
-3.4993700404151102 2.878873726947487 3.5158160897672075
-4.5178974508067595 -0.13893983694885842 4.346819721143439
-4.1006411127025135 3.140131415245796 4.754296788995537
-5.153937547830459 1.8264470592304518 4.416984072530031
-3.4539247885791333 2.992457524908306 4.098265041004226
-5.216141827312047 1.6296024500471582 4.374778773294961
-4.877499248232197 2.842950583959986 5.270305232418814
-4.025302516781828 2.158606217903027 5.048117553863373
-4.066170873220867 2.9762494985138743 3.525095723052773
-4.659921364877002 2.499100767291256 4.900486486219742
-4.566286749941474 1.9514912588401532 4.312427323096753
-3.517862433526552 0.7720551656075393 3.6474563240409115
-4.457127322754292 1.7105081919074876 5.32365005970777
-4.616292817222027 1.3375713762305093 4.293570888819717
-4.196453453510166 4.081357582325539 4.724400334505403
-5.130977131156436 2.052614739098598 4.337220939989668
-4.34402487697709 1.5997799492633884 4.490119880887187
-5.332093566279668 2.1793779472556443 4.519719426281944
-3.526955134979203 2.2455752175325197 4.235960855672604
-3.689549538530385 1.958020139965465 4.574385152306368
-4.658643731928076 0.9831699849584901 4.69025883360994
-4.000911958467943 2.7325800525172457 4.243919904522299
-5.2756728298780295 0.9161030397265805 4.827382483371385
-4.586319950158246 2.784382084555659 4.441539978849626
-4.362155861971042 1.4075704258729356 4.699786346182836
-5.9663895272674505 0.37090354403697684 4.57772429890612
-4.5440189826841895 2.6818179389565047 4.870270754985012
-4.761457038637725 0.15233779169597972 3.808004587377456
-3.814684924711185 1.0594300908238523 5.444649245767655
-4.5485263406606045 1.12490871902891 3.653741343829914
-4.732503263105683 2.3865225392063936 4.6277098490882675
-5.134286043770916 1.638388827702818 4.544191479104304
-4.7558398812239675 2.5459165464616453 4.873788241940492
-4.6263841609085645 1.6756405593582178 4.411963342103666
-3.873732374902695 2.570624219150775 4.4583674143554735
-5.213628659052172 0.5277403764620598 5.0923836253564945
-6.5845443816044185 0.5433636333079346 4.832537236933606
-4.658838746827773 1.475823603039297 3.8241211619132933
-3.622229388996272 2.0979291585440953 3.8399346534930245
-3.817723352905163 1.6919245950573778 4.366471645029712
-4.7962458447734875 1.6148666774964213 4.862939626150918
-5.122127448717071 0.341536265117495 3.889795824760344
-5.146610348925555 1.1068820943454432 4.567239405934507
-5.809952473466908 -0.0896440135513861 3.672125302806072
-5.552699131591604 0.2979891318741459 5.468822973638106
-4.640814302819136 0.7234600261622799 4.645863191621642
-5.105282379220632 0.4714729754532535 4.768559772902981
-4.514081662991589 -0.29658667088723284 5.123237965859628
-5.528001045088226 0.22045718181418264 4.956781156240569
-4.48609737813148 0.693850851785674 4.909237738056733
-4.688897020737099 1.5129036331190406 4.751647804437697
-5.271460506312627 0.6786678482608692 4.377888093715718
-4.818267429365467 1.1002059795229984 4.898376789808642
-5.346062136251619 -1.363277296664849 4.180033334745275
-6.378771512120394 1.2332145157837862 4.253296364551764
-4.999370473763951 1.8944801007097067 4.696326388637841
-4.102816383018378 0.29884895068594197 4.313062549434642
-4.7428826079060435 0.13561850347512489 4.421669479107063
-4.2065617148392205 0.08176733279606593 4.335968986121868
-4.313794866833602 0.1154692925774911 5.388935225569655
-4.580162103294979 0.7020297498587332 4.450356551433292
-5.466311026262183 -0.05819914957952235 5.397382683583541
-5.643089041519116 0.382574299109148 5.00504195256392
-5.0400412544668445 1.2547556413418828 5.332568381632484
-5.78720845763561 0.8695365997457831 4.845458321475147
-5.8820961414133155 0.08425901736778597 4.472573292696605
-4.679796867685176 0.9833305025150386 4.909439713940147
-4.553486678757796 -0.196114256826803 5.17771266307708
-4.56174972267735 1.5769370846647914 5.545876813140925
-4.738141123043432 -2.0384056484013904 4.523112540835377
-5.611155801666458 0.3087139522254256 4.572645631981582
-5.477650901812657 0.3257050027342306 4.409334561473354
-4.45048132322371 1.0618798387539414 5.377258911342291
-4.971760391336144 0.17677228811852627 5.244225522672211
-4.6357022125919665 -0.1929876046327064 5.362702660510439
-5.101416258400338 -0.3163436357630236 4.417582026770656
-5.349014001371152 1.015618153525955 5.115811061683104
-5.00361887448322 0.3421518896328906 4.836974785743043
-4.397751911168699 0.1973999329746078 5.065781298847284
-4.771971104546628 -0.1952692117488172 4.199380006451244
-4.786755540842317 -0.19235459959670592 4.655716726270854
-5.039455324394306 -0.7178104205777448 5.136666172267977
-5.407094049587688 -0.4000859430355621 6.053115583717098
-5.441033143035041 -0.05007876692398861 4.919851744048155
-4.996217452289097 0.5317054746674218 5.3539326012650506
-5.1483816647091185 0.6417827608456173 4.717799055187312
-4.6849302168184 1.0161889629719063 4.758681912153205
-5.423570483396674 -0.7861076381023957 6.350714557604845
-5.067933911544384 -0.8324350340364671 4.5944155604580885
-5.148063068589771 0.6313573951523151 4.234369212234443
-5.07964347165893 -0.8345060477160973 5.139259222077656
-4.784566133631575 -0.08928932991350692 5.594129355330375
-5.024634271937754 -0.9571183110485841 4.315123453706415
-5.085567293528645 0.6796235075767102 5.228199877193028
-5.687359504137317 -1.5384134572383992 5.475914284255082
-4.198314705832677 -1.3290136055090513 5.600789079154855
-5.088747672676045 -0.8300752288304646 5.30726119201575
-4.348331533643493 -1.5259254654352157 4.9986357462170234
-4.884713090521181 -0.7365487583234545 5.88054862048944
-4.790496512964871 0.23175716306299943 5.469891839066145
-5.898737111510066 -1.3881743492009524 5.413490710436794
-4.755894704756704 0.19911105218033961 4.690970197307505
-6.050601055318277 -0.9605390837588103 4.860733217070031
-4.8853909669499 -1.2754481286831614 4.861000998016787
-4.710289163099986 -0.7561900152087782 5.697475086464592
-4.553552926809554 -2.1899574856841166 5.260630045092678
-5.15374101301001 0.36040854996542576 5.0104633437192
-4.949286593734192 -0.1954070242762847 5.105016690084959
-4.776413606018669 -2.2755712854630237 6.271902311637503
-5.903768139712972 0.22028138714873483 5.308043972144556
-4.742716348905882 -1.0637575078060129 4.817293529764998
-5.431102952355538 -0.8474884069833059 5.693492855780306
-4.958643712501925 0.2297945506086964 5.40344025725668
-3.419125019861643 -1.7484690264917608 4.659261349441808
-5.104854482999355 -1.6535098988371508 5.823654915183663
-4.396767031142181 -1.7589074590118257 5.346210191163277
-4.709604486018949 -1.8264293138264347 5.075546132255181
-5.1674017623509085 -1.5138229291199428 5.860434170490944
-4.4671431529766386 -1.485149265720725 5.719503740149106
-5.059469706136902 -0.8807939877229484 5.266502147245275
-5.101388516721933 -0.9669983974302166 5.5260036837027435
-4.245503587229531 0.22341402360190105 5.663323197057699
-5.095604519783741 -0.3596054984670148 5.630557338046542
-4.835988265615435 1.2690890987456351 5.33953353001009
-4.768863719608326 -1.1416020678849719 5.520176177752301
-3.9541602099959814 -2.236650758295853 5.1663901100867475
-4.792876812225842 -1.0754631277352618 4.983808022983891
-4.890321744623297 -0.1098447518051614 5.6850110496749355
-4.39217720264859 -2.3189574103161803 5.487702621014182
-4.953543696466597 -1.8379672707769612 5.693373099325421
-4.522936535589491 -3.102619497568394 4.81483298012667
-5.316780156204134 -0.13045132576423032 6.280360276847389
-4.512478670652318 -0.19295616980434735 5.12675859330667
-5.06194843672785 -2.9727993444863596 5.384746652636755
-4.517911261352619 -1.1702586253686837 6.137576472906977
-4.254792933283146 -2.7944738824867423 6.21886851609413
-4.082965658942917 -2.3011432648047103 6.160301670682404
-4.925550852441116 -0.3910901876377153 5.685177640416644
-5.164925522287642 -0.9927539111140697 5.997492018114205
-4.59823095268299 -0.6299880183964595 6.1737821667342825
-4.757331046040294 -0.41175096494078883 5.512813105812771
-4.486710658112883 -3.079547044476911 5.443085590288311
-4.888566783783485 -1.2407626042177486 4.700769248839956
-4.4800605475714494 -2.613808990559134 5.27453909560643
-3.9234274784463263 -1.4147603220305385 5.465019494829442
-4.5836212652904385 -2.1391959811234638 5.719759922250426
-4.316430333006819 -3.2948659860172227 6.275168584753336
-4.740964276345958 -1.0708767038010893 5.111592643767711
-4.453797973833703 -1.012313831619271 5.665175483749049
-4.356536020879494 -1.5784116780290678 6.0696816215542935
-4.872461416356949 -3.1324645653658667 5.321881277447852
-4.6778728336571636 -1.6890302725796098 6.090995727691587
-4.712559286261941 -1.8488131493374638 6.24796513760349
-4.663071595081575 -1.1415849261629745 6.208037929719968
-4.000988251775041 -2.004922648155145 5.810475401585079
-4.38901871453509 -2.332783905437658 6.532498148434955
-3.7823111326893115 -2.9763222775223155 6.472739339420951
-5.486549468252115 -1.4295510075566347 5.521338629162369
-3.8264652960188 -3.0029436127072704 6.077531069302206
-3.5308608388536373 -2.753995056803556 4.3650281339776225
-2.7618143009903307 -3.2129759093958574 6.009078273056747
-4.360124204326241 -0.7457939748840925 6.804051334711161
-5.46132185530952 -1.014030676406391 5.950360926725236
-4.43130292359462 -2.3443279219200095 6.158826512310311
-4.549650654249713 -2.0755645128098688 6.136522705609679
-3.837245228752305 -2.057130754656349 5.3737725015313815
-5.046396330586649 -2.2253042764139366 6.141192411639159
-4.207076657007744 -2.0085136775272465 5.958809714973228
-3.8979052570904793 -2.8676417038266386 6.315222766214493
-3.408826575397449 -3.4267077587398442 6.414226533865491
-4.912863564357986 -2.8573815746229103 5.067459348414373
-4.273400366555325 -2.4877899529171454 5.918950039975673
-3.8368592624865094 -2.813785716742741 5.7654937497871455
-4.791845231443872 -2.0847868979438577 5.6816601623551675
-4.403377692880143 -2.6076546420144258 5.8691382557450655
-4.013641905789973 -3.07186315791284 6.5772874701488035
-4.248257344554975 -3.0805632792440942 6.7126173112745455
-3.6268899899713647 -3.0816054877662102 6.536412846784698
-4.9471212285349555 -1.478188398564242 5.673179257622436
-3.2507238309240103 -2.06631405951961 5.809797686142294
-4.4298670185254005 -2.347022931864553 6.427789046304365
-3.9726374205445607 -2.4132850561642543 6.440596370395553
-3.5849196310427316 -2.9316187452940703 5.815317697086872
-4.001052081024063 -3.4139491369758574 6.119248805045867
-3.946224716429734 -3.205238071743131 6.151006708986819
-2.911254258617051 -3.4574897249041774 7.132140923902473
-3.3356668999759855 -2.67379358342254 5.8742072277122634
-4.029072748742784 -2.3371275816086707 5.681843790611128
-4.027359795549022 -2.6122008795002993 6.298974778963542
-4.305157714687936 -3.946930512832243 6.623070573956363
-3.3570771059658755 -3.608695932143182 6.028889200073864
-4.98002509722463 -2.809868481789281 6.8548357664805195
-4.332063880264202 -3.443621043213842 6.252386803292203
-3.6402992168528745 -2.9050026853154653 6.633839225005607
-4.728767111289315 -2.2830164679343046 7.1529120518682765
-3.3857867775621338 -2.614778952593197 6.341242334998023
-3.243704778385232 -3.70190251110106 6.225269847023691
-3.270075749506589 -4.259549746816322 7.065498651152013
-3.507998511741167 -4.120002484406427 5.556843989572424
-2.3772288365260774 -4.43403161966471 5.951490395976704
-3.747900347324278 -2.9965645142592536 5.683956528557889
-2.629649595053055 -4.514268780906796 6.028395725445192
-4.720661922038654 -3.220195676583883 6.02409427954877
-4.03431071491006 -2.9115901210755593 6.728287579654182
-2.8849795878215216 -3.0832645696366194 5.774982726758684
-4.001311932613606 -3.3883538608299304 6.298049515464566
-5.038106290346618 -2.5602006157026906 5.173286598906429
-3.858376952860891 -3.136401799567887 5.909549975255411
-2.9352891726891506 -4.298667740455481 5.525791790296547
-2.8934006859961263 -4.584108489298785 6.651631876758793
-3.891136935126785 -2.5804082904271097 6.8925457184516805
-2.724553563713652 -3.6581589552224028 5.795063920147035
-2.253044437505094 -3.83884990967484 5.891805488224645
-4.192512668728522 -2.555422873886477 6.83770478357747
-3.0501736655930025 -4.199456655426676 5.452774753571238
-3.5144363173604134 -4.011842815240213 5.127916520840305
-3.6262093564595363 -2.1828594760496447 6.6220452113567445
-3.56616813726738 -3.481798395118905 6.218019713564107
-3.60784087571058 -4.112040576104745 5.695522396509891
-2.5254147327219467 -3.9990032595620804 6.418517214447627
-1.8624817472433826 -4.191962347400999 6.228641187283108
-3.383410644416033 -3.569664476771549 6.204528050347784
-4.931104434252349 -2.7728246537450656 6.314943181488069
-2.5666014177051664 -4.088867385113261 6.077721188822327
-4.129427990136294 -3.5804787404657956 6.062942334999949
-3.3628418852276925 -3.2758774127637103 6.709797023419636
-4.775398475430138 -2.7856330204034885 6.884737115052305
-3.0534802204002656 -3.7964148557119817 5.860060071436391
-2.8618001261110804 -4.65128288194512 6.314593515617655
-2.9049343882720198 -4.0104317361969315 6.504381150785717
-2.826975464801866 -4.17426352839211 6.236797676484185
-3.6219663040000856 -4.328742621842327 6.722525969001168
-3.246027730230966 -5.113394793510356 5.9223698557003495
-2.580520987917481 -3.4440113014169857 6.352367550935667
-2.9169819037257936 -3.533499708018166 5.927967498866358
-3.5621657874604895 -2.9612791183123144 6.1077359857559825
-3.1960734486902544 -4.554832344633886 6.578000369237812
-0.4208504855259023 -4.883608177250046 7.449046463990743
-2.110551219295947 -3.5105412468128465 5.929794364244785
-1.2013726253581045 -4.98473396946438 6.8616225061651255
-0.6020374828447859 -4.208910757961236 7.093747161267513
-3.108984521787646 -3.695934381727286 6.691908279224662
-1.8271044596026231 -4.714306414521777 6.343373324835984
-2.969820594948771 -3.601113524404766 6.666487797235726
-3.5367079825750967 -3.906609116453157 6.511238761277331
-1.427517729089958 -4.545246625301272 7.19827040252924
-2.7153907543952096 -4.713703214985511 7.296336195268552
-0.9544994956822019 -4.764403116585542 6.79411834647929
-1.1607500310959553 -4.507934667953947 6.78904609063804
-3.150899198827714 -4.742732904975006 6.091791079328158
-0.9119735424011696 -5.2883600132664155 6.6027839906521315
-2.8013573018732805 -4.373405596111191 6.794685879330805
-2.987394277786184 -4.282729650968631 7.926981362774608
-2.5524507057813652 -4.279533820694837 6.86960782974153
-2.842794793140759 -4.359826019864117 7.374524649229831
-1.787830743782148 -5.643792881983178 6.930310806100404
-3.0252987913544587 -3.013539876562525 8.37345948549468
-2.6955817565015967 -4.196839316165154 7.248222305918451
-3.6585553458260884 -4.224188034555967 7.211191070472649
-3.1149184888397077 -3.444135712684712 6.501814822439211
-2.7853413856845592 -3.8560584177412056 6.905305266279465
-1.8254136217713783 -4.378067910892541 6.576226795880739
-2.3822900516769248 -4.788896621059692 6.953515542580129
-1.2278683646447168 -4.899828153575675 6.852011587037234
-2.2090535974692895 -4.80593423048287 7.028360152352022
-1.2654766157157078 -5.2970069064349445 6.521700058369886
-2.4334350927420134 -4.304958749268665 6.838565161303104
-0.8082707568638066 -4.967017763780892 6.475673130256823
-2.3219826410012208 -4.421181756260737 6.6760546955089035
-1.9832934646075167 -4.379709332838817 6.567951650911253
-1.858075159920215 -5.283128858169093 6.18052313134285
-2.67404047846196 -4.007780511691906 6.519368530036684
-3.0673564749144373 -5.486883429619318 6.6215234707706205
-1.52596541971543 -4.310692334503809 6.679081535524428
-1.3529894367175463 -5.189642955486148 6.863455247753385
0.2060267478898132 -5.114713891505472 6.758527944831602
-0.021133475865740343 -4.526630799282475 7.448579198567975
-0.6439140041864657 -5.3169339086147485 7.031195466358949
-2.5738002021791653 -4.199880435453455 6.852237227853965
-0.6725205460941244 -4.630504897075865 6.272419060471922
-2.168742433606814 -4.608643233510258 7.235916528727737
-1.5860735612196444 -5.640784161049068 6.7092306818229694
-1.166374377099277 -4.8028628188354965 7.173322936468401
0.13842465801487114 -4.895666578421556 7.002801678557526
-2.5647668203736513 -4.0349985324920095 6.762263590401747
-1.0966479466885866 -5.2143640140586385 6.766542873437578
-0.49001046200507925 -5.279325554399738 7.506369898014546
-1.9043389076174166 -3.7000183260197876 6.160636671467272
-1.4089075381056686 -4.741878183137567 7.851230343161956
-2.3938329280397865 -3.8521206293705212 7.025613486817038
-1.5715482271660046 -5.112252373553099 7.658323060912771
-0.8756341969562187 -4.8990588387680996 6.913575514082823
-0.17216988680102543 -5.48830379513767 6.662602780858869
-1.7178677420071689 -4.333244823156483 7.99566677289903
0.30042535764072265 -5.132532674552068 6.833936529788932
-0.5684385493208207 -4.831684027028352 7.840245415371145
-1.2363395480072659 -4.852439797860289 6.9026723682883855
-1.1380706390146018 -4.487349741295664 6.345027614074517
-1.169025489135467 -4.764160668379132 7.482035298448657
-1.4072157982160616 -5.002472672415791 7.671014551515464
-2.3120880050952803 -3.966155823761608 6.414611468734697
-1.6128797868496412 -3.809360467884201 7.474080595722397
-0.6366583042035426 -6.028111290298545 7.102861947874923
-0.6611007218797184 -4.7166061185313515 8.490439071074224
-0.8715030586007991 -5.137924905391362 7.442219408295426
-1.6070271210674052 -4.854771160252397 7.027805020507092
0.22526550729447106 -5.355835094708824 7.6980750587716145
-1.0867491961425473 -4.002475871765021 7.651946052154884
-2.3573188824241083 -4.8438301521344185 7.212097038270639
-0.5057377193061837 -4.615662805277309 7.392195782814263
-0.3627751570350508 -3.971616658942556 6.968417045822919
-1.0694391905975225 -4.560891508739622 7.299013393821859
-0.3964931298761966 -5.649221506321564 6.621199097821744
1.1512466891949256 -5.213462609294738 8.57908595671379
-0.09200183062522709 -4.365267918616304 6.759320949267214
-2.464266021918875 -4.643443615435158 6.885630985949305
-0.21500018432677848 -5.338449436061589 7.238981533218336
-0.6565163129863102 -4.730245401504502 8.040629409619246
-1.2231579393431509 -6.17064444085692 6.994312317718447
-0.6721955575239209 -5.028221904225335 8.071276191648783
-1.5142006326508428 -4.994303276788627 8.16361758604865
0.8221634788618918 -4.345363822649918 7.829977639500451
-0.3835565824394614 -4.478859778853789 7.362245762407908
-0.10489863229885452 -4.245297178433574 7.191558630184656
1.1804190985999494 -5.624440252693506 7.351464478435716
1.5396221752048926 -4.636001922519554 6.716872123848745
1.1445296684292037 -4.623166559318059 7.44960420967057
-0.14837396349831067 -4.118772982263628 7.593732466665075
-0.6480888771953509 -4.41614242369566 7.32896368664578
-0.9966839074515685 -5.01643237768559 7.653268639710024
0.8532663592222622 -5.126814741796666 7.459691900174185
0.8337716073302138 -3.773524239009266 6.813736917480922
-0.9423889520763845 -5.703725453454619 7.146531889948841
-2.086035639807696 -5.072620132668321 6.94485522793326
1.1831446650049873 -4.797677092584372 7.897961906362738
1.521725230493925 -4.56294170930952 7.227303625278701
-1.4111323908885212 -4.214590754857931 7.287108621763807
1.02759592828399 -4.91130892928091 7.273188198689205
0.01766228916561369 -5.906933498474781 7.868574647608553
0.08581583681875878 -3.8995338618678184 8.092874078943085
0.17976486697702382 -5.251975397826059 7.7746753502570005
-1.506312689825575 -5.379932499654724 7.864269817234952
-0.7391695783005904 -5.599734739215619 7.4720176572803725
-0.2481543323261872 -3.8998217990030963 7.499659536760619
-0.3280034164208344 -4.331285318408558 7.404576277445579
-0.7617893571694201 -5.206160901780665 7.468997801835568
0.14160572871853352 -4.620514080635296 7.736695016585858
0.28767067942190827 -3.7480519299570094 7.89467122648254
0.2060426847276149 -4.985022765621704 7.8201141038938315
2.040771438439633 -4.764389555109202 6.941254634208885
0.32573464133421964 -5.736027783160911 7.4923917750656495
-0.04617075433162635 -5.43968304628146 8.111033294372767
0.9395049364811726 -4.370119517901709 7.018993830627669
1.2427353835000707 -4.165489351024667 7.635164556822811
2.0632795815800407 -4.32854579830411 6.960361425519017
0.062397061570502996 -4.418878896176107 7.944955181877732
1.4643894719266226 -5.055148207913268 7.801666931917877
-1.037676835236601 -4.530455345560419 7.620455706321179
0.45062397715050007 -5.110811205981112 8.145913302230836
1.0711443697292538 -5.305464064671589 7.849849284016284
0.5775989741708893 -5.490470386860718 8.455723463203114
0.550604576645131 -5.237254480983144 7.870199941953555
1.6944134587998083 -4.805266447478583 7.002131843412707
1.0336602514468014 -5.493447979451638 7.0672237014031305
1.7202081469138515 -5.837415877344237 8.238717568194295
-0.05510512466355921 -4.204189844301385 8.659988315475182
0.3796733745768351 -4.830577011358964 7.700568253478906
0.9673981491244611 -4.924657182196431 7.684087521695559
1.7198319554371992 -4.228924659239935 7.366769882709019
0.11305707083244357 -4.700057343799539 7.43324454704941
1.949188450791218 -4.106859853950201 7.592487400796311
0.593831134709576 -5.442079112964453 7.216607546098549
0.7809489197888996 -5.797657692192253 8.103232277492127
1.2455493724290454 -3.949110714265095 8.520388753966989
2.0080558225009146 -4.2689693367310255 7.320184289047886
1.2317760425517565 -5.04065899982457 8.518007470149376
0.3558108962702736 -5.869204158857277 7.916859271683841
0.8047366883398415 -4.566190739364323 7.545919983295395
2.4428519308293404 -4.222556144015593 8.514242377940771
1.5537932519878517 -4.880857245216435 7.839621686235483
1.3586726090501224 -4.858631722005565 8.107006099834713
1.692148931803906 -4.223697973781487 8.368020649610449
-0.8197357211734926 -5.302363714440746 8.792642116064597
1.321724673185734 -4.278889433747629 8.412703207099549
1.5321771152047072 -5.06664983849006 8.325652774184706
1.64725746513947 -5.920917879920056 7.725066450187332
3.1177205145215874 -3.8974092277788666 7.251787432752996
1.317467816957958 -4.983577811342539 7.061959704838968
1.8290674242152383 -4.668197514539042 7.201302641736588
1.9718026813062806 -4.295124014357725 8.396598520047347
2.389969639001196 -3.8479183555130962 8.619098103540258
1.399638610286535 -3.804230190757952 8.196550642066512
2.1616861779243095 -3.9557691338140435 7.567291373336438
2.874893536837089 -3.8093425370634946 8.25374842034699
1.7173632750301713 -4.820450689477033 8.31523079225228
1.6871872769476002 -4.598535602167223 8.215427466601449
0.9526331365121687 -4.905017006354292 8.755113874125854
3.9959027262314937 -3.191684006975083 7.430815668103508
1.4167510445044273 -5.339286545741297 8.28483108270876
4.059966314989189 -3.6952031216215464 8.319241280961187
1.4194749201942691 -4.319385707194189 8.347573984558155
0.9038146461099326 -5.339847911398244 8.722945754097111
0.5004906362391797 -5.02596224445546 7.8673629543793195
2.5335720894013547 -4.240399147594026 8.224135437709181
2.4157269857218324 -5.172745553615961 8.047566256934003
1.6574553760257962 -4.236275493824991 8.29261938200753
0.9140751490469828 -4.393308576534915 8.486919111078727
3.5248315049649808 -4.190119346900836 8.407615372472442
3.0142531705709334 -3.590900848559838 9.879367971302356
3.335764915423014 -3.6940864415479737 8.064205225098265
2.276267692644736 -5.430785634196155 8.46031960713444
3.309660090257562 -3.5168813454794536 8.075081069661396
3.169698877174026 -3.587325520813623 8.976218483684288
0.8843092605250223 -4.301098980793959 7.307558164531038
3.2214442789548627 -4.55122529219108 9.05912540506068
3.0432675973342644 -4.174282288698981 8.031004723390408
1.591326136595759 -4.142421980334942 9.04247852478443
2.565191528685033 -4.813816454666009 8.45021277299547
3.6283623412557398 -3.572928091496977 8.504466186434767
2.1429853566454176 -4.183756845479391 8.087350770714838
2.8349179733434644 -3.4361255245156705 9.00265254988568
2.387344740916174 -4.316287776310789 8.608102161296207
3.1428334998507808 -3.9211231988250312 8.19548421747115
1.6023709558277963 -5.1278415514535975 7.220422117872808
1.8676203245410872 -4.447838170482072 8.611189145725204
1.238387384099426 -4.437089166983857 8.193792989340224
2.3366076443491757 -3.731957259388253 8.341583223108042
4.010999503884993 -3.660678555686722 8.59951311717493
3.075875908655252 -3.7825373555889295 8.088138567484538
2.1080313308770484 -3.367681984489615 8.097811276701684
3.382745968715752 -3.016536903796789 8.204703303019567
3.076525313944375 -2.9385674065327847 9.095252804203545
3.171386504880984 -3.8148875126992787 8.699736307459666
4.880604575924116 -3.6930865610125507 8.76891199214314
2.5079668217647098 -3.5975317639207445 8.916030493974894
2.9227764176611433 -3.210956235297187 8.59317516177509
2.483205611847864 -3.161915912983258 8.42569276774746
2.374800984714242 -4.91711616147222 8.165476584712254
2.235637137121269 -3.8724334977323442 9.180943898420878
2.8536647899888923 -3.5663568639064724 7.641961433491134
0.4489061576794979 -4.414007908364802 9.960348782033288
2.4969245056845053 -3.515295330295412 8.563662806440503
3.196822124734615 -3.890927753815776 9.745529418564766
2.2613703388556456 -4.592926327668757 9.818572159117746
3.680791155907946 -4.210089210933594 8.584521532093639
2.246059400985212 -4.309505171722947 8.970039359406167
3.122359666846478 -4.35869710892273 8.525715892618695
4.108313496578872 -3.937051498020096 8.267796337481563
3.373911872454662 -4.254220946116762 8.121232265979026
3.2609146765420567 -3.0832497274987016 8.59457632541096
2.544771611451767 -2.869094904328687 7.83159402805034
3.0902759352409626 -4.141549007503703 8.28826783155496
2.888674195121079 -3.5192865721787485 8.617701594972601
3.6165009652538296 -2.500669364876501 8.679350659985008
3.3550609976291743 -3.598300808348432 9.109211979473487
4.508939664639496 -4.162146210724324 9.337754050336775
5.1450776948908326 -3.2941431625943096 8.4431032134649
3.18397116460839 -4.0945115014978475 8.159708121373765
3.822636474684208 -3.647368532292078 8.836129415749147
4.935879685524573 -3.01047388003341 8.43871172371582
2.6351439427105223 -3.1111648878819023 8.44976903422827
3.4477753383361534 -3.0854091108422397 8.86761936674926
2.907592704194043 -3.6980105195548263 8.210610880057683
4.022474106119329 -2.4549397836042544 9.665176362499492
3.9159624954080474 -3.136034387940602 8.97262607269144
3.3079035077615435 -3.714160081340658 9.357849752976474
4.137569079568729 -3.5946990717839347 8.296891631522252
2.927287448448463 -2.8185836086758727 8.295646878206686
3.732802144757197 -3.3521293184087617 9.91246084045621
5.030279890583275 -1.7029941355055929 9.26310232166092
4.395621739180902 -2.0252619749786778 8.869030504540728
2.8649382948669926 -2.5910535338805625 7.878297456003354
4.4677634424472705 -3.3788870157557023 9.258292558201372
3.1115388348392443 -3.2701249447869016 8.55919726805032
4.868031984241242 -2.9971013530220896 9.584881215608394
3.890755587175586 -3.471271662755795 8.153370644689009
3.7563492331441286 -2.6842679771991222 8.310681222136163
3.877504897866393 -3.2328323897196056 8.52264682361446
3.243861963938325 -5.2319947636659965 9.150468624544333
3.8854451790311573 -1.442044098343281 8.603250362716443
3.026744361082353 -2.731149966529165 9.522105325167262
4.232165681169353 -3.185650077403015 8.669129418546447
3.037132253056649 -3.4741984019692893 7.897042467027178
4.863158238801776 -2.7475131787790357 9.186276109430283
3.605396906487606 -2.7482564578967636 9.171135388324755
4.493236202548683 -1.9908018052198915 8.69737619939687
3.850642067193311 -3.964515028518635 8.803394281528476
6.29781648610371 -2.238331987566105 8.602562352639955
4.145485151565694 -3.3075854740651054 8.646910536539377
3.276224859231484 -4.132653997179755 8.730248133225036
4.742726970108273 -2.4609259070247265 8.915376275590006
4.371599468438227 -2.943547573347133 9.047012311943663
5.383505237665726 -2.665166451042334 8.058687587036685
3.849969888280691 -2.4949793102343323 8.169721273295682
3.977743583770359 -1.3672301629279848 9.312844216065553
3.0480970855954106 -3.731123816129989 9.410920421596762
3.083857340693545 -4.049637202613652 9.069286588072831
4.084229860716148 -2.2285991773244014 9.050493902148215
3.4622025308288658 -2.9542534783135377 9.800154601120589
4.095093940165334 -1.866275194781394 9.750908223076408
4.332899071322569 -2.743260242425762 8.977222340011853
4.045955241026251 -1.7195160082424077 8.218968060438561
4.545615444598506 -1.242194109446178 9.623105180101552
4.649047131322782 -1.9830139984718047 9.062040646826103
3.962950592196869 -3.697913699552964 10.179699382103072
3.9505978304364078 -3.1807849536236317 8.90307054212072
3.063417796478487 -3.9388361281038016 9.098326661635426
4.839517890148794 -1.24454902309797 8.773494173381392
3.9769237846067336 -2.243182735626429 9.196539770065483
4.797775434848705 -1.7041835197149335 8.842794176764734
3.384569610500806 -2.7866283178272364 9.227642249604875
4.840429075254673 -0.2595324685846598 9.274457575567588
5.4246071604507025 -1.6413221801601132 8.214188128412166
3.7756828978009866 -2.2933637600100987 9.490171111070831
4.805145027778769 0.4804324689829665 9.239748519805113
5.551589117204336 -0.890719934375811 8.562385978541613
4.546682032984336 -2.3981754489268616 10.04711377376878
3.837887822474077 -3.0594001218867315 9.747621993373377
5.143680293262294 -1.8075011902920255 9.253119339036616
5.21604735041979 -2.1928592951066617 9.267722484584294
3.96044289583718 -3.5074118689573313 9.452499903328903
4.52909035435838 -2.5992035256236123 9.617297927180733
4.629044646066384 -1.4971047808728861 10.384429803736378
4.949368657523233 -2.56356156319475 10.025801485354728
3.9099009496841037 -1.808953274977507 9.835252601716979
4.403410678463507 -0.6662101408007844 9.838447277395531
5.784129739489379 -0.7281228536651342 8.869992847817818
4.0699039694211425 -1.7994204388729094 9.483829662996984
4.283753343542405 -3.3462465724155583 9.812530750524425
4.026198410280953 -2.3087482354309077 9.465131713341874
5.274065992546032 -0.3646091398122306 10.077823560437686
4.084513128204609 -2.491847989613625 9.494529341830674
3.6856926758360173 -1.4774691071910255 8.878301466278074
5.157560441981962 -0.6261173085857679 9.433747522264541
5.016331903865835 0.24405919128215686 8.285842268568079
4.812347610581823 -1.3887804495405178 9.62984252648819
5.004410235803636 -1.111655250914705 9.57563849445095
3.883541883714251 -1.4623167840954705 9.927817115931266
5.160897692708334 -1.3151334613561005 9.278135347763204
4.849699029102535 -0.7748839874934501 9.511439781337037
5.541655674293494 -0.6550602257998107 10.306886416224337
4.346278990819013 -1.7833607709732455 9.889515496048423
5.7442375936426195 0.36797943181928167 9.373532841963756
5.449452552076323 -0.9226527786282545 10.602973531202469
5.349065889504289 -1.8285821054808997 10.041287559443074
4.4654326639762125 -2.8883674377417923 10.250560240725004
5.393115121457686 0.29301688530491304 9.39709673041856
5.237059111830363 -1.7391677791523494 8.683715232686897
4.017363500751822 0.06018289172457438 10.111684237276046
4.290388026077446 -1.7390111351627058 9.950805922386609
4.585941249615448 -2.9255547113737377 9.512398636881
5.652203992246249 -0.04745234535673337 9.64552896913675
4.496499082658979 0.3910565026810902 9.691070743916823
4.6643876830918405 0.9118976209814946 9.502421845590156
4.617105997413585 0.21316791698320714 9.758264217417773
5.028842736068467 -0.7111545619498949 9.363119388760985
5.6313942101041565 -0.5302754696012885 9.224431545870655
5.237273575771705 -0.7729979875719215 9.911107777196126
4.028763985733352 -0.3325812228054845 9.86808698955475
4.982263823559721 -0.3459176543710934 9.606295740270692
5.545333660180694 -1.0889890879064834 9.625415044641782
4.792450973154739 -0.35344344024940455 10.179620086975495
4.824530513114402 -1.73982260761047 10.338893550206015
4.9028674213353876 -2.310523904887429 9.939218111920582
4.617267042844298 -2.5221347918111294 10.77505317757175
4.590324411552273 -1.9037681544648388 9.525454850486614
3.96969962316089 -0.3722876659996958 10.82836725138526
3.9364279484039217 -1.3998269793211517 9.502289898666843
3.35661127899936 -1.8887114916740115 9.26660224137731
5.379426765002619 -0.6414930496672824 9.458311657474368
5.275771204110842 1.3354126207493877 9.44577566005429
4.487562689900927 -0.3486694139988141 8.81947776084632
4.551237674196044 -1.994106613855841 9.678433598077596
5.360569229316907 -0.6667779015853944 10.070995505487927
5.444669809591316 -0.5847909813238809 10.361097030441968
4.943620642103379 0.42864776535111254 8.510393549463291
4.1685944769316405 -0.7566459147087009 10.4414628512615
5.194183557827462 -1.850518101554828 9.830874723303564
4.622449225421636 -1.0466244108135092 10.143230878269827
3.3661629179586017 -2.124777652265494 10.512226928146644
5.2503293273293945 0.29501414261782954 9.72691207318482
4.384029141130742 0.03311283713583919 9.247708686308979
