5.052208257570263 -1.5475358826632122 -0.28569194626293937
4.483568140787338 0.4545674568899337 0.24489478975456058
4.252426648654825 0.027051214345113716 0.47998126103520106
5.286941133490747 -1.84493141813856 0.028064170168817737
5.032812586498963 -0.6834928686944864 -1.1059058699404516
5.0988183397276385 -0.5687445546573306 -0.16917873368280034
5.265910644847618 0.2700925224392683 -0.03714906198064151
4.9966426555853625 0.34030108251937624 0.02620804732424102
5.356054996515348 1.3637466807495409 0.8999260974951774
5.042090566875343 0.20378796805845853 -0.7070357984317213
4.621860076377718 0.5546320300763752 1.03824208010758
4.5059241903838805 2.4095766950463418 0.3362868108669081
4.366781144265601 0.9258663388737812 -0.35118086918657576
5.073237797471692 1.2319386769742937 0.7180026172891169
4.194603814454451 0.10344280023869218 -0.16390940035949542
4.814637886272944 0.41196514213698326 0.5474343157819106
5.022935312114637 1.658069491420107 -0.6732461259659267
4.932204805407383 -0.17986559469527658 0.1560401868276356
4.11002191750908 1.0450128745582088 0.8505274059741668
5.38201032208259 -0.046135359325849244 0.46115071076298636
4.3315175664302235 -0.40177546207541237 0.08926337343746932
5.301238460815491 1.7459932332165136 -0.19763761260501211
5.62424094790965 0.8367198979881239 0.2177844063559951
4.786504467906353 -0.1870548116221023 -0.30706126677894297
5.509334814186893 -0.5347901825476372 0.5238157950649651
4.488670556471354 2.4871750998732027 -0.2576985191423634
3.473593288790327 3.2778208560322257 1.1841799177472758
4.997860593226326 1.671061006067316 1.0059761239733738
4.66187797789602 0.999331286867499 0.28607752950011134
5.762673255900482 0.9760464336248721 0.18462842705644572
5.552630728548337 1.4456502189581064 -0.1979443715781662
4.396135395709899 0.11670752372341883 0.3157541705047558
4.208440295129211 1.4615839320123387 0.7678918294369637
4.694534121049051 1.7333686316677541 0.7577095331222288
4.7594311928980195 1.0963607739594745 -0.0933602951878294
5.488373391812224 0.9982663488787374 0.9361605630329541
4.931380850633952 1.9687846651807424 0.3313925293287735
4.669815396379738 0.391922517627424 0.12083751118709002
5.252963055369548 1.703723939513874 -0.37210607643827376
4.251166577472764 3.3958403149043814 -0.42625296463863427
4.8779425741090465 0.790996290767414 0.28859486253002486
4.888665035783746 1.5022276229647071 0.35986701650776876
4.560250446624852 1.6326243765770914 0.5462591421882295
4.696344096859194 0.5090918920857175 0.6993504535403972
4.777580159027829 2.617281321542794 0.18521405886082348
4.124962561096709 2.2640677445882362 0.10632835210912045
4.65191033810633 0.5252292921606593 0.4490403074141848
5.637843457101877 0.15740285541994398 0.8394518248060605
4.2238570297508895 1.401011060016245 0.6797700947472959
4.771457642570149 1.8205760494300351 0.5057704857888254
4.432591495486454 1.7182519984619773 0.39678241399888514
4.891323685371068 1.878749322211784 0.7691969885309753
4.430331239089245 1.538506469142408 -0.044800762057984445
4.951012232824627 1.147994395738137 0.5081518447216914
4.317153956109438 1.3208289317342594 0.34949305780946033
4.378726867219586 2.007815821740725 0.5605721718232471
4.333727020928115 1.5984852407030377 0.40392381259718346
4.923189490948097 1.557335049486762 0.5212548685047715
4.473924946195641 1.9179992348130406 1.1632461671632464
4.423091840925087 1.7513441425817537 -0.2450917450092941
4.701213533533377 0.9918861976908567 -0.1587652175300358
4.348175233095381 2.151357990894178 0.7919369407400512
4.3483201128833 2.7489273132373895 0.8237533218624804
4.075760341009408 2.3891802426255118 0.5427203968338227
4.418986915849982 2.2246760767518374 0.7103587371602638
4.524259870007508 1.206275766464721 1.6652046109084386
2.271402398295202 4.334722403937935 1.0575448319829057
5.29796808634314 1.4088216403650382 0.6562819165620778
4.061201795329523 2.003597893683519 0.8250044319860097
4.299248043896321 2.7265671228847643 1.001652535179294
3.5454068866528794 2.1134894544334117 0.14649607283026578
4.6166529259934395 1.066898139591075 0.2399797730894977
3.668301687683254 2.0046537536479763 -0.5349902420406436
4.6418455485503225 1.8925052434199998 1.2030218706017703
4.254906382834032 1.9677114867392125 0.11424362445807157
4.472881201414265 2.104003710756919 1.1450699983227588
4.5861079070564505 1.0926274385760661 0.5490618487148996
5.082097906801421 1.712540042922932 0.4724257511188679
5.370716406413521 2.4615681010414647 -0.06058124718459823
4.4000080230778345 2.686750078094434 0.820802722498523
3.8459746464647755 3.950998032183301 0.4562070797236122
2.7270908510659506 3.7790792899801926 1.4530504827573179
3.8957045116924225 3.980619481227529 1.3840989489156936
4.7817588074003 2.988541078946472 0.8375611516939317
3.917441794033327 3.525771638846659 0.15417038549879747
3.5529352550890563 3.3522688189531493 0.07366515474047974
5.198691623100251 0.3532935911424628 1.441388360397481
4.28273648563681 0.5901122052966871 0.8298305797888919
4.308149570910783 2.1365225473075706 0.6289175908532776
2.962542117321482 2.325320211064648 1.0367818878989463
3.590517523522648 1.3562720017283958 1.119369719686048
4.047378156581671 3.948555088550162 0.5710806034060067
4.616336119445879 1.9131691223610903 -0.22022149337581287
3.943264715902398 3.0254178102408096 0.8265357701872695
4.702966519199817 2.2772979197356467 0.7961565495778613
4.2607798201978335 3.4557424811582567 1.0904661884867244
4.274886482529453 2.0404341026875135 1.1388101075923713
4.492455687474505 2.7952453743079846 0.7316602648037754
4.148651155843763 3.1802427778527473 -0.2691940197535878
5.824867222518973 1.4473878489306122 1.8447730701209202
4.390631664310588 2.83943721288445 0.32399781297369656
4.162203059167574 3.0516609747035073 1.3220239070250903
2.7872020235453783 3.9045968175056025 1.887627875277274
4.067295700057816 3.543838952240436 2.1300306579676667
4.652243930314615 2.39368292610721 0.40031933590064994
3.2373074128518993 3.6084125953934034 -0.1119963763093863
4.6110305400100335 2.9561466945901813 1.4264339702471247
3.421974616200027 2.6839451336128413 1.3977040283347322
3.66227062997185 4.132350961529661 0.7982256485477519
4.966106161305124 1.076861184230047 1.167446965782666
4.306451056781691 2.38177546664307 1.0691860947591745
3.887976545496508 3.030787548744399 2.116895784915506
4.395798936094656 0.7786616148006168 0.7630284741438491
4.634414703746699 1.9596702850959877 1.5084787137821887
3.5251616915608874 3.139451210766621 1.549776554622315
3.3766630040526544 3.37232170914831 1.282441363001187
2.9953131767388963 4.128912921025649 1.409106851537375
5.1269350954769095 1.0414089505579271 0.7809198760193832
3.7708080832381956 4.031395739642339 1.6135363785101307
2.0462695605128185 4.173130261011098 1.036693945298067
2.674738510530438 2.8033987476323885 1.623791899659206
3.5441825841266765 2.3987931095175434 -0.06018049234052003
3.235053252855799 3.3395836627566364 0.4965009107937156
1.8622385401729455 4.89193974533957 0.5101017739693987
3.928173115055795 3.1212864283937205 1.707156549652256
3.343313217148251 3.8945064738753388 1.404127750658188
3.40483911947623 4.169475918864675 1.1978710854199188
2.2534092263210685 4.146976215189421 1.3315777978771952
3.391178002208337 3.3574765437942924 1.012511736449431
3.721969361977213 3.390865016163677 1.207301937139482
4.174143326835741 2.735480969273981 0.5296478007852266
4.449887915034036 3.408334169197476 1.1789523284190184
2.474601796683288 4.498656590142357 0.9676747587369181
4.449137292290097 2.4714073908936527 1.2884519660950928
3.2706660875151132 4.038085583836205 0.08726509582459219
3.4724751973039982 4.211346395259135 0.635936809022722
4.179928111654193 4.344984651792994 0.9717290124454819
3.2878325575165994 2.86082376266505 1.5312884746885669
3.0231713306572834 4.876263103379769 1.491755429768804
3.3398808607919217 4.395803993201479 1.9914816333620466
1.9676724516375932 4.2671067460951395 1.7238315255344423
3.0607754580209523 4.365147655279112 1.5289769856992703
2.3998660773299076 4.400287868801801 0.9404994870903685
3.0082013884215058 3.903491445484594 1.6460139920377055
3.396886594854719 4.107669211451346 0.9585529387363786
4.150690690464745 2.96283711764147 1.2181059828137055
1.8356750659893217 5.304031792521119 1.2428432915717633
2.9191242574890968 4.175630641514202 1.3625998429615107
3.591513362434177 3.829886100700468 1.5998422577239995
3.9486095081541506 3.701586329232571 1.5767342347303683
3.7634576480737367 3.1127248978452733 1.9683866653743494
3.796939278179259 3.356186328265712 1.19669173723616
1.8084644658898779 4.916101832708572 1.1529592146583836
4.241971458602793 2.1271728334946305 1.0805598331389479
3.1110335474804116 4.259179179369024 1.2207502098895966
1.4865754485927554 4.897241760301238 1.3677276815940878
1.9863164450959518 5.0138633046504495 1.9672002282537557
2.820712165080779 3.5797142408278178 1.4134338840872793
1.4836262824290871 5.217025551178516 1.3821515550109624
2.8737025345229235 4.285433954697741 0.5665487716482149
4.089165887312304 3.5360516053915254 1.48606722355292
1.459747059332328 4.420977452489594 2.1869046943207406
2.1675480634338484 4.875876904433902 1.345781741809819
1.1092950849415235 5.64037171273207 1.6221722393188311
2.8355985910981034 2.8841756396009934 2.476975837085712
3.20072956671821 3.7197403021921454 1.7910564043360067
2.679975357606592 4.109839169048803 2.382289631068733
2.8805143637055757 4.143857924286685 1.3594521047240782
3.766853305165065 3.8908462835270354 2.013523030196672
1.366306853085559 4.015348551080273 1.5659491907985985
1.2872211448496254 4.764221676692084 1.8531383780649135
4.713488436063503 3.2497146934277934 2.000134425752511
2.388390482988916 5.40879544566424 1.0273828174534947
1.8891465886974725 4.8582716070967145 2.4995354303922213
2.521345774684042 4.327686881685095 2.0581152396677442
0.7646492443539331 4.846327128262064 1.0846311222182616
2.8230614844481123 4.6894795150688 1.5841043603441338
2.488888604474353 4.786781209257381 1.632810283177909
-0.24264363194658511 4.808854995596462 2.381378890623605
1.3102964498914667 4.922038125878381 2.0925331821889266
2.0666386694337184 4.806360160464996 1.4791961165405367
2.089653338254948 4.031902429589104 1.6243920311938806
2.059842129496136 4.91508779933453 0.687330029038737
1.7535833807145467 3.4345372499134714 2.568670792144588
2.1650908940517715 4.813512457048871 1.1253944845277994
2.055753973488144 4.345506255803572 1.8291465137909675
3.2894018595581573 4.167382459683797 1.2443485405529648
1.4836024114172235 4.970890877219637 2.4383771159988683
1.8089172478808502 4.723588442891869 1.9425635379852215
3.2721827401608268 3.9892112982325654 2.266256392170503
2.3461921440257267 4.464199843279893 2.1404532121977193
2.4497159510311977 3.747799180106468 1.8564158135792725
2.4267034918353962 4.026324115620652 1.3831257923748306
0.0803598569930883 5.185954541897841 2.2640863349679505
0.9197682004852152 5.3621066363702585 2.787875201850344
1.0593148745522973 3.7131997727637813 1.4335755132952852
0.8149991718485605 5.6505769923568625 1.6919121942402182
3.2346145777751456 4.711588466529499 2.405659123921856
1.5111090293253706 4.048635972605301 1.5974629340359143
2.0508759273283945 4.5390193033767705 2.7003866763416413
-0.28926356754457505 5.097241019734198 2.340974155331878
0.19251832456677426 5.28988569864944 2.2147180825893233
0.49613236497782226 5.119686771151564 1.656671536340019
1.452021729437622 4.8402761702037225 2.2635603952619374
0.558268030598521 4.596267575913879 3.193232605852236
1.9065340567019273 5.029509719796298 2.4710138270325017
0.8437838475865036 4.6909951368933624 1.9426129234835532
1.229673945330205 4.44911095204497 1.111240005555069
2.9130960413050846 4.404104328768835 2.1816437769181243
-1.0832401489384318 4.286689739411412 2.5625953419124707
0.7337943255933054 5.418804979077321 2.3344749451625635
0.16621054109082825 4.855743933010291 1.2657334830177471
1.4922614052887335 4.973787369551448 2.6414898773376665
0.9742019618610637 4.791769294320842 2.246881710905398
1.8160804043896621 5.409337255113615 2.665609128869079
0.9417333574881427 4.443441473782736 1.7446649727512993
1.291137401079832 4.833937861150727 1.0333198307608114
1.2441631575885308 4.348559159056944 1.7125110171007738
-0.07394358860207961 5.407639648588183 2.881804729996018
0.3942654414440645 4.742474783916971 1.478567210705104
2.4125454152348627 4.978977236415013 2.392775981887701
1.7818680584474709 4.978365878995612 2.3040844215418543
2.2987897201209253 3.8887255439366606 2.018225140000296
1.962999972061629 4.357152683794477 2.2167061855615424
0.7103669855861573 4.255011034232357 2.44497473909016
1.7129439844588115 3.598653601320096 2.7587441362167513
2.2485228800621586 4.224904367179734 1.667401741659468
0.579833913075112 4.5748333748589065 2.519736506931206
-0.7146863863262307 4.317039074447066 1.9199071354040127
0.2705147581449382 5.049505099080247 1.3056099551108562
0.5910436180982694 4.978997295399772 1.7470650666786485
0.9386106080958688 4.626431084315919 2.1402823400383064
-2.10631428948761 4.911544611373104 1.990963491403405
1.3070495803867999 5.502754916224881 2.8657631202378395
1.5139101282131753 5.219351016188768 2.9667084563125874
1.3825024085070008 4.981464327001838 1.754125491165138
3.3738656285674047 4.068467197907031 2.3928624355910264
0.28255751080128666 5.093944172342872 2.421754353411646
1.2822030322156077 4.5692831206124005 2.2446975998644216
1.0552930443392607 5.274778264325799 2.2738960195966373
-0.7700380606976358 4.935634156914135 2.730752690813599
0.4649392859312779 4.732687516371897 2.0425112000362184
-0.7663986039982797 5.169109387038061 1.8382381513685822
-0.822262770543493 4.597355103812905 2.3747683955471652
-0.0699580569864709 5.906178830907223 2.254257431669733
-1.6403667773064647 4.9863814869906715 2.1346047402200283
-0.4477684310921508 4.379262929476779 1.979765388570357
1.4813482885494462 4.258850682795709 3.0155609789639777
1.5894112759940373 3.6004854738133316 1.3014346519232172
-0.8628369202825915 5.235967552897385 2.620403865126226
1.2406784493819971 4.325203600073122 2.2352326058717527
-0.498742386524112 5.452933379543203 2.31222386872508
-1.140435318587014 4.459385082639697 2.795022625508916
-0.03485823037350846 5.317924634979373 2.005516194000615
0.01650510484668693 4.839074345421061 2.6718197111315667
0.011954212734262466 5.531112479958519 2.618384582331883
0.3362807916001432 4.728685366773386 2.3723316431387493
0.6757382684809699 5.296577078126645 2.510595192374743
-0.26893207424439675 4.529517185323904 2.1340372732697284
0.6961728648787479 4.434876747426417 2.730128773959878
0.17609688117963396 4.337676469330623 2.566211728592664
-1.3097719879030507 5.821500605590563 2.2671353434236114
0.6698233572185945 5.5713098375192835 3.0812649083519004
-0.07348841342260182 5.205885878444274 3.174442435402423
-1.0231832551052669 4.000597862460569 2.607927155378244
0.7439724100612904 5.489176233670351 2.339921271460755
-1.842709230140502 5.232311397121327 2.515007183709444
-0.6329098210582288 5.043141561328605 2.416589998758611
-0.7658078561822586 4.553723218551651 2.1007759541983195
-0.9633417462303144 4.266834720668725 2.5467721929477953
-0.9864086326141469 5.809045450672388 3.614325856936607
-1.8625242029932143 4.974532400010189 2.7778685575631985
-0.8885112001098157 5.413651303565189 2.407868489059969
-2.1451595125625174 4.685526533374645 2.7904918863077683
-1.8765377723397045 4.457642983222387 2.5324437707287455
-0.1318000531565652 4.941881214767834 2.0983171407104453
-1.1825248264675026 4.685728001287098 2.421062093373348
0.1077582669209546 4.82973820897679 2.82069700153048
-1.4625372392392373 4.413611747838615 3.0133207226280057
-1.4777021724381774 4.124030844033388 2.383774471352416
-1.00914052057105 4.875421594347403 3.000494307835885
-1.5150827642598297 4.568666790472077 3.378658723045114
-0.7698988603116255 5.336732844841627 1.880821387181328
-1.4987710657110402 5.225224318857756 2.9677027098634428
-0.31551858090338225 3.394449646245159 3.663145837704181
-0.1307309547151596 5.661074018538361 2.8312013195069228
-0.7500270307976536 5.245267508360369 2.911844678852421
-0.795029183883508 4.525537631061334 1.9877900081585917
-2.6703212670821848 5.361872049867116 2.777003043810241
-0.10232203699933011 5.623120079580324 2.7734940526354004
-0.4945477271998522 4.659901950485629 2.856579451579971
-2.594005237926368 3.7469098599629795 3.04893731624926
-1.5689453851311652 4.8573343527970705 2.627982226028874
-2.1941759945442247 4.720622053665012 2.8933660478725485
-2.2981829474696513 4.209175374231108 2.627314966932193
-0.8910833134088776 4.331746777699061 3.5583108670092445
-3.6652001142713897 3.7953594831444213 3.116196448571898
-2.199321735419153 4.843778212767592 3.0291073906758914
-1.6475550008312105 4.2437600458787825 3.003459545053192
-2.6732935075811977 4.492599410979174 3.12086627748616
-1.8186044615230579 4.943256602074194 2.930654896012816
-3.5296523624043417 3.3942336443287444 2.1556740424919063
1.603745256002982 5.460363587190477 2.9781532412227496
-0.9376238733279073 6.124108742314761 2.396356410145456
-1.1999858750942471 4.791627934666244 2.3826198758911454
-1.0228165028900875 4.454903772287253 3.876903327582952
-1.8476491588760253 5.279633458045105 2.709908519812354
-1.963287489678006 4.611615323097324 3.5276805617326383
-3.0385477726779753 4.175582225950349 2.299664160630378
-2.4819751647087225 4.8561908166059 3.281793546146497
-0.42140890237422135 4.775488167881978 3.5703251728114758
-1.786352986555182 5.910735792018425 2.92440316454199
-2.8053363630447556 4.471425258726241 2.5462732049159076
-2.7046995339033253 4.638324389197676 3.0011129556399103
-1.5513154443396793 4.6753783761593946 2.8501773729915043
-2.98063610220564 3.368719997433233 3.2318393739011158
-0.45333283660794294 4.561286787133575 3.0380616643792426
-1.6918695973005597 5.5056100768490275 3.5702159670462867
-2.281064299300962 4.9584525530209005 3.716122601815803
-2.890894952448716 4.615862868646108 3.263358416611269
-2.0668784680769754 5.32348642801576 4.217996786070493
-1.5664900026033226 4.779850039299586 3.5754584282735857
-1.5649677686948078 4.829553087082928 2.915884801555802
-4.157359718744893 3.3255583425346664 3.8744617789302134
-1.6748712380784776 4.250346709393226 3.609137094118069
-2.8932945956031473 4.917261762773436 4.018675463773205
-2.408934026308346 3.910511124968604 1.96796520545547
-1.2617962484455119 5.457547102127978 2.5807757728748526
-2.244962364859381 4.45023820298101 3.3329606550371635
-3.132721026498683 3.927091742455376 2.974073686412053
-2.370031526107494 3.505424420859024 3.291899056502208
-4.456812790846377 2.9024270470335543 3.581590915123729
-2.409978734734566 4.433199226171973 3.3921323535539054
-3.0177455216026843 3.8181022229620454 3.5493314132752722
-2.728379732962222 4.675643610961679 3.3506271588657595
-2.5123336832154948 4.196743567549801 3.4817840363740067
-3.8123522974408646 3.8120961831035935 3.7307656853075253
-2.452924844831882 4.048862969600993 3.438420724898384
-2.222179685695963 5.418122860224181 3.15132737730907
-2.275301532031357 4.366643025746015 3.9616840974217347
-2.555183615333594 4.713106629841524 2.5121651120850528
-3.7455187579767366 2.698112810004864 3.4646486743417806
-1.7550420421908488 3.8138259695321306 3.7006873322982825
-4.01282401162252 3.58920988790168 3.4831744144577383
-2.9403806718698124 4.3968864278141035 3.3557011069308538
-4.680280662507117 3.7731805070666353 4.111835508174738
-2.2869728899346455 5.037249717204516 2.9943637863606747
-1.774774531813059 4.231229403393753 4.293746432614435
-3.2517487014243853 3.779630720800153 3.796624809696946
-1.8717647985680437 3.9090488119898716 4.202932274138838
-3.5359348954269314 3.3425833172081933 3.9488855313917006
-2.0271762405495988 4.375959677851836 3.954450547879931
-2.8530833789025873 3.711060171821172 4.272682477647575
-2.8361822832605665 4.043056800012673 3.9214340891114405
-2.6081055622218647 3.7501220090072436 3.7472063144991123
-3.589563537329596 3.5375145629692555 3.8474193065813687
-2.366126835419189 4.697732128583296 3.34504218118625
-2.9242046364305283 4.120702695172821 3.891104023271976
-2.50637322807798 3.638116109006911 3.4129709717882646
-2.118766648617107 3.9683199378217804 3.073288179083859
-4.685997818846033 2.7716463417798933 3.8151728893631023
-3.2888803839744627 4.227646639318325 4.180193036083877
-3.717143588753478 3.2005998506271522 3.386061462708486
-1.693265534726203 5.20172805890533 3.6026288243128772
-2.902690285571428 3.8651895936726275 3.219145798589517
-3.4618312980262087 2.9383528534792993 2.746581195820687
-4.138986024593805 2.915005254416702 4.454657830709599
-0.814525207646108 5.150750973919926 4.111775267381458
-4.234254210853234 3.0497045652642947 2.920853893962677
-3.7733676546214787 3.7580648351807207 3.8920177265780427
-3.3068105053507155 3.323872396142422 3.974642809308853
-2.6531659643805523 4.557941850180149 3.6141785885827606
-4.329208412218231 1.9331450628146394 3.6226786670886812
-4.195806309237954 2.3189010586144696 3.245251714324009
-3.316095911136946 3.7381514062142274 3.956963715828149
-3.825628907028402 3.018406448274764 3.9840508841305704
-3.2883760865130642 4.814184070170417 4.009157293447162
-4.84756394859289 1.8001264773566636 4.3001800063499
-2.1254847350752297 3.987592675676721 3.1320201169164
-4.113528096671433 2.7173142939845185 3.6397444596240884
-3.3866546952212273 2.3786632596900943 4.028485900105012
-3.513673237363074 2.027509467272211 3.4131329060999755
-3.1738857673584153 3.5314061020541856 4.042088730050323
-3.1176693287548 4.378069595467021 3.9391333781407005
-4.091791933063684 2.143561020341333 4.081048831976745
-4.136483854070601 4.618708742569978 3.4238071659705405
-4.944778697341896 2.681590669846499 3.5043806089976806
-4.4809634549162025 1.3461605890091861 3.9519938390606226
-5.431774447050124 2.3104933927040934 3.765787496925041
-3.172584545599263 3.4802712524647523 4.422842782230716
-3.8948774638366084 1.448636729935567 4.029397998884862
-1.9390155196419274 3.8472422809009643 4.609545913263698
-2.3256359265543556 3.562491055196102 4.82491125486569
-2.827480195701971 2.814710667377764 3.8219004371746843
-4.139685859373461 2.453646335133805 4.738694468988667
-5.058354261654677 2.451220854100859 3.1156736136688994
-4.367010859937441 2.282368495920496 4.1213505696785315
-3.343702908709257 3.319819563380045 4.08280199458443
-4.434402331194112 2.1762264906329314 3.818252336474718
-4.552790855493766 2.333432015189542 3.09228042751928
-4.359694091634584 3.3560052135534555 4.326029985468767
-4.856783370723241 1.2643210437324595 3.963028016849105
-3.666995228955218 4.389711318675546 4.456933448403781
-4.713665563147054 2.4495923843580774 4.424203488898022
-3.373971415765467 4.038784276783032 4.198677668372074
-4.655681541564409 2.3666973811413863 4.0580901336868695
-3.159024123037868 3.6247237157142234 4.017932780870828
-2.8103913025086413 4.0698141652248 4.161128963904034
-4.640104545688566 1.6695971965229452 4.632044268584935
-3.697772036869871 1.723955308345733 4.285085423152837
-4.863097068624452 2.561558844302651 4.327477622792948
-3.343278006584305 2.723555619941804 2.963784162140536
-4.20655927415265 2.626951064616131 3.8505403368749462
-5.201252032731439 0.8223995998600784 3.5417387345185563
-3.2837254825336677 3.766899190058261 4.226404704416855
-4.32117142114679 0.935456819863404 4.239121901255414
-4.733983965846825 1.6915478015333154 3.957449767400598
-4.5089683565690954 1.7232713941923719 4.212281744494863
-4.747268051523151 1.517581589538708 4.044160830985191
-5.228972373320771 0.9681522345397907 4.0436295922621
-3.3652634915604485 2.421220470958905 4.802809494127491
-4.856661811416515 1.8254350763840432 4.155932128608639
-4.8085685397613505 1.968529597134281 3.799878287886775
-4.394859714821851 1.528302652982543 3.861560978380138
-4.459694219636519 1.8265853000570618 4.546759919397854
-3.8506495657413735 1.7955253933315376 4.605167294056996
-4.67585402942879 1.9792952285799499 3.0193695338576028
-4.283424576505045 1.3033502850956935 4.039323445076503
-4.301577185350245 1.5738389051586006 3.223807933519257
-3.808227221859053 2.8230306124569746 3.68090033486242
-3.703861590949574 2.7690732306983077 4.166775092419975
-5.1504187281556675 1.6152044309550269 4.591466156189066
-5.132931281470235 0.6807652087703386 4.4105487692979475
-4.255227366696082 2.016800829139072 4.7340759740883405
-3.524635596412415 3.8518567382869224 4.027098477110086
-4.218995489703329 3.161467041122934 4.468245055744104
-4.912627765288588 1.7394191392694158 4.987419947922911
-4.586620420835774 1.7828916314339462 3.897658040052213
-5.127766290088229 2.0361622114061277 4.273252767042043
-5.040763789555559 0.49117114994643585 4.678978481096208
-5.402635708659526 1.6486897608446385 3.7453540792213005
-5.011824665360752 2.959872669435869 4.7630252309241765
-4.562620190441911 0.9536323531474312 4.430518674234166
-4.180032538394739 1.8837668947367214 4.158232715641101
-4.39558177366019 2.4951480042274503 3.970095528605168
-4.352213242843991 2.4964308315341577 4.4398850391819105
-4.511479101106736 2.5689251212470294 3.8156736189051803
-4.156197961460198 2.4110873245914766 4.708670591299224
-3.684966986633928 2.1682694382527075 4.3259984649491585
-4.185647405027246 0.3130238329101419 4.2840934391650505
-4.337577016637363 1.1059376117403619 4.71504837522659
-5.03199718027992 0.7204904334479038 4.810371486920268
-5.087378892295502 1.7349617167282125 5.363866242393517
-4.444286748227689 2.2477397211162287 4.826926630986525
-5.04588667198551 1.3808945864227817 4.4112991235398
-4.2771496431299765 0.8497209966103618 4.3768938638999675
-4.241548288881464 1.5514738572596538 3.589749559057183
-4.5461566635749024 0.23156943380620612 4.9752230356144995
-4.976819052060834 0.7751149804012896 4.4304032947556236
-4.466856946420172 1.6120829978720688 4.650153746050859
-3.9822579814271104 1.6862114153220094 4.2324818013145595
-4.345843932083674 1.9274818710582373 4.552396854636663
-4.287914813739128 2.4719238246291027 4.331609290028596
-4.50923019619584 0.9213809965735719 4.8082862302969085
-5.302655459584922 1.0766766054736354 4.119567052268678
-5.168844307255972 2.629401531283648 3.8928654288124993
-4.467413575288625 0.01909229994956895 4.997679719892777
-4.81467707815201 2.748983863946664 4.5129620208302255
-5.319738338882374 1.0067409506473162 4.62099324386904
-5.071283633774317 0.6139778130686594 4.440179270054724
-4.180150873674336 1.2254557478328603 4.24666729234057
-4.30891885277982 0.32060244855640624 5.235768944491038
-5.176431298570245 0.635799510530329 5.2470024772937975
-4.48345876611048 0.6346986985948141 4.45193481186114
-4.70453011718476 1.2450457410569784 4.399241444270757
-4.646233544033106 -0.8688500604936975 4.111336197614263
-3.932799977035528 0.5489831442846654 5.54699187465666
-4.386259503857871 1.8390386029520944 4.668549070512522
-4.868313193762585 0.9467153606874429 5.230387707803382
-4.679746548557597 1.1638776147986991 5.242182010061338
-5.180867481356685 1.7264076068350702 4.893196150179682
-6.531344056178101 -0.20123396857406686 4.480812766983508
-4.549441779438267 -0.2868280321629121 4.92963837640125
-4.302493306757268 -0.20821431816956704 4.488511108022079
-5.185384454756154 0.7165835065008825 5.489287485644533
-4.912008663368303 0.0076202741046965455 5.513361441416207
-4.579742108040164 1.887477606469187 4.921685898279543
-4.579265996278198 -0.9708984113797176 4.300129731329693
-4.709204666497865 0.30380584797173127 4.486633628573659
-4.663624968577225 0.47153894078593517 5.264055115477914
-5.554848268772105 -1.2061532072289558 4.821479717492471
-4.1876114764907415 1.7765910474308686 4.496946140212071
-5.133318995777659 -0.6149077775477589 5.0846122554714
-5.467883461156468 1.1304777373685502 5.592670016690029
-4.352075556172886 1.7154684896840053 4.931023970316178
-5.070573514493504 -0.6139632692918856 5.436230655301132
-5.08475384318319 -0.2638144257820811 5.205366346914187
-5.732471366836891 1.2941354552620543 5.106148942674435
-5.011564645085532 -0.6126764173900442 5.174803750303452
-4.066130774807065 0.647270962556401 4.990935695776517
-4.553222532115941 -0.07242828382498531 4.250118305482513
-5.95078266717489 -0.009149743404600738 5.432568973043587
-4.604735963216878 -1.9710247238625502 5.608135768785473
-5.01841387262592 0.6296263234541846 5.727015039694164
-5.468020354599056 -0.7997214214276485 6.096428520349196
-4.4949433663724365 1.6710926305392404 4.7875516509657245
-5.287323627064618 0.3939433440637674 5.160525915843667
-4.945867711939008 0.6482993501821426 4.806889056326776
-5.294719122035957 0.2577670959871275 3.889591291133934
-4.632068427760621 -0.5639263839223638 5.664266302161802
-5.118996756532273 0.7469139167313134 4.60850276575461
-4.59676355069626 -1.6510706024340618 4.642271447551282
-5.2160824120601825 0.46708011769347246 5.215446563369391
-5.099916766609348 -0.7145563298849915 4.189061493306794
-4.316850548161676 -1.6563880434419185 5.007807733360233
-5.02205007349433 0.46988218733228704 5.453702373980652
-4.725711291181237 -1.143455241341685 5.738878494409047
-4.501598775878034 -2.3502741503752054 5.336304967656993
-4.7275756886676525 -0.20672152220369064 4.495224333408596
-5.521304507187683 -1.085480195213345 5.417985964678048
-4.380833223256263 -1.5776011397431366 4.690111098031726
-5.761581021993185 -0.6506026538287472 5.376020829849345
-4.134321532943143 -0.18980773161064418 5.664765893361341
-4.579972634187572 0.5574342770221715 5.018595759320786
-5.029798756700012 -1.623611862023569 4.580671588574395
-4.813849004070445 -0.564255300497504 5.229262908173596
-5.203529854932429 -0.16185828602030303 5.127277822152184
-6.078769288167401 -0.9750244313044208 5.304901608270419
-5.2385705331303045 0.037072987758054426 4.91572997159715
-3.7529747849650694 -1.6759655292254776 5.547601801424382
-4.761829431131481 -0.3558992560815378 5.125959826302818
-5.1213342104931705 -1.6271471027593662 5.0084798301300575
-3.7990185985264127 -0.6566247190877786 3.917088564236531
-4.271409728825898 0.44927990316293387 5.449913387876153
-3.781421189616598 -2.6203583802210364 5.457735442241356
-5.416391906199062 -1.891678891990303 6.13524215395446
-5.411716221545728 0.18923926315692594 5.299570386163538
-3.846927315780384 -2.9433660860474937 5.331312100477981
-4.347554001802946 -2.33074695010028 4.989955771840774
-3.6024190000069276 -1.8435347367196064 5.072773394859411
-5.6457316889201055 -0.8241050384236028 6.186001660300268
-4.244599814162975 -3.7671010337861723 5.5922159849088935
-4.825547186700039 -1.2895841794502043 5.792485946429494
-4.413058264064927 -2.4081545398582467 5.443413111428698
-4.320444076887894 -1.7406999704621753 5.559495103136887
-4.762537608141618 -0.7420406782528007 4.619154214180831
-4.382157596849694 -1.635212085804246 6.50701075717275
-3.254118572704972 -4.192703172208499 5.82606211521476
-5.135347125997459 -0.6104488461263259 5.7239559462159
-4.4337520150853775 -1.7346544729105098 6.238517248959839
-4.488861471111214 -1.250743577987455 5.5451536304261
-5.269926438013725 -2.008293582351868 5.13074344145815
-4.708381885655025 -0.18479045788722048 6.123285102868503
-4.757852733017873 -1.5138841694382306 5.484753269730052
-5.5884813665185655 -0.9071301483743877 5.862672971287718
-5.235972941161672 -1.9054780805335283 4.7871609811834315
-4.2847577201530855 -1.6986268623401943 5.517929470371181
-4.119253407507965 -2.0365654123973624 5.609233542331647
-4.67699755578026 -1.9187980746757114 5.259441074851279
-4.862047792956076 -1.2102798027665207 5.3774144103134445
-4.502479830001313 -0.062009900998058046 5.508117802434867
-5.895846647170465 -0.7777066087514537 6.084949571334617
-3.195857933680809 -2.80759201806999 5.857852900733694
-3.953819630807886 -1.7829772088258273 5.5992735178867195
-3.4890929106146604 -2.3159090270138774 5.47395571718361
-3.6742304354326514 -2.5794078395863353 5.6212335375050575
-4.76133107111769 -0.6419694199640693 5.755764640912157
-4.847493323706619 -1.5693036616531666 6.45443094797929
-4.464898259369153 -1.5264156017896786 6.315476172153211
-4.217239982845597 -1.8951674184477252 5.781621473987254
-5.077913842718724 -2.4062584633037343 5.494743886382922
-3.6821559383002747 -3.174253901380542 6.159583193083797
-4.358811793980419 -2.316710033485738 5.668603145905079
-4.940943692734017 -1.1164755676868672 4.807409390015601
-3.6031648921560837 -3.430448612945779 5.569501678646337
-4.109951997279201 -2.939966251924198 5.690869457495414
-3.865426423652108 -4.013085852336328 5.127988917303835
-5.8292876420623525 -1.976735552809353 5.987551991315006
-4.956559504224059 -0.7275962223145633 6.28196749675187
-4.597486059578023 -2.505218893255552 5.986010819471245
-3.885914366205163 -2.016789496488582 5.342348507799009
-4.3235014048718385 -1.5986170459380924 6.044913985706679
-3.7137136070099284 -3.1537391505740615 5.786854750101378
-3.3440228506834377 -3.333838794894407 5.620812021752915
-3.9867216442571998 -2.8554569963513154 6.3676752873361
-4.4027636270238775 -2.249188191903053 5.804587169191618
-4.6780771640548355 -3.2128627479167227 5.8749854303761735
-4.141539269971215 -2.94732703773236 6.322445284140973
-3.9377846621732244 -1.738713653609601 5.7960750993167345
-3.59621920264795 -2.4478876579599844 6.273214420276228
-3.7168153426515014 -3.1942434794687813 4.835561405423691
-4.882039008815772 -2.241350479611693 6.309336674195814
-4.129011937650834 -2.687103895608585 6.26800525236698
-4.283127283180327 -3.1004928829943372 6.4555784843627615
-4.238276400612575 -2.7808801856963843 6.306055443053874
-4.5980843350969325 -4.739899655061927 6.641393853725629
-3.9366553888438505 -1.7008487375042622 6.26225098705992
-5.748125700089108 -1.7200206932819893 5.703358704312459
-5.100872729764553 -1.653112219839228 5.528927803146109
-4.862186556823459 -2.1568504423517227 6.057868191766749
-4.04880911082257 -1.912750201969946 5.165925110707801
-3.2186891801872566 -1.41338197447141 5.245743591944226
-3.970532145636564 -2.5305743798848375 5.547958465901024
-4.767035671299201 -0.7966257311893266 5.530093795857232
-3.033214831685943 -3.5225885743888914 5.785947043679221
-5.634970489894712 -2.110436271093823 5.860677060951251
-3.2870553177638793 -4.069195238108087 7.138095453628759
-3.8108745583988837 -3.2445049440877196 6.649292824068219
-3.2987827480335405 -2.382927421013507 5.626455222150366
-4.221127993513866 -3.6293143084768857 5.509647966146634
-4.252444989849079 -1.5331056603996942 6.4119558688838305
-3.647905847243615 -3.0690109342940723 7.372535835399154
-4.392757960885637 -2.6138350269077804 6.590502275807973
-5.175586917942729 -1.7974430750900554 6.320605481254834
-2.1222611407381873 -3.615224841936511 6.352665777525422
-3.4671318604717287 -3.669830154221645 6.570591858451704
-3.5880831423178736 -4.881279527722639 6.640447159756226
-4.47702731140512 -1.3386386722757004 6.639794485423232
-3.455645332487507 -4.115705300587343 6.064819971014532
-2.838770031811287 -3.145376019431536 7.446747597113337
-3.8505650043650803 -2.748943071189349 5.963402431556704
-3.7114047780939377 -3.922116596558505 6.923414198618965
-4.039468005744386 -3.0694113514305426 6.301448568595797
-3.9473547215214335 -3.0230638738502162 6.367986426414925
-4.080605668005583 -2.197180272714879 5.749237791931977
-3.3428004489798346 -3.1400187321667 5.488986505020504
-2.321535493069013 -5.052528661932582 4.893568681767391
-3.1800765754891342 -3.1387184176379708 6.099273702929199
-3.9799549106874297 -3.8016494677069796 6.848908314359741
-3.1809610879535324 -3.25162776977718 6.693510659402426
-3.6789116251599614 -2.5839210743688956 6.342845692265523
-4.649775383070269 -3.0915741851024228 6.159340995580763
-3.0254228430902157 -3.052395547934878 6.6109238959370344
-3.1287640234538334 -2.872312580936132 5.7544170765076466
-2.3057130509164954 -3.5120979956812253 6.265817270945772
-3.95066525644574 -3.3913147156640697 7.364388168783352
-4.504531957012688 -3.570275185789765 6.400350827123745
-2.219436764943101 -2.956739545038074 5.854317301558109
-2.3237054834198188 -4.518509183823215 5.877383160259662
-3.1197679646649963 -3.957018077321805 6.572441918268118
-3.772784078194136 -3.1141850607539805 5.870099528142793
-2.1071015810189486 -4.047469007642229 6.213878945284396
-3.8091330327753288 -2.397727431260782 7.040885673343599
-3.554953546840099 -4.588434186567852 6.426037056300884
-3.982637597479447 -3.2982108020632794 7.067948961086812
-2.260078680087617 -4.578738571816561 6.86428667510382
-1.7445310003058938 -5.003330025288299 6.860913260026491
-3.7824808513392276 -3.2290939804035985 7.080084578244298
-4.111495543002205 -2.7211739745345986 6.604012442578613
-3.3612256579827204 -4.987895800382874 6.848907957707272
-1.4551878813466728 -4.916971605831753 6.514615976951083
-1.3435104421442454 -4.365760190786428 6.760354002479864
-2.8524662311575026 -3.945268091347643 5.725946799872686
-2.74121731211766 -3.103920637293041 6.423593871044602
-3.1371060242267004 -3.482954690504556 6.996634756261593
-2.5030440943745584 -3.455770480428421 5.53157709118831
-5.15828035366094 -2.841845940684969 7.5839127736784375
-4.045301675215366 -2.5539552726185217 7.940377634402155
-3.54674122853286 -3.3921508399995983 7.171047491812197
-1.688301515025865 -3.842323184674019 6.646996441609225
-3.081762166392719 -3.9450611473127517 5.9547890262504275
-2.8333601031529896 -3.7173555952786477 6.20369541838337
-2.7064380501412355 -4.191433951614718 7.214152166861364
-2.651057468755662 -2.981707992657348 7.292553209898197
-2.2851602001379265 -4.386358693054986 6.7042804413211075
-2.18456043666454 -4.625962207559073 6.439934418080649
-2.5545663609982285 -4.641631205482184 6.066823938953158
-1.9072678096596285 -3.824387710843759 6.821143584578355
-1.91573553025425 -4.300360471594037 6.364898352022347
-1.983116059099062 -4.888796491321844 6.281383208221855
-2.0314680470140716 -4.21109121138289 6.506569969349449
-1.9161787247890507 -3.7622679229594644 7.117378542914668
-2.019703454441 -4.2420693762216235 6.002339475460229
-1.1232348261446403 -5.391371514514055 7.132386558182181
-2.7957833807358545 -3.762808379584772 6.128063107130106
-2.2599260725867327 -4.2383433856837565 6.787919670653793
-2.1363947114246904 -4.3246959601067685 6.988319355881288
-2.477979386832397 -3.739246624240541 6.600230834709959
-1.621994654566383 -5.17279251994709 6.695853112385233
-1.9812996837344576 -3.167507314519506 6.027623440555258
-1.985951218789841 -4.178882559963971 6.201739056803518
-2.5700923528776336 -4.917372745322601 6.670912215155237
-2.4506484885511592 -5.901809853126333 6.481759873439922
-2.52811381979426 -3.1381749996416874 5.936753008002734
-3.0278575159344974 -4.467717650760796 7.296786145750906
-1.1941906446147872 -4.359957891291678 6.101068359367365
-2.3384549235451 -4.125612419621575 7.690264470452096
-1.2866462739310591 -3.942805119731085 6.8201653324738265
-1.233174646750271 -4.797359746369904 6.332058497281178
-2.5247158204383875 -3.319149423303307 7.3075580180547
-0.8336241475232643 -5.197644186191991 7.1293157796816935
-2.400205097326023 -3.872085210528288 6.464664245338029
-0.32119065223189547 -4.155298200254274 6.475221694240225
-0.6726261586225013 -4.883288205459539 6.833655593397602
-0.0694921828987044 -4.818194836356025 7.47771363303584
-0.5996882023409668 -4.859074776477463 7.170638682813807
-2.03448104142912 -5.558281930610021 7.452653685549845
-0.9015861598433693 -5.2519243740432024 7.143581656428239
-1.1257832999140198 -4.87451504950575 7.3624407646180385
0.30474196900157197 -4.72502075520794 7.198579729637347
-0.3281032726977071 -5.5260738872428945 6.427640198188461
-0.5118661827199641 -5.027052210806772 7.454802414005286
-1.745385488808436 -4.160269165403515 7.149840366721361
-1.0648838513172536 -4.277904708393372 6.474949327282994
-1.4830183513908124 -4.341540432069585 7.128287169847685
-1.3872437206005424 -4.656067472330487 6.981035539428145
-1.5246310217043595 -5.293144740890565 6.90792890672683
-1.271323356264714 -4.70113821884412 6.753732344604245
-1.4911339504988919 -5.412842009318359 7.24191038296882
-1.4512610816183458 -4.902711300849171 7.8529318860760675
-3.4695626593793856 -4.4137059022313245 6.768911111020826
-0.2448512319018326 -5.113579426879646 6.645262172279528
-2.52594560237644 -4.515654125587541 7.523135424624534
-0.47864433735441786 -5.369233632777141 6.750881920343451
-0.6577784865666211 -5.371094463541613 7.084423588517761
-1.210606039269039 -5.051779835547144 8.041406873457325
0.003168401415702327 -4.492591473270328 7.249482908445877
-0.5868723404451769 -5.162532371480542 6.939634806501474
-0.3786379879218575 -4.642611829565392 7.865500220737644
-1.0206171488980342 -4.876684531778062 6.487330844116881
-1.2268353642541472 -5.678985316271535 7.010463813452659
-1.5673573381275752 -3.8422481135853435 7.06855063439822
-1.6373465738069546 -4.810159149682333 6.449063931219927
-1.7609762536720528 -4.702526294682637 6.408913084212592
-1.008041670115328 -4.537918343859677 6.900472028330367
-0.5640913213238657 -4.481487532090383 8.051703573614247
0.28917690380069255 -4.515780251950111 6.55598778541448
-1.1593257158291224 -4.621658951610542 6.751247797345584
-1.417023126576495 -5.779160235655297 7.119864198319784
-0.4586160180196609 -5.078463948186948 7.822870469531662
-0.5810447740285752 -4.750307118698552 7.891234859110351
1.309200636890988 -4.264537546798352 6.811184058472502
-0.6464234735695535 -4.736925479206244 7.766967741144072
-1.7292464942862522 -4.826705897998924 8.123299962211679
-1.6574025662759455 -5.7026337617958704 7.627592836461178
-2.5128885953024938 -4.2900929156396055 8.142271008421663
0.1867015318875795 -5.48380535177558 7.455445598421665
0.232924748644263 -4.918866893140085 6.333733487890356
0.292408937635286 -4.067432698575417 7.337170894178544
-1.0023487430776832 -5.077586039922955 7.768299638044813
-2.0807911225220446 -3.8230320960599733 6.762775674790611
1.4257166797506686 -5.5477427980122 8.13412646140728
-0.3704974144040789 -4.458865761932601 8.039524543636956
-0.8522608048867889 -5.240522843567893 7.43251216560803
0.30442552756031244 -5.553198373399663 6.738660299024408
0.08727641993640665 -4.787281192504998 7.809654891721456
0.14377096908015288 -4.675114092554351 7.343388532416571
-0.43901973692296586 -4.383362390987525 7.093868303796965
-0.6188962632018535 -4.860331913772354 7.670795086458387
-0.10660436963306281 -5.648810533720299 7.39909684680959
-1.6800925299364364 -5.3259284681255705 8.300904451435784
0.10968122079572985 -4.724771841588257 8.536953976612438
0.9695675564061483 -5.315157452425171 7.881227581942584
-0.8797792128409809 -4.998268265556147 7.584326574525692
1.4577671599909319 -5.1982987364579385 6.980181575707606
0.30360719805096775 -4.468473661133229 7.659764969270569
0.7162595007296572 -5.1594945701595885 8.273954275100213
2.09578630502999 -5.664659890300891 7.695163388712754
0.5104214998846074 -4.154583527918497 8.77843752707771
0.0794347249111198 -5.65011012527119 7.274438515081114
0.10628338180944756 -5.131434668886001 7.337082770275228
-1.3200428445570926 -5.387203394665548 7.2399020514670545
0.9007068741278861 -6.192549709569719 7.497416183651559
-0.8823456416536201 -3.3645491540296013 8.184960756231561
0.18914983554173656 -4.9084406251157695 7.211631540330997
0.769800982919126 -5.837773156198888 7.571456845505845
-0.04857810250125453 -5.4529253984537975 8.163176712471103
-0.7324863266176419 -4.444094693068901 8.0123664868433
1.2787735630245642 -5.084821794704937 7.273312877379899
1.4936658287166658 -4.987225168604266 7.007384231371974
1.4332821568857392 -4.901105069935383 7.6963686966967035
-0.43098477402431234 -4.632779631197183 7.5244994899079
1.0192724926387697 -5.537005722358378 8.203343503268993
1.0842434587059482 -4.448304643330083 8.31331434542662
1.5674675129734548 -5.240445715573258 7.395439124715183
-0.40472067307675225 -4.768439767486167 8.772298536312896
1.311448492099627 -4.646959509793246 7.567108638742967
0.9302023507864073 -4.301909113106951 7.741053775615691
0.8020963463170684 -4.818741605252355 7.622355923781807
-1.6349736786880205 -4.087851498682815 7.789934450639043
2.0833707819297667 -4.611794410366677 7.659948250698063
1.007075529581856 -4.7952850276916195 7.701088194171384
-0.07408533048637117 -4.605691462475156 6.9682773048974225
2.8471376327646953 -4.671482858592016 7.243321611249469
-0.1509150458634555 -5.100766218656897 7.818810645516291
1.452304259792974 -5.006523051039563 7.325874603024006
0.5557676194337939 -4.469212985537437 7.594487563755441
-0.5685095197075725 -4.265856487867781 8.10332668770208
3.5404712575572446 -3.9969626176290043 7.444491652383167
1.6821863973573334 -4.483235290378974 8.500276542840679
2.2754707520802326 -4.82068923246715 8.172738323446245
1.5199793903448078 -4.774647895600812 7.677546261214524
1.504321730736405 -5.445995415147208 6.559278519160829
0.9342743259310422 -4.3908816201429035 8.285734264373806
1.0617254947768286 -4.444678478538486 8.817010905031033
0.7314719895927501 -4.646357582638087 7.985438312019751
2.257860231240916 -4.286583337663956 7.754032245135401
1.402995270348542 -4.811706123489844 6.957249755274931
0.1531986078678483 -5.102460297276499 7.695184546235151
1.5223972233508654 -4.496402272588481 8.327708430235553
2.317580881658934 -4.156850403111496 7.8555110376059
1.4548419716806635 -4.743434450835454 8.030211742370012
2.522412866981051 -4.025930718848517 7.820571998312915
2.904346498143792 -5.040443711156568 7.5995433808039845
0.8023940041165093 -4.907787733203975 8.84647925784757
2.3785875757282375 -4.119457263870215 8.512148025541302
1.9526170429331138 -4.599889632497267 8.025518582097492
2.3052134719257795 -4.140192008139803 8.321626169557641
1.3635215575014614 -4.2597447714487275 8.270809111051383
1.199742246790186 -5.6012775175389935 8.347922674711503
1.4286642021596982 -4.686624983090482 8.24076511934861
0.7758505142478199 -4.766683444702092 7.75113637069956
3.2668546708592343 -3.488277783669875 7.655063595469039
-0.644212828917837 -5.268242750267055 7.442666839765019
2.2550663409185328 -4.643819233119178 9.02569349148128
2.213266206859426 -4.397099730286007 7.691204093760562
1.1969051560685242 -4.304129141489373 7.923537083175956
0.28172965899083297 -5.838725152668227 8.965470444412219
2.153386143144355 -4.574733640293575 8.333329559187627
1.4334748600526437 -5.417015568508605 7.860577016617222
3.420041450745335 -4.010950968537814 9.322158984669757
2.222188057684686 -4.332149733366923 8.025244717070422
4.035973440334736 -4.048374728090837 8.197700204447706
1.238846056982974 -4.832010633973563 7.948858480594009
2.3221941436204756 -4.582134015276201 8.377733588482512
2.1313315069765015 -5.146170843415928 7.810174866501637
0.6499306337818903 -4.1149945574242635 8.694372723954169
3.7765491988927966 -3.5142918617607664 9.52158925627137
1.7687069078298872 -5.55219019949766 8.645269250870198
0.9411287521580192 -4.428125215440203 8.13153293712017
3.5790286968387997 -4.458292988526242 9.016836104100157
1.3344505123051211 -5.7151552763266125 7.965675584035152
3.7128219916866665 -3.29303465070733 8.67941571597972
1.7938608429738476 -4.156981936310973 7.6782590434061655
2.9171421235070656 -4.342463148811858 9.270111766786549
1.5597530452006465 -4.650235957704948 8.688509993504786
3.4367456097979883 -4.276926858932431 8.909429476097749
3.964788126439308 -4.076627263521815 7.718153577103921
1.8680565632662882 -4.882959775872087 8.090006753840427
1.4711049657643358 -4.293362992340247 8.321776969241972
1.8256632465067695 -4.704058379911245 8.337934203796046
1.9687784536503223 -4.573820771388153 8.162268846289152
2.359490873695255 -4.771680759302363 8.930348790312403
2.5730858855676266 -4.57814707039129 8.231061046635645
2.7046254078874865 -3.5182780484244756 8.752418951916608
1.9806307858040137 -5.086704555989626 7.618593848278498
3.721494602017974 -3.419992023899303 8.407808474916726
3.3118372262953404 -4.6038749402589065 7.453634089209235
2.012987529270631 -4.551981600590039 7.999613367924049
2.479903255110214 -4.508913198916295 7.942433599919736
3.368494147591835 -3.6363802203370907 8.756332347297631
1.4901964386083977 -5.05186796343109 9.018966486324167
3.3644675709144534 -3.6704874630310007 9.45632516965501
2.9614229912731154 -3.3658969063343878 9.047353916531693
1.3952393961337506 -5.377053056512182 8.504533078776355
3.996481232286678 -4.191554251552293 8.208612804113983
3.6698813327123805 -4.221745008535499 8.319048407497228
3.5124386295825523 -3.897063841701448 8.494963505085657
3.6191953596610293 -2.9250710757595293 8.296273622082712
3.6782327810074333 -2.996917138659037 8.97626761232303
2.2528951550345395 -5.360764621733225 8.264154972588926
2.542860297782697 -5.0278280045013215 8.381445060384138
4.261310843993866 -2.6104566300636525 8.95408810816437
2.5700678866014006 -4.670904030293639 7.391468341109938
2.368000202814633 -4.411010377769205 9.049851391507476
3.8424573323672275 -2.3957263014113166 9.038127592311406
1.3992672793301841 -4.187741015724347 8.503641970796195
4.444354461767365 -2.1394756845635725 9.425675165426432
3.4983322164226025 -3.1800891034950287 8.371267426532448
3.4314094864836413 -4.375634433937604 8.369770680315264
2.7905527777029793 -4.091719529687955 8.889134747001682
2.522823355876785 -4.304131136446321 8.620499984123546
3.5803409253902636 -3.0329862518724835 7.962297287676922
4.4239363933405365 -4.208290679430751 8.269693366358764
2.8155445065538083 -3.6665232357622966 8.18828574711769
2.909539731075514 -4.708781446139476 8.945747927607353
2.5799317729947298 -3.460526101461453 9.188764599751611
4.090066884975199 -2.008827497219547 8.339800139744549
3.866471498367679 -3.7078141763379175 9.609167089924233
3.1487210153658656 -4.311842538143104 8.877689953936676
3.7584619714278036 -2.462728598813905 9.413507027804643
3.5553842366864403 -2.611925031215488 8.56689526039014
3.998543923491047 -3.5767517677597054 8.116867355073282
3.7998362874327656 -4.0939663861373425 8.846948825437357
3.3360385178279537 -3.2165182213633763 8.38167196524328
5.023559329308127 -2.5859420851343735 8.317383860736216
3.904915817508915 -4.399241057655764 8.495870301489914
4.234912045715594 -2.8292943368450696 8.237738302985417
3.5632893764662237 -2.733851511429439 8.987736426746636
3.390440789262237 -3.4349757201147386 9.630245261732194
3.559340885926234 -3.24534381946682 8.99187835343363
4.075017349286554 -1.7799075319823972 8.893842239235864
3.94535355209453 -3.0133943590070156 9.064526321589561
4.097468840246148 -3.1493472839951324 9.990449587212268
3.3799435650049365 -4.158420676847702 8.838671962624874
3.0492505983660165 -4.361609384786361 8.524298300009931
4.534082845334695 -2.3610157960095277 8.52303408161786
3.7530664267945144 -4.0667866627752645 8.49404639094132
5.177319914186235 -0.32070366793214145 8.849385946019673
3.595345646744251 -4.002928369298512 9.275920140087015
3.9880084103823337 -2.525301146402198 9.483117802913348
4.614070167980611 -1.5829249970850063 9.035811020623807
3.6775653140546423 -3.546488079990773 9.276293910545917
4.394465510791316 -3.2698947510305016 8.336242031247506
4.377752901949434 -2.7361697978048394 8.192477223350831
5.152988649272286 -0.8465656949622266 8.943924550322969
4.128619998940829 -3.834875865306511 9.690472092914163
3.20473241629371 -3.2253538181717225 8.940611959980894
4.614667214520958 -1.3446791172052794 9.285492823229626
2.9742486565450927 -2.9615863229969612 9.0078567203519
3.8011400218542075 -3.4461541016193813 8.410194903282044
3.966448061413312 -3.0276579331481193 9.260816328846515
3.936551747408092 -2.2441056160306654 9.169918736018891
3.263907897565729 -2.624785332679678 9.6147875237183
4.215425413608158 -2.5127725836870214 9.557177662629119
4.729795984212936 -2.2661237582978853 9.591628317485688
3.48433385467325 -2.2267642639458405 8.95371681092555
3.511369143890165 -1.5926135059442577 9.10398980126445
4.0364981922070005 -2.325016441571663 10.15537986499658
4.45031523677364 -2.8328831598894837 9.224708822309232
5.132767094064087 -0.9799480242838168 8.988071548237363
4.85820056584372 -1.5029392772854138 10.105083959480071
4.642692493502043 -2.0614331559355765 9.37402895436731
4.307527674589675 -2.222812313399075 9.277611589982154
4.32273664134551 -2.2123059935581084 8.553340706083763
4.533419939335787 -1.8903616199251276 9.417494013210248
4.5841484181764915 -1.1547919809471414 9.734511670201401
3.7664759389174987 -2.302462669594188 10.633803880687449
4.4312547201159855 -1.0455862753643448 8.856820657915524
4.513606516121151 -1.8411343412990946 8.36140436963735
4.341742578686202 -1.652417117347796 8.472217863584918
4.331836645102328 -3.385555982615301 8.94829925480165
5.615392135258725 -2.1654943429326705 9.780648183661512
3.935548722166816 -1.7635015405347472 8.607259567416989
4.800920456717978 -1.2838828950884986 8.744363823638318
4.582341536464921 -2.144421951844061 9.607323286038358
4.737789363902686 -1.8870207355410749 9.50442779913558
4.214669369395402 -0.6356130950954637 9.47069911540443
4.193011592464009 -2.3222235015691925 9.363506120833012
3.457599591109741 -2.195514108978485 9.13520110416483
3.9158087580611265 -3.2701723579352446 9.378851125466984
5.772303444580884 -0.455526326925692 7.352121145840854
4.953004919303648 -1.2117653948505207 9.791923585976456
5.105837336764106 -1.158439160858489 10.141993614699919
3.798554021013195 -1.996388783851155 8.92887533233258
3.321525123560762 -3.262030222774283 8.98507319357375
5.322632153818216 -2.56350614744662 9.185759849657172
3.220645882663363 -2.1043505974967673 9.203245720743727
4.833082919414113 -0.558597871503201 9.541121304015375
4.151373744739895 -0.708069256935816 9.864458226041117
4.2714578981575455 0.6462016074049868 9.53902319980436
5.1579513661895735 -1.3638426587466195 8.916079351753444
4.927518998522322 -1.0573786686862636 10.978425776832355
5.6528729314912605 -2.1496245519787465 9.437144384573164
5.651735568518006 -0.5931814587308419 9.225140269859473
4.35149265897947 -2.124654712157541 9.312890277503056
5.491287013808082 -0.31389189668571066 9.530988599713693
5.453814123719737 -1.5411764145445712 9.725638315942449
5.128292736980769 -0.8266185504100784 9.369446933467694
5.122973333185838 0.20994357864458627 9.223101323200401
4.202108597203934 -1.1404732137339937 9.153230869881915
5.093193007937544 -0.9556164975686212 9.845615184229244
4.28065756103957 -0.8725267660370742 9.228977184989752
4.442391246765402 -2.6596569702919353 9.471195656517564
5.0041360987451835 -1.8424062192209714 9.656649119400894
4.595776683725606 -0.5375080181565577 10.179431692032622
3.9323026360348283 -2.939756317336009 9.722327128445627
4.581321657127237 -2.0262632734492803 9.576712555581777
5.012617913216083 -0.15285747523650517 8.910006095126716
4.966354507969167 -0.49282076224691934 9.273124764505122
4.782488363608981 1.12520092034436 9.743790033768546
4.096947077120183 1.1659914468157702 10.102188236499446
4.422921982909514 -2.4771663205892316 9.987943456258673
4.882936069603763 2.022429363902275 9.1101884843148
4.114676223727839 -0.34482457533179356 9.653411965518542
5.049763815695611 -0.8991746503316064 9.79555856322804
5.367240305503594 -1.5308791042093879 9.413369821842391
5.959366144954187 -0.6701645338665739 10.027891765084844
4.524801227045024 -0.9425002036508685 10.827235391711726
4.15505230093859 -0.4903912759082207 9.41356773133231
5.598468162843025 -1.2000867418394934 9.391605985961977
4.142938785850816 -1.0572176772110755 10.451696703160918
4.181725705821551 -2.3995763650931647 9.048574083534868
4.917129941848568 0.23041047471722587 9.498833287951891
4.742444167211368 0.7809597099659489 10.015765298960392
4.55766104702764 0.6634130726898635 10.365390593363683
4.575438037443331 -0.62778885069676 10.180436523348797
4.688767695853376 -0.12371650117824294 9.354754011002766
5.730445413413194 -1.0817346795092353 10.47606312253884
4.754740689463658 -1.299787650978622 9.954911603686726
4.858450257718745 -0.4763354380536781 9.7253326699087
4.429709781151614 -0.4925072662284567 10.647444133907076
4.889370752687392 1.0996215053166702 10.806030943071
5.199243396449398 1.1689974082556127 9.667593000906407
4.638431380997984 1.96812245620409 9.703323363749755
4.626676418137105 -1.5588361597396314 10.295511929875051
5.331291213830357 0.94173381392105 9.755435710930719
5.3526958859357325 0.9719726598295272 9.590322820692041
5.8676959298922595 -0.2757881852563823 10.390337322583214
4.570777829443913 -1.5310794671490189 10.659475767133024
