4.079029392595565 -0.49776692846425086 0.48575433734750084
5.621615317952454 -0.572717521110856 -0.6826066806838261
5.605778265980015 0.6732292521136386 -0.021878070019363514
4.266300446759816 1.1856468274667233 -0.49639647570409173
4.280381136732354 -0.23476000421549803 0.3397580684975076
5.607808801868914 -0.3599937783981344 -0.8596228156847816
4.63889284418086 -2.3713496663673688 0.27269252387634857
5.129235370151222 0.9226380521423346 -0.3686026731381752
4.776431178985105 -0.8203214357489137 -0.8279586914363782
4.424466905513955 0.34220866081866663 0.14857202245366688
4.2547236506032675 1.5447834267890144 1.1837704113139513
4.235522097018791 0.0164893212744879 -0.08130400370183916
4.442515412323544 0.9450474332048775 0.513470276824474
5.546790298120018 -2.0251731040450665 0.22790248155750653
4.967961573002198 0.544884675701342 0.5206110880633072
5.698484437729008 1.3286581319472734 0.5953309761912283
4.7477257805359345 0.7169936312287971 0.3100444928302392
4.617622279926721 0.5369347449501507 -0.3847909354925684
4.111654594443136 0.9315670408207104 -0.13486506827179529
5.1321839880769184 1.248303701184964 0.937386461590872
5.033673391742725 -0.9980276615743 -0.03410667249777066
4.262469345178081 -0.5894108906027415 0.2794862896547072
5.3115584108250635 -0.37453876974099176 0.07566544682661314
5.465478158456163 1.4033013351131287 0.3201778534582137
4.648439663614276 0.6710564612879021 0.6150185265285002
4.256751411450926 0.1825887182145955 0.5648584012211784
5.920161311684729 0.29575214317303045 -0.8467344021714271
5.812118157964552 0.7161770000109451 0.226256970500817
4.540332356896871 0.4340470011855132 -0.10651767651245386
4.760477120776441 -0.04111349955962587 0.5217839100038689
4.781544799719735 -0.31084726726992934 0.22221801043614825
4.6822932968416 1.3997966006273423 -0.016759810607647363
5.506675769007412 -0.13940248017280538 1.002303137205441
4.934849445387909 -1.5540860451560574 -0.16373126789900438
2.8756426281411414 3.0535564107856232 -0.327937316246185
4.775864990618581 1.3261493963230977 1.1686039091830138
4.54240000526619 1.5141850789035458 0.0021450624097559823
4.0616124769355375 1.3775578390031535 -0.2601909187781435
4.85026389373647 1.418272571586113 0.13799249554201304
5.440404969553295 0.9391575851017886 0.060320011697550524
4.687289263297237 3.3880511637271113 1.0377071182293809
4.459570139075904 1.900982181768263 0.5860121611210921
4.533627301775426 1.2531995856441231 1.0202634068108147
5.405095955267577 1.8578262152892846 0.25223673017858456
4.33554124920355 1.2974834400702038 0.5871916382665814
4.435159906403419 1.624725964166913 1.0386047063398351
4.858807777311561 1.8256067409770589 0.2883268657279397
5.396856489051263 0.38551763659459776 -0.06640940242376081
4.732766882603849 0.49347275478211483 -0.14272024021637963
4.358387801753144 1.3947033948443865 -0.16327170781605105
4.203705077532902 0.027450790409393095 0.11570116964762289
4.60882372967809 0.20875484544811235 0.9497745054385373
4.352229045265788 2.3584241267668373 0.9353826288082217
3.6037612974013142 2.447899863720243 1.0359404226185187
4.736944291601985 3.2792348313509256 0.32268882206045146
4.67063444841833 0.3336878457678517 0.4672582395809649
5.711304059490596 1.7105837222022708 0.42933629834352716
4.888615928103181 1.4174954958594066 0.5652042576520259
4.234405925923481 1.5868367428978596 0.2952213206753459
3.9761202126244815 2.801283861283764 -0.12489097962988238
4.614792936880419 3.1375285267403386 0.7396427720808681
4.691582796460166 0.6820176804631262 1.542689833382882
3.0784743192985817 3.164308568412967 -0.2866008484100494
5.060709536979679 1.3780802726684491 0.5550763092448469
3.7852475800530545 1.1205334877334876 -0.22226582415440255
3.737299846728047 2.0501138588469816 0.12116779295197777
4.11715027782435 1.0705063194149869 1.6618799420706294
4.345072458090938 2.7506420985906517 1.1468984351001978
4.926316384005706 2.0232723990976975 0.10217151485946419
3.5434845517715514 1.601937424367133 0.2661341024142405
4.759991021705441 -0.4460294721490545 0.28849324502382223
4.146549728500914 1.9953135065519367 0.9746971001716973
4.856295016410397 1.5720087407392094 0.04944449418315122
4.773799020438889 0.9187296161511405 1.156096615059158
3.777304423551523 3.5330150839983543 0.8870541491060562
4.445559010357513 2.0993063686449154 0.0630414485812727
4.124860511046548 3.250520423697055 0.5115759057755385
4.8995684704880516 2.0514305733823153 1.3829242740124152
5.029404831008331 2.183411056764425 1.8974621553100541
4.400082549597836 1.743972644876371 1.1153407318840283
3.584559731980446 3.917441615184751 0.5871873173857662
3.114935338507445 2.4698371591282946 0.5542623897479727
4.11267476940312 1.759918246675761 1.3091603308191877
5.2072925786519 1.3738334148572737 0.8240440452578025
5.034756999061567 1.7675306344050268 1.8068217148395274
4.476862235568347 2.941714001463769 0.5770237314086292
4.1609263180361 2.1032317726541256 1.1011845433583478
3.819555156037791 1.741759490555746 1.5395257068004176
3.7436215839635314 2.4409672674809806 0.5261145532708889
4.119009756036804 2.3909621270843378 1.1778436947294284
4.1900089808768595 3.0617970917864166 1.2216985763095307
2.9990842890275857 2.650710941719999 1.3726976004831184
3.5977266703804105 2.8349660091681996 0.9617186789776949
4.217590552168582 2.3107859137440063 0.9868565506825012
4.31977285599748 2.7169175686073683 1.0457789533660913
3.380248199995516 3.783158836678507 1.2579665476532593
3.3604079557584567 3.889845862596951 1.4718137813261367
5.140749524230099 1.576901719731508 2.055844456536092
4.447408810497974 2.3767449911235414 1.7258227857426962
4.203236825670823 2.943054605959224 1.3568198396700188
4.834767365449218 2.4232816246942543 -0.46582395379729635
4.2576451684621395 3.3618205190979404 1.425568791448074
4.199146717410143 3.2463519056116903 1.411471317504045
3.9462630489897106 2.4873073662764975 1.232390319335839
4.099344782516016 2.7705216193672557 2.261775718216118
4.760592730766453 2.1920310670199603 0.9817126736693098
4.43633469365319 2.6507293612739216 1.1423387258054716
3.446406560268902 2.959368798716303 0.5418134573409504
3.6414861989246816 2.6869275591919064 0.9718626334093943
4.16573651219321 3.6382909755410124 0.8060676741196466
3.1503218176172236 3.627291872856793 1.0571079012484383
4.2809886475585115 2.8641389293926625 1.1660625416829586
3.2235287360009854 2.7598747389387377 1.1584257314149
3.267008186029437 4.531984427475742 1.2259274699689835
3.795233966456096 2.157138611324255 1.3652337018859977
4.793235250934616 1.3157912769309796 0.4900475582681597
3.831236548093681 2.446359414051711 0.9018599290286071
3.3026136484738067 2.110665273007402 2.138904353185035
2.801293915963567 4.356481701305149 1.8959171327361606
3.7005080633185834 3.2484527592687122 2.0091955908892523
2.344473465273675 4.632677269177987 0.8585740333915031
3.038973812704282 4.161042736224673 0.9743461315105127
1.5600924327725136 4.499531902789345 1.4680474568882682
4.401027144207547 2.3200603033394294 0.08052143251466393
2.8286534532386303 4.145482655655982 1.483771634178067
3.6496065512809204 3.1392796996451127 1.104604708736376
2.936343249339189 3.90287410436526 0.703346935865726
4.071847893721485 3.356215462272496 1.592889317285792
2.280566384152641 5.221059152096088 1.4922263764907973
2.3382086522435603 4.229318752307017 1.4174480894187678
3.5214717868999212 3.5238083099469866 1.6712538063167188
3.7107115687064947 3.0680286626209985 1.3466347147355493
3.596545195793207 3.9866035718693906 0.6388824228312369
2.1427929399762906 5.4391309686048 1.1974545867653617
1.8707085627770368 3.8669939728072977 2.3659521665782406
5.034266709032706 3.013323910267098 1.0314281793351265
1.3818009783111882 4.627939883700221 0.28358916886554053
3.3874199463991577 3.682212465437405 1.0545808456031556
4.528221745684778 4.689143195146707 1.5981478087716607
3.9460820519357283 2.601816450971212 1.2518582603869755
4.4609557143383345 3.849868407134352 1.9619914580851743
2.8958625324396476 3.074039291544027 1.3955453779002627
4.700716028646489 3.1373634159011763 1.4998179567339645
1.4750773866194864 4.583008322417826 1.8615867802881128
2.982487331565976 4.214414862185812 1.8108419714843662
3.3330742174984413 3.780282093151106 0.8097845966393561
0.9999050790193447 4.786483265552459 2.052851394996114
2.9231993147368023 3.849413257613401 0.6728836907493283
2.8394702385532127 3.319997076010497 1.656127140344055
4.20678059327865 4.131546523021811 0.6851036491870427
0.9368221600797495 5.650015989309218 1.5134560821502727
3.8239103389983136 3.4500297893179823 1.9867023928145755
2.419066017665723 4.314469645638441 2.4710699068984985
3.452571177694617 3.937734617172836 1.7224156045011083
2.531065378421085 4.39970401839987 2.1605100886177553
2.5627769558063638 4.8029597944144635 1.3503625537829915
1.1644093478269761 4.788095204471158 1.6465472100739251
3.4367206288137213 4.34158877982689 1.4329698020442387
4.133171200681188 2.9412716748235255 1.48231141664801
2.1492165607703324 4.53069756618089 2.2057338607172086
3.827802315942978 4.198638800142728 1.1771667778066683
2.685705269322268 4.163810595527203 1.6864434142958042
4.100387536083851 3.2173633514290945 1.1644333085587102
2.1902902045370434 5.555281621288279 1.967412582789828
3.166638546254919 2.402817638049751 1.9160443659950999
2.1994663341359026 5.214283860998064 0.5596272595531337
0.9394240599930197 4.952609150939474 2.426823592465942
3.0335698777653435 4.0608973109587785 2.751733608293791
2.8262009026606734 4.927395737678776 1.0380888224409281
0.4375004057844955 4.1333425675223605 1.078405030658469
2.448904205002968 4.037812010559698 2.188815866436132
2.3817841957777377 3.8785608402961254 1.6503572845289038
2.9719874955458034 4.251650460597969 2.3405364371277777
2.512307801451685 3.8195183620016495 1.3666157878990655
1.3095634118454065 4.155800706732424 1.6960124755676147
1.5942819741786418 4.309415946504952 1.0488704367619945
2.2957303430685037 4.192696781601121 1.319115045409935
2.401570909461091 3.7287137882746544 1.502672334555435
1.5678524056312537 4.444368597532132 1.4430143851879669
1.002848107954523 4.694473999883866 2.069165169977003
1.6769526672599506 4.45494047877321 1.1622389828316715
2.2682162894896924 4.677448886223092 2.115866435360692
0.5764642804704444 4.9841268613683285 2.2234752745246738
1.4449346598428865 5.578188858524826 2.045555273445519
1.466979675373219 4.838808676652255 1.7576843377030202
1.9806066917597849 5.41603266148613 2.3113589638573795
1.2492603551258508 4.1146145979299735 1.7546699758901272
2.7251493654876247 4.465650395192182 2.2016864084965064
2.782075770618903 4.928906470413177 2.2868953877833262
2.7480369435251633 4.428568422364706 1.3338531473505282
-0.09836833820947868 4.824762956552276 3.1560181077322245
0.0969894745161177 5.344494926923838 1.982359310078247
0.48379358018090857 4.234234146775964 2.583276068305687
2.094682947816464 5.501593035750876 2.1130176568594
0.2690731783199676 5.430707269046978 1.6694778988897006
1.7180972404178685 5.370282191669173 1.4671470668304287
1.3949688583109285 4.280706881715969 1.9849118755897592
0.49494167562108143 5.012727082331565 2.7114309198220417
0.7301712884609617 5.261012315562552 1.9401100740091644
2.2908003371339247 3.9985696579915517 2.990524851044893
1.8277028748622197 5.536359477390933 2.56951974263842
1.5727949744687706 4.513526332716716 2.118780576288723
1.607767777164572 4.290355289331976 2.1505621044403105
0.5235497084909295 4.698785965481966 1.9039536444194418
2.0587514071277724 4.1786132775244 2.1543153886159265
0.08384954585761167 5.013739545974121 1.6958240587895372
2.7346439750269567 4.666188502826133 1.6414370727198877
1.2146142072793067 4.833589840014776 3.015286535984412
0.9841465190961077 5.334809536327709 2.2618191255793767
2.372153944040312 4.62641863132919 2.1951227299124096
1.4260847526233273 5.01800199998204 2.526346414514144
0.9463506614647217 4.81203468712879 2.9621869598317354
-0.897364263285866 5.540183720034932 2.24867452420893
1.621372323118937 5.352453505921413 0.4843344165747685
0.8978669246014943 4.746469227714552 1.9068002265603496
1.2169805371586115 4.837852236613183 2.562534003425747
0.011564448471794933 5.126765480941948 1.5092366590694057
1.5906156104241336 4.94405175674743 2.2042986111978085
1.693472611663718 5.599665966993919 2.7336282172620763
0.5996519041789262 5.485234619552792 1.8718582940474018
1.2055535925693852 4.797756690793734 3.538702016353455
0.2334875879880821 4.758736642771516 2.026904443159872
0.1622374400115804 3.8535125577719143 2.915850158042651
1.3488427489373636 5.215414756205072 2.599093686683645
1.316920516669624 4.161769477078499 2.816129433722528
-0.3843630074868134 4.845422893144832 2.410535747032898
0.053749883882772145 6.266582231171347 1.7696062534263042
0.8664881688044853 5.919572035482981 2.4180483373617845
-0.459964225313017 4.926005206014082 2.4574861781673554
0.0365431318318398 4.241329078540119 2.33876472059908
0.9218093518127182 4.989859320239182 2.113323656563021
-0.19667946953999185 5.548835001899747 2.184126181847317
-0.3394472756853513 4.032005464044455 2.272502313598768
0.08397567209162216 4.797497898559009 2.0491753846242546
0.492166268355159 4.900776996217574 2.697620667404178
0.013176328835250838 4.386568490777569 1.32004134114036
0.036789720028796734 4.214909734177233 2.5330291920324126
-0.14800974448096132 4.7727253845436275 1.9116329966568837
0.19343629160496087 4.7280166951540945 2.4488924434021144
2.0058291485772437 5.56651272027565 2.3947485034729277
0.6331111657155656 4.1160848665844085 2.024542539869123
-0.27612270900851965 6.0173882861426575 2.7101300881748918
0.18730913737923885 4.662499455023931 1.4087377003413282
-0.38383433753019286 5.858943465754725 3.1053759963150847
1.575539440932354 4.245872073924225 1.7006026756913863
-1.0166843156943908 4.102839500839839 3.0756857083371507
-1.9094703121812875 4.840188887603311 2.361099458617186
-1.4809095832303605 5.499843371219724 2.749035447364134
0.13407552121376407 4.376316526270722 1.8801227612386022
0.4730449775236653 5.241578401382747 2.2877019360343787
-0.35621887691401477 5.086340404022015 1.554285039949002
0.7490446161395966 4.78538595673394 2.2709643589617485
-2.3286682299448795 5.721366027793496 2.3412406042238536
0.41892382111702325 5.094622904904033 2.0273944370036316
-0.5400190458093156 4.197042503807176 2.9222111855400774
2.1394885037134252 5.271689810018289 3.0753423260984833
1.1512553507687413 4.695853356323963 2.4005654748784844
-0.5086977778043165 4.648522407053154 1.4349710267644806
-0.7419739999033792 5.497226504627455 2.8821708056237045
-0.16862247008418957 4.491025544986602 2.0286245582296
-0.48920205633600344 4.887036546699037 2.8903651008062354
-1.2138630180116843 5.111171037114636 1.3539976988979445
-0.8771414826404291 5.247898631312458 2.3484804560860164
0.6847314979906717 4.8652904538822765 2.242739616965286
0.2598030847565316 5.205190929667823 1.9105553276579583
0.3886389117658973 5.383158459320502 2.9624285520121294
-0.20808097312398094 4.285858740771279 2.510122107600786
-2.6205927498938415 5.978777315967787 2.867886495574332
-1.2250417060054313 4.652956862745804 2.8142624265900484
-0.9984721769253607 4.863518789291946 3.236181916642421
-0.9061151503931747 5.078989992500386 3.1124225094185944
0.028244295891473897 4.972046533959939 2.182600313108232
0.40733871963108026 5.77597401621779 3.3131780597394513
-0.5475705132686934 4.857529656887004 1.7102953304615567
-1.216160570243959 5.510411207510923 2.8396279260915858
-0.8052752911551191 4.378200495429776 2.3473420407345817
-2.0849825749062663 5.336218705845497 2.3882608044648324
-1.2926879033734113 4.669210581497474 3.7770125598966553
0.36782194877769303 5.039053895063112 2.9182639169829505
-0.7605298478255402 4.6048520625547935 2.0063118796974457
-0.3217573854149703 6.265505707507075 2.6202834295438167
-2.3069624136355347 4.603086634422808 2.239386683414894
-1.3589618889291464 4.653512072735574 2.7871542716501048
-0.40549441424363064 5.198503321479893 3.1007664248742923
-1.7102442987924897 4.804439565686053 2.8919339811992337
-0.5829339309228465 4.023535564994996 3.0048609201668874
-2.731862599379841 4.006936471681939 2.843256155950253
-2.5339737858736933 4.491435527399508 3.11493814428658
0.6821801228665593 4.705190487588781 2.5067715427361144
-0.5477517386749022 4.989520185145545 2.789693719825098
-0.25559046939887586 5.262520562831307 3.2803338269835063
-0.8811321127494177 4.980690088703152 2.064762808027608
-1.3366968964866093 4.410232918953571 3.083432217294359
-1.8427216202664216 4.460012186528352 3.411678970668791
-1.1746749911329 5.045517962983534 2.883909416075255
-2.064711867423128 5.202524133890965 2.9686441111889743
0.24586828870187918 5.2944592829277095 2.9670241042117858
0.988330607070033 5.025973713644255 3.3830020876313274
-1.8288129954184977 4.393060300181456 3.349479656407259
-1.209193252633456 5.163517557316017 2.4827420112109317
-2.6043156885721004 3.7956660779975615 2.6318035112559115
-0.37929899243093523 4.974312909559105 2.905251248077487
-1.0666294492646406 4.882634767973657 2.480071863654734
-1.4381494402159445 5.426674722758541 2.6137650012891815
0.15881654136324377 5.149110547600998 3.4140925309752452
-0.7375058639436967 5.30555193639148 3.1035956042459563
-2.2905803034888237 5.044312664247488 2.2731697896202947
-2.012551386456137 3.358706813198486 2.6647777969316078
-1.699919214094944 4.591579396437781 3.123671259740222
-2.3052268443995207 3.8121934560957587 3.1226701253511693
-1.142996505835922 4.994147261142355 3.3707602536067047
-1.3962329286262565 4.20199853227554 2.980405136043135
-1.1077135157297422 4.49054311366651 3.213378997775849
-2.958623197803258 3.366519943552449 3.128875606870724
-2.753052875809459 3.871188091552812 3.814906692698603
-0.6355849667961637 4.445008664135454 3.185597635484291
-2.5181059783530007 4.264641710337225 2.525788984760047
-1.6283614951131102 5.126188292376559 2.4420273797320076
-1.3951292823444879 5.24979017083721 2.7562933261031075
-3.263871564090093 3.660763474315028 3.486268130772115
-1.2736566134723226 4.7256521563589695 2.3960040230432873
-2.283069490311167 3.6890099486235473 3.497740334170024
-2.6149060990982798 4.080364547359945 3.6441889523914552
-2.9151372345964988 4.023456832050893 3.848384293046991
-1.188959440173925 3.8562312464027952 2.8129955798472173
-2.482506486717535 3.3385583654200284 3.92686796440723
-2.3790675167201205 4.742104830925688 2.4789297161676496
-1.9401674377549136 4.417545484948237 3.5081179191492478
-2.762203832021017 4.0781302213851855 2.347911258057897
-2.880099790957015 3.367533580256356 3.191173369611111
-2.390666216387638 5.021609151617045 3.2625692779229505
-2.1662939972652797 4.352116780200589 3.0026036828568996
-4.339149081962277 2.3262336992114974 3.210770036700912
-1.6941800232139559 5.0493229221907105 3.1498748941567474
-2.046350235215231 4.359554712201936 3.6206331078348604
-2.4111326516721174 4.7354917414235596 2.78689022377
-2.457856240101279 3.392695613742627 4.069911909499702
-2.439404369864231 4.153943064437376 3.911294408699372
-2.1607581403260934 3.9532103743887546 3.5004971782639114
-1.5024348958962244 3.8992822570308823 3.6042347418730474
-3.311048767539628 3.436537606253294 3.3278956695700863
-3.176393821933125 3.912242779486091 3.6616948202631936
-3.800523638924535 3.5672474721040293 3.5130267971091533
-4.656663514600353 4.137913932248462 2.9662333126307425
-3.826238837039657 3.3132593665397825 3.6827873543241396
-2.695940927644073 4.3566859829835245 3.195218066793036
-1.1891588535651365 4.580297295862968 4.045135499695734
-1.3136891656951262 5.317959042201158 3.247149897768508
-2.9392179954881663 3.334413978919337 4.022794471562266
-2.067415934013919 3.8386680114188145 4.059837863019422
-2.3059866357813426 3.381530518352612 3.621699914675385
-3.594189824728233 2.4345488682722065 3.385483805790677
-3.0498729638878705 4.349835567079734 3.3532675902989926
-2.931167501416678 4.227828491148447 2.6369236062689487
-3.4084736223282874 3.904380431628204 3.517796966337574
-1.93216567165155 2.961448072819753 3.4719638708052067
-2.487272385926605 4.095028738904673 3.5650285850817367
-3.0164263520189216 3.5443589189915543 3.921938789163945
-3.897663979771925 3.691629128568936 3.6299088358678393
-2.9336868665635674 3.0380950261575275 3.675850973411551
-3.779972473270324 3.370994823800147 4.346924594127437
-2.383080369215707 3.4503722774644485 3.3673786211094496
-4.566423525556414 3.6168166364344785 3.8400185773242703
-2.866839331750222 2.117654756667702 3.572463982691854
-2.18587173390734 4.337600876944915 3.7308305052629582
-2.266171954864551 4.708590944024439 3.8205567801165072
-2.8115969521690216 3.018755804915849 3.1355564543789956
-4.221039587604029 1.727034953264096 2.8548735084288746
-4.025026568703986 3.2385394577134905 4.533057091467627
-3.7130050628020848 3.888503206163008 4.125298632834541
-2.4520018029049306 3.0940362305688587 3.1510465613479313
-3.530950947865675 3.896584040754176 3.452928372824522
-1.9803150775238088 3.588216127474552 3.492788660536795
-3.2079188331619104 3.565493902741241 3.8698540786994187
-2.7037935243819216 3.756584412159337 4.5096687352684715
-3.834192621316966 4.345853596962634 2.8768189118041714
-4.288357387182023 4.662303463634429 4.0191164888417426
-2.2678159585340993 4.197300451047457 4.18621700258809
-3.6113268044146887 2.566887195698878 3.3223249658039675
-4.186236718847264 2.9549309635871146 3.878558789867541
-3.859792520366488 3.3072890094919907 3.9750092040162985
-3.3980427873431713 4.672294233090073 2.370005699299653
-4.126352446662901 4.356746959474143 4.298433771499679
-3.3233783592073114 3.3331608454337767 4.06083605223409
-3.707958341053441 3.014082490681304 3.654257069629659
-4.5933437317904815 3.008766078840652 4.130051135382043
-4.797203378772721 2.121279226747813 3.3384255186706753
-3.728671232966505 4.578976052267863 3.7059733539653186
-5.228506010935096 2.4750644095879517 4.154607078015485
-3.056501221633122 2.602941346938312 2.9907604581918927
-5.069258793879565 3.230729178878025 4.124197104477452
-4.281112916935598 2.190957466635678 5.412834648026713
-5.447924335086223 2.6392740068237637 4.237249054298308
-2.4524268884796045 3.824131574067469 4.143822450579274
-3.520253372153004 4.705990623203354 4.4035590017760615
-3.433232183837938 3.294748137432573 3.292677571293264
-3.326604229211783 3.7610774737817954 2.9344412294150897
-4.354147387174927 2.685027646220398 3.1164970533395255
-2.8571295207290692 3.448905085000947 5.14715818065303
-4.637135296723174 2.2654639021476903 4.062453917088085
-4.154539769492563 2.7101906213205167 3.2641115150500157
-2.778915418219863 4.255535494850779 4.438121855096828
-3.0024877301986086 3.2270653214995377 3.8470079008054467
-4.29317260189753 3.233623323000086 3.914185822487049
-4.26797201161948 3.01257338785742 4.473872918315148
-3.7068207857326554 3.92172936349227 3.6942101116509054
-3.8307747077783314 2.588690152948099 4.460032579893443
-5.4849762872457815 2.483754406834882 4.627137665599428
-2.942548252516072 2.411055184651536 4.187374501409124
-4.727966329052043 1.8814042062546952 3.1483096200504628
-4.662231113459952 0.4023069352980365 4.500948008489252
-3.8174694931255377 2.653441734143016 4.905318078477357
-3.474089704026306 4.276527183252295 4.456966243249344
-4.7639898136340015 1.69529930667438 4.444724391435081
-4.4050511725622545 2.7350380170359583 3.349020833970087
-4.031436930481957 2.2048084043106617 4.612663333175399
-4.65849991224156 0.7251700620523824 4.1950239839582055
-4.620893915552645 2.6330212889755806 3.8669977836953446
-3.4374572389437055 3.400652463799657 3.792130636340225
-3.3867698916538935 3.7014456595950076 5.192653852210947
-3.7114210833502597 2.862889375154457 4.357516082617285
-3.9016719745269874 2.4801340833359533 4.191335833157261
-4.382963695710706 2.836722441103331 3.962605229405772
-5.892652988945296 2.941216837787885 4.685669319809619
-5.225535461128298 0.3914821153459792 4.38431107263516
-5.972589519995089 0.995503867260936 5.061259167707595
-5.187563882748342 2.573311361809822 4.817686899282664
-3.6374001808941405 2.651465430117384 4.570477189259928
-4.265931236597307 1.846314413397061 4.110522312205455
-4.200225548524609 1.844734537931687 5.035049819583991
-4.008950341522721 3.259519394559846 5.582861887532562
-4.933991609413714 2.6383085895559217 4.709580338318468
-4.502005584808862 1.3443301530675 4.306176609664211
-4.287574738195647 2.182123043573077 4.442081246074743
-4.185822401735706 1.5788185317958416 4.512962003580488
-5.120390265718449 2.25502172352184 4.036821475110256
-4.04415190925198 2.9781238293216648 4.716858006305468
-4.44751171553669 1.627971138527166 3.850134846974836
-3.297454889049063 3.741187916057726 4.861532365494122
-3.698049420968571 3.033419037017095 4.543580706327094
-3.834369068848703 0.05896505323097391 4.10002569720574
-4.44444307186253 1.9460915611875753 4.149654009248291
-4.9792766450090475 1.6443604874699635 4.702116988931838
-4.680758201517692 2.528831359164842 4.60566039100229
-5.402641334796083 1.00839337711139 6.030569254771516
-4.689365521827917 1.3787176322278027 3.5075313529269394
-5.118507370004378 2.375286485430134 4.1041660171043475
-4.492599117025837 0.8129505541095235 4.273542513145139
-4.520659616947621 1.6844428600349401 4.383454507670479
-4.650479744663321 1.1930939823789375 4.672871899731157
-5.417146003118506 0.7204565993533794 4.612719334456152
-4.330592009929503 0.43375311818402873 4.42624249413353
-5.394419555657026 -0.2521631324373405 4.227661250668152
-4.589498483249536 3.106611214281441 5.009890657097103
-4.832791138146539 1.3646680123130204 5.4132506083078935
-4.836563606613358 2.07609528303148 4.936105945608248
-4.6600341838581025 1.7630744634014321 4.2351675175715275
-4.125235942736027 2.335353656572393 4.322826043730969
-4.2693277117079065 1.6011236805680842 4.291392455148003
-5.008349969213487 1.8049989484553581 4.661508179276428
-5.2697773214994035 1.0292130410394582 4.848492151508663
-4.117055546813632 -0.6597153025156193 4.474027840640066
-4.465303959749194 1.0692732660559685 3.445408990213007
-4.237499906880725 0.30384659339621745 4.9800232119038474
-4.731124527407802 1.8365953782533198 4.714144303087278
-4.835894533429719 0.9300826465327808 4.199662759219585
-5.3978211793333095 1.451172693450993 4.758765852733907
-5.231601537399764 -0.07823033588315513 4.48972780748788
-5.19165189513817 2.3408352142436324 4.3133259899198055
-4.895713844186914 0.889101773110343 5.92014481057827
-4.397076693816673 2.2081207510689334 4.845396375674161
-3.917516174779726 0.831202553522824 4.370848455800814
-3.7338871344160776 1.9682282452821607 4.488380151313135
-4.46451317123745 0.08635610087405031 5.2023234416434425
-5.0461730965700635 1.311675098714417 5.1115230127418405
-5.044773546241435 1.9022346069207774 4.264441874406101
-5.210306856535342 1.2705717482469034 4.455178894839106
-5.511535131250195 0.6991109728246329 4.609561680431124
-4.915927850388104 1.5282339210160367 5.141687860937916
-5.032845375537376 0.6568393053539973 3.9004896833649596
-3.9893303954233037 -0.14463427629430076 5.837232616511434
-5.754589156217143 -1.4079803285729289 5.054467785829158
-4.328793032673006 1.0860912768609565 5.145105853103351
-5.473763968897759 1.2781903166511956 4.189398454641639
-5.068942151368639 1.7330746926901957 5.42197086346843
-5.128812332580477 0.18610671942928395 4.782820143129474
-5.648386505559825 1.565748042940736 4.72994296548779
-4.722890414052424 1.1304530687222039 5.009255079895383
-4.750853351990338 0.12316720904913857 4.344825981560323
-4.425220738315642 2.692013433652199 4.483032072234599
-4.660736314605461 1.3497514830784463 4.755939392263673
-4.760908616315311 -0.19321988509059332 4.563395781306095
-4.84323709355241 -0.6500792805238604 5.47619356834001
-5.271814832396809 0.0394947872294379 4.630207254017581
-4.151474765031339 2.2640031603204576 5.305585054053443
-4.832344937130416 1.5681825437885353 5.246696166997521
-3.846924460336694 0.5776438484830588 5.42907933740356
-4.4651982350191535 -0.5979663878953826 4.6434836098487695
-5.572419220140336 -0.31896228866106985 5.161855712594968
-5.740548226521796 -0.5175398114210075 5.420259010609074
-5.366769262024613 0.2262115124015971 4.691071587814334
-4.19363530546255 0.24445164639591366 5.232999272152003
-4.938552860651769 -0.6465418080145525 5.629298663565604
-5.010455078046025 -0.9520532636192669 5.345147586465897
-4.877925538872077 0.820464354100743 4.711114946902561
-4.13295837743759 -2.2724736456321524 4.994030249633632
-6.302521856513176 0.7290330048725728 4.531571847920192
-5.115953447406752 -0.35214480496905526 5.540617131741539
-5.021557173465564 -0.6520189856132105 5.223031071650554
-4.476862240491099 -1.3227789651688948 5.50139923928469
-4.894289984672464 -0.9537735080027476 4.227801029614772
-4.876050755458613 -1.538319712954939 4.745900962626789
-4.486750651325153 0.5691758308058097 4.605158585707835
-4.1917416296527605 1.470295579773231 4.8826424130633095
-5.775923955772276 -0.34325588427252995 5.471432401107547
-5.898812349603914 -1.1019615698031393 6.02522645248157
-4.336170176403714 -1.4728325207123039 6.321621268980138
-5.366341224319394 -0.12809322079957486 4.925104954027008
-4.633388641209776 -2.178104314421589 5.993843289490543
-5.308885549613136 -0.9688164158516677 5.184864059613457
-5.237990790976823 0.6467520983596304 5.331495657423366
-4.889134560049557 -0.543571105684297 5.058987452013695
-5.214308003570078 0.20228882128759143 5.203325040233978
-4.800155724185091 -0.49855805418539406 6.624410501943688
-4.998535425136835 -0.9719324245448888 5.395397396870633
-4.627540965333518 -0.7739120119893634 4.809418481591142
-4.998058704087817 -1.0911439218289647 5.916450902563192
-5.132066241847597 -2.2330031929273 5.604012488675351
-4.903780556318013 -1.2871976913245118 5.5206215277613016
-3.70157108967429 -2.1681570902545055 4.530881281478245
-3.6445857413929814 -1.6766151245679075 5.674106701917587
-5.01064842031099 -0.3919500335024755 5.3908637077041455
-4.886316487584557 -1.2767754450271651 5.311918744911863
-3.88148918540323 -2.865509951292318 5.2616228661701285
-4.472963316672857 -0.4151252614185878 6.130248769992785
-4.519408562904874 0.5044879052663626 5.682654546157194
-4.625203654514164 -0.3821010631011019 5.53115609821453
-4.376803247065521 -2.1205532456040213 5.5372661860794965
-4.5437166394839 -0.040013952049221826 5.332792183652296
-5.300190220534184 -1.5219077127935716 4.594311536648738
-4.894634845872723 -0.9882623220661091 5.429140034694139
-4.933830975213896 -2.0499755300788096 5.211678041764617
-5.368637225876773 -1.6909999846802266 4.383111628009555
-4.774859016616003 -0.7457339075890569 4.470725760047095
-4.626205527121226 -0.4367969969267195 4.32814905862396
-4.76813995804887 -2.3006244057726786 5.162889437262143
-5.422908586449386 -1.1084953137384508 5.869699645799108
-4.887189824816089 -1.5579109375151452 5.20750999915769
-4.393725817427006 -2.241202032800758 5.166280159332462
-4.198527317274174 -1.9173294766405895 5.695193154168517
-4.739630025366543 -1.8722063645621427 5.798960793605782
-4.260800092123534 -2.01955439445352 5.640784855688436
-4.579984807993754 -1.7439454312929514 4.722436082850952
-5.052505975398315 -1.3091412569550043 6.579898062313086
-4.1181066121269065 -1.9119088081646805 5.70728380870441
-4.876862725522874 -0.4700685929807686 6.626397359852363
-4.365265763145898 -1.7972396035137217 6.2288666230005365
-4.323067946982199 -1.1483194766586162 4.510185323468342
-4.974865142372841 -2.701521905786849 6.026317733660021
-5.735196388997033 -2.7696342165736954 6.377691407872205
-5.088683447033686 -0.5041480017556512 5.479665902755057
-4.502164902372086 -0.8834956254289611 6.114719955398409
-5.76802280506131 -0.9068694974027572 5.309418584158551
-5.086606882234789 -3.2417062051332812 5.636064850855101
-3.6988442958866337 -0.960909468981537 4.763135139430899
-3.826090978230712 -1.972085083441191 5.49304703353108
-3.8730298040865545 -3.686095235928401 5.857440561601034
-4.980768259318261 -0.279799650574558 5.440355923646734
-4.47477681475005 -3.4998714608946684 5.727417567070775
-4.814690703899931 0.2867449775029812 5.694363596291067
-4.071969382142101 -3.99571015669641 5.379452151260329
-5.436999750014816 -0.7134194639407355 5.1919282959747965
-4.534817184629832 -2.6592125241245417 4.864957718099018
-4.605871208560881 -1.1277439145076504 6.105929522414144
-3.5028669667328676 -2.6681212535126786 5.650075917909031
-4.316662066655701 -1.0547969952342549 5.872468280452061
-5.034094330321781 -1.8899464658511929 6.379492720976881
-3.985754844245318 -3.52362229486371 5.863020525490163
-4.5614032123883765 -2.7054234291564083 5.537298369173332
-4.637240567481654 -2.9073860430462197 5.412329914393108
-5.2586121043360174 -2.236451326506441 6.694319761997751
-5.188849164666583 -1.5960400823438416 5.006369084122914
-5.021022793467011 0.7605434426302893 6.346873546186251
-4.528367580060172 0.14102831942076716 5.984517640369634
-4.09003855023041 -2.3914398502405305 6.207031197525606
-5.779525805268539 -0.5343212227379106 6.146160239893945
-4.113446589008369 -1.9125111241056751 5.825308820277651
-3.79926007075828 -2.45803864161754 6.484883143567337
-3.4159559130847317 -2.360051701986533 4.54246598346799
-4.331158925769584 -2.8604798930946265 5.904767820085016
-3.6844555802147667 -3.7065863087513065 5.401142794025668
-4.403752625646623 -2.3518152167175925 5.56841672350883
-3.7512450135586506 -3.084758788337465 6.705517647428199
-4.597305731924169 -2.008889668698749 5.902115208077587
-2.9976911596931126 -4.46940283578931 7.127402723006002
-4.151565020728848 -2.4175345645685593 5.779428963440841
-4.109989460236291 -3.647823957738859 6.2473622501815536
-4.621522980323184 -2.7459937263928773 6.1921619759899915
-4.606633554064899 -3.7508441739534213 5.776036184288648
-4.243426307725047 -2.5096512137717824 6.3010680737114155
-3.945368000946313 -1.9584044651645496 6.136192078557359
-3.656440508140802 -3.323491985802176 6.369553047231211
-5.411919886748276 -2.4589443919838345 6.407264298757371
-3.9476497407601356 -3.6685167590217107 6.1853181644661195
-4.244093412705818 -3.2092880110010205 5.5869790109787205
-4.985423258093798 -3.4108429650299343 5.984420971904072
-2.8520645389123414 -3.441857869610283 7.174130816129141
-4.300055586891383 -3.9130547570431196 6.1978767451287755
-4.072246706108315 -2.48150884902391 6.789475240794784
-4.073878337479234 -1.7935451530994448 5.843515672249918
-4.144288482326665 -2.74269437765813 6.819860953256158
-4.025711025763005 -4.614757263750544 5.704948397545886
-4.047429008346559 -2.606206389141087 5.631557566637305
-3.3073924874166454 -3.270263553672689 6.087447780521934
-4.115641286230138 -3.5061144908355857 6.4210245783431
-4.274214839952497 -2.8574770236381735 6.449293642161757
-4.432760503287122 -2.558885890764691 6.064763324956572
-3.3952841947895553 -3.875720616405789 5.577843509823366
-4.632293925921622 -2.4427639770008254 6.046344483086388
-1.0502856311564917 -4.094200669268482 6.617146051415328
-4.464438055684372 -3.4860385499776556 7.018042604208736
-3.25522225977411 -4.476297745470661 5.528303560069702
-2.0647573034758264 -3.8210910831794322 5.597816428390721
-2.4764425711429183 -4.244135020358202 6.754067169713439
-3.282710280243453 -3.7661196092235367 6.855243410519365
-4.372596526005003 -3.7522881125340892 7.086937534810485
-4.560369983545586 -3.813845280811255 6.62720882675696
-3.784906906439038 -3.30554052420093 7.012572429290568
-2.2396223420196386 -4.329331459770994 6.4906871094323115
-3.887617662136872 -2.7252400617801715 6.790989895981836
-2.4266988911408793 -4.986080059336205 6.068080336381008
-3.6467088253215456 -2.824797613209081 6.2772304959416365
-3.9044274949796707 -3.1485737911286367 5.9686690537922535
-4.017453787572782 -2.655706727711216 6.860403826985565
-3.389941948200763 -3.0109298066079844 5.939938560341016
-2.2116685946474535 -4.512803196241182 6.652417432677547
-2.791535815864091 -4.153384677697574 5.984862188411805
-3.0401338764692776 -3.763688227343914 6.247785833944099
-2.4918051693355863 -3.666412331654073 6.1147929076752625
-3.65677895897461 -4.062423169460428 6.397154545719278
-4.67378620247612 -2.655023477622773 6.691062384998448
-3.2341240178229724 -3.1687870106388147 6.257333975029729
-4.446261703759589 -2.8809954612821875 6.1013285034219145
-3.6177242869540485 -4.336249886449444 6.314937290423133
-3.2408000403802837 -2.602014390928422 5.948344680576146
-2.8295801220818695 -3.9133140791403314 6.109401922027797
-1.5541859848444564 -3.688199293083664 7.563643485650803
-3.548431851459367 -4.449110389925571 6.146628715982073
-3.8506266279466184 -3.5680418805988126 6.112873988193955
-3.0897789357961174 -3.4948940470617296 7.2348860000871165
-2.872447301076537 -3.74466573681114 6.132912252682633
-3.209971636398304 -2.8337227019949753 7.166320771063075
-2.341137268228495 -4.068021152546977 6.486848617286956
-2.45164806912624 -4.241821044709428 6.155582470377038
-4.0499310175920495 -3.4499949290344247 6.529260273798466
-2.692028737782647 -4.250769179112108 6.964072989830167
-2.455078823312405 -3.492034166597398 6.522734940706999
-3.679116813119435 -4.408373428093731 6.188897461399624
-2.461924584150913 -4.428585979928933 6.25124464477625
-2.296077258548772 -2.9892129597512307 6.774135832839203
-1.278098893448613 -5.682288078505546 6.256311070753798
-2.7743120060405047 -4.252992690790752 6.429169632330267
-1.9020505577153686 -3.8540800579595027 7.1771564390094
-4.2476229881527585 -2.8135519857270337 7.103939300252531
-2.751346810611916 -3.675288552617951 7.03027428805074
-3.2464808845542623 -3.9281566756733763 7.605873705896121
-1.2377467959336004 -5.137525116675482 7.143833379012822
-2.8175418732154474 -4.351857392419888 6.775979083065455
-2.5371694469622854 -4.507694177245635 6.996738789371186
-2.636871477310485 -3.5582417436516947 6.740501372243806
-2.719279622457724 -4.401634218115964 6.771933831267035
-1.2953330495949458 -5.6843844253586555 6.632247011335564
-1.7524513475892853 -4.46168528895102 6.691600582956665
-1.4286221827126973 -4.997758832682969 7.9846947908677555
-1.389299366489874 -4.383658892540669 6.896422722150324
-2.218611007254485 -4.196887386169359 6.352744862626145
-1.2902647191850674 -3.364725466234585 6.754483259796461
-0.9658863756436831 -5.065440142354138 7.033571300877769
-1.0783587492587388 -5.379278279757089 7.435174567567233
-2.5531229513012645 -5.035194613570822 6.306227445607769
-3.2190401005077947 -3.588365547466501 7.113623870356562
-3.0363613579767432 -3.5856724091400927 6.155588811447509
-2.7823858396593577 -4.368642882843521 6.779303210408453
-1.3748662554340565 -4.373063271143205 6.855040474495471
-2.7660040409480984 -4.63406665728257 7.326957468663323
-2.8088003049462222 -4.054778565831447 6.410477162069743
-1.9463675627819093 -4.652344010940039 6.624155363168109
-1.4203653637418296 -4.637311027215165 6.5214052921802965
-0.7157367685449253 -5.624650645997247 7.638463220688049
-2.3429124494164038 -4.906560089328439 6.342952306872155
-2.5928923406742364 -4.502578765412038 6.768097318777862
-3.0418890416384268 -4.314384078295904 6.7397514892079675
-1.1850747201121832 -3.3104839418274863 6.283146791289229
-0.528156833574299 -4.128442224498394 7.243684162127136
-0.5128309033117769 -4.960917365798132 7.032638659854117
-1.1115954199621836 -5.634119970032843 6.411471017846171
-2.1607465112530755 -3.553175526984402 6.632668839823814
-0.8737545298876663 -3.9942265006257305 6.491158289182819
-2.061233157136728 -4.4787151426463225 7.116782696357136
-1.8445160445914035 -4.298414724701743 6.726571666247302
-1.5916319490235056 -4.4702662580929955 7.573189924021578
0.42137727431130284 -4.051556888272776 6.165511137180587
-1.5543775221752818 -4.424028561047385 6.710831358689645
-1.3633676436241386 -4.672105121758184 6.678990343421064
0.047758806575229386 -4.664430435718289 5.94845394823847
-1.4293547199918615 -4.330552935986223 7.584806539963754
-0.5541659021198805 -4.664662782038983 6.528992587759014
-1.5338784097146225 -4.323655670709291 7.433110996712424
-0.7237573510126565 -4.632673245383199 7.436984646910393
0.18164202315073624 -5.77762849979085 8.007493840247987
-3.115973727056258 -4.222668563928824 6.923226678091593
-0.2509758311576763 -5.469424511047304 7.247830944763727
-0.14851534358328208 -5.161040202651536 6.940648353409703
-1.0091870902154898 -4.800821326437046 6.90182906162587
-1.5191265690544484 -5.1718340544545685 7.651101241571989
-0.3117165892325529 -5.148679972083443 5.988371863357283
-1.1199019937155386 -4.412332125991829 7.750464810399157
-0.7143697835404057 -4.211680112202639 7.254981905697038
-0.7290351120635408 -4.255147441089415 6.538124258691683
0.28335703609715746 -4.849280066497913 6.366965251052939
0.5083892898143235 -5.6818761377888185 7.572545779462369
-0.8335010190229662 -5.371765946161807 7.487296692308478
-1.3080582350954137 -4.702433018198756 8.147673712943261
-1.4893298494340794 -4.630203157744193 6.824833042185747
-1.625857627199036 -5.290992496837558 7.523846714299634
-0.3783454339010226 -5.431918753480412 7.207918526988727
-0.3674355960077147 -4.837018157581265 7.326122171611708
-1.4528531817526618 -3.6799170139508073 7.527055041843254
-0.7331355323144884 -4.6442981326944945 7.554687174354945
-0.33813678424891885 -4.406937080970292 7.5736729934882865
-0.9641253462537547 -5.8209329883562875 7.648403553806572
-0.3803214745697527 -4.631979598358816 7.152051267514981
-0.15160370225287556 -5.624788725041144 7.175176732927432
0.8820040084091073 -4.096040032885025 7.511525694430179
-0.9398294640647888 -5.500560499020151 7.623162274193433
0.1921338796290409 -5.71865228421205 6.863791115827733
0.33471212463819217 -4.585505068893861 7.4396610884070515
0.7590752385966334 -4.870057411115859 7.312669322932246
-0.5458863986388963 -4.777895771056688 7.367161853939618
-0.41774184946564163 -5.042117982751821 7.73488807513052
-1.2087823739508399 -4.486343411152343 6.307734770100491
-0.7006970893233745 -4.699321902304083 7.2596146746656105
-0.3766062025676874 -5.138471484907443 7.546582383004881
-0.1491949230616468 -4.242896532337484 8.1821727688853
0.5048668860396965 -4.5102895426863965 7.547365650506302
-0.8421329207481182 -4.961588768796283 7.230420463130993
-0.10930687230956408 -3.6842626498024944 7.873361624325907
0.9003611477815265 -5.342068244579446 7.364924864264992
-1.5860548192868584 -5.156460230402861 8.337358785776356
-0.8613359500983554 -4.932066706334185 7.704886878234874
1.3801860154002539 -5.10174929202417 7.708351639603002
-0.11100717075041416 -4.735118812784922 8.201080211828936
-0.31284306989176636 -5.0039145386768125 7.313295041548372
1.0170561306735302 -5.1093291540657635 7.865673243706306
-1.0399764228964241 -4.900187847834094 7.511789071565693
1.141459258778128 -5.850130708827265 6.0119045966789075
-2.192900238453061 -4.839199866108739 7.962532538612772
-0.1769865779597795 -5.111557455286813 6.603510030727591
0.8531141215855099 -4.996798756570362 7.634945095669499
-0.9790696945283736 -4.628676273021043 7.132644102598113
1.1072944105238576 -4.741452316805132 7.47190385851675
0.17416342094546342 -5.503584245399222 7.6493419632201824
1.17394925826378 -5.589784309364875 6.88582125755205
0.1216349706826088 -4.951101917352456 7.7924848856711755
-1.1527452463413106 -5.256437696954966 7.89530081915873
0.2215549516907547 -4.57790813783094 7.803939087911545
1.2757987908863662 -4.631840382825367 7.331631698649981
0.22654142054181367 -5.3600833314740255 7.202135245937681
1.0166507787933823 -4.061349867625111 8.13400162604458
-1.2025422432990003 -4.680251862893427 7.197834512699441
1.2249066452507558 -4.578654078869308 6.8124837348283425
1.0659863706730004 -4.71520963691981 7.454045781519704
0.07953555511382675 -3.876749452955012 8.227617747117188
-0.4848748290721067 -3.7684074998258783 8.466759096259192
0.18023350194408166 -5.361364598387629 6.944027362297442
3.042743989125602 -3.5393347537280295 7.972025449168567
-1.194323603235397 -5.398420668752717 7.451416340163515
-0.5126802043485759 -4.718213936994388 6.977145687782244
-0.15747845942109065 -4.68879884678411 8.389773202527833
2.2624930338071314 -4.2170171042808 8.31111849119532
-0.04949926470573447 -4.493881518272077 7.53964552324496
1.6274231990988557 -4.72311309450716 8.370970565522796
-0.004704321130242774 -5.422266717173909 8.185865391554321
1.9675244811066566 -3.976011944947023 7.160804080529485
-0.6974108553159444 -4.906509063516788 8.291254634705497
1.06116511889105 -3.8960329944138516 8.555742078187734
1.1788122087574846 -4.737340579271001 7.806445184533247
2.5008433286144394 -4.954516616588106 8.409084635813914
0.7642011339981036 -4.540527951425961 7.680049067753515
0.9345248626344889 -5.023279452284344 8.912951201733474
-0.011657753199205118 -4.743201382502031 8.10316722123532
1.1417004259301708 -4.959371391815936 9.20216543332256
-0.7455868298151995 -4.604299103860057 8.31262779328355
0.45714305036156017 -5.3747499507355405 6.935699423906752
0.08015595493685679 -3.9921947259579023 7.606877838045043
-0.09012250653676865 -5.203142084341883 7.92977758230666
0.8302161172692528 -5.718156596461297 7.312305470757881
1.3605703620534502 -4.765484099570018 7.937172987350425
1.6751044650895393 -4.413280043120349 7.5861198938571945
1.3728467319982882 -3.9029918192356385 7.766272196415079
0.7339272031603227 -5.10445638922131 7.547337764474308
0.5005683359590344 -5.411984015511923 8.924583361657184
-0.3762496672896869 -4.6197730435822 7.578508782330857
1.9239045835405628 -4.936201752076966 7.989439424899864
1.296487611558713 -5.497583345643926 8.247334747197662
2.4093349746089134 -4.283947040004831 7.985487669195345
0.9318928708496598 -5.102682686116509 8.614419712189239
2.8499413510248552 -4.250697037954707 7.5834514869443295
2.349422301475673 -4.340385476511655 7.705200590634052
3.1507546683874565 -3.6721670376932556 7.744001804396869
3.090784188370818 -4.240561216982345 7.649020891382885
2.7283930725711927 -5.407649669563387 7.863287516714324
1.5445977935333004 -3.9707177247866072 8.159093443487084
2.4054552106159384 -4.431806065303469 9.010003262366522
0.7909371454001064 -4.008303385095656 8.335108957927645
2.0699977008238144 -4.576937097348749 7.907210627913541
3.210371595147511 -3.9309889764518076 7.566943195909037
3.5684326899520347 -4.178246436526303 7.992535171544357
0.8064902411592224 -4.749958441342603 8.070789142654393
1.1138104861678655 -5.421334548214946 7.443807895357507
2.2901661429335958 -4.489792201898659 8.360827948949812
1.6336749283184007 -4.631457715386113 8.198818630791871
1.9254566801429407 -5.5906755079994666 8.40692712581273
1.7487714269473176 -5.009609345117272 7.992777777881934
2.576216894213468 -4.722920023799964 7.100102412184306
2.9148596066860373 -3.0582073018706475 9.099109184292054
2.211551412142538 -4.8351117971361 8.857160096853912
3.7625099903825387 -2.811727779409275 8.089540018258427
2.080940761547721 -5.31170203219945 8.969238274446049
0.4131365585928728 -4.408643110838176 8.000211012030011
2.364582426293807 -4.712662634497393 7.6613372505153645
3.459478674846711 -4.763153069703856 8.090137813305478
2.8242687072225787 -3.7722161320897274 8.431256937147632
3.0640615485411042 -4.971109676322231 8.462278028980355
2.292959967811776 -3.6142806604790256 8.767956981381861
2.5090415451751 -4.88830912614708 8.564632506449918
3.0174092828984063 -3.1345316766788978 8.186903878798638
2.706425013943669 -3.6266491443500763 8.780629721413394
2.116301825458277 -4.564994310340751 8.481444885321991
2.6481945328336916 -3.8432243138790954 8.003425958872999
2.230557604770861 -4.672942619417259 8.740640335304077
1.9891007023103364 -4.660701749126136 8.734597525156802
2.827976670441082 -4.573357183559516 8.633409416929982
4.1190008347905 -3.5131599074664113 8.192995529636116
3.4254486596905287 -3.685426707405328 7.601213197791518
2.5735461378614883 -4.175381180741798 7.562717581508133
3.0613660325081278 -3.4213757737215187 7.959426166357686
3.504618884744743 -3.6363526158087143 8.759850292374116
2.699202552930855 -4.500411068603207 8.397788170527491
3.678755500072098 -3.138288694976639 8.600355578763685
2.424482126953324 -4.458513897884863 8.055108305807538
1.1298432406461254 -5.473435731269581 8.478593007731538
3.3543593715437785 -3.2590179331136353 8.77607147617349
3.8311292653686677 -4.187010469869993 9.120535085717401
4.067419564049605 -3.0428377042115096 8.671206938814693
4.460115518703965 -3.130558985137608 9.090145285773616
1.2221416062878878 -4.947114417689917 8.403652455510395
2.424126579043036 -3.776480916860144 9.35607872393484
2.316960217081716 -5.05160959623738 8.917617344626231
3.095088262011621 -3.544768380087307 9.030090914967719
2.0116322959854513 -4.286713563762614 8.059544414933002
2.99740873899094 -4.042687891414761 7.881309734894246
3.4419651413685024 -3.1527476282428384 8.248516192973575
3.1462933954805994 -4.1130354987315485 8.114210312190801
2.9630388568266732 -3.9096596712884035 7.9972247155329
2.2694770873607144 -3.434037011706226 7.775243168060965
3.2660913061500207 -3.3115702551767607 8.35690803379338
2.478533456749164 -3.7469150190388123 8.968325955457228
3.540727771724548 -3.7264803460726625 9.12196085951658
3.9026858263254174 -3.7474944625416247 9.988586697311824
3.988534246834133 -3.4683056431927195 8.817872129116203
3.4380097317985556 -3.512384979131509 8.93471262827201
3.9812376804737055 -4.169268390070613 8.2883229074063
2.0380296754884006 -3.685831700237638 8.728694112068656
3.2461119179411257 -4.5775797435186405 8.876541371538897
3.4476740667980788 -3.5328497766247264 8.50256680190444
3.454445723247977 -3.208597128323491 9.085277700147516
2.766184892175208 -4.107087705206295 8.604176318784443
1.9356832795786865 -4.210434671199038 8.783287995379132
3.6628734718149616 -3.2911705112167455 8.37929012920939
3.8137310219741445 -3.318153978834274 8.086082367134697
3.6639025356459527 -2.717521632806849 8.195865276822015
4.665779832916067 -2.9563115612209803 8.781787305389429
3.074031476417484 -3.642839968895487 8.419576886690926
2.37103945329577 -4.790811236745178 9.332435108208573
2.6973650672653413 -4.046510362957967 8.911150459491457
4.399428125883834 -2.6604758873521814 9.41390090184247
3.1931243874120803 -4.645671094197233 8.85201236408303
4.861665823655103 -1.8553000841026621 8.50422804626173
3.89332012007678 -2.5991097348845362 8.195023324989146
2.5548866318740155 -3.604415635455957 7.142526903682725
4.521719907067445 -2.8792320788949843 8.830958405175245
3.9587025350432636 -2.846970219699208 8.40765936792318
3.7503539683305456 -3.1436218100717253 8.601395229815568
3.392323296755853 -3.8059078831925883 9.252411991228904
4.226959368572426 -3.37352812556788 9.872037207245487
3.4443704805780384 -3.898862323743866 9.314480377395778
3.111936892156531 -3.9067481319994304 9.475823470978602
4.307241389540457 -2.073198551333811 9.63104433742264
3.5418064175237665 -3.2453998291390422 8.983012707811438
3.451008708052084 -2.904652958978067 8.706589494233885
2.7891608577544154 -3.0915534162868017 8.6296218819371
3.416228502818189 -3.738553429840401 9.393962502128561
1.7100863294761637 -4.292722257914747 8.8764868561856
4.256981494038643 -3.2518175164083463 9.060279971047576
4.988799334554228 -1.795371806301836 9.233947610509949
2.3203933260058536 -4.118211246481021 9.154405918340768
3.6661662328595965 -2.5216213997500545 9.284407245852934
4.3362828726820775 -2.322153638322614 8.64917315636822
4.2860181699324045 -2.077561266847959 10.210068644345952
3.433397445554777 -2.7519817114628022 9.436489529907755
4.73994500172122 -2.6984467788139304 9.972666572876067
4.537634168998883 -3.375174837372426 9.475408621036483
2.8341589167883856 -3.0864166933878923 8.595504304920157
5.912014635590596 -0.8066255559787384 9.118604980409538
1.8119351249915039 -3.6297244514281246 9.626774949742396
3.053745214641137 -4.1144693916006645 8.657343769705916
4.145472641087665 -2.0052934516269443 9.741202315004614
4.310890324792828 -3.63604702149409 9.838321967233604
4.6051249057698564 -1.8551780290693964 8.810228142421462
3.1656404759726633 -3.7494824599337164 10.197083403202342
4.2168712181896675 -2.3177323368578726 9.921649080621371
3.5182319308312398 -1.6561151913258614 8.935762330665893
4.406094351767413 -2.113084779140435 8.935288129442364
4.359252030561385 -2.5716952540415803 9.079485955416354
3.6279854005564824 -2.091788743485683 9.080974030483851
3.4024672820426334 -3.046031397363068 9.082207964023807
3.400923973016112 -2.8861701428432434 8.86114501399092
3.9850486590703715 -2.0032662453715777 9.437438779774181
3.8909622181578887 -2.708555803151972 9.898371212465014
4.619588004459911 -2.0352450257238783 9.945157063852115
4.086741777530931 -1.659895630168495 9.418106300397355
4.913945391639287 -2.097039274336003 8.5003896229403
4.483721692828484 -2.274574974214456 9.218675120750198
4.138045936450545 -1.2048889729613523 9.1817673538709
4.367005173444249 -0.5712024841625993 8.75820525115956
4.474415667343686 -1.6136039001811517 9.488700204059816
4.704362242885838 -1.5811781861087806 9.3922774870676
4.651563457450884 -0.8738132715568272 8.753075261847549
4.456759888318331 -2.1725279477856403 9.690398209956117
4.7077021192893085 -0.9560043938061185 9.297451284071434
5.719339025912418 -0.9944972850538049 8.999967751945707
5.185079544536683 -1.8536145368160308 9.564116498885417
4.273946142746266 -1.4512454412447957 9.657789602200655
4.025860077890371 -2.1203237163866278 10.193794442167494
4.245485868901573 -1.8543622013042436 9.356615682987249
4.696782497606458 -2.3639775563855636 9.997226232798376
5.025345963264243 -1.02741325643672 9.782709078807112
4.458042795525861 -3.0998348961350333 9.424131831773085
5.202567649274233 -1.100247790876541 9.485869148468094
4.493713047238 -2.4890205445763702 10.33845355175765
3.8218518500749457 -3.890434275552151 9.136424254698445
4.424454136449698 -0.6332731494034498 9.796523527043778
4.078079362637625 -2.474978031939559 9.844023013340612
4.707264702119405 -0.9437471989767965 8.66828443103356
4.935455255062497 -0.5691978619151052 9.499259340946503
5.3037483325261014 0.15214637575061946 10.535560181790062
5.651314190732755 -0.1322229157730121 10.055826248301615
4.24281585847565 -0.6411035746987636 9.257287038580092
3.4448029546083476 -2.970790698407981 9.875698265395702
4.432171196952956 -2.1226691275883818 9.482915002707319
3.6221115997250326 -1.4366643375046977 8.974338507932387
4.9544072367907575 -1.2919916679701822 9.718511526102448
4.77847467799433 -0.7686377203912277 9.081369473707257
4.0705206725703675 -2.238630724152674 8.999320486673376
4.001757811299382 -2.623911113887203 9.992765868037603
4.0519566116974435 -2.4769970770624745 9.075611733551222
6.168022277737004 -1.171299312757463 9.605004660950428
4.779941298915664 -0.5998706333323779 10.46025354652704
4.858983717247688 -1.0510461952533756 10.161391321298543
5.168348180623285 0.0739550380521572 9.646792211333272
5.7843845907588705 -0.749693555895526 10.670879113975452
5.289259387097736 -0.4307948496770111 10.96457130745167
4.725941116064274 -0.6619692926884236 10.287591363738597
5.710008894236625 -0.8128220865711251 8.902710581550867
5.73318727718773 -1.6585069931047234 9.433190284339059
5.681494427100043 -1.6676328276904 10.428669075813037
4.8915212710158364 -0.9582338382743043 9.706185707845274
4.755935351685292 -0.43713964834890706 9.390563287735091
5.266631713486609 0.8562620323632447 10.553062727884388
4.998491531637656 2.113024159071996 10.54217417274762
4.375881217930835 -1.8174604483133145 10.253759489716888
5.470898451369407 -0.8111007024179796 9.482184445162622
4.66197125827745 -2.817120677373305 9.947407119594509
4.219558067405176 -0.5392215139453952 8.543849409846041
5.437748470297959 -0.18861951816467767 9.599603800703767
5.218137056111313 0.5246115242587187 9.205843173265974
4.690147412011379 -0.49065489571882853 9.82420706490355
5.298452874737125 0.8434544308017384 9.837820418521895
4.480515669820447 0.06459832708412366 9.601231997493281
4.752442921201016 -0.8742630680223034 9.62121889359447
5.260619180317229 -0.598933021026282 10.721846915068747
5.633007651498216 0.3437619631650141 10.462701708960035
4.389304353553854 -0.11244893312817802 9.250598660186611
3.992981574711462 1.9442155542203376 10.115906724003892
5.260763589182114 -0.356415716907033 9.837503349631337
4.8484997904283045 -1.6072273300637852 9.30697282946305
4.241313411633399 1.5867660711139329 10.938016593510984
4.402133759326749 -0.7346371082105884 9.957771135222675
4.905302710073824 1.649256376268171 9.832166929383984
