5.35856211160288 -0.40236500523485674 -0.7269820678804886
4.974557491922132 -0.21904237752893127 0.0072348750145806665
5.949779907552437 -0.8931941756781715 -0.49355749137042093
4.736349864662871 -1.8353413364045847 0.27679296986530244
5.89863014999531 0.6705007352091175 -0.1684840340879965
3.320311952843578 -0.017608977719700745 -0.15723676565854167
5.718033894225295 -0.05505703909256818 0.5321524334572187
4.5189691891710355 -0.6660430645732007 0.18026015025244235
5.013122547159418 -0.3078073475533252 -0.028266640458419465
4.730817023580802 1.7260977099924841 0.04109557545776057
4.421347178208406 0.6775631347086724 -0.22423731802274646
5.065422892302723 -0.2659485193356404 0.1756005055543573
5.518378291205143 1.5759634663380082 0.9967762253211506
5.244826845346272 -0.6952026377136787 0.8174136066732255
4.163959579940223 -0.054710164159901535 0.2804098397310253
5.631803195905388 0.980237980604285 0.15953352666712917
4.20818019035595 0.419640719258417 0.16714043905343218
4.3381451936745385 0.8388443820391365 0.48080609366505456
5.262547749445948 -0.1356466741820428 0.4253532982810837
5.309265023203244 0.13338639030885008 -0.019465790650175646
5.072750843320257 1.015829739710947 -0.10206744328507933
4.129799494702289 0.6729490729604939 0.12607362763144375
5.086707971959981 0.502806512068146 1.1713540932033273
4.750162590268444 0.7859755380596812 -0.4644864436540105
5.822247177036142 0.74109992399349 0.7794305450603516
4.526518930587252 -0.36080181528978694 -0.13418091087567569
4.84467229070548 -1.2634691587958682 -0.12547072700047573
4.811998995096223 1.2414562553005168 0.9701972020682585
5.215042511279326 -0.7976827682884747 -0.1376921350541953
4.554142986825808 1.5774815739664525 0.22127683610732635
5.126578527493937 0.4672347468880892 1.3722273322457714
4.529589695050295 1.6204997992075867 0.8518019103310726
4.885468961548712 -0.35479784917284185 -0.85974877353474
4.515469316968727 0.8191482482338456 -0.2952718770385971
4.729601821024862 -0.471826052397034 -0.3130321641082953
4.658369189662386 1.4797648773385261 -0.3648933306064121
5.243379643201341 0.7424296747147134 0.08160388046821399
5.464963387364903 1.3015200318049314 -0.034951973046477125
4.207542186760038 1.919137748254095 1.3654896803767733
5.28608676710439 0.6140811435623312 0.9831193481781588
4.406523026759063 2.7719548019733256 0.31264838910628445
5.290627229781271 0.15225888017266537 1.647917728831298
4.836181746135121 0.6448434302033408 0.2967408315217943
4.692481117102407 1.4264941705396579 0.5112387184329837
5.562765743333804 2.243896961940288 0.45947560928840525
5.180339521744802 0.4866674153039296 0.47216263066768
5.438888773024247 0.43021747208843003 0.5083238358990052
5.635123693894217 1.6646120691047022 1.2728319240497497
3.531570908326821 3.5461259669428595 -0.8836021131620548
5.828405284230065 1.9537352258730278 1.040490220705073
3.8114885678968777 1.7842176221418573 1.1692447376951831
4.5506275750386935 1.651217507095593 -0.03165346500204347
5.201465049595082 3.340927360028873 0.7130083534302055
5.3387610094803755 0.863453876265993 0.04186302946778564
4.946125928088386 1.4863541954618622 0.360766734599523
4.0277791318597265 2.8886334028652585 0.7708685121388318
4.4768055504101225 1.9510505605080897 0.35033648729148065
4.863024031101514 2.44586760531605 -0.8208954980779817
4.686012975790397 0.9076000369627141 0.2561471709901792
5.654465877200294 1.1736839544988449 0.7306623329835725
4.600284810633856 1.473876616781972 0.15149881058483583
5.536672686811087 2.0351118760439735 0.6107766476129955
4.658569520201548 1.3319306061900713 -0.15877436562942016
4.075871290134251 2.342738644530287 0.6605006279070702
4.567073203208124 1.1698553720693052 0.5384562328660929
4.751139760137331 1.8478725123902469 0.30669723480888605
5.094402811001507 3.1469076406959804 0.4076915533257726
5.095178017206027 2.166672660914454 0.33572372640031767
3.7147382432668077 3.1368772438206403 0.758720175778854
4.128980595811329 -0.014462163349390893 0.6573383491532506
3.9787907279936654 3.885379723560063 1.3335304470061637
3.8690766364270144 2.2717001344603074 1.143447338975641
4.478941249553724 1.0863901296354064 0.5042365299167504
4.080948370885394 2.582278246554776 0.8091143149995537
3.6760519809942327 1.6781099645441517 1.2734557417009276
3.480933492141904 2.3284287770167182 0.35354916204871983
4.635231072318948 2.291813722014153 0.994715192696265
4.281602446156373 1.3826328937774306 0.805333516138777
4.71375683324371 3.0677339006586624 0.7927838179533331
3.5628840023528268 4.263719272929666 2.0410802005005033
3.708279624792207 3.3342467877402244 -0.026894428669465342
4.557434890271873 2.4933505183263343 0.9983104145728079
4.910484500472809 2.0243445759643675 1.590154474398744
5.447236016141566 2.5199081735891116 0.5644556854896914
4.735338375368484 1.0974653715024856 0.31646180612022456
5.1930169733416855 1.0681560667932382 0.8792787008373614
3.285718393608454 2.6125339627617867 0.3942586966531322
3.1920189643401815 3.5987262177141917 1.0893871304066374
3.737017997786733 3.192123756438956 1.28504526005824
3.788652705586477 2.850111726159644 -0.4188704783288075
3.7228141676601756 3.733252069310237 0.997007176103766
4.399062914980952 3.2065530772233526 0.18156797234754563
2.443539946190577 3.478897848579454 1.2812979996819205
3.851862440813272 3.1536282507247435 0.45508106956698796
4.610458438604921 3.412713819653909 1.5743035068674427
4.790824461233447 3.0790719236945585 1.6020014730524141
4.725419663887344 1.4818342702661387 1.2024999352581538
2.9054545921958383 3.879282800603082 1.469717668156588
3.908683223885346 2.5288634855684995 0.9427388308710793
2.6649731001329333 3.4107363924531082 0.8008820401469117
4.313918767442388 3.681647374207977 1.1088062348997678
2.8116284856935683 4.158876532516661 0.9682117097059327
5.906716716999185 1.205333209549442 1.2886617418381299
3.586440213210828 3.23738051795753 1.0261619916479512
4.301532870467944 3.3982559881368375 1.8981108884001259
3.1358355045878867 3.9512605512025663 1.6163736376906372
3.232515981417367 4.2447553466320125 1.825737487314945
3.8302601000064675 3.013308766496283 1.5303013485979275
3.883653537226504 2.5890021596225967 0.9561287521818707
2.8820444902236324 3.708433593104437 2.229696158421774
3.708271453561704 4.011380750551562 1.8540759479450761
3.5693262961227012 3.211357766654166 0.6088122247889224
2.6210341677984115 4.035980495909257 0.5239243285094595
3.9775685873813584 3.8209567284900054 1.0345887204690014
3.950601705148362 4.084138926118228 0.9981206254416205
4.731533018969084 3.0839908540248824 1.2172600760166783
4.166768167036983 2.48419791282104 0.7060024238383551
2.926952393354099 4.4099848628738805 1.382804188696926
3.26974498490478 2.0839313117911633 0.6140155815216963
3.9539163624121834 2.5916439198861845 1.910459114228905
3.549015741452412 3.3103317365386427 1.4444692288463692
4.300105424980892 1.8506343405846684 0.8514391136420452
3.2346095594847215 3.530918158952481 1.0279601275742516
2.911297912465699 3.114560374013957 1.7991749907982708
3.966524823905663 2.585084612952615 0.7093201440766139
4.26669404643578 2.7853965188452685 1.4512424212095407
2.6800009654801817 3.609449993798388 1.8144374978484858
3.242292443732671 3.115948374312401 0.4696176132702268
3.8032019271354818 3.031746909149065 0.9643560066204321
2.6049715821588793 4.099043244951187 2.0274774049413478
3.531570944433756 4.562114568125612 1.2872929842440135
3.6877542381382553 2.0293349441993365 0.4625758649753653
2.7513465165217625 4.798527739595233 1.3741695516627268
3.6583694575827836 2.4638795502843847 1.6155250628866682
4.227481602543691 3.164550765524146 1.244806825626507
2.084747755570493 4.180966986484537 0.5482626216616605
3.263378881410569 2.443871121256339 1.384674328267585
4.214277601054903 3.2760952510410712 0.9157597505051853
3.5398188561479125 1.9831448901300863 1.4283756062729929
1.9569821656826136 4.532380425239844 0.9932239686816595
3.6736965005204913 3.6185161515840174 1.5903799813268342
3.2871546670781875 2.9041575205300485 1.2687518415110772
2.8005037777011044 4.626021700792864 1.2750153426241133
1.6831989945046122 4.938278455053766 2.0019496297782817
2.716320610977409 4.466627814008263 1.227555500860647
1.9783097966582115 4.4807888917807155 1.7207103020883847
2.4080778686164495 3.911885441585857 1.3084073326564587
2.610362123430702 4.015555326013268 0.9624518676187628
3.532859871324905 3.665539492272634 1.9599030312278094
3.4845919093244873 3.5644317676203543 1.0854798236280057
3.0474442070636756 2.392784168703998 1.6514625160968084
3.5930999250986497 2.0350914797182003 1.784123116948492
2.4733237635262277 2.3274992828247414 2.0977021886310796
1.0672409244603231 4.568742487437922 1.7508016789775205
2.6857591706960022 4.632970011010599 1.0741158014644687
4.285140139119895 2.174239605922732 1.443963243071982
2.590329001186249 3.2975648782105744 0.8115271008546404
0.958517258205019 5.017843299616973 0.5599980837746008
2.046371744844284 4.186150505200794 0.6616629019799386
2.1323254916150844 3.5722676290175426 1.9451848472868765
3.3896307534708385 4.586924198010972 1.5643558393393617
2.696826774107657 3.52579976908809 1.4742503445665673
3.0056834441184272 4.140601783940887 1.4186989577149467
1.8497050230035057 4.37908867392405 1.5712230045750333
3.231009967446611 3.510475314333131 1.633668144708876
1.417624992558186 4.836581987235091 1.7007563890334114
2.467557338030286 4.133655122033919 1.7209097550344263
2.2779633849632543 3.983684581888448 1.8703707874006383
4.066316274779514 3.2206618106527736 1.4980627148764039
0.5181506589454687 4.037567753659641 1.1368753668401361
3.173112376676639 4.194036498680169 2.2816559322195387
1.572996796378915 4.627562627358466 1.7789095057124102
2.912066124639328 4.406358343801727 1.6417534254685429
1.5713775201493294 5.5592234894244585 2.068298772058984
3.237579514315438 3.578509911098331 2.3438888878172817
2.5505277909346873 4.254855865602291 2.086975782834739
2.136109268142176 4.878942941832344 1.1870370105298318
1.6157832770215765 4.327313483890761 1.827799794125252
1.9195286419852027 5.567556512689596 1.434739662009744
2.5441756942181883 4.4207742681612485 2.7470276542231686
3.0636489357802796 4.242547468474313 1.5172048184844642
1.9766067160674041 4.186265606684768 1.8372800490021979
3.170578797665956 3.4555961191573163 2.5139461169181057
2.258550106391126 5.007147543597274 0.8240488966817108
3.267867299673149 4.413336103758749 1.164200099435115
1.1203359985465768 5.385997194843875 3.1685805641568328
1.0098939114182082 5.186288883850915 1.4385098036992783
1.7581019495159704 4.631312556494011 0.4443401535050777
1.4164053493282491 5.011160265519538 1.5275025758571372
1.238596440153971 4.040154179571038 2.0941034514445396
2.7040879145066117 3.5608857740241597 0.7987665124202061
0.7178612565545841 4.961082863249753 2.0508770549124105
2.669509027380084 4.568051097265516 1.6954262782850187
0.06564303816229451 5.409700939739277 1.7019350416310135
1.438413935347898 4.381786705007448 1.911795356563172
2.522778239015568 5.373199956573763 1.9543423769738304
0.22939765168609302 5.0247639174205245 2.5491394968282597
1.5164741186793722 5.247051160944318 2.704474395110726
0.4645530827182922 5.521730767794738 2.275626813780692
1.899863601902708 4.402857895054758 2.4404439809310574
1.7690358361376584 3.5832504198079795 1.5516284647892549
2.509517993707999 4.885272468702334 1.2393944448766199
0.9323850430390428 4.449877849074325 1.951444922572253
0.6479197743797928 4.108646077341528 2.3999764443773755
2.260199309900043 4.234661775331376 2.5375405627548155
2.150916752352271 4.461700174329912 2.337831914415778
1.4908758277118352 4.654986933547422 2.654997492530669
0.8936736422552071 4.749056964199187 1.1496230581479678
1.567206870620822 3.121696033792485 2.438880809548756
2.5202659944184393 4.433605372662748 1.8479568745208423
0.01173696554593188 4.736367925993464 2.4789170770505637
1.6786139576837495 5.169584562771336 1.6567636152237513
0.5267374179660776 5.121499283081625 1.3435426851254713
1.1211996155378268 5.03923909117349 1.8730869262028336
0.32271980190965177 5.564307672134758 2.222009302689056
0.6089016767889663 4.170685835548901 2.305705679535946
-0.29759945286967876 4.63961910610226 1.9142111063353673
-0.3422217978326529 4.487021212242659 2.087326141587532
1.389488814234137 4.0146674289209106 2.381478050178821
-0.11242025404727425 4.571107071182285 2.237617941412175
-0.11122268190672699 6.086878980732051 2.105092136646898
-0.11835885047388349 4.644640766918711 2.277702931094599
1.2058619129127128 4.947836471912276 1.9020590730057632
0.7898056079251772 4.9572275225082265 1.6764637953082726
0.9204073943813379 5.365659165759216 2.7554173503597745
0.21267953463152056 5.406626802959849 1.2230844683216133
2.2667406133459473 3.806893403915496 2.6423980443163204
1.28879681456732 5.284522390262806 1.8668494828635378
1.7928694183020137 4.8944531662248565 1.571911151609379
2.6921090912667904 5.08638112586527 2.5201563991814537
1.1104572701237072 4.428052897434397 2.896409845546865
-1.6966944127791022 4.711925662762214 2.6093110536887876
-1.2142448381743327 4.858246347942796 2.0489152394371297
0.9532627812589161 4.438853018356738 1.0985035213294139
-0.2863718347661146 3.4966163490499955 2.3476369673742297
-0.41969952898390084 4.42333378550879 2.4026549722220816
2.3565056133328746 4.416191453389228 2.014265121056172
-0.9769259368003376 5.1396995774485035 2.758429589255236
3.276164426696744 4.604611467324179 2.15375113315355
1.9126164817969087 4.255309122810939 3.268509717034038
0.5218673508307781 4.911772190418968 2.7182019459886773
1.2819946638116595 5.056199022253381 2.7710814066843663
1.0832203310855035 5.455338076651432 2.7487897610733922
0.045904422347760244 6.137366862886852 2.0986212868186525
-0.41805798848919445 4.894069854941655 1.6586623428192957
-0.1277014240471356 4.9357398259229575 2.2831035736464282
1.5181819183437826 4.657154556869161 2.635668721286556
-1.559641819111322 5.047590570282126 2.2395051781230335
-1.2527798544640287 4.798528514011709 2.349099327861777
0.47942719455361354 5.093537184248471 2.727685435337042
-2.0294731759498337 4.410643205786224 2.696803475552449
0.4452369119782413 4.587568391806799 2.9728633448513797
-0.18283446719107807 4.679469391908707 1.8108874215907462
-3.388117491655755 4.826304722888607 2.2770963192774425
-1.1933209531452125 5.797872750175105 1.8702958213803278
-0.6811523283354312 4.6814251129036 1.8714448588937267
0.28844021073865733 5.092084335336592 2.4439982237439692
0.03231952170838908 4.763709639046993 2.404972471846505
-0.7393690916259077 5.789144486936823 2.8244883903467164
0.34530661745980656 5.08601454631968 2.481227248601935
-0.17448794895009967 4.28327848398319 2.492095503038122
-0.29764126728108026 5.427315168688881 2.8314487153540706
-0.45562082848497965 4.858061178542138 3.1214760038997422
-0.19143048019772338 5.502280763965458 2.4904467168156263
-1.7464566891759015 5.048530158697434 2.539730814280115
-0.8490158623386647 4.276046146693297 3.404687980421888
0.3565605882616089 4.730928677427269 2.4536582161031606
-0.1108863323097936 4.463152301983923 3.426619937561888
0.21006303028850346 4.9339844051391815 3.8587828093343006
-0.8972771520903581 5.110729600497756 3.349593580074899
-0.7034256386112657 5.780809845413979 2.99056002842565
1.2623722529851613 4.4822051719744005 2.219681435959628
-2.197177204168931 3.6610484227295785 1.8508744883872663
-0.9932391430331582 4.818920863684407 2.4588324494597256
-0.2028475870823744 5.442850071391065 2.657594076876538
-0.10268265888606269 5.701574200802319 2.640596980445776
-0.940850248463043 5.84616354364683 1.796918398196819
-2.5336004518134825 5.68119556932421 2.075650941936135
-0.8352680591879093 5.014115618243813 2.0031789808285057
-0.3546994943437196 5.768686734497914 3.7387076820080076
-1.4782750146537076 5.254153896327073 3.796355273342148
-0.48501482351913666 4.568015707463884 2.4697255506506526
-1.6268854957615941 4.600949621566381 2.6066936016946896
-0.9115932794812388 4.487626818261457 3.128026744717149
-0.8421564694749838 4.568579972251026 3.1692390149515566
-1.9349224778201164 4.894312586431682 2.5293273953024245
-1.5662628132360625 4.393516463754471 4.159299920387231
-2.1480276729285666 3.259363012388095 2.438360743865468
-0.90569105173326 6.096510293856372 3.266672229630488
-2.9415642571817675 4.077531293952851 2.7078294887268464
-0.623231751154165 5.709339973531114 3.3244655959647824
-2.0384105898376554 4.965003203628387 3.405864188826362
-0.6664264974038974 3.792821340153814 3.35445144070579
-2.2632949687668518 3.8802039523780456 2.3581105278096275
-1.3898446224295429 5.083292016934084 2.6868638084849445
0.2645296194844736 3.647578871178638 3.3239084221523623
-1.4645624018690233 5.927861893920882 3.3634811308887307
-1.3256512682218942 4.89167665385869 3.64845806927094
-1.8801214608408339 4.93605405692151 2.873511678121124
-2.3906871955023097 4.399932472650839 2.932179825650008
-2.1124417988831197 4.7810901705624085 2.2360517063938947
-1.5965316808201868 4.209789900257088 3.4866879103447084
-0.6907618302608757 5.343277798179184 3.630014708011957
-1.797695937510593 5.1600547441652 2.670605328472536
-2.305247333593799 4.178996860959558 2.656096370648735
-2.7597381042529405 4.888927047390122 3.083354570149115
-1.4978352215202186 4.452218010074609 2.338516061932588
-0.8736591242226075 3.5202543365033696 2.9600252809676135
-0.28186297987072334 4.613030197739371 3.3626154809280804
-1.879661452163018 3.3842477771379955 3.4135394532078647
-1.641513338782105 4.880227135620357 2.697404145333407
-2.4167422398927085 4.267317582268253 3.2890242552159474
-2.6439684669533383 4.291549110828239 2.330073498295465
-2.7529412136496334 4.343244255524058 2.6560712166512
-1.2684952525632227 4.696519208733898 2.9592786364560237
-2.37519274856391 4.53023619606498 2.9615929152088847
-1.7213061322155214 4.4229166389657495 3.4659460540429605
-1.448222660569691 4.671283767222321 3.288880971300961
-1.269195345481478 4.442640992252166 3.372439756581712
-1.8697706588698277 4.427635969463006 4.218449727485821
-3.21382332240057 3.736300465757521 4.1724519291522295
-2.0033138381744977 5.402072015672858 4.299097786249149
-2.4339111673943217 4.428990813554953 3.558979861719893
-1.9432382571741378 5.154611845001678 2.800201886864266
-2.0253394292578366 4.544901004876057 3.2044398066950883
-2.881955765360139 3.9819586523183648 2.850877787585148
-0.9401553813425713 5.631320799299237 2.242835179651375
-3.3471472371119533 3.3488381292590925 3.445488671215012
-3.320815005830838 4.403272305026955 4.432597430190512
-2.5901351730142386 3.662508602297641 3.596536640842161
-1.445414173860939 4.63810721331888 3.3830970712595967
-0.6833951153426523 5.5386067642968415 3.025814024282958
-3.5858762826552386 2.876637617290474 2.704691675306003
-2.982737038938057 3.6064466438097 3.0892407748038364
-1.7378530029518364 4.310474037855524 3.6802524811883206
-2.781897675005182 2.8541298940227886 3.919437973610907
-3.617971306218449 3.960313977707182 2.4233788781822643
-1.8601520696082077 5.371790707778671 3.296521708273602
-2.2734839373018283 4.952572828913199 2.9735857673259085
-2.0366912300215 4.306630266806136 4.234072717409335
-1.7511746452959145 5.606427453183833 3.7981139157113293
-1.9560561364501352 3.0097117499311428 2.8751465812520234
-2.7981397922771962 2.6165036599319302 3.575185845110981
-1.719058401726747 3.1374007422959744 3.849505570183695
-2.714922635560892 3.5193788845679426 3.1466432808495237
-2.6086719772813605 4.417582576233925 2.8801900814412633
-3.0113837828035863 4.050374860597753 4.058186558689244
-2.1307809008080927 3.7764549772858005 3.2705937975548176
-2.8439467166712715 3.3940125554388008 4.057608249584725
-2.450466549921632 2.5760614731890525 3.913564202822651
-3.4940116028852954 4.046735918172682 3.6297327443368417
-3.66802042889343 3.1983250037680384 2.774511194867375
-3.8757576975706742 3.8919333921605683 2.972893306513293
-1.9500485694032939 3.810863904143398 3.792583983590307
-1.987214291398784 4.740489797944307 3.6018120894388583
-4.036864507107214 3.8586469080887813 3.222017552981901
-3.8754592118598725 3.0666682138123016 3.284381158736488
-3.261676011622384 4.102298461547254 4.241830352626776
-2.4444040455645903 4.695382949335182 3.4068633305603093
-3.4923359517492547 3.2805644740218214 3.54542372153787
-0.5435395757599326 4.8831804125621305 2.8129265263343384
-2.3658159829544423 3.8990273513445923 3.8674104905764466
-3.463607901223486 3.385892071493313 4.7447953802625396
-2.970249016805279 3.4565651048733343 3.5536302750760616
-3.986449883626981 2.635310698794034 3.3625564905825924
-4.5244408369855025 3.292837409295751 3.5325225027589644
-4.329604681733924 2.3243601891387398 3.875698528212375
-3.6018928715846887 3.522367416117059 3.448971355969949
-3.2721319841535452 3.256037247396065 4.067358742269667
-3.5054310081806257 3.697690752079305 3.688700231402571
-3.3900170636881373 3.347676986248978 3.7715987865535077
-3.561314658326664 3.4392501498597086 3.731309839984886
-4.722456127969812 2.363468478298277 4.2457038626604575
-3.102212595524148 4.1108050680080845 3.3157958705348993
-3.270860602003175 2.2013004692687836 4.129349852361883
-3.1105188498638543 3.0092759973520993 3.164786729915631
-3.4414454371870233 4.104462133393713 2.9756584073881123
-4.174851572040172 3.224168002149833 3.8205019069713666
-4.10092174984036 3.5809674384132797 3.724169414789645
-4.078309883835097 3.346172237165524 3.623974044840309
-1.7375315735226953 3.953839300789393 3.6208747246977953
-4.327461167295076 2.986773188939144 4.84554107107132
-4.35447858150997 2.8154203505148185 3.67344779143983
-4.090009106937071 3.914755649993389 4.453546529756057
-2.5729926490946466 3.231826688714955 4.109258993399042
-5.161270342871841 0.9400499094442504 3.939989591297991
-2.867015199258991 4.196073378454155 3.8934074131612255
-3.6743761143731772 3.4286669147168394 3.79526910263096
-3.5852742172775924 3.3720681512020074 4.268499245146607
-3.8771451859641073 3.914536957642794 4.781436680302585
-4.528830118245947 2.534395007727322 4.187074594847045
-4.331021305458696 2.289177228904602 3.759725778925635
-3.5977585631742786 3.1037137833428154 4.380499450474584
-2.3721540973937203 3.597327815240035 3.6912103929889595
-3.710172166319254 2.41721500569581 4.014400801421926
-3.1820141034376794 3.965775157252183 3.4471910371080687
-2.863515621365571 3.98503056082618 3.506343433219677
-3.779172959688662 3.4735020902962486 4.179767457854424
-4.4449743542770594 2.486503827800978 2.7452858873639423
-3.733577143654772 2.6058067870048367 3.8070545069342754
-3.736525131959283 2.8013318934257176 5.113434401417876
-3.4842510203687884 3.0378713303575147 3.581574858697251
-4.926791467786702 1.5916883303030107 3.9046881806591385
-5.651858272664107 1.8879530735508674 5.088461609540561
-3.530237619081909 2.431689386888656 4.278227609981844
-3.8820682597538934 3.1152440748151133 4.178327699165992
-4.105062662681795 2.1537494748808044 3.5131172825182073
-4.20046952241575 2.830497321746983 4.33913225813363
-3.466990066909132 3.376502067395581 3.5336176714769816
-5.117311241563375 2.437087388351839 4.007663888174381
-4.707195533045284 1.8185396005893497 4.241367264949768
-3.2416068756533605 3.532587762372649 3.936020847514768
-4.730169825144966 0.9888505183418816 3.8272005456385916
-4.966744812363608 2.4437370598192536 3.440174608204875
-4.443868135646468 0.7140672503652822 3.8453621301902285
-4.261498016926557 1.7984247110248794 3.8645903695516366
-4.984800855546411 2.520388911435965 5.087633248967818
-5.603629996316444 0.8360382867912084 4.112500219304527
-3.7444325890203882 2.0064926088628203 3.911098366433764
-3.9388056867089203 1.8413638275042967 4.0127589301484825
-5.029340230659961 2.3654846744642772 4.283811076104982
-4.911648950798454 2.993626833047958 4.926210497768577
-4.2976785207258805 2.809863672405956 4.531559493418623
-5.352024541268578 1.9816172777685888 3.9583958368331364
-4.968667862399017 1.8271588078758663 4.266965808030528
-4.181857338151488 2.8771507306400665 3.9997418585739295
-2.8636811411632497 3.365474821772715 3.7844126451618667
-5.259305442383997 0.7633531788850005 4.9522608932846905
-4.086441706763354 1.9369342341215192 4.101907488557744
-4.5032930775733755 1.7549597295842692 3.4669654514262263
-4.82886605780456 1.8476930004853138 4.480454413678452
-4.077521757541465 1.3778573641702214 4.438830979632403
-4.2521978845017605 2.1566262039836905 4.834053449280016
-4.745588687919614 2.266562841302068 4.422976611193637
-3.531849077311857 2.0003571094420716 3.8616416986509186
-4.931535510690394 0.688274204295761 3.7216768257753445
-3.934490159006485 2.1077039656284406 4.99486913478567
-4.1368668742645305 3.097292200613548 4.802940730383962
-3.938066394932116 2.358218855051798 4.104236597311014
-3.796324832502846 2.9921980691813497 4.412885610546769
-4.992480622291173 2.4112416336523097 4.762954215555417
-4.010644032209154 0.964418447435773 4.145716241581993
-4.402616234924259 1.3876947628597012 4.461612762320987
-4.919583681478101 -0.012732509728789832 4.453583928614983
-4.874925810233494 0.26369364954170893 4.444738991632347
-5.225865977013406 1.2897710109705862 4.685370913199065
-4.660929713942321 1.541728347183416 4.652327467493367
-3.877099282225739 1.9514738608845443 5.166825745669455
-4.524048560093666 1.5739468889732486 4.029525743958708
-4.453633129834189 1.9811207333451004 3.5002785209510603
-4.542126925981171 1.1727428101290827 4.134122488540633
-4.200130488781651 2.0406012896740924 4.658059798788818
-4.298916311709357 3.3295218530804043 4.168862883066397
-4.5779702915380245 1.6442457898354512 4.642079573410864
-4.462371591427746 2.621529489516901 4.450942043681596
-4.629080402798036 0.5676594337452638 3.7274909209270124
-4.919392997217799 2.0493085291852604 4.472855041519198
-4.512914110976916 3.4324575702430757 3.960543975949896
-5.406057570029528 0.08730201066865106 4.501711868136989
-4.299924476647497 1.4732207845540972 4.962425514488632
-5.508200287516901 -0.11789744611997147 4.848315656940289
-4.631875807580952 0.322939877673451 5.629976063591777
-5.779298273303746 0.2973458354588468 4.618054954262401
-5.24438521056203 0.09622649956214109 4.089193780686477
-4.3895025689910145 1.287872612910898 4.499100679667384
-3.7596903795579073 1.9680334951097276 5.276745818074692
-5.074218246148128 -0.7090804812075329 4.687996126196
-5.258371128023096 1.5254185280835986 4.546818524399753
-4.910823983355461 -0.019331409299833312 5.255574043570352
-4.907294625216533 1.4380323027504789 4.111881561639261
-3.8384235302686878 3.551500360121345 4.3161939873213075
-5.009176052366455 0.30430988094695227 4.772078619284168
-4.6998273064660685 2.329738962116187 4.307882700624587
-5.282844108385794 0.15955710575048968 4.452434464743277
-5.360852552165446 0.4905434769183358 4.386812011868469
-4.409506752523893 -0.22819905903443735 6.307303823203297
-5.349614018825367 1.3762976285067499 4.396964763815859
-4.685511306294961 0.24620158538025083 3.8162619709517656
-5.452475344204441 -0.248121562621306 4.900595281779311
-4.010422618583111 3.128692617732436 4.645698914779944
-4.942844401873089 2.1535901628306426 5.6584410661897016
-5.711728144452657 0.25939003725275456 4.690070659229292
-4.119952688040109 -1.0570942991083665 5.149775408581787
-5.016782602928957 0.2293551654999777 5.040474405706276
-4.935733918240548 1.5182667994549068 4.432535195448328
-5.483471603340683 -0.9162675911324312 3.998560973654745
-4.349176930203387 0.8694834974394174 4.609065141599531
-4.380186186864877 0.002224206312219865 3.934582365197642
-5.045554016800396 0.6610771184410336 4.783623356190245
-5.628230271527372 -1.762923613602654 4.4919420718157355
-4.635965833784052 0.023794747839643304 4.888043053049086
-4.054363216792984 -1.326278603194753 4.798051997635774
-5.021435587706577 0.9882731451941266 5.210642075594718
-5.246753957877891 0.5037516354779016 4.9249359514087585
-3.9237221144965373 0.4647978036424498 5.634567638151933
-5.176574499502254 -0.10782117985256258 5.242332940455528
-4.778707694301738 -0.037888057059771496 4.745925574192076
-4.210105601045116 -0.07723909071761446 4.770448938215865
-5.1650348484034865 0.6520815099696494 5.206216254701283
-6.032676448893542 0.723197214895928 4.117643703859079
-5.2223373323757265 -0.39183907537062657 4.752617960611555
-5.381479189502119 -1.5816965525347346 4.213121150467748
-4.69525442286041 0.07756126058233823 4.373583117350272
-4.47493958754313 -1.512452702724687 4.947273258940069
-5.240768454554292 0.2739622475051485 4.544087819547546
-4.761110541504441 -1.3235448682255508 5.107187108883695
-5.039263168626556 1.8853278510197993 4.877966703748689
-4.926877258686314 0.020391746029735328 5.357805563431081
-4.827467076002119 0.40498155694494914 5.9413738363868385
-5.170312362318797 -0.3248886170832729 5.099307911945327
-5.193012495345773 -0.022380076740405944 5.613182270638901
-5.455094473140639 -0.788847024573171 5.360217479361547
-4.18560647244226 -0.8361532271611852 4.981341046868635
-4.556050390823107 -2.397947232985884 5.08208166325372
-5.456188329310843 -1.6571691479043902 5.136341898049553
-4.519818583324397 -0.7654554493550522 5.115902701084467
-4.667585081853911 0.7890220584701455 4.29200418105325
-5.0333709681834025 -0.3870908646420613 5.172571849834372
-5.042333133016609 -0.7509633672896223 5.28507638736456
-5.891362924076775 0.11174342042422981 6.374976977300257
-4.793083521039848 0.6288029356746162 5.379772069617864
-4.939679106775669 -0.09556037556165438 5.735776883511549
-3.98943067227692 -2.4355239543235516 5.315058986105668
-3.8875434044633073 -1.9977779000977516 5.34839619290693
-5.156803843824797 -1.879414757136748 5.402356473205582
-4.927995765185323 0.33502997308420124 4.918788232374188
-4.886310455064217 0.20874246673027283 5.7334953254405985
-5.3093747337503 -0.3169492160442076 5.682942040645083
-4.882761106189814 -0.4214914159831993 5.248265263719949
-5.241594984101697 -1.5264132813856448 5.160872346355747
-4.132432166577252 0.03113157816605736 5.102636345519793
-4.580193602314909 -0.7413965284730206 4.862435623518455
-4.838198276293463 -0.5429767396854603 5.824064242031066
-5.645473610212699 -1.206588596354498 4.966779048378692
-3.8394859037502815 -2.931319341248086 5.35527725321748
-5.594580947039909 -1.6195846896996946 5.035385989068345
-4.453753103106887 -0.4454618103512385 4.719214022556072
-4.636003347561511 -2.119284875076446 5.07099455307749
-4.609491462864702 -1.4658442287291615 4.95041306467112
-4.849918288792112 -0.3773706492497783 5.839212116206913
-3.8403471033389054 -1.2329941350048255 5.819994767283549
-5.078157235900876 -0.6535569770107734 5.548352311078806
-5.220162334528527 -1.8283970695347456 5.800797040900259
-4.659955503468274 -0.8797274709312185 6.32690558024755
-4.6832121458161895 -2.2819662341056284 5.177503381881478
-4.098274707999382 -1.6668050977726832 4.858048250076658
-4.571956063972084 -0.6623972750178464 4.527291188089055
-4.332647920607246 -1.2643197620986981 5.3893189537350485
-5.659714044037287 -1.5581731052965475 5.604540660099593
-4.724474568306322 -2.347196841332634 5.276289263019796
-5.536154620228889 0.22848427492216905 5.970893052928695
-5.858730892235646 -1.892875895690159 5.225632465576652
-5.179618328230178 -0.890749974727287 5.2480907733517554
-4.475722062729904 -1.2776483870502724 5.911972581265277
-5.033099244808672 -1.9071484782384496 5.319755331317708
-4.840290729321422 -1.7517907309748706 5.2666727486230975
-4.478867462001713 -1.2317350584073665 5.252054434567014
-3.5980882634556695 -3.35186505655254 4.551016328479193
-3.9010137345536435 -3.1573643985004307 5.908193303734436
-5.603920259796614 -0.2520096962484079 5.288588401548455
-3.581224833305299 -2.77857289332196 5.698746822276739
-4.971154034629495 0.3804656833508475 6.208986674196457
-3.8319744901618167 -3.324843171896665 5.536184121512086
-4.930226051090264 -2.5066344304557266 5.497892427557456
-4.792458535667742 -1.0953164495041394 6.028642973873147
-5.03582291193448 -1.9872788470041414 5.375299883526017
-4.604854079690706 -1.9780736142086328 5.141404581208149
-4.38972855517733 -1.9115811254568857 4.9356065708448265
-4.987476309243629 -1.4700310166490826 5.545347590208756
-4.837322747436332 -1.1191182252609941 5.393926439514507
-4.7441829897360055 -2.8662725455424654 6.23360469326803
-3.263402748538015 -1.7280024981679354 6.022426438589035
-3.9297585450914183 -2.2532115019542376 5.14674044736194
-4.878343652622453 -1.786763639155414 6.100617986219676
-5.139686034378915 -2.7337401602513998 6.515602368544894
-5.152137985420024 -1.5527230430495165 6.148222232602465
-4.030132745545618 -2.1333228370563035 6.055423229612836
-4.4299935007054945 -2.7968355130165894 6.161434040637422
-4.022474978729419 -2.763342192685499 5.740928446033542
-4.309834678933008 -3.593573021524571 5.141608053019974
-4.546958059151736 -3.3654397018461397 5.621876024819997
-4.124575776237144 -1.5866608024574576 5.359982668526787
-5.046106916860131 -2.2583769578739465 6.476953770368942
-3.7562062413777713 -3.02235351668409 6.546694808478102
-5.281714569627058 -1.535927439778859 5.974425201868359
-4.459843985750262 -1.4270972632831829 5.837764706984741
-3.0284644736825888 -2.9967906485289517 5.445553453633625
-4.302909248172905 -2.2700634458183404 5.82228330036528
-3.3808666101305747 -3.855309438514824 6.1136652219490255
-3.8639884878281796 -3.6405631132121443 5.989928046288933
-4.4375723577389925 -2.202785298589168 5.855263602662429
-4.841536860328656 -2.1088378720747087 5.960630218858487
-4.067133587304433 -3.7743588185943913 6.151954785515718
-4.102165362225298 -2.3926498980156183 6.21603996220157
-4.756834945208316 -2.7364700746967894 6.146281363115454
-4.596353829003963 -2.6488474965983757 5.563378877403635
-3.099864123222419 -4.41784561837 5.851107337518949
-3.259649365789895 -3.7137660173674654 6.10962713167428
-4.004025719720332 -2.998440653235909 6.414763003908221
-2.9411829592314724 -4.152086297418386 5.3351406501068706
-4.3613225720805975 -2.954621736803963 5.946442968634136
-4.457498221601006 -2.568504408439167 5.824968312574268
-4.724428297925782 -2.6186062700746167 5.846337345158179
-3.6768292041815918 -3.4241385134168496 5.695866221098398
-4.026655464204232 -4.151170881571895 6.2051121871573
-3.4268562115291124 -3.759725045608012 6.808421928417088
-4.387481522476506 -2.7726749938265387 5.778995589362957
-3.633752070652277 -3.5054001705291093 5.373292408726846
-1.8510687373698926 -4.799855759808719 6.477017395806457
-3.1842782358168087 -2.206454646058352 6.790994230824023
-3.8090133170560225 -3.931480389649143 6.54371773066304
-3.886771514403955 -1.507600971256977 6.108914293809309
-4.158135714457801 -3.4539866489849524 6.4729414832691266
-4.080517391375195 -2.901348393014497 5.773681620722279
-4.060966897169983 -2.272593587894918 6.7773419744509695
-3.1083304400459824 -4.092876484819059 6.166550476414356
-3.2576085493359637 -2.5328321545570156 5.7391031538634865
-3.4306125530342597 -4.634286770153492 6.963872031124388
-4.006372518585789 -3.1703439960497795 7.038568505223841
-3.944346369919987 -2.662385578821216 5.499592510860357
-3.6051543904133156 -2.8049084114892984 6.559763859945342
-2.94541038911681 -3.9690378640813324 5.335226909704557
-5.111939535614007 -1.6029848637317148 6.500685921879699
-2.4509333058977405 -3.6101332049320214 5.83668143116565
-3.7314115664563863 -2.788708322855844 7.15668418909421
-3.6730295262481634 -3.962681370152699 6.990629918005455
-4.526639612188583 -2.951909136649446 6.632627395761788
-3.916926008587404 -2.187099260621801 6.51288062542918
-3.492053938255935 -2.905209435307298 5.8675644549970025
-4.551979844231243 -1.1945976125875615 6.5836550272786685
-3.441397044445132 -2.6710471494121637 7.249468806852775
-4.189250658758697 -3.2727419466431646 5.493365616235102
-3.6675665106205133 -2.517327476363307 5.489717761179975
-3.8605935336306856 -2.8764987642511275 6.1643381712791365
-3.2136279976316 -3.798509630810817 6.133722903884991
-3.204270738584298 -4.198038850994173 5.269781631738454
-2.3106536691627233 -3.8556860511703417 5.465528114187184
-2.508102912727195 -5.155129322111911 6.455576093297583
-3.500798403199889 -4.463914870444757 6.409597444890599
-3.7671548308409966 -2.11922851482552 6.06913612076986
-2.6379365131534955 -5.217751100420868 5.964788605930433
-2.769364043852543 -3.5342276144356113 6.252765079468174
-3.2503916352689033 -3.919211284090214 7.245092287629916
-2.263032392802402 -4.009463966553243 6.317153306248946
-3.2078521708087253 -3.3187162652703126 7.124036249025366
-3.039445857630165 -3.116972621331709 5.707734733078483
-4.239077074027477 -3.6347159126733306 6.38151822494776
-2.9996538261404933 -4.686554451012094 7.067778708577233
-3.417921898621744 -3.7725977924893463 6.296303657638049
-3.0422361753990166 -3.5838334970467667 5.872468576875871
-2.590466375697692 -3.3596355054155804 6.3464192158242
-2.4938260592594075 -3.7683118466845813 5.888810139750025
-2.456145014090979 -5.325191754108436 6.747132227624716
-3.7822361911258393 -1.5686359247079746 7.588318524383354
-3.2171432729033005 -3.2538435187252195 6.29864460441979
-2.8046990947216055 -4.833025770969111 6.206746821986888
-4.133865821451319 -4.117856247559861 6.440414478389276
-3.126385607574261 -4.631092447253311 6.444826787408855
-1.882110468871991 -3.60264919656626 6.411785917170378
-2.199584633563061 -4.896112256916804 6.678435911406085
-3.0253498232320113 -3.3972963324717154 5.08352339461736
-1.0308632965396394 -4.650073766972997 5.439240318138587
-2.134775125086062 -4.409698562571842 6.036880559721771
-2.8493428108813057 -3.8957920455743347 6.82077133822313
-3.498457859412107 -3.578195096843727 5.917375609744833
-1.2171191625922213 -4.718163791132704 7.191238670298588
-1.698463479459865 -4.444568212170953 6.0678587557042745
-2.6743191559004056 -4.363324053367342 7.365668167235137
-1.6354989446454966 -5.395145494267386 6.334249198353401
-0.18996965195741009 -5.102519281514536 5.838988061305239
-0.6778182882282049 -4.4621002723791365 6.275602419203116
-2.9168634642669793 -4.714208130660782 6.336173422159097
-2.2209750644460517 -4.137090059362184 6.130813858170319
-1.9448729638648112 -3.7092684092292743 6.836778832803473
-1.2652700663554113 -4.515671620505686 6.438372732180945
-2.2405500636748923 -4.448687180763544 6.530085925706055
-2.592241176087532 -4.024100159933319 6.427866266668085
-1.736548311795249 -5.123772885290369 6.432274566587238
-1.047117090544879 -4.636747555491353 6.746475245937609
-2.6303163604043673 -3.97808487098573 7.396323133147858
-3.141972021732337 -4.066289627430005 7.0141225290561415
-1.6907468774241285 -4.682029244927348 6.868429865121498
-1.5000457003764462 -5.011626168747337 6.095420472050725
-1.5285337203202782 -4.806191511811812 7.295768427368599
-2.165551307772334 -4.391996281471733 7.420889801313861
-2.3833310348415697 -3.949788521025781 7.51180393291183
-1.5910902787079324 -5.366225711500344 6.347782302558745
-1.003968763083456 -5.03453168625473 7.188406955623992
-3.322521835720103 -3.9855105274470497 7.3836158075891
-3.4947380614280474 -5.092931597288451 7.31321296349063
-1.4532049115008203 -4.303537874156862 6.931778592708343
0.0762686975628915 -3.89839831308278 7.431782179482721
-2.9648749467260123 -4.993093481843715 6.904940158106227
-1.3493680634353706 -4.925166180922028 7.315067468134283
-1.7701370638666014 -4.8020104097462415 7.572544470180268
-1.280142778038167 -4.946927298886698 7.182431030214389
-2.0415074947588088 -5.169395134431713 6.921732905488303
-1.2807297033781955 -4.649344811843994 6.59822049139016
-2.7504169856636578 -4.066254881072934 8.244521885295754
-2.608529348574005 -4.450205230563583 6.969570958313408
-1.491949044458638 -4.4595562239839825 7.414968553590068
-1.9955766718873622 -4.259556522757209 6.507794810514401
-0.799203828997459 -4.3183473660226515 7.087377078629534
-1.6803248181211727 -3.905933901890902 7.0363334991910005
-2.07764450695913 -4.842598922016569 7.758696708218736
-0.4891638901720397 -4.440501408481169 6.566518188912408
-1.9217589246008617 -5.292207988238509 6.6876272562898915
-2.883913620226226 -4.514686767871035 7.159445545572268
-1.2767166547174922 -4.730832387921331 7.4852713575171155
-1.5695942632499265 -5.545550164904149 6.527109532737661
-0.7170400429612289 -4.8837050476180615 6.973507817376966
-0.19712740604357165 -3.7843302104628043 6.715572150845561
-0.9729469442979184 -5.0417114252615525 7.991671647780276
-2.581305852149181 -4.964439805762966 6.516264196182379
-0.9918189501576218 -5.577585164852445 6.887776743723549
-0.8266687450117356 -5.604014465912432 7.137663530425756
-0.6997100607730721 -4.607511679378517 7.106388532727844
-0.5076506501212391 -4.630618422441745 8.011775177035002
0.7321191632420788 -4.439050650562699 7.570447680328278
-1.2454107449490959 -4.711257158220764 6.985813624176479
-1.4475085880610528 -4.837293762633795 7.24724015146056
0.10763378756543228 -4.500671235490644 7.13538156127394
-1.0911234768353582 -4.901696136224152 7.524618883344867
0.4316703739644504 -5.859211766149705 6.285933253812925
-0.6595706251968879 -5.629070101288954 7.43852666151228
0.26967445425796355 -5.094682189989588 7.074808654245805
-0.12680631522462898 -5.847997166241035 7.173209419158816
0.5708997957697104 -5.135714784680722 7.328710260269201
0.39502159219227745 -4.416775604431573 6.678796910784274
-0.4120899760046731 -5.376288320822104 7.0690529115106475
-0.868956592515894 -5.272761092445545 6.977500627381671
-0.683556303276498 -4.6393661578833 6.7368477504784465
-1.7448327285052954 -5.768337096710993 7.09852872653917
0.045654533193932846 -4.483727198596732 8.151469412891721
1.3475746701552447 -5.123771846194004 7.114361090472075
-0.5403908327184064 -5.639459579878334 8.788826765727476
-1.1127400129528608 -4.228663397794813 7.419218442007885
-0.3209982952822418 -4.8934829250953875 7.642934334114672
-1.3353172976233048 -5.333782594046146 7.87305909899376
-0.8636524830511774 -5.096277265647432 7.161835953698003
-0.7338186717872445 -5.533591439421479 7.514340728323554
-0.6609413976793489 -5.612317236021811 8.091516020199565
0.06719793224144315 -4.401378860095146 7.311272817297045
1.175993550053042 -5.7467125720889305 7.263394978297354
-0.5029418975805454 -4.69948153751565 7.213163621712989
0.5939113523514146 -4.252148515214354 7.675181364657624
-0.4744579281826125 -6.161347440284409 7.683264741215416
-1.41552660001371 -4.811418190414615 7.563856277737544
0.5655218427194404 -4.922526156442149 7.832871978457098
-0.10486883652695517 -4.470885062271928 7.86568015476761
-0.7291593904789146 -5.292383745089729 7.833855412265192
1.873174346584622 -3.8596472044460484 8.130172031905447
0.5745523736219856 -4.759402606500658 7.398241895794228
1.6951572467475056 -3.8239465597192583 7.21151123545366
0.6940897443572721 -5.1580807547714524 8.112480966836785
1.4326851102151847 -4.0596988168873045 8.41197315450711
0.8688492406399055 -4.926086991011849 8.270925830311842
-0.32912361360954917 -4.736185019912823 7.479100351119012
0.8819355084517108 -5.059664475325159 7.662282523661193
-1.3802336076161608 -6.087587400786979 6.860127551299275
-0.7479651260645064 -4.229177880774271 7.950228181173272
0.6657309718003118 -5.28535387995131 8.210294099655
1.5907774954968894 -4.6450992684575265 8.314970216915384
1.0201978012600494 -4.393167646877808 7.976185795877829
1.6709441800915423 -4.714630952950804 7.76084833572233
-0.49058178977647415 -4.650697138975378 8.074550232509411
1.4178083233423262 -3.3497723654370968 6.79681406000379
0.5860327517432032 -3.9973476993919843 7.981041204668615
1.0121211700315011 -5.177429610334314 8.016032599632219
0.4736077047703737 -4.094217880887013 7.744444074440558
2.0897454446003363 -4.573351182832709 7.061060640998559
3.1467529305428714 -4.275981318259781 7.491266243247096
1.1494671736967381 -4.929636312034518 7.7314890441799635
-0.3799614182912342 -5.597440570322275 7.357464636580859
0.7332783463889523 -5.0723676420696755 7.464579459687813
0.5411379092524038 -4.795350631454621 7.3166618083167085
0.8788772566919787 -4.704240100168091 7.616141320462024
1.8528295308035019 -4.374305335001714 7.9411885205607815
-0.06944053252084885 -5.201388082608971 8.991215276098906
2.3113278937186865 -4.6331235601322724 7.620267007349244
1.1371443732399447 -5.298030797082787 7.931754817696866
-1.380043861696821 -4.975081333420433 7.899886819180212
1.7244210929818233 -5.117318654196361 7.663391792612163
1.3975338506751882 -3.817823879235618 7.471932886950452
1.4956497945055385 -4.249587221933103 8.067697089543671
0.9488630146763362 -4.490475972345938 7.412055534127014
1.67256606900208 -4.339204790586473 8.199517477368811
1.1524796145633638 -3.819876133971235 7.4576081980972315
1.1744370849504069 -5.135156256328113 8.608782686670354
1.3403322870932026 -4.409949831570185 7.9688625511037205
0.7339170686504267 -5.511371816828271 7.983091375802579
1.3744968387612835 -4.9384896173148825 7.9893887514037925
1.8552160288030568 -4.108105013452937 8.29957448521317
2.73350702851783 -5.103969610806263 8.004297543293223
1.737762467854171 -5.131990859882173 8.059128076304349
1.5664902270588388 -4.907305964711649 7.5375549959429975
1.9831046422322018 -5.356849600602589 8.044888266967856
2.4961095390702077 -3.70761400241382 6.91708480073919
0.9548039020682616 -4.805318454003973 7.944444824975454
2.874964267790212 -4.5021006068933875 7.786300409198233
0.39986506364124924 -4.3374993109861215 7.695973667834133
2.126321345231502 -4.111225965086984 8.060113944012583
2.0481492905361125 -4.952822325246447 7.684119087001288
4.435583391845879 -2.793726842982264 8.729042821215971
1.712883336720118 -4.905221875276548 7.973864764154027
1.2942361743116426 -4.838322180006678 8.109950439606006
-0.04407296825187611 -5.501251670444346 8.145783838789036
0.7032224459752694 -5.275438407877593 8.74459444375348
2.7383936181846082 -3.9993167545828285 7.545903809759314
2.739973250896756 -5.017811502631188 8.054412564065256
3.5409061234164265 -4.096152446615684 7.924043924512944
2.277357440992331 -3.8446183402074765 8.903273784579014
-0.8682333204071211 -5.150667598076822 8.067076573024147
2.205084657451758 -4.453820464138604 7.305313929545107
1.9882839932233405 -4.428494955631426 8.588797651866974
3.05109447496102 -4.593177389956865 9.152913010704816
1.469348465331922 -4.022919779274843 8.559449216226422
3.1535560499058835 -3.7095551676301994 7.875499586724774
0.8656928807501422 -5.434241113930879 7.439369402770704
2.8179544165144326 -5.299872749238332 9.474727151368443
2.556303464636736 -4.567759008728677 7.88896531860712
2.38480733631314 -5.030923088878957 8.139246432036334
3.9095047419616704 -3.94603584523549 7.256236710187644
3.231963763799338 -3.8077025785718153 7.893202636067116
1.6479918148633776 -5.855848345082553 8.74629945838392
1.8106823210581764 -3.8839021659394324 8.009516785075654
0.9951884275290456 -4.873735525418943 8.383952601970392
1.9853532798076867 -3.730044784283406 7.835347441336026
2.7795036437643024 -4.6686246252028925 7.556637351392935
2.221541127436621 -5.067355638631235 8.091680004870321
3.2592886114627317 -4.229353577770389 8.462735905807918
1.0969472921825394 -5.1110669353621585 7.911561009821628
1.539330794805529 -4.24191344376193 8.009489205129137
2.640444229862991 -4.0490614642229135 9.373149375988099
2.6950643075770797 -4.316378681435558 8.315224646365287
2.0155047432980893 -3.9743699363007297 8.578009694603958
2.945340843960958 -4.211433805842893 8.594126418725503
2.8287062165088006 -3.8807867386367128 8.59118529659464
3.5872781041729023 -4.113457221840801 8.76649290276299
2.7071363452675596 -4.991536101700878 8.23473788844396
2.1567060595499843 -3.6179947065089504 7.979026278103266
1.8068505841763731 -4.888563903668506 7.666741983543627
3.158911524259968 -2.7195804561207892 8.289003806183567
3.7826763743039606 -3.1145959475107166 8.101787885353499
3.193590167105422 -4.157451303997392 7.95589156654445
3.488905691425758 -3.287598249482742 8.862586710444132
1.6939332512793597 -3.9459346918484544 8.543397203443462
3.7629204406836085 -4.427207762737068 8.579738344450728
1.6176040325434426 -4.591668457733534 8.98540281372338
2.355138536172324 -4.044772221853149 7.792217220952341
1.8929772498182573 -4.50946132265433 8.59939957008975
3.001568073986829 -3.149588690306841 8.519254766097724
2.680392414776866 -4.643051505710981 8.195198027148912
2.7440662878373585 -4.307152317873584 7.929158343662346
2.704552465710521 -4.379715607216907 8.737299316177134
2.968048018203397 -4.511801548978302 7.589701479978945
4.121765928045878 -2.3991179672592793 8.608459467676248
2.8677421087882666 -3.6866461132421664 8.042983389536277
1.6740484042284536 -4.483066367285134 7.981142972077279
3.207140848918921 -3.794379347600767 7.437557873915832
2.5771693018026705 -4.284817189476787 8.08945574298589
2.503708962870361 -3.834106580296876 8.213780881749555
4.522429174980488 -3.8793977023590442 8.450512503297523
3.992294675231574 -3.166040258927808 8.398152088870233
3.860201583906876 -4.027153248648445 8.584648739657618
2.8181774546675187 -4.155517018731154 8.199613068937563
1.5484434286134479 -4.508767508418118 8.535946101854682
3.5196332191470145 -3.7129664463107384 8.142393015103604
3.734661775080731 -3.3449981499368824 9.33215880966457
3.9923185713862837 -2.8741107770948346 8.512819730803354
4.231692625302549 -2.2911754110827087 7.93304730972598
3.859320679034303 -2.922214138007485 7.7326814970680475
4.900475985202167 -2.3044480856736067 8.827792116072773
3.0778644260363075 -3.079590270567061 8.324026113291476
3.223430115201583 -3.5072220341263147 9.156259254106743
4.247456569305393 -3.1630724820926104 9.641223413837071
4.817180460190366 -2.195990008706388 9.124081601715618
2.2480434218226124 -3.9869908872737505 8.716655266597046
3.75838381157913 -3.545468891312525 8.80522424141532
3.9126680392243576 -2.9551692957588775 8.382069198650758
3.784435474079631 -3.3199445653643527 9.600559244703064
1.5046947855405979 -4.100242162117863 9.057669599914439
4.505973019123513 -1.3377498955283762 8.902392726575563
3.5234239876218156 -2.5744074877347747 8.936160690380145
2.898811198572212 -3.1657560788352526 8.296493502269529
4.706096008208021 -1.303536262029156 9.202060850518109
4.221432794547161 -3.5415361923201854 8.72234810107581
4.205259415954701 -2.548337873551068 8.803065354193398
4.191297661564602 -2.8623789984822356 7.71930737403269
4.521393400400254 -2.057929552325406 8.761951284302736
3.907948301756029 -1.982423652862413 8.806660659096783
4.335717755402284 -2.574688716850461 7.693725265739278
3.488609076607627 -3.933673900096633 9.38771403434516
4.468428022638907 -2.7257880339412255 8.591504449055439
3.3171499590452136 -3.3346476794867015 9.008615064109334
3.448866346480104 -3.5880368579902178 8.455427118649611
3.0488985854415915 -1.4798349625267728 8.52985607571847
4.518213613888351 -1.731849868060802 9.512177555016587
4.536368635684272 -1.7713444422277365 10.063158076950184
3.5314723279462314 -4.266941126230615 8.36862967459205
4.237510202657297 -1.8012394247849184 9.166986471716509
5.096436563071354 -2.933720322098322 9.468036471098177
3.4970525947101176 -2.6794690548152555 9.937532673817577
3.6956562679420526 -3.7693317516372953 9.168734904960786
4.148317573019165 -3.1474396977450194 7.127006924439505
3.6446401875888985 -2.3551310908189054 8.493650416933411
4.109623366032893 -2.710781814379251 8.967008960025876
3.6807572069129155 -3.122182071434617 8.884601485613024
3.647551911246122 -3.8021589817160817 9.104543551002589
4.0362986003280765 -2.77571043405388 8.463056369747267
3.989379526351575 -2.9133481745646614 9.343471010570324
3.825732946620448 -2.0153939979221853 9.107475201695372
4.184916760833343 -2.9938987151790646 9.08910446197213
5.156930731313971 -2.0460606971673703 8.997863059109617
4.421484831269239 -1.2824286325665575 8.6710340399459
4.77250506503571 -3.112262776564463 8.313853694165704
4.823243817293679 -0.9281884238263999 8.540422931051442
4.684042178564779 -2.4284320351045934 8.480676697273974
4.572317952448753 -2.6460253249831056 8.753590498415411
3.9155536133460656 -2.822910963385213 9.561000245766246
5.202649216259479 -2.456377643235803 8.699019577874415
4.116805537735453 -2.769769704926104 8.432899593640988
3.875150094266745 -2.4967602534089384 8.252857586487005
3.7678356297699174 -2.1718258290337937 10.54289266548541
4.60188275077826 -3.0569433280664833 9.214984019912468
4.633668770033715 -2.9965540774947206 8.659651943002213
3.5804613836455483 -2.8636324487048537 9.678755826206206
2.9930107728026925 -4.0338305060790525 7.846702213796054
3.9470888416356225 -1.9368263613531715 9.169868529407765
3.280550912885342 -2.6320893801752896 8.659107705017592
2.920635930755197 -2.5753855290258487 9.743215972026189
4.973715680384204 -0.34741801876730455 10.100247939611961
4.108759958583407 -3.212468681140586 8.907552733759285
5.68951477425468 -2.289465302342399 8.98986397313903
4.84932928385414 -2.0924061337248063 9.868711789231432
4.567248169766031 -1.9105490186317995 9.106362101776636
5.066929071975637 -2.711406691057668 9.228303524596893
5.188216933169668 -2.177347370755402 9.00642576484811
4.60196541374774 0.08442271878146221 8.919809113290855
4.778931359630504 -1.4359893376525965 9.078881099310664
5.562800763368411 -0.9520439974527699 9.196831104995011
4.582119862978982 -1.7564786107242645 10.357921580857793
4.691246805407774 -1.6703590353757498 8.785619757570647
4.063071481123089 -1.9645335390956997 9.206046553133186
3.941419760962652 -1.2590331623338693 9.492434053558222
4.547726215492656 -2.468433003653929 9.015045219344865
4.347925450636283 -2.7477367128915056 9.505642386689441
4.847479684882904 -1.0679021553904124 9.943432330213383
4.64756020786295 -2.0469517215012014 9.9007505297822
4.500939962933108 -2.4782591240225784 9.132065417034278
3.886893837627919 -1.9998699802117303 9.965760603607215
4.625810766923211 -1.9568941876055195 9.846933663692365
5.09234209371843 -1.071329402170372 10.043471235400888
3.8824946860424667 -1.4438589830339832 9.850311690115209
3.6864732225197834 -3.4446112913538434 8.773854339847839
6.229630249888399 -0.9752920300192653 10.287718545394636
3.409687065940026 -2.7690929915035305 9.049315120078951
4.31959626133186 -0.7117984072599863 9.386920682409167
4.511152159463814 -1.819345036768772 9.411355574478934
4.520697281994597 -0.031671862938177746 10.221144654108254
4.967078711307116 -0.19440454708058968 9.467594019665896
4.335019175844899 -1.799520391114318 9.704836119228613
5.060646253066382 -1.7674620580215743 9.588307662053229
4.204537456049269 -2.447283883143336 10.616371348723794
4.862620828504713 -0.7232593463626119 8.381643576295753
5.257896025784164 -0.23568394224971861 9.818039276540846
4.954530370317406 -0.7330364675937505 9.289133008033872
4.950545204504825 -1.614532305629626 9.543653436665632
3.404777921987628 -2.0590246751260204 9.038464481810914
4.272728228150576 -1.6355875972792657 10.065248502183783
4.863146115491756 -0.5662935369184336 9.290034050037317
6.336148842556188 -0.6634731814104828 9.694323005156587
4.167657393105519 -0.8671087102737896 10.200596120779693
4.444641939952035 -0.1001049139011341 9.508543532752858
3.7181991208087593 -2.1980588878768184 9.646919117636948
5.419892571897243 -0.3562524873966417 10.211169414879999
4.998842572884783 -1.9792970786433244 9.521293279442084
5.098078625519443 -1.075096228105849 9.379635985114975
5.248917723510456 -0.865465178361099 9.208786347937346
5.5810422480238735 -1.2004590013156473 9.231956069504536
4.613126205288882 0.010644410920916158 10.431352653690746
5.196838855554652 -1.8294854771936462 9.20215355324881
4.78386833045471 -0.6891253434520266 9.46909676292149
5.459912360991834 -0.6338329269914463 9.533799268781468
5.083087116744032 0.41514620842139704 9.430469254458306
5.127474485711976 0.8606443593716515 9.536851914531928
4.784713832753141 -1.6731194639946751 9.320096939416304
5.409907856334467 -1.4947596384160216 8.89059076841264
5.33831066220181 0.6135523484239601 9.536054493852092
5.2523452682996075 0.7587534077340954 9.469029567259119
4.460683017031578 1.3853398839133222 10.659506332875802
5.494758060035293 -0.7748695330506262 9.988996806150702
4.726140123845276 -0.35070564677008786 9.57679701492446
5.062690776241567 0.7435714940081342 10.625127461722657
5.2284783865384945 0.4539966098130362 10.027298907727378
4.806309156771277 -0.0568179850686174 9.861939505093783
5.636029927709372 2.0233656868181935 9.621256730396045
4.7333996725872085 -0.6579326683061908 10.198120484402526
4.55690568443819 -1.2866308858750115 9.874087998975183
4.839381463291013 1.4028710825537343 9.888216744966048
