4.59940976699824 0.05393840017061246 0.9806648785375807
3.5881618387963594 0.8882688495353088 0.6926636871428976
5.343166941610743 0.8079809453898094 -0.6255056252452902
4.738395209566859 -0.5726637037517944 0.5127210825565457
5.626527133621064 -0.9835264259359822 -0.24103147622547325
4.628618145351636 0.7114203852983566 -0.6689774196905974
4.952923008013389 -0.6530502856306561 -0.6815944148719075
4.227666064810412 1.30659803220395 -0.31086091400226984
4.224038972440789 0.989799650169598 -0.5629436095770671
3.902031022036302 -1.1082258429783372 -0.02563481346286607
4.975882355248406 1.1671004777956078 0.001022018321300569
4.353706571463693 0.45178709201796924 -0.09957578997404382
4.844057494773988 0.4182168129638274 -0.22260424082899793
4.751111811502805 1.0544808413987536 0.6638676474733498
4.982414221153512 1.6960192476929918 0.06852325776869438
5.781619273947146 0.862349758374951 -0.5631503436218498
4.17938407832296 1.5054153277926348 -0.18534814648638434
5.0091626223129575 0.41426021269653307 0.10208598123268244
5.226419452068744 0.47291186494373705 0.7452225351820656
5.526844722637653 1.3296836626787698 0.7917739716601233
4.450610747875064 1.122255338106014 0.8242973937022171
4.586335524920441 -0.5889402074100595 -0.05287332647522508
5.344522992911218 1.1894602161026642 0.4156456787746523
5.278855538724215 0.7835958429299817 0.21713469897810087
4.519682060695638 -1.4311769691991785 -0.0468702079255921
5.59609168759693 0.9985264182796529 -0.007954612822806295
4.907965417854212 0.31480817989911936 0.868923407585304
4.513823061930722 0.36509540991394257 -0.3169100786941732
4.794424049788196 0.8655663074402326 -0.43081044827449155
4.929154758514189 0.5075236906504329 0.3214500127198187
4.422159939756392 0.11337491148973851 1.0644293853376188
4.44497156372545 2.4099204476024525 0.6085862832534679
5.303148891408371 0.16883666616152113 0.15519116909161965
5.177279149602871 1.6671180761921205 -0.030186481235251694
3.921149756397094 1.81949234537316 -0.7154491134651024
5.1693735079331296 1.1142063454593378 0.9294531698657968
4.84331428234707 0.15189776034194638 0.355419112316894
4.122482822695205 0.6882817524751376 0.6596023311742121
3.6752651125167914 1.9668436950174841 0.34406318347698966
4.815967703283281 0.5748236193316358 0.013818981897012583
4.824348423206767 1.92135695651434 1.2009919068550485
4.484284131542901 2.1378628821636267 0.8248003881454811
5.2531722326630055 1.178417896205375 0.21909717969243436
4.59807763930862 2.0395350234459877 1.874384685974419
4.4767746450774135 0.3871420402169602 0.5332552869773387
5.1005054910319325 0.32068077189663574 0.568075484786337
5.241206053374046 1.2844263473801725 1.0672112374202947
3.3146866975420104 1.674029336460131 -0.21576853474791735
4.923964534190686 2.5212158226961825 0.06598559139411325
4.208440911973026 2.2025111032573275 0.5748012064390111
4.912957907146961 0.7062330293917636 0.29695323374985905
3.8787614702049256 2.227512485445977 0.4611763759758712
5.346558925782265 2.6214411817218592 0.3528574275795335
4.9315729485805 0.154726509813164 0.7749745226224791
4.132212738341692 1.8917707140306723 0.9190659326852917
4.7819436364966394 0.41346819322687306 1.8698413933910971
4.459717505532277 2.7661934500776355 0.949396078514839
4.126159665587773 0.615963524717023 0.677588846775129
6.007677321572874 0.5698676025455708 0.4391038447547
5.446574650914131 0.9464636938830413 0.8793770905645869
3.730727915497285 2.4462353670712016 1.617768535627865
3.6120081110702387 2.666286190474228 0.30658006168139645
4.71050391283067 2.331138706160807 1.0198937910287595
4.954792364365288 1.9821883186350626 0.8090361808140625
4.420837982338863 2.1270169251602655 0.8696504827168213
3.701481938282799 1.1899703372626504 0.540022908516405
4.478560450972855 2.2029585247695658 1.8655629679779429
4.705241516328853 1.7528416670730622 0.8724372228235671
5.280764688652672 0.5986263870800657 0.44139976635740574
5.099201128159294 2.1798975736877497 0.35856521128187546
4.765649843937125 0.9426702206735312 1.2925030345941768
4.659944578733504 1.3387950165315985 0.7838943014123048
4.172447943510991 3.40944975589565 -0.28131078747367977
4.968097672543013 1.5996319701600032 0.8530149922778971
4.225325632533203 3.0588503291665186 0.3949725287567537
3.179509034292728 3.078927813837612 0.9645333504151086
5.94017559995227 2.164271113180722 0.6791746393362897
4.483355381170766 2.545514980463332 1.6614204696852506
3.844246055049311 2.5441190824562048 0.1538235056560554
4.242355246704096 0.5789150162187372 1.2033834105332915
5.123389002135337 2.0220488223888067 1.1641710596208732
4.531164384071754 3.359549352437864 0.17992848095439706
3.3895568547346167 2.381351970257758 0.8053066935793245
3.544308891211456 2.5740729250913366 0.28595802089835876
4.6521291187058695 2.170173256203585 1.2038324885601246
2.8861914867350005 2.636068286845585 0.8939201440464722
3.9824805621408017 4.083428356611817 0.8887482020545897
4.375656362736764 2.5661228282600033 0.6255388963998991
4.679165827571282 2.7362193777138835 0.5914844460191353
4.2273039192882775 3.0291004986090253 1.3578018555276257
4.546979199351989 1.8317666230891556 0.7035125659550938
5.312433240695444 1.831417754838812 0.985556423062511
2.278051921626056 3.9897807147359243 0.017090566407764962
4.9903477004881065 2.2546047331819996 1.7214890202549566
4.226447150119617 2.341155764108052 0.8057430149369893
3.2338383442322822 2.706826193859041 1.1416282461939953
4.016457977418649 3.164787357576131 0.4169520565826339
5.0143305343836815 3.4706367888687875 0.6029537363477497
4.700796877605636 3.2222317481257536 1.2911804835541858
4.273279652684639 1.8365985361031218 0.7900779840098636
4.525478567383251 1.5112072788685773 1.673240314561895
4.188380982510308 3.189191119369997 0.7392181471478685
3.2848506110680797 3.7017669513747844 0.867281084505169
4.324053884715818 2.0489058790270915 1.372382205176851
3.9788419312361336 2.7238037056331414 1.758641317621754
3.589026740176821 1.5023115612091544 0.7662639832893011
4.590810849513726 2.7051938838778837 0.8087369558723327
3.871519273521126 3.371193956897832 0.9655767465355851
4.307939658251483 3.4767824595498014 1.9312385280001512
4.034571911012237 3.05186311669529 0.2057840597460554
4.160510245037365 2.38293940595873 1.343507105184532
3.663958874918822 1.062484604618503 1.7134372208775486
2.6175224473276613 4.563408341745731 1.1115930257418964
4.3706871748964025 2.544931114301118 1.6059894624618047
3.2693106281571196 4.088016955495406 2.1972735220560087
4.088927267543622 2.8756414580384404 1.0054379687367307
3.229985700992791 3.499778308966762 1.7389648798555155
2.2218232578086723 4.418896499187842 0.8725389013695777
4.948096950945268 3.5446462550073234 1.2661661515533864
4.2435824325963205 1.5580151738716161 1.6479132487494004
3.421459487803998 3.8776472566323754 1.053249996931255
3.7192568032078364 3.1753829942684773 1.1211226441613442
3.125264071603032 2.926813616559378 0.9615584602514147
4.304323527888072 3.5346199391719018 1.3912185176383645
3.941120261725031 3.4043828259303046 2.0615188600862986
3.0302475521435452 2.9524981159666255 0.9746998710788235
2.531426780624308 4.461711349923692 1.492649128249206
3.102084350247623 3.456008218244142 1.7973886860093553
4.694667628084746 2.760235078950406 1.4030117731342067
4.029570429529896 2.5758644588538098 1.1269415522060684
3.3921179014833864 4.354085772492891 1.5614792731141094
3.425013487428068 3.248375681189256 1.413144008752851
2.908742945115875 4.325421503880195 0.5599798785915069
2.976752703892404 4.307356652107291 1.2742545636131823
2.3225339662718314 3.9621449931291615 0.5389763836166008
3.558547685981552 3.2133918707353657 1.1332221921518744
3.8016735689282246 2.2825860066585317 1.4156432976854176
4.400608188339089 4.0400824820653956 1.3232189410822044
1.5464031739074358 3.9496106607545056 2.3576368072468483
3.2392528793269997 4.369869871136453 1.4463592551270863
2.6664340144511787 3.212508899868708 1.2464734043805492
2.73132695985157 2.7604569131680603 1.4725147039735735
3.035297910451708 3.554358426699676 1.2073426233172644
2.603348717633288 4.220834037799475 1.4429841990830967
4.1017897392265725 3.582820298861551 1.807659241674452
3.006750694895741 3.8842578570993704 1.8764124344461748
3.40610037461973 3.4021165591507816 1.6183382809992894
2.234816804707437 4.160013423975854 2.1901257251712263
3.0096620504020652 3.9781410749311372 1.5973644350294218
2.3369275061289674 4.970370726874762 0.3503688950260251
1.270075859064216 4.517101353855739 1.4061476162951188
3.316343724228325 2.479735113272047 1.6746028603308407
2.8080230191369373 4.2686150115623125 0.8520895261241883
3.381415924672538 3.1507805034367893 1.0003687547752156
2.1208719880522837 3.7764400489926118 1.1296778022380893
3.4011035279382753 3.6565607958523163 1.682464519034247
2.0090641946361005 4.789482609448468 1.3585029881608663
2.712858863080786 4.191172826502486 1.2076724978839328
2.9170267025813863 4.3648519062680435 1.8757053827708394
3.7911466947227153 3.5365104768764652 2.092471346966544
3.325260007484 3.4054678120379704 1.1956049080159352
3.3417554217656598 3.5856526523731787 2.1620148190636153
3.5502796339009346 3.049379050922103 2.108793785246806
2.0702816271138524 4.656785067356949 1.7049170560628701
2.7258070849420375 4.10551442051833 1.7565831047241467
1.8456333894965895 5.459367792022664 0.7512136716906543
2.3756164197630283 4.856675227006666 2.0508775750475783
0.4190453704164318 5.501661532320264 1.8312147331419122
3.0099438149624547 3.8964865776447946 1.676778136482501
2.985386424971527 3.6584232735912754 1.8941369587785708
3.0459674963807193 4.402111498589466 2.2307259146819556
2.7682630832167234 4.224740263110154 0.9837704422137779
2.869913165884753 4.701600332819677 2.5624676970847213
3.1515771785764373 4.0077679096462955 2.5129204685464037
2.4996104652185873 4.8886931547876795 2.138552803412794
2.688853976281021 3.5205370973422117 1.5680064415621595
1.9701983030038615 4.487632862994837 1.4668134840130995
3.1189652836611153 4.359599161437714 1.8519216850973914
2.6639570935575407 5.109432908301696 2.2510342019053713
2.0273771026855387 4.410207223041918 1.144282588843522
2.1224996703788985 3.7580082377279234 0.6539521898418097
1.411586690647037 5.151988360378089 1.8353564800533608
1.7440449248224101 4.240647751051353 1.5425634124969436
0.843465034648224 4.639144152657028 0.9574600855944174
2.1814189183045594 4.976490477596338 1.8941158124487587
0.7298662263468236 4.570285202298477 2.6781265551147198
3.0422171534660585 4.860326333157655 2.208160011503181
2.093488854598717 4.73890946252084 1.080912143467436
1.3324322571933271 3.4653497372861053 0.9204790484058827
1.8577942245396113 4.888972006881252 2.556203277812373
1.647229314977081 5.082560750329307 2.2336980032339913
1.116227937434973 4.273333715356574 0.3106493806606616
2.178102475173518 3.2725863105047828 1.9531343630223605
1.3237280043912434 4.482541298920556 2.095060885477059
1.856041652870717 4.738046070195597 1.0779997900185394
0.7788740866910783 5.499637385632488 3.0108910317275757
1.0245249892325816 5.780519180740356 2.524435607595278
1.6691364492069038 2.8017202716355043 2.7640018987855237
1.2855486430685095 4.722314288903517 0.900558568274223
3.2688490974672826 4.438477760823295 1.671913731821363
0.9009537863987703 4.830020663544117 1.7956015381807078
1.6442623699953072 4.840164451490204 2.763384653502122
1.1835920239098034 4.712024441464425 1.852395559265144
1.052231592098371 4.800881439717744 1.8264755391273126
-0.4793416104903907 5.243539882174763 1.8818801224203907
-0.5430040970493595 4.697416032339392 2.7807101220579464
1.6458129717447072 4.782424672260194 1.6732328641334644
2.0200892252518345 5.242061064070649 2.6263449103347214
1.6764603905981161 4.906362910436958 2.742040502795856
2.0207428875831375 5.781227786159147 2.506957744137248
0.6570679949053241 5.414264867509576 1.1065641339160708
0.6530143624700062 4.0786474439265055 1.374030801222269
3.25277324638001 4.531550970885742 2.1583516015920905
0.1737853140449596 4.408248840415084 2.2983488492823927
1.718790795673726 5.309623300273092 2.5298389738098876
1.4348061015318612 5.849392316814774 2.2433925028579136
0.6363751143319937 4.5094508387377195 2.0587643621869365
1.6557719112071403 5.085805378525427 2.30214604884495
0.6430531390814507 4.765074681957825 2.083335284637506
-0.6410054153168865 4.435303071111813 2.040197774659907
2.3500282268327997 3.735710314324455 1.1996121440138312
-0.6680446767662287 3.7111845950617344 1.5843558757849676
-0.4126296796557207 5.264430562400608 2.3585562989957753
0.9693627218164728 4.675711334572313 2.021159420364473
0.584105024125377 4.8289365237140105 2.204074011842683
1.0155777379741118 3.640342396945896 2.2532486002304957
0.43819917170435696 4.590591210682324 3.4921270662437265
2.5653248857559032 3.805626584313731 2.7314871698317527
-0.07109985554813117 5.18177613871271 2.1873045484693927
1.648563617801854 5.59224930472415 2.0589109345055396
0.605106366149929 4.975966771427643 3.0126877820970366
1.6693002427260533 4.850040288406712 2.023514060820807
0.42222146400414645 4.7465579276758545 1.8474427566261906
-1.3686992415489607 4.583004085689563 1.4113714539947493
1.610925874606263 4.838510078236691 3.5137598073595266
-0.119892063473095 5.174425942581021 1.9536457671899818
0.2151511617631881 5.191392902621992 3.022088542190579
-0.5138636624547473 4.651218896712117 2.6482329792988963
2.6843007615701624 4.524837264610157 2.456012863179728
1.0499807514189967 4.380086824934251 2.4535546669005295
1.8981543778688093 4.097315132471708 2.6091003290747774
-0.2127353009405335 4.562965113600191 2.9654035073726126
-0.4742538190729935 5.557790742053649 3.210477858974998
1.6087353798953543 4.732705487786147 2.186423120222193
-0.7831796031276478 5.005893426887243 2.884874184666752
0.48959800545604104 5.163586953491219 3.583983556285607
-0.9277701907612977 4.990682063171828 2.7707401215711713
-0.9111506597057207 4.833539301714287 2.289761127087258
-1.4369136259529367 4.032458426214051 2.5759210328078805
1.3458094143530528 4.500850701194307 3.362716291539038
0.7458742414045139 4.180323603484987 2.3344145306765225
1.0156824451712383 5.3340204346258515 2.3264726107706095
0.047680663272587825 5.722615136951447 1.8390719642815931
0.18333072888737423 5.451341601076698 3.191632882147536
-0.049605291616360785 4.876164141033212 2.0333700491900264
-2.1301278081619035 5.077410936663978 2.1280485204657995
0.26808289875289887 5.817764272136584 2.1110897438354086
-1.3563023314127645 3.177798194905022 3.6857010551185203
0.541243085790262 5.317479342028036 2.887375137322033
-1.1755853021592084 4.9248167167394055 3.138645614066061
-1.3603688644631098 4.369782036000721 2.645598071907775
0.014143881110708757 5.418083547716806 2.5045138690945983
-0.7217172020639384 5.8895169884373635 2.715873906732709
0.8402059316074028 5.033486747517336 2.201469044199852
-0.9096855449374469 5.035317705956689 2.241615018600722
-0.4668189088985143 5.645341340234746 2.686599475689956
-2.2402298558437286 3.8845642888945573 2.4973925556361376
-0.3956475061728161 4.541371470595077 3.1425738743335803
-0.17727453903509205 5.224189999565348 1.9295834978085766
-0.2858324101691685 5.858513384163067 2.973371233054954
-0.6675029733536721 4.994253961750845 2.312623335238179
-1.0280258881361521 5.388985956581667 2.818277170676392
-0.9976095538695475 5.426061476524715 2.4245541186198607
-0.3645149142968946 4.971025039528048 2.153039621998932
0.6388173178018203 5.01538854470194 3.050033170498904
-2.480782495673922 4.691138450600541 2.3803551565705448
-0.8078108452510954 4.956246870419491 1.7465941620400056
-0.28529069252990363 5.49247536398542 2.4588551461897317
-1.1979379142234863 5.31395952083069 2.930685412237997
-0.4768514769021419 4.678323442634759 2.4979258411216443
-0.9628981266169948 4.231936733251257 3.408796892217442
-0.03151757342566576 4.739813346648571 3.1843589897838926
-1.405817636725445 5.034645065096385 2.616806838574773
-1.3130879954767458 3.7879374942468735 2.1774223427476977
-1.6086894684021102 4.362367069773004 2.2672201492240376
-2.1488687361507184 4.241519934697328 3.117534541160508
-1.1670655968016515 4.86953836463594 2.459080999412763
-0.022186924886875767 5.124337367215492 3.7102777871184784
-2.11354501264907 4.9305154191707175 2.688232736236251
-2.0175011282126745 4.62153061957163 2.821901262483671
-0.09906905382675636 4.518677946603415 2.1237360623141903
-0.9281880381883486 5.908045538293747 2.7039642916473348
-0.460125449578782 4.700526929617829 3.634095006491803
-2.064245984886394 3.6073056941879695 2.7271288407303635
-1.5450434862701588 4.102672950000467 2.3898758680580103
-0.3658740247534249 4.61222205642993 3.8485010515232023
-1.695149434092795 4.759123532014846 2.5750624570073515
-0.7771699391209731 4.61254108242905 2.3600445129479732
-2.833853766698922 4.325375710876729 2.9407351350394615
-2.518111599656731 4.359589129109449 3.0883516840322534
-1.6767850695870739 5.021541932680124 2.883157691474423
-1.1606764848338076 5.9469610931249 2.5359555094063193
-1.7994915864921555 4.230786057237254 2.5644301994333536
-1.7334103558477836 5.4332866780027675 3.3591967573351202
-2.3038678671205584 4.109203475587889 3.090754679995704
-1.8054411498944858 3.772583211572685 2.9087049955572963
-0.7625905996148368 4.542540156844943 3.0143937720381615
-2.0470060461398525 3.768580034188759 4.190293540306058
-3.649064764834913 3.872105905029637 2.3565926011428497
-0.20019408313641793 4.265840044493292 3.4083319238697483
-1.2548513721837986 4.422776072690671 3.7946094033281734
0.7571627315702988 4.958343637130239 2.778987285436708
-1.5695697884300175 3.783402962587877 3.6906996652318513
-0.6243915130271284 4.781938679621944 3.640975846940907
-3.122800277280282 3.8364009421205876 2.56956362527479
-0.8690381252636087 5.017860708736693 3.5461174284158266
-0.835931367668323 4.773256367206195 3.5054247497329105
-1.4290298067710776 3.996768036364891 2.462896288067059
-1.4048497319387327 3.996716496002976 2.8541637194288736
-2.018599482190637 4.941479309293744 3.4246384775867047
-1.940009025559846 4.10346803750644 3.659998047218539
-2.830884319762367 4.194554943179038 4.111626101065408
-1.8397490663397726 4.3287896676133375 2.710401463910222
-3.9287153765950134 3.5678559015257507 3.4136211425546295
-1.382312648989311 4.4216981057240385 2.457853031178415
-4.018065681278179 3.144086342643463 2.4105280184904143
-2.280727030072136 3.804645466653817 3.5315811952135423
-2.389159836122625 4.123753459905738 2.836467245023491
-1.9458350985296637 2.8442031580813865 3.5047697588306383
-2.9414259511590295 4.353729879256547 2.7300573228101195
-2.151891096796337 3.8550797227176568 3.0946485649746274
-2.651377864267679 3.603550599202528 2.80130985490782
-2.5527641562428616 4.122328674044551 3.3246046238165134
-3.013029270201008 3.0281841320336924 3.150824040335156
-2.8266940450360387 4.4063055602887236 3.3209423239587617
-3.6650250767564003 3.366477503706178 3.1176395324380373
-2.775032224017495 2.834688943582553 3.0616723282910527
-3.8106306958085936 3.7300871970665264 3.670730635647272
-2.8896219694400807 4.116697296116074 4.111183343404108
-2.70979949173649 3.8286430259155897 3.7917288762848047
-1.8646351704149977 4.3804299944540865 4.813742265941167
-2.461420177138337 3.946135786107507 2.7866040082053574
-3.2937576567169566 4.015486054899579 3.1783459031876222
-3.108612898560352 3.6550857921465734 3.510695516746465
-2.6818040015067512 5.109139462785333 3.5488100389183894
-1.6350492282264462 4.267857527482353 4.232212948210543
-3.4585671418445343 3.933915458789746 3.221008974342917
-3.277101814605758 3.634667235293522 3.4059278368312444
-4.226706335950674 4.013668187921179 2.703759558344614
-3.0348123768287967 4.450685869469006 3.982676723159019
-2.4872872937600565 4.428643742989574 2.20217200199661
-3.2139259723976905 3.587967358123266 3.463337666456897
-2.244880637439708 4.23881462976803 4.445920736069727
-1.6181949543898626 4.384409996283948 3.925657708157514
-3.3323018555949377 3.7525583575639865 3.156694424363631
-3.0639051870943144 4.579282026673525 3.7960607363448395
-3.0142193215950797 3.4949941382356 3.2896791085528494
-2.7489434789299367 4.735659185746648 2.8974341550905716
-2.4000918949354078 4.47924665563191 4.012789152827411
-3.511243929912399 3.382937667885678 2.9400746541626015
-4.4163693426953055 2.770823554006814 3.9251185196298963
-2.1827467125099647 3.945764028329428 4.193852673821128
-2.9207754549072953 3.064099838843546 4.230911010456031
-1.4380524999101585 3.8926128032657332 4.7140872263875995
-2.779746100338688 4.973539201532197 3.744250800083491
-2.3585799424707123 3.6115795643532613 3.2290114453754284
-4.261258681448552 3.809056380216216 3.6946038570787025
-4.297079739263288 3.30340493022309 4.643564183033596
-2.555456572686017 4.773593540616151 3.83446414949166
-2.307277737479783 4.372806650018923 3.6080150479741717
-3.944029219070641 3.48765496050261 4.127537184069753
-2.6396679352468877 3.811161584684268 3.7564343181765647
-2.5186320809260687 4.416136832131157 4.116320748548822
-2.9813960100653003 2.4865836510227344 4.637089626559118
-3.3007584206095903 3.4977643880672993 4.137664479188017
-4.465178843774467 3.027443770694367 3.5588145400308036
-3.274804872864123 3.9126780595994473 3.6494524214118362
-2.6886094247622774 2.058540255297084 3.6443794678540464
-3.366157363467664 2.8710289201967285 3.313624352266219
-2.9407524854500875 3.1872678416739246 4.03308314849006
-3.933441969120736 3.265051102894375 3.1209879519172525
-4.692249785582742 2.8447931281847487 3.647813840279519
-2.8796858965055496 5.194925179204738 3.4647512800514733
-3.167859384225767 3.3695825485540536 3.4257084773604087
-4.994929594346935 2.4354556674868766 3.7099727420758617
-3.4844230514587773 3.628350638959386 4.306277356943324
-4.394446808341434 2.4171420244290887 4.994603720077619
-3.938660801998331 2.2643891089434907 3.0718519638356208
-4.54598303986294 3.6969653548393695 3.9722960736151154
-4.636446570375734 2.840802687021115 3.817917711165853
-3.3599270246562636 3.5950280227193336 4.029103705621281
-3.7579609078599634 4.2592044993202025 4.006304963237874
-4.382938456368905 1.7480425703405347 3.5287676715018814
-3.7448364309817843 3.061304128591788 3.3075065491355797
-4.5133311789476345 2.459205992580869 4.384968589640534
-4.559649225732831 2.5973159241262676 4.3753922325269174
-3.1889993832939956 3.9325857517626344 3.2942851598922074
-3.179033959655669 2.8865307772352033 3.693020748697162
-4.036836607905775 3.407282293674015 3.849544883011361
-2.599009503482097 3.3904593938995387 4.308915490984545
-4.608906508668961 1.7825166857161232 4.913435918280936
-3.717297773214141 3.0485398765323675 4.317466607852722
-3.8212835758438493 3.147263743888191 3.475073430449041
-4.163587664799896 3.1810590567576447 4.177211055502148
-4.068968160129064 3.1208677575792616 3.937243491317443
-4.4290583381891215 2.371201800700964 5.026574820190123
-3.7991777574331635 3.2351623154579525 4.121146779219554
-4.688945365671888 3.4151060691761455 3.723334789283144
-3.667789545473354 1.9102370535606064 4.263057266685713
-2.592457423304454 3.4076177079248433 3.537272800800721
-4.54685219837721 1.695875274613419 4.63932242953609
-4.417996618335458 2.70158675920736 3.7521890973781122
-4.722966516793235 1.965456239658387 4.345195992669726
-3.33249331605832 4.228219778473018 4.201348764012777
-4.39453924185042 1.1217807052314006 4.300522817095036
-3.8542458011146055 2.921364750339019 4.729164714162963
-4.320968462692055 2.6896762969849175 4.6601183582011405
-4.597704544345561 2.9073930615550725 3.7289267878469263
-5.040062488639091 0.8166456014596406 3.968097678143214
-4.21438488181734 1.968665512512607 3.7060235720997627
-3.397935010738816 2.7418082096225307 4.623696708075518
-3.5300717739685097 2.3921354256233833 4.147367189521312
-4.9930201991435625 2.064609913730312 4.762395871834645
-3.2345874654686058 3.1704463549924125 4.87003527457417
-5.0641576295485695 1.5126456856379007 3.47793261043764
-3.7235461413242334 2.006490110477446 4.42441116503176
-4.171722445517328 3.2319028590566767 4.132263184362317
-4.867869236594128 0.9258306886642027 4.649908318442869
-4.665515858844378 2.436178574376334 3.739290882200636
-3.9462619825367224 2.5651065661022487 4.151456938448861
-5.47666712824522 1.754931282937664 5.373133450253315
-5.039257568805674 1.819637231779649 4.539535365393818
-3.5996782932321665 2.327798352244731 3.862025620404025
-4.874226266201729 2.8955942943311457 3.3887064578376807
-4.361391357760256 2.9722638120650005 4.282998306800165
-3.362076828275225 3.450755181646828 4.910598921075328
-4.02907898297453 1.0725780033724102 5.003686150719543
-5.035347608141571 2.068960437888782 3.638873607306408
-4.687192172637453 2.3850858918004176 4.796080611310858
-5.6235347381045395 2.2715193744105333 3.8635649528028484
-5.20798610419049 1.987934320972995 4.686056503681931
-4.0227571937255115 1.2845638349386668 4.130114196110926
-5.291819650052119 1.3290431527070425 4.360320021773699
-4.476195882458628 2.496137290378655 4.09512013122284
-4.27912362421902 1.651599421764169 4.294206410103569
-4.294562465522623 2.4004825979989435 5.489206466798828
-4.070221500753965 2.9242246568163326 5.028788230493159
-5.002898785029652 0.8233573690771258 4.3597251094128575
-4.211164898446615 1.312333426232781 5.125111421489496
-3.795714438561717 2.220208465640223 4.233157357540219
-4.853895669725013 1.604430587131983 4.404374462272073
-5.598180723854502 0.8935908672068942 4.5388904155831
-4.107820095986296 0.9489483159385628 4.0052689040930165
-4.516094557764338 1.2233191374198689 4.3890335118219275
-5.119927625969752 2.0265550059866664 4.3293577893606345
-3.0740513399856786 3.025137165850355 4.3496505559983305
-4.3142025809099085 1.3262360630062295 4.590201247095798
-3.8456018261477913 1.581430862003037 4.625705749501193
-5.346047287339518 0.6921813957766557 4.147702114323618
-5.07310869971965 2.5405332696888414 4.683286192280519
-4.692243071969001 1.7251757694347183 5.005272007103823
-5.250611502355931 0.9116937474673252 3.846588158504024
-4.716882950734755 -0.7870493520215424 4.837992784322189
-4.7312595061606535 2.4080587062108014 4.95804967248538
-5.166071768215464 0.38379209286316207 4.869154149278855
-5.391625776723144 0.618503224856951 4.862408972749892
-5.370420183812761 1.3177012135470585 4.999059849614137
-5.864698665938405 0.5965237045421096 4.883247845279161
-4.41689706882853 1.1684588818443653 5.20060089552689
-4.251672685815054 0.08018645021912883 4.584306295155431
-5.483405680126638 -0.6119274884063294 4.669271935903873
-3.9030483014003834 2.3123416247912085 5.484202504659775
-4.784471688069075 -1.1722904375477707 4.613303168506544
-4.181447113208296 0.5984083690169164 3.9211149928372278
-5.111668815411918 0.9647664693426589 5.155408012442209
-5.79210946948079 1.1218222614357736 4.926196062607224
-4.445382515319737 2.113896637061673 4.249735403592908
-5.523524526947304 0.8088317887360579 4.669383296679512
-5.513919572181763 1.1239021321664329 5.078796600343254
-4.986020625913519 -0.49875890707035286 5.153620916940871
-5.016019815096191 0.5152983744751933 4.768618776792271
-4.805978854675577 0.16142513214972096 3.889317218523306
-4.634747092566071 0.1645995334528476 4.7437793503983965
-4.710342195842776 -1.7833057578813973 5.617409620504076
-4.419888838194924 1.7471088300159032 4.929926539328226
-4.85034607164469 -0.35884269416786624 4.771144973583748
-5.048009241684113 -1.6593060185077617 4.287677471325526
-4.605859496498332 -0.487304185620068 4.654088100862248
-4.442020272445495 0.30180859721419956 4.650534245506712
-4.493457289576635 0.7271623366748657 3.9350927263934072
-5.426396348185754 -0.29452112243717465 4.383851020420872
-4.847773852484999 0.5048429066317147 5.4878445996697245
-5.070109790415333 -0.8042578453870318 3.9497146979739504
-4.89621487593482 1.054249422617713 6.204915029375232
-5.175175989246349 1.0571276281310964 4.243677281943917
-4.859640837185118 -0.31770587322207816 4.265216146174688
-5.514746765177018 -0.7539394962597395 4.796675820198599
-4.741415872098756 1.6043257970566775 5.001722795776424
-4.410211731280981 0.626908489741444 5.852572219093719
-4.678415594989061 0.4904673043558263 5.374012827858578
-5.12176284205231 -0.5357690154590438 5.669912461739093
-4.577031333863916 1.0958839341677236 5.794486332356132
-4.874633793224674 0.7156907131833395 5.528918261926479
-4.498320344195246 -1.3942447315263715 4.953930242649107
-5.250945325114912 -1.7465469128989537 4.536934629678863
-5.364099761732342 -0.7269277730313546 4.991092461246102
-4.997310412515801 0.2321563925539004 4.297590771536981
-4.744416019037631 -1.8644066434112163 4.9967134122072
-4.726638800727526 0.1453281580713729 4.627911761102817
-4.970810820678052 -0.5870569403645294 5.156999774838809
-4.381191197756399 1.0505720130252547 5.347503115945085
-5.49250788512331 0.5595302354114825 4.966644244441814
-4.6354130299578475 -1.063625838879614 5.290209094446357
-5.031107681283745 0.458906628107161 5.497509690391624
-5.466255414559174 1.3653959927034223 4.745317510052793
-5.108786750879847 -1.2877161983276708 5.147202849938747
-5.293312580270828 -2.043602649256448 4.76867441799244
-5.07599833461519 0.6984616965350088 5.30188313397336
-5.0580236987260045 0.380901595571934 4.567368685835586
-4.747047159477276 -0.22294776883288167 4.8280623652862245
-4.502558184123434 -0.6118845938813106 4.499439611080274
-4.748301536092062 0.5641301062729955 4.859990885821013
-4.186262258266418 -1.6538139840377735 5.0254709073231965
-5.5844151628043015 -0.7038034012712613 4.611098632029329
-5.023125644163497 0.23664748548542036 6.008428800526193
-4.937203897291061 0.043145946960587635 5.399690161548918
-4.672873816198068 -1.7466029151813667 4.597908622375264
-5.310756366864246 -1.7838587033334257 4.0340422885272895
-5.262264787789851 -0.5671399442047169 6.297975202900275
-5.011780260940613 -1.7146395089016624 4.897498889600249
-4.554479154033205 -2.1696203120694255 4.761280129246125
-4.422940228176926 -0.21307755320675886 4.899256617120085
-4.878025811461191 -0.6049585108843418 5.428812104313404
-4.576267807880604 -2.7138203243210643 5.443608194495198
-4.379723705730679 -2.287231344963647 5.5043060588980275
-4.974319568788004 -1.57079109715348 6.266553246578391
-4.089212984929145 -2.8535957662934983 5.320998867990843
-4.715022863686759 -2.4967906289558774 4.7085762430063225
-5.089618099283169 -1.19084715938225 5.762546967726385
-4.682380349238794 -1.7018398809060724 4.719094757349563
-4.468575616281703 -2.0451649235161105 5.935717064708186
-4.145547208284011 -3.4695834502205223 4.959298987296437
-4.607478997377684 -0.28669717736138245 4.586174688665718
-5.574813716887106 -1.0089463499877716 5.639912233682569
-5.642040183888964 0.20175888786466264 5.452515577794419
-4.302435965641546 -1.0975034652620324 5.699594153283209
-5.337294846228226 -2.2075636710037343 5.056766260334273
-5.05913681651932 -1.5068860866092681 6.038122835176887
-4.625065979110312 -1.8333231307826932 5.939316684373559
-6.08276814389899 -0.43992968751015415 5.006604272962287
-5.3994951541167024 -1.7460616922762326 5.0209753619134565
-5.2949597822481245 -1.9819214405917827 5.417309424875539
-5.251620454777505 -2.4615525768595 5.471330888473411
-4.016535318849148 -1.876756063665893 5.072592142432375
-4.343262615124292 -4.4867031907921255 5.172181078262728
-4.892591020069682 -1.2617831140402544 5.539579850101991
-4.778742462611381 0.30385082244440226 5.5443863792711365
-5.730499159553978 -1.1570325925358633 4.731291148589476
-3.9540040418341915 -2.494496668283452 5.931995461208071
-4.976078970542274 -2.37125083772079 5.77690412672505
-4.550914658355759 -1.5132642701604326 5.420618930867817
-5.14189109595763 -1.3898667698018334 5.58894940451282
-3.5831809280703277 -1.810967622453664 5.8424925398385845
-5.373425376428781 -0.10842588133713546 4.805567608462224
-4.6313318045797836 -1.8478030688320461 5.728236354392771
-5.18305304848375 -1.4885928080525805 5.292400326386601
-4.169883747098518 -2.2950386595805665 5.1802789015834
-3.5384121106025566 -2.94613087561782 5.095457117394442
-4.65483344158594 -1.9753790984597461 5.245096240217358
-4.2516213777116185 -1.6652809160362205 5.843354485715882
-4.845299684372156 -1.174080620853613 6.249671941906418
-4.384373829976764 -2.8410102741597165 6.088111404116912
-3.9445389914364983 -2.6273611229228746 6.36905730918027
-5.375590628902772 -1.2359932459637184 4.884119389528153
-4.060765423503801 -1.8290596019269136 6.877774294357034
-3.3341386968127447 -3.4406840640968532 5.3314024191348945
-3.7810502336759413 -4.425714265271458 5.818147579697571
-4.6654408569789485 -2.0965155936262048 5.610453432693698
-3.586113125699756 -2.3616331295786175 6.631456928741759
-4.703955573125145 -1.458953495303202 5.849774019730654
-4.308866002223888 -2.244753025786084 5.8317618260060256
-5.348512531394407 0.608106407672955 5.882310436054033
-4.672701507510209 -2.18946148811587 5.329898381066173
-2.858282845172306 -3.4434069064461954 5.864884786527749
-3.7230671776608144 -1.5417694657720207 5.487069750656474
-3.611229703372818 -1.7756627646722176 6.671271760282049
-4.571660327041144 -3.2307383413919952 5.395186680924056
-4.345388145252271 -0.7796616229788496 7.003502398440951
-4.514748532172882 -3.267818326254906 5.697255737751714
-3.5869008361724415 -2.7436952608383596 5.8561916963299
-4.1426162481220254 -3.763990618764974 4.6620560982947925
-5.384853918746054 -2.2440557295727808 5.838741397215734
-3.0653499333251757 -4.294205412660985 6.1520721601399275
-4.337620438141496 -3.411956808632524 6.2821375001380755
-3.8937264274364676 -2.0447396209494046 5.335472699165493
-4.751433967019144 -1.937856466475593 5.513437457729529
-4.453324808292236 -2.744886383307791 6.566147822403921
-4.66746019826316 -2.4526273434073316 6.289888160708665
-4.6426941265218735 -3.1522147075498164 5.8327386370412695
-3.5261574579240844 -2.5194346938058385 6.384039215713553
-4.709027344630622 -2.117670816226157 6.378227123335131
-4.478287369213525 -2.291718718702894 5.569533326227668
-3.7936695976131514 -3.430419683405501 5.469568973476377
-4.043620688981808 -2.884858671126435 5.832546437895179
-4.6830883203334315 -2.878046633058242 5.522180862913479
-3.1873634531993784 -2.0293188382475686 5.990951487415911
-4.071321165899471 -3.589375893098895 6.087885534328996
-4.938616044231071 -2.9787161896154304 6.567392467262451
-2.4770071765661172 -2.934097433576082 5.857317815490655
-5.2710871172342015 -2.5279724464496574 6.202112445039947
-4.976056216225982 -1.1478341589406265 6.083553972887185
-3.289845077736733 -4.168904023062928 7.314499021546774
-4.531441336800118 -2.5277968799484962 6.282518421357169
-3.3073542864198258 -3.395307321447307 6.668070804338937
-2.2984662420731077 -3.4435066887662034 5.70064121930415
-4.086302708483723 -3.4479668195397126 6.187542805305076
-4.035664667647088 -2.722537131827918 6.543406314101374
-3.6520525959917345 -3.1556083038450295 6.428928639338582
-2.17452030820993 -4.54166044648974 5.640217442830492
-1.9870109312304365 -4.2273460579406565 6.235787892242862
-1.841031389438853 -3.5791374484528844 6.322185893700696
-3.211118330020439 -3.7050716375143717 5.935180798317284
-3.2944625294198278 -3.0611864254909618 6.3193694018073865
-4.247873007047128 -3.511107337221501 5.67116662408202
-4.304603234217652 -3.349587091085261 6.30218362306406
-3.504109907049482 -4.682215046325809 5.94850741174941
-2.656846534507271 -4.526376136761081 6.173347955263487
-2.989675238409928 -4.408712394747842 5.724422807094395
-3.3213310228952944 -3.769576527771683 6.218860379096523
-1.3681187413425955 -4.58134592083924 7.02674482892858
-4.554637433669273 -2.7095633380740134 7.21988819185153
-3.546850256939773 -3.6243206057192343 7.489350853899992
-2.1007970074029685 -4.060439899298398 6.221245865963306
-3.3176078189509295 -3.7463452435367093 5.539976416610035
-4.016199637798499 -4.032829120655728 5.333302734192256
-3.0296508908654647 -4.43917270269763 6.364396924438946
-2.9419444246338284 -4.273846615888587 6.372044242052954
-3.7121486116721547 -2.902103351743466 6.382119050899929
-3.2568959383065588 -4.279272014397356 6.377186089358435
-2.903182298638344 -4.877069809455008 6.029275539453204
-4.300039381881874 -1.7711586702077426 5.672016351941511
-3.6865304499655065 -4.163351564237949 6.866285784331246
-4.113718895648476 -3.1523356965861424 7.310299204382295
-3.531006445006535 -3.2874698496638497 6.77275112439836
-2.374955688491388 -5.203372252095874 6.124318360458398
-2.9136432793580673 -2.4270496324283246 6.273594500491056
-2.424838793230391 -4.007419385249397 7.56917129534975
-3.145608779239492 -3.520619829545695 5.903144960455958
-2.9552371385308063 -3.352219868132041 5.783833119268608
-3.242183790985756 -4.796550743333815 6.092332375380714
-3.9208985050228535 -3.89812116550488 6.561841948566134
-2.44432389759965 -4.894821918448781 6.230032075906428
-3.6783754902949872 -2.566303243470678 7.008157823629164
-2.0809206279989936 -4.503359342047124 7.019101323552005
-0.6714986261225895 -5.212758493383456 6.282089572173803
-3.0424203780401933 -3.921047713351712 6.5083815428187695
-2.9286516978397525 -4.411945880704839 5.86669201504263
-2.982346196769934 -3.1632615776749904 6.586487447737762
-0.46488318325933903 -4.624426738709343 7.296232132022286
-2.2885638676656095 -3.654768580801336 7.187484845152771
-3.614684045121315 -4.6345472076071506 6.216874922244419
-2.477422869221301 -4.604522497889684 6.950032287975386
-1.4413862677905651 -3.753180181683097 7.002641201782072
-0.966562650960196 -4.745222387233527 6.3723076585977845
-3.449918361089824 -3.1489051357183535 6.333102822561145
-1.3950915025169282 -4.7275393106627215 6.627365300476032
-4.28504893421538 -3.265683040504229 6.85486893895118
-1.8057261395466728 -4.351792844014285 7.196800494044636
-2.4802664489051467 -5.325747873426611 6.424771444836303
-1.326090604730231 -4.475598028281342 6.517035131094781
-2.8511566645248436 -4.003694705693732 7.034501092507909
-1.442078062110396 -3.9823454770365796 6.871806732368493
-0.9386736443383644 -5.207941983721489 7.186418930413963
-2.2014278997045134 -4.647497965337884 6.902548999368929
-2.8879578661926533 -4.055842684392308 6.764396893569767
-2.619220088140151 -3.8183937781068433 6.597085517521802
-2.021502361403323 -4.493613992188348 7.341505772481782
-1.0635254154547253 -4.7577890426557525 6.938697575202917
-2.451059970267526 -4.8926185300678915 7.289392439528582
-1.5734238773647284 -4.5904095599791495 6.194286575954363
-0.7211018091722008 -4.742609317819245 7.217004367186222
-2.488716275490906 -3.695379489464742 6.116158358585974
-2.662773823172506 -2.7744812197591697 6.312364541900434
-1.9056246679479631 -4.689305179308195 7.3557504000419165
-2.538080586505168 -4.4021864220047435 7.187164868174505
-2.7934412759004323 -4.765059110054794 7.175727317199475
-1.2865005353099406 -4.634423885585323 7.319804094326051
-1.5776097589648237 -4.849657289458253 6.667823093334491
-1.7672923414767963 -5.592414991526357 6.8583709053560815
-4.3349667203065625 -4.453462660483244 6.860527999389614
-1.7160941603319468 -5.103846406474577 7.231508153205115
-1.2353236131800418 -4.835213382419114 6.909439513338928
-0.6594269629790441 -4.539890467218848 7.420829385703359
-1.6059749954940208 -3.938113963557046 7.045669013731202
-1.2156696269200737 -3.944014436650533 7.231466723014693
-3.2546843612788923 -3.3132214644414986 7.163197423476051
-1.5427026683715817 -4.888010289631466 7.539983149179872
0.231713921274753 -4.801674749285587 7.259005519577038
-1.5995381046605548 -4.4538965036145814 6.625635834219428
-1.12698913544124 -3.8359380760303496 7.526670148225294
-1.7500570086363847 -4.54705001879683 7.350947095335303
-2.5917675742772257 -4.675559133346728 6.847579092228924
-1.3075744571526855 -4.698459533052259 6.485389280998852
0.11417713027671322 -5.161907476854586 6.875970471829781
-0.9127384555926796 -4.620990925916751 6.050233277270146
-1.3289532156965569 -4.947189858877605 7.949420643865998
-2.832044021519489 -4.451097077244287 6.973298756326224
-0.8380917320228795 -4.673742816751167 7.05530689703257
0.02366118362549704 -5.308518610031763 7.569375871495359
-0.29088272737396903 -5.77544458989696 7.21487967732643
-2.254328926183057 -5.366405962656038 6.564786178599787
-1.046275681428607 -4.51480030991274 7.245541453838943
-1.027546680083962 -4.61289000629022 7.805035740373487
-0.8641671224554298 -3.430614256548248 8.07910713708408
-1.9309171622150045 -4.239725293309292 7.129924543005962
-1.7132977934501523 -5.735935407611636 6.555628534586285
-1.3729196093517262 -4.487490556146634 7.610299437435885
-0.9257949410420481 -4.635056076644014 7.644616861140136
0.15197256694484085 -4.852881980327392 7.668504226529312
-1.5805679342080867 -5.120920961310297 7.559147303511892
0.3155284030241717 -4.6203565547480725 6.754885644224216
-0.3897343509684635 -5.3960183240885735 7.177856631408712
-1.1146554678484732 -4.322052645009529 7.818312710934874
-2.1616182163138746 -4.447787856256683 7.984830947244972
0.6932205755954302 -5.217487011600886 7.2453422037115125
-0.736330382025387 -4.7400183586236855 7.174570653092413
-0.578512230997521 -5.191975439442593 7.498895916132086
-0.27865562976080005 -5.101645553944329 7.259110910012986
-0.6859010647876888 -5.227418726250799 7.472749095794564
0.13074617822932627 -5.093661279519089 7.092847336625277
-0.41574079670294 -5.3143674666711185 6.810730302671377
0.03577207518987148 -4.154573057103836 6.595885547783109
0.2759608023262166 -5.125028646110944 6.799214056209485
0.11953619902215148 -5.0182357982026735 7.344333553392573
-1.4721671544784751 -5.6908058390258525 7.647958062759424
-1.4092831143412987 -4.6078532288840615 8.11168139765755
1.57357833842966 -4.628763507995507 8.093489204603337
-1.5715665538878796 -5.494833447003312 7.228451984885345
0.11344023567694679 -4.716273160180533 7.08766829899284
-2.7638648059460347 -4.834560372983301 7.469991337829859
-0.19731633602041596 -5.044694416089292 7.674436601153036
2.2089859087920556 -4.160698942009042 7.359427884722159
0.5377075894282727 -5.388349019972874 6.846565567594142
0.9407667184867339 -4.868984277040977 7.224654341160897
-2.2407627565705788 -4.881234164420049 6.958807739769186
0.14092783288772207 -4.757531854094106 8.128548077248237
-2.006240144809932 -4.644325887012905 7.216014022221655
-0.19305810417821334 -5.641258015585474 8.208755045178542
1.6592803240176042 -5.149879500357384 7.614214740074518
-1.0695533100816674 -4.091118312185791 7.164448757103433
1.0233718998920913 -5.784040197010423 6.941892850180931
-1.4336240450769755 -5.644695694008036 7.637566878822754
-1.218380052073202 -4.814090522138676 7.215163624047316
1.2619566626395367 -3.9389574158559397 7.34249822019527
1.5725066870664068 -4.802568165562224 7.720488671979761
0.8786003376560853 -4.180045170190234 7.770530872505416
-0.7290308441958817 -4.2448065040468865 6.728954692301739
-0.17055880433658588 -4.291514410409182 7.914890404112264
0.47483821958157324 -4.717343021054842 7.010638593350243
0.5313987553868413 -4.936384223929988 7.258545476871465
-1.1684373945213025 -5.385921696945747 7.082458254990533
-0.356723513770481 -4.666041353359823 8.223488244720267
0.2906923616696131 -4.310656974506306 7.881325388544862
1.599574714550053 -5.275743894061121 7.782021324816517
-0.15235643234405716 -4.519098761914398 8.225756325567373
0.9195368767640862 -4.818402341705673 7.6730430509617245
0.48316535740146865 -5.6504708023639125 8.678182505458324
1.4916767723601003 -4.4916863973735754 7.66407940417873
1.397925237948451 -4.646866277093983 7.832862037181494
0.07278238719797357 -5.570115533554685 7.896076514506425
-0.5164971007607722 -4.813107521599222 7.953107561555758
1.0854740955563986 -5.262136298128179 7.405754331563654
0.6449299322733221 -5.285299182284485 7.790337132609221
1.296985785485262 -4.617872829139699 8.713707056990806
1.3419317025083168 -4.4705251952503255 7.386929754866381
0.723331006635108 -4.503452708339056 7.28168454996373
1.1327933608416936 -4.996145284957276 7.912033002277997
1.0769166881014922 -5.307723742265561 7.784126719093964
1.186067355130165 -4.774630405143374 7.632492970666922
1.0432695139912287 -5.067441025111065 8.267013057456442
1.438870919702523 -5.183286338940545 7.509460698240245
1.4985867102854813 -5.250408490125203 7.637209035448844
2.2517691351057247 -4.348976285369739 8.270589115018652
0.9635511392469541 -4.886263294191821 8.046294528568138
0.9563827638035662 -4.594544277285242 7.652320397319309
1.130129600614368 -4.4381833947527145 7.816904899960368
0.03891286849805543 -5.347385220010129 8.26405068016093
1.0198479361281256 -3.9138881418825475 7.793601706958932
0.5662490116682546 -4.415050569922655 8.682146374817423
1.9010718659863701 -4.404302247038612 7.660229728150494
2.105292326620429 -4.079303205681833 8.273179619181635
1.4461067150646676 -4.536479936297802 7.915145720955025
0.06678037808748227 -5.836292252764711 8.031780772041207
-0.16300417946223922 -5.042822220214761 7.652479507534871
0.5563556737504503 -5.065073868244784 7.90070667754892
0.5955600547798433 -5.226588982102554 7.845470709473098
-0.2983490771768098 -5.367283894508089 7.128737516031894
0.6446573931972199 -4.934236495449684 8.311614526327062
2.6025973175417616 -4.63448399813935 8.129131242003155
2.869081192285213 -4.2236102985423996 7.46122514498304
1.0254514775433066 -5.1923252382340666 7.472780203009528
2.1059438098968957 -4.581251971022963 8.069315125124579
3.5432660012843726 -4.10950691061713 8.973537136303074
1.191672890396951 -4.3782128149384185 8.025412484410055
2.584181914216349 -5.131799262249235 7.929627967839219
1.7308730413501434 -4.656718057215308 9.078580660559634
1.71234722968436 -3.232045167476051 7.917056617768078
1.9288078030453697 -4.533197303698654 7.239112908458191
1.9624819108119207 -5.087334848611933 7.605904615309053
1.674064840547522 -4.915886897045484 7.366396287072932
-0.179061046617595 -4.166521270344881 8.486945315739698
1.3812809802028163 -5.015459071121087 7.883890562861636
2.2622672893737263 -4.371279312072845 7.986800404046107
2.5937402265621032 -4.324820427744682 7.878547573956609
1.571654361962881 -4.663274635159314 8.653032725316567
2.3676885028782593 -4.78466698574048 7.686229073626696
2.1898050172518566 -4.730279672651657 7.977162046212987
2.935536745007524 -4.510157144612746 9.13130488819239
2.17528379886007 -4.7320323040365935 7.806575106738602
2.902802563647183 -4.975758627559953 6.8296611940128145
2.7684858755672273 -3.8451812795372864 7.544385700089214
2.31032988631937 -4.603471020435536 8.407836312113544
2.0239196671158917 -5.309776984325344 8.49515896197225
0.6770587125678887 -5.076815293345585 8.611097059548856
0.8927609364788992 -4.38711333636258 7.685180685560562
2.1538654126115975 -4.825587164617424 8.297194498077129
2.4569066323205626 -4.101265146918525 8.74624077413833
3.0998364820596436 -3.797027857161665 8.597123449986503
2.666680897038311 -5.046828088839621 8.137997882356535
1.1607942384662457 -4.16406039460908 7.93791418834861
2.12582748302102 -4.919146034902235 7.987738118757587
1.2093355650437483 -4.797552470268496 7.994140413238586
4.213943703722887 -2.9151887559741496 7.914034378408144
2.443908625130945 -3.6154627941201976 7.4026578418793
3.005049690708515 -5.055137760805642 8.575691424005534
2.4591863971330103 -4.840633808814005 8.085147469674979
3.5119729287842016 -4.260984486273196 8.09880311984032
3.479571315519357 -4.026973843757184 8.670802522680043
3.449981487159296 -3.836705894134351 9.053254706412057
2.6139396365054104 -4.044597861296705 8.378808741890861
2.864923113662694 -4.301076490612937 8.431222111124656
3.018972466832048 -4.669407002360034 8.060044361981342
2.9876824725948987 -4.610087215853617 7.548137279451473
2.8090804984809266 -4.550770671294365 8.241930548180962
2.5829102565701585 -3.729984995842016 7.678992240203425
2.341943977675191 -4.79631552313972 8.728604812256032
2.7161140859441 -4.480089266245966 8.709783971536119
2.975882011679705 -3.877095442593288 8.615553408124743
2.642239448201883 -3.0489774576085944 7.706658392243516
1.79582502761772 -4.240075969481224 8.78614504877424
3.5985356199059138 -3.7249543020019913 8.630138251537652
2.6917833413318037 -3.816189511157523 9.7034765309046
4.047681411141337 -2.82104142909075 9.050905961646741
2.3760560237524158 -4.574371470219584 7.800067918447337
4.02555638537444 -3.017412404968625 8.978202984862271
3.4189130043892324 -3.520822964268971 7.589403612638635
2.2542771054151856 -5.491738448180828 8.083900390548878
4.017360890315239 -1.8083769059275983 8.053018506264117
2.7221261906879883 -3.924056860594724 7.877851939201438
3.8989265391630448 -3.8914457852361757 8.05261774001862
2.87731985374069 -3.3732580315030236 8.760042050339939
2.045500669653683 -5.572834874759557 8.081255052297248
3.942897038729382 -3.7071823895615665 8.199115094859426
3.721489886144263 -2.893572934722951 8.858548976122757
2.2443533524764163 -4.086922459510184 7.93459729169193
3.4205530550600187 -3.001029357036908 9.55223976490926
4.8786725557087935 -2.8404688543239196 7.877919504209168
3.6836557284776283 -3.499318356403198 8.111490069840174
3.900640379341965 -3.8940395468853226 8.80878550280017
3.9151120227056713 -2.290459080485454 9.246707832815083
3.300216989705913 -3.337196518781167 8.794099840122762
2.197140191455313 -5.1192953039411675 8.755509609787593
1.925853439781755 -4.020843885661732 8.529920189621228
4.459446835195685 -3.1928852479436287 9.376762970965563
2.3707615074593047 -3.2680945729188604 7.8977602236337425
2.5737007896533313 -5.143803600919203 8.614260174783814
5.260078275501768 -3.2599516727375937 8.48095382304135
4.010902534635879 -2.422782882189169 9.78564292668125
3.0765349543609135 -3.836403386654202 8.88394068292561
2.4746860304269465 -4.984794358818125 9.218672677195244
2.165806714096632 -4.181133183395514 9.349068729209726
2.580825968792677 -3.6577573800511995 9.52522784294688
4.194211032902913 -2.228850409218077 9.333181458356956
4.806988673462371 -2.870584040214756 9.93995329463784
2.2638531899353223 -4.318366415505442 9.614779840943127
3.106562761789395 -3.653456474886872 8.994382731658304
3.3455718203332 -3.312043929396846 9.693767504992515
3.502657667106734 -4.272006500588652 8.058226473822186
1.872503630481681 -4.935863181595863 9.118184265859478
2.054080591475637 -3.917798823417042 8.899239700996313
3.4089451344606774 -2.862106213516125 9.683452850069695
3.3727570154411963 -3.450079985747835 8.872023786478096
4.153986348263991 -2.784726456870398 8.867905020917751
3.707550982030824 -2.6865622769450783 8.034737774546642
3.0872498683688416 -3.9413756385560523 8.902614858999037
4.804590679437535 -3.507768327793671 8.596508645290674
4.6204599867159555 -2.3808661652618297 9.052962267597133
3.763021049152064 -2.679810409755364 8.67771892712302
4.20663236513622 -1.9343036219518377 8.853677137002634
5.50593365888888 -0.814323048150991 8.699506493673354
3.374399046533557 -3.7911023408559426 9.286685163721154
4.9024112617332225 -1.339335003193968 9.77973375085357
3.3253443240226552 -4.0565978706230865 9.624607287776644
4.655112274489616 -2.4091083600914707 8.07600401439477
3.0238463399988467 -3.9579763975424442 9.480958090477449
4.809848082476441 -2.0917152701598245 9.952471224619524
3.5024811431065728 -2.8284490301555643 8.450362111153508
3.3330090258040506 -1.981662932962557 8.959039028006254
4.540996335457393 -1.7338299400822388 9.036346818722924
3.969028473730124 -4.006818750558456 9.707492697100001
3.5060038558890927 -3.1297671951456345 8.56484871418165
3.921868124961476 -3.2362284330445363 9.264117658478016
3.311418156755257 -1.8842561610946404 9.630625574641178
3.9604896698246392 -1.9900007472322432 8.39660320306306
3.335745254209513 -3.0256938120443237 9.318805086400207
4.357438768039024 -0.5658133471093666 9.731772343690661
4.758373134047065 -1.8754020160130305 8.828589451237985
4.8356551983718825 -1.564884983165095 9.117700443766163
4.8264251823317865 -3.265478863506228 8.93468124725345
5.235024882970235 -1.975530921241574 9.318572745176837
4.581860409993671 -1.6233590911059326 9.406147475559031
3.443834190388914 -3.0875606105952955 9.36511400393167
4.851300799595123 -1.6872117253727459 8.869382134537489
3.5413047456196924 -3.9310910981813874 8.7109568509354
4.14800976582766 -1.689748512432059 9.756641079565545
3.553558956394235 -3.724255932392197 9.622989237222908
4.926174872099378 -2.0633280304453008 9.183664781642271
5.438168861009252 -2.0688556958583857 9.697507341151999
4.752420383260947 -0.9070332022378645 9.881595936443082
4.211494910909329 -2.1117419243261772 9.439042784463346
4.754077053150682 -2.969795276521632 9.362477192654172
4.74162730305764 -0.9136841132566115 9.03692016721607
4.933513699400208 -1.3645408886268535 8.93658049925954
5.376252451239949 -2.3770339532061326 9.245838222909583
3.6818787892479765 -2.090695384998649 9.42355037067485
5.362685246705925 -1.3818265701737056 9.912725492539488
4.635293653136749 -1.2827996248790636 9.635549446029719
3.7314513960437368 -2.6942814560657657 9.273552552021407
4.5116605947210155 -2.460965726111631 8.815613745300297
3.8458535572645975 -1.9828958703922976 9.910583487863459
3.8433123009139263 -2.441748998678495 9.396066045936967
5.028243948999544 -1.477684100351704 9.757188136781734
4.557930737127331 -2.998793146762389 10.262760021797542
5.505638671027641 -0.16000022761452987 8.807653648171586
4.9373222471100044 -1.5847807127018674 8.944144110044647
4.753349272377944 -1.7741393419295952 9.379521472496076
4.195203092298807 -2.837411533700588 8.688238959116799
4.376648816369423 -0.7298076771200716 9.951905511521657
3.651799285013635 -1.473963650041741 8.479824578514982
4.531806979095424 -3.261119233540978 8.257088662134835
4.817510663668657 -1.5901513394438043 9.540310300415257
5.503524888095598 -1.6283602975631373 10.21552623611296
5.020242841772139 -1.2245115092021062 9.408010805916387
4.476213569131231 0.12323622922846905 9.601633454454316
4.906695206996383 -1.831059303429289 9.585629537039788
5.032329624786314 -1.0852846547331296 10.034801283061432
5.042511182206198 -1.635582109020682 9.39312210093069
4.252022079632761 -2.867183286252399 9.225348584933286
5.287760175363205 -0.9029057386646704 10.431048312714976
4.360744366208335 -0.4882474968842483 9.260154023608678
4.728350879210425 -1.2592833126849616 9.5316410157527
4.268752680466303 -2.785438323819004 9.893821735999795
5.326243861476433 -1.2836897378850363 9.354587282662305
5.605436671911082 -1.2608070661102446 9.97175894363397
5.521027174579826 0.18991321220879415 9.463261056339118
3.9253333177161114 -2.246252582589623 9.06178147465484
4.941637796429708 -1.0420964076876469 10.167103222996397
5.3872620853113515 -1.6314453394774735 9.822276735027275
4.766905971979559 -1.987219430973607 10.309801646655
5.352639186067596 -0.04149259570520206 10.490153342010542
4.357854040715946 -1.1682466964516265 9.176396627138008
4.340259317476411 -1.6631274697311638 9.257415919958474
4.570898232769559 -1.8735145103999438 10.096061566121483
4.554150672789891 -0.7906547673943141 8.84667755782304
4.646994014029862 -0.9204157973780723 9.303753744275234
5.409085675433984 0.23302357065156354 9.439416160913508
4.6902790545969175 0.7795988150606971 9.011774873511467
5.015559709862104 -0.1933216042946744 9.693169696791879
4.9460394176295175 -1.3133505752768746 10.19494299024759
5.580257214626675 -0.8140503370129295 10.322465253073872
5.2282002741354825 -1.1764723961669747 10.034081899876282
4.015407199973203 -0.5654193353764293 9.740030796816436
4.709571090338153 -1.6560299994682521 9.792780196373837
4.850292809938524 -0.2599265489026385 9.830403482835877
4.768555319651702 -1.0838509354176333 9.780952131968471
4.601273195209887 1.6646556504060754 9.627688711726424
4.135991402532268 0.3243216271495337 9.929611002667773
4.131465665380867 -1.3198023202620488 10.311851581021282
4.918896472516413 0.04246555721864688 9.568941477809641
5.286523551429911 -0.9941371914727397 8.99244218928219
5.504352160878955 0.5853357783289366 9.823344267832423
5.655336023519576 0.09119755911711 9.432134319602207
5.728606485146941 0.5004680942373845 10.014507738733784
4.32794667404612 -1.1412258320039554 10.177330153695284
5.472701579555256 0.027649844489326576 9.959742483751095
5.03453135447773 0.42584186690721804 10.35894810086838
5.502285881646436 -1.1873931146862011 9.533138323890359
5.1550235114577125 -1.3407525492387218 10.040538103626266
4.709686277340875 0.20508730512259887 9.997325901673607
4.7147762729744 -0.10634010567322447 9.700526231442318
