4.378581878261231 0.2700657290184821 -0.41718951951614724
5.501411951839615 0.9210682528315701 -0.019873989375944423
4.2005827832338465 -0.6358959858956728 0.12895555737337724
4.847595498221226 0.25571490102783 -0.6330975876844503
5.06628316364649 0.9707387260672666 0.5279395523391494
4.6886709153015715 1.5631392673756266 -0.6203275013508627
4.7390337830449285 0.6687870738217832 0.5733747876630593
5.412372237044073 -0.5696491602949527 0.5766935178805033
5.585162491939997 -0.3254372085777185 0.09251861849242296
4.353515940010002 0.24728236356727143 -0.616678697270854
4.580000993639443 0.36040017623014886 0.2872858751438389
4.467975657859393 0.6929419968913627 -0.16399752559934655
4.995122215524177 0.24264507458446863 0.6873174805724159
5.504918794306571 1.0299285221189942 0.28227795880411954
4.6245226354473425 -0.5972212893627562 -0.5852864195735956
4.349153456122722 0.3815243436634314 0.13526697006313892
4.368618891292387 1.5746311249498997 -0.094778961038082
4.798872748633575 -0.00197085704019165 -0.39375723627094483
4.817450041604147 0.9746171288213855 0.10661496871019864
4.097507973441883 -2.758095154808213 0.9194222394621689
5.205589325163747 0.5868672117577374 0.22982182438917534
4.480950008740651 1.3508904740693146 -0.3784439663295584
5.425574996943916 0.715769300062813 -0.40465868887233336
5.237176240959957 0.5977095259011656 0.25037130494782295
4.835528834270124 0.31433552446210833 -0.6586738758549706
4.716442004879007 1.2338993921422647 1.0513771316888023
5.348593360731069 -0.13756041529683202 0.05719654623511014
4.5931322602030535 1.4368664236412905 -0.22081031579021299
5.096225025726033 1.4095165756000532 -0.587097880025187
5.003648907937885 -0.4659149535389616 0.5233668929395399
4.026225173848075 1.780628026030116 0.3849561565212413
4.190012356949539 1.5073109975133423 0.026224891255263227
4.722081535285401 2.320276836992985 0.018902905058541475
4.5762183563594245 0.7423661267259537 0.18856792642011014
5.189393698596881 0.8119331744687055 -0.36970434694267723
4.7035173174849625 0.5097414215001009 -0.2820586342305144
4.455933745494404 0.24726182288242066 0.2318843497404138
4.139204273702225 0.43830352350733776 -0.18147731211530316
4.715043197298354 0.7482076646093158 -0.4651851589414464
3.5657293093112825 0.9986959185456878 0.10906986969267296
4.425414775036312 0.8139827117637323 0.41053968256458623
6.41378411700432 0.86097924563928 0.497108489415476
4.880147778630689 0.3732077282310069 0.1208945296916627
4.983473764059177 0.785063756653517 -0.6624451904601747
4.911120894114437 1.824258220817517 0.24258686187865852
4.321357845156021 2.703661029111652 1.0400390056695077
4.535930878318976 1.8272165869397294 0.2812656144673445
4.576756069906719 2.401125266588298 0.5657151483111346
4.674601827566813 0.6347410166406612 0.2488638279955987
2.8888006625453295 2.016985547991612 0.27959183336014937
4.879144739030176 1.3966545670404682 0.9810265121703821
3.1656491422216297 3.3759717635341455 0.1728646132067732
5.214291026301992 0.49386081504680973 1.970770278094073
3.5200886411125896 2.9964612805604554 0.05564942138590662
4.260355294675227 2.7238417934020385 0.6565189029308321
4.89032214509251 2.0464300041496966 1.3251335951519172
4.9965642852265635 0.12989766348952714 0.1265315052576173
5.445345453891499 0.10285287950589446 0.9223948739531933
4.265286477968867 1.5202873479189412 1.1946815497445193
4.399143985596414 1.643562191291113 1.384113541802761
5.541536973011576 0.6014402786905857 1.1098128032661738
4.516685662061713 1.5478951442403601 0.2774898963522724
4.3930542420138545 1.2782017836403083 0.12420263927968594
3.8290220303336255 2.607875846100841 -0.16797655035802517
3.969846711360085 1.7978369575010158 0.9245053324763649
4.797400141111278 0.7611743357688252 0.06119713593927112
5.493307751299777 1.8116998206191968 0.19838360832590762
4.438344304806198 1.794719807751223 0.09411042476215437
4.751735816756076 2.7049661120100144 0.8759553349326883
4.309532492871887 1.888584922806152 -0.014613436473157049
4.484508016498431 1.5840045619604457 1.461891904999892
5.164280436955511 1.1220105285272395 -0.0623268790446414
4.652572243192659 2.8744710081446954 0.2233243380239533
5.306399875298459 1.7411004348642622 0.9899724359105431
3.7830805040118447 2.467061955571407 0.39331522077762954
5.587315867113406 1.0102957387181424 0.6924794440239646
4.655827569584335 0.8157797853437624 1.3048735303986496
5.228983658016611 0.6318209143852518 0.503799298218933
4.828984132801803 2.656327533652284 1.67329021388719
3.9913828488929477 4.222233242089952 0.4077228152533385
3.632579569309035 3.4179143946860226 0.5316083370563753
3.619044639979676 3.2844534249518933 -0.3354254379485644
4.048278469536309 4.310090695843032 0.8760375820784146
4.000012430020596 0.8429902888268644 0.01926618667143276
4.627293270165085 2.6808445280608395 0.04866253201574999
4.218109141839412 2.0768330687587997 1.280626504715438
4.043047307919802 2.8816449131078605 0.6249456454570983
4.855636683166303 2.0739488775997597 1.6411731451530367
4.558313083372086 1.605629010486318 1.217985837159866
4.56306981575527 2.6816372360093905 0.6804858633517437
3.6792631597627414 3.6060243107673187 0.3166965340239656
4.84163831584726 2.9391844261900077 0.910714534549098
3.9468588118794794 1.9961482730428581 1.746695382917412
4.060181442336765 1.9427185437309402 1.1881467062455708
4.209675296468452 2.0471083471809832 0.7196514501673211
2.742463196444924 2.4629590333276217 1.3777744364551758
3.320073978225933 3.3193611250346624 0.013614087302943778
3.2436295838802116 4.09202829698125 1.1643897240198213
4.765152570509307 3.3838511183377515 1.1713880392763287
3.815287031056607 1.0581741976480838 0.7054730756773615
4.050657122165038 2.614365743804916 1.2185510729716114
2.8883901532205907 2.6837539589938775 1.448413788113327
3.6185397405649207 3.030001580412153 1.9543512100265317
3.0781212611661593 4.008167086867019 2.0014997860916486
4.664033015584891 1.8844822597486264 1.1475924772642547
3.7856310020274804 2.7717602078190424 1.8095544406387511
3.2423182468177436 2.5203686046782035 0.8179681769886497
3.6594039613185703 5.03809853291345 1.057043879940827
3.723401134274839 3.882042526411727 1.7770610151304873
3.8672068947238634 3.7703357577486916 1.7260947719433444
3.931563533341718 3.641629849485236 1.4896102735116359
4.4063311214662715 2.7612776271213675 1.5699001926214444
3.513863046652741 4.523950057807622 1.6791032902037202
3.621733541282761 3.069932880780183 1.1820685333865093
3.751694043490502 4.063523595099175 2.2768124530416554
3.499582822817247 3.4796889345366293 0.8412693642927251
3.16759028016297 4.0332160291768595 0.5216407586442969
3.971738613877987 3.2639325244346207 0.8383322418000438
2.3625450611912466 4.649812695921579 1.3297880669753848
2.5109784073062946 4.5520026584740245 0.5447011836162248
4.39077777486436 2.6830580190866726 1.281956087929145
2.5306408540583307 3.9064423038359593 0.8710613898533814
3.1176334009528106 3.418546400497629 1.7216833050662639
3.135084836038387 4.542535354867539 1.4561044650031572
4.459596880747142 2.6622043200750865 0.8112020606420591
4.039196668052072 1.945075151058489 0.8638982462646696
2.8815508751047654 3.487766149770981 1.2269896010413806
4.124007456049617 3.4946726626871563 2.124991296568903
2.836036930803045 3.4672158151127133 0.5896283137528033
3.506023373314572 2.657953318104464 1.2859977712835877
3.503185757913557 3.8159505980859314 1.7257688358694878
3.463708585395617 3.390095380210475 1.1658727280471206
5.588015741668958 1.557509431559684 1.0435163563797283
2.4518383309771283 4.972104250669974 1.8598515156566922
2.650609720309672 4.111533327336649 1.670678988466547
3.9874579884961543 2.4027712320126535 1.5658995453847186
3.3466952675296593 4.165338435238673 0.5415815504048545
3.3616171337882523 2.805257239310289 1.5522868317104468
2.6445001139353597 3.643801214090614 1.0714505685028335
2.5821508527536583 3.2222645103617773 1.7872077899832195
2.074011305131424 3.500430209121348 0.5206686463880051
3.5797786994119356 4.063410149467308 0.3801025026882887
2.439475900444602 4.064166169741216 2.175611893655537
3.2611559643843813 2.8486120188819304 1.7882701406872534
2.2708803732222793 4.0679885858336995 1.5890365627514853
3.1595939767773134 3.6804227654174144 1.055802433857592
3.3341847843223644 5.185741108683722 1.0255571038926181
3.073876291019548 3.525092063887717 1.1966488111040914
2.236747037418142 4.542358089731817 1.3996464882036594
4.149790329965338 3.5751714827140755 3.1380933032692564
3.2597340879249823 4.321128830773209 2.0937157977620795
2.2380269686552525 4.294368016387797 1.3055208611335354
2.862164693532648 4.3196643481028065 1.7920400525752735
1.3386720766911124 4.191037975662574 0.4178433611538821
1.1489698098750818 6.084802643088283 1.6497504361969864
0.8361539185096186 4.8831615935921615 1.6148226162592698
3.807471158111198 3.9972362359118065 2.3046600696585307
4.691695958247571 3.246227114833854 1.3641263524948184
4.84446878453923 3.1613513520582064 1.9627530528178734
1.3351747308864281 5.426593129284273 1.1359913942723006
3.0787520059689117 3.459365009903409 1.7035312339942412
3.7731214902227785 3.3511111541389864 0.7249855585548891
0.984064814211794 4.902779013672496 1.2255500933210517
2.4391773800054555 4.1908833216095385 1.5241491420454996
1.1606847421459874 4.407520663163688 1.6646720245489433
2.3103254983983685 4.299160913848923 1.6871840928160255
2.6423865234598543 3.477364098447421 2.4534608120756505
0.6021229471463707 4.811530068220458 1.6578696778739792
1.4536429215890483 5.002500653319 2.099888666431388
1.4845083433892794 4.347085138530201 1.6603111045882337
2.3005001632448314 5.431425479613425 2.4909309131864017
2.6608197259108435 5.085914881914195 1.5300090651504148
3.2641289225184673 3.1864784200162455 1.607026798522207
3.4849889220290344 3.7985729282311227 1.3715159755466637
3.6332609530293913 2.7754927414654817 2.693498482860258
2.96223115758266 2.8142802844483734 1.1338746178453545
4.106605095495572 4.338687911119983 1.9753448249086167
3.4475747830840193 3.444163382164446 2.9403124765272928
1.8491556118611117 4.732292759946062 2.068353287800769
3.139984358132821 3.252348580123354 1.2287917026724386
2.227492212680212 5.405722170536714 1.7666553084061927
2.9638957141353526 4.529189808347074 1.666897746272255
2.863045527997449 4.066638984986289 1.7191757987960985
1.6109123375964383 4.050855989933574 2.2212630784275444
2.5403751578995597 4.879083633544629 1.2450300987531724
0.6702397879556576 5.257077042998562 1.2768163435362476
1.5075868062260689 4.934381243498601 2.720991861699618
2.4718557386300186 4.714538476663327 1.8847869243155562
0.6729364922228254 3.7380120542148827 2.6753157658358475
1.09550455571997 4.884954583031726 2.0602068804555427
0.81437237029686 5.442325618804512 2.3937401748668314
0.9342279358647171 4.471497594457861 1.609435174701277
1.7941470205820993 3.4682318681713564 1.7502677267891158
2.3598568694522863 3.8048788698594582 1.4389861780164241
0.9151893705269162 4.512996789332475 2.3315573985799456
2.0369562426391306 4.31405483159042 1.2861483476892155
0.02127528053078038 4.2779683206490215 1.9548213780221546
1.8432121535032773 4.716060510659602 2.266970633825679
1.925379325955496 4.405885496067934 2.9177651428826836
1.1250057654105523 5.451540662234206 2.149415744156319
0.8511607234027201 5.212471237557368 1.5232517047609404
0.25774426266951506 4.854508388868159 1.6136836781219719
0.7620485042620397 4.727968033906715 2.5575400520143403
0.9201828676712326 5.448293453822641 1.4452693253281055
1.332013340406831 4.017945678011427 1.3148528276368696
2.940896324795552 4.801712787136644 2.624673446840722
1.426241506410743 4.600962639412585 2.361930254756548
1.085150334081134 4.853585407340539 2.9853430979410938
0.015916751086827254 4.683260861131294 2.1917045495086622
0.9006906981806297 4.336168556671157 2.5262989717213546
2.3632428347507246 5.313633024798526 1.80697870418227
1.2779922698514972 4.6812740993007855 2.4477775421956136
-0.059384850157675174 4.853866798479969 2.2873072299272277
2.0562577780364313 4.792746682309788 3.053169270681752
1.5728136307812084 4.3846707869873764 1.8409679266840817
2.693040606179124 5.079349059430282 3.0134037832891853
2.1408504529521935 4.788667151814568 2.1125149516818524
1.4908504652715253 4.557501916660204 1.7328862788873698
-0.8484318104106836 4.764019836256983 2.4528964298136895
0.6349028892785448 4.688755413999203 3.0053589006337074
1.8231586718512744 3.7292354817628577 1.6240145760984288
2.022359353300289 4.6263148932884 2.4921981920362777
-0.07531028254692639 5.0407700244297144 1.63352873453365
0.1468850766490188 4.46338600811517 1.808427208380297
-0.45860375918016655 4.5889298629489295 1.8756934643211798
2.4768194612618113 5.037603653384974 3.25365935565877
-0.5394319831693265 4.464762111403477 2.524246675199485
0.4572068280640551 4.616327272568909 1.8057745288554012
-0.3673193105885557 5.531877515527248 2.7795271594753173
1.942407516342272 4.478048765883098 3.3341057132708234
1.059336495635254 5.133145753607526 2.680741794001232
0.8899941801064005 4.260560663342073 2.6156329841722905
0.1413372154115416 5.096424964037124 1.6369318600587914
2.3463583637681182 4.14271503564194 2.540380156342302
0.7874247513094024 5.393897122924515 2.7174708163665926
-0.027501079141828078 4.750462284673371 2.7995598898882323
0.09208412375802474 5.11500366971357 2.3104189685579706
1.5557962823496507 4.67012540984642 2.877330132652137
-0.06869629470785753 5.225412479640175 1.4133936851203688
1.030531004246219 5.252941846894656 2.404074142737534
-0.6897995200703786 4.721387079622617 1.8912852445657484
-0.10912837666492284 5.776339139472789 2.354905384234592
-0.2835779189905593 5.096687558323228 2.788356147317958
0.7084217559954233 4.989750773006331 1.5360892506225685
0.028004761400800618 5.475146285550287 1.1133831996656185
-0.731808572951069 5.030443882959829 2.2402080684034433
1.4601189848494576 4.770600497176334 2.513183124962438
-0.9618536056466611 5.503102709516091 1.5647325530315719
-1.8648974716276754 5.53211971388105 2.1030329560035113
0.25794109373054486 5.1932029121830725 2.449701363666111
1.1212588801037204 5.260486113742501 3.1196285017889602
-1.634287700862704 4.925957799588087 2.4752678194319135
0.13915405165048905 4.548807396559186 2.895398143441331
1.3122403751606417 3.9076059440705997 2.826138084309799
-1.3448026364522891 4.997825570853365 2.094030739425486
-0.794084429501866 3.7360301001744496 1.2579768973402898
-1.0262800043920564 4.984358257890369 1.7112350028126304
-0.3970463032628909 5.547818063543637 3.166391895084222
-0.6408499261610556 4.44465170156916 2.7827581812823796
-1.6270012636825366 4.8836458556458435 3.2294149773407677
-0.09480586107371766 4.02128481883366 3.3535034916644078
0.27707789821361595 5.178004920732805 3.1997976396427648
-0.3203902652508754 5.151772203539736 1.1743695768190767
0.11067125206273527 5.408287042793953 2.857209150360612
-1.4812551069471478 4.926858554530775 1.936463148932801
-0.5590573838591979 4.58356123686482 2.294625556439749
0.42918022692239594 5.254975385097085 3.112798881415822
0.7179325082865646 4.701967347671607 2.800747365983277
-0.3734587741969594 4.262464833565208 2.9943162421921046
-1.2935852722010066 5.458336647679822 2.6362034799108867
-0.8205211317585519 5.6848479018262745 2.6634677790629584
-1.7523888850732372 5.071980787903922 3.268150484290548
-2.21194394316949 4.036531472287902 2.607622944005822
-1.0446314408458919 5.493110774138529 3.1174272297066485
-1.995341431951058 4.154886985170499 2.739544660546408
0.3787714349260607 4.685184492020399 3.016569866232554
-1.3288947153944026 5.608934962991247 2.3589635051332074
-1.361008908804613 4.941763786070722 2.275203633412637
-0.5897434225909469 4.28015868340869 3.062831754483381
-0.8771574499430491 4.496839428616578 2.0932443552663083
-0.7326401778764454 4.9101369361406535 3.0808074255993865
-1.2031911819040002 4.271620414974744 2.9466307318617715
-1.4517675996880028 4.965618940392248 3.1300792470361163
-0.8777137672537635 4.74005385011105 3.602032502343233
-1.1749795548148454 4.592825330676266 2.558735201023027
-0.3748695525397115 4.8798380018416845 2.6307169928314154
-2.5594792443110768 3.545068120309489 3.405224871276528
-2.3191674750465467 4.661150048317348 2.4444979915121676
-0.5100334810246873 5.252634604701404 3.1304033367922104
-2.450666625615336 5.219185588615229 2.707920621356018
-0.3214122937650412 5.357314477268181 3.034666239277759
-1.2348629293285436 4.801225259336744 2.2793230535878735
-2.3334854550755404 5.055373531835559 3.547464853350461
-1.1799039396820292 4.009744936846805 2.6210400451015747
-1.2899259423394887 4.652656115792578 2.297608068215571
-1.7683775087655274 5.552377804527286 3.234666916438054
-2.0457068090937547 4.236695252136589 3.401493342197579
-3.015308785303782 4.168542912486308 3.1535624033326775
-2.0972620401913247 4.878739856414887 3.324319776110796
-2.0656644086540354 3.7982078517285442 2.514165490302406
-2.0765417533674517 5.620956235648523 1.4810925979975638
-1.1474224144241043 5.5115104099731616 3.2604473580626174
-2.8225871549560924 2.927373825691341 2.938574058071245
-1.5731334374197674 5.579973052072917 3.3729580013623432
-1.0185503849144368 4.530864457053072 3.7589076967911437
0.15300785411899 4.676602926316914 3.704777045315891
-2.670261691010786 4.07694648455038 2.3938892265486653
-0.7113926867102337 4.783657649730732 3.362467166159972
-2.011305098067387 4.869764392390212 3.518549249249069
-0.7137607276340869 4.102766668019961 4.245696799245569
-1.5251043567515206 5.314082638968453 2.4645138271300557
-1.6561952077890982 5.592493996301428 2.601703259564075
-2.2656770022123727 4.81572340083577 2.395534281127937
-3.119170813630524 4.748655121985234 2.875530308166819
-1.345358601909139 3.991239422720474 2.1346909794324898
-0.759535488736827 5.435112956120311 3.413009842187576
-3.494385903563732 3.6030066052940772 2.955378296665575
-2.1908137524655453 4.932178291767139 3.472570663150114
-4.059715815786575 4.174880040794518 3.03442018024941
0.15003678996120026 5.083400115700561 2.7208598408262255
-2.689397275360866 3.8571219410282964 3.155128912784829
-2.663216970266218 3.9329329751595044 3.0876795279172624
-0.5177092881014843 4.735803995731872 3.217459827795145
-2.8954632270772414 4.39983808405861 2.240559761775037
-1.847225744183987 5.284337223606888 3.725005728702769
-2.379269522839648 4.0887574602797745 3.0065484025807043
-3.5444399264131734 3.954704461455392 4.2433489044072195
-2.508212669295863 4.5001961191859525 3.7121280454059327
-2.089291807721189 4.673149682002889 4.37733393253829
-1.1947893752998358 4.817940145959425 3.0982964128961608
-3.161796919655445 4.523072877314182 2.454862498442538
-2.860965758201824 5.32046382219633 3.9983263024837705
-1.5467385389635375 4.618949255566237 3.0823334126329285
-1.843768652416784 5.570055526838 3.2886030513114037
-2.2379793956898513 3.5373169115028094 3.63994473420067
0.7430444656530927 5.646003030668309 3.6139803136687227
-2.103192018601661 4.83804985618255 3.987163529398495
-2.467517977634483 4.612440569957938 3.2594487707130013
-1.6168132455130428 4.205004652258159 3.6351518407826378
-1.5696789497709012 4.287200240014928 2.9700950935138657
-3.3083113396205635 4.0445466293360095 3.627209754766983
-2.5573388036326965 4.821641756521915 3.01469883067941
-3.9378427015881865 3.8902563846621416 3.4635456836937655
-3.3205576311909053 3.832583363386793 2.921633990726636
-2.1423335670192527 5.2633213030681905 3.1992214762822933
-3.3347244386260306 3.184960659694524 3.5046779711282094
-3.175898503875314 3.444385468390406 3.701776236354234
-3.8992871533027147 3.2648038701000597 3.812479639674808
-3.1529382840173277 3.765276118000215 4.025465073192099
-2.998852515731298 4.581641270527614 2.7930886431903197
-2.0878494028100163 4.5379634231654435 3.4112394961287187
-3.5505311402980277 3.8988644994318107 2.9113073927503534
-3.476621017016837 3.483388699713175 3.689340235223122
-4.678024260549153 4.0778317341532695 3.0641821466597228
-3.6465913918703077 4.02942874864591 3.6620132015251907
-3.328901318540462 3.3190740128755887 2.6050490674762563
-3.060226373057156 4.468209493560535 3.0529491498054777
-3.596355011865102 3.685421830154571 4.244979895866564
-2.4591874513505303 4.43246110039872 3.8695422002698043
-2.635950132348051 3.752661256202235 3.9554681532587357
-3.1161394393811768 3.258098668009924 4.3454839399505145
-2.3674064213639223 3.1784918821573602 3.3249020820027453
-2.9341632689678407 3.5906805692309525 4.3138221171368265
-3.960871356000903 4.081311749254632 3.294891951668969
-3.4187169820591503 3.9940772582382817 3.372011592083756
-2.6321942028691048 5.297086462227794 3.123867562476687
-2.2854438281785185 4.625940666729936 3.978124134276499
-3.232887279415874 3.1673795026296108 4.165320084466933
-2.993921867933693 3.912491526652968 4.1570560130887255
-2.4176808736779587 3.9516181123488074 4.306279039437564
-3.3007445563444375 3.266682305779053 3.5649192572737887
-2.4647660316359707 3.9624777806004157 3.7799661554118513
-3.5432992923200746 4.614212652293694 4.261718092519321
-3.265222129731357 4.177806501075846 3.6248921905890827
-3.450846901263284 2.8886711380575427 3.8335041401287984
-4.9739324347647145 3.5240357970309137 3.3049296280853513
-3.932398261382024 3.3854818845356536 3.4764355572309467
-2.9899995893038533 3.3621836816575383 3.046822479424986
-3.3611820127276304 3.4164984500286053 3.7243811851880513
-1.7695958680698634 5.209864649446233 4.28505728275098
-2.3839312132202637 3.6794297375203113 4.411799242456249
-3.778893033590996 3.9634546446589263 3.883706389217666
-4.976290830872596 3.7359886022222186 3.6852027681167754
-3.5903061030812675 3.326752689236002 4.086667432356388
-3.8512628658459533 4.51928461880124 3.8755925802621674
-4.1925280917976355 5.360216139709247 3.170070298021543
-3.6287695570892238 4.512742678736942 3.962536364530596
-3.040482550379712 2.6777459510495647 3.330622097727427
-3.140399904625485 3.2596180529687357 4.130117197017427
-2.0103669194704374 3.8231540954027654 4.291918015249127
-4.464396927466941 2.2485033346338357 3.988282811996953
-3.1412673531733146 3.8782874281139876 3.4640506005271585
-4.473328641115949 3.9017651586743805 4.006639325295274
-3.7403832684743765 1.9593967687715954 3.7132683405068683
-4.198034370594646 2.8405658933527427 3.912883769408749
-4.853890055623443 2.4039261376927357 3.2661210015118693
-2.02862238078496 3.864340517784737 3.8259992497250264
-3.3501384189399372 3.938754392783819 4.40092496935798
-4.6091810761468155 1.9214129967443634 3.426653916008159
-4.06562551835055 1.6536014862353434 3.4275677327587633
-5.086445248663591 2.1581157563412727 3.99396622881834
-5.341542543954877 1.8997807480047957 3.700208913701853
-2.867127837382627 4.4302734233791625 3.8616910795176724
-3.681295263951369 1.93929720223391 3.198720984410022
-3.4581346288081307 3.623351484521035 4.596677313565443
-3.622435254507978 2.403872533768016 3.8200361858959178
-2.679112537062006 4.353147272546647 4.010447708201234
-5.235919945901861 1.4616007102987036 4.407728150835583
-4.435617663835073 1.7690064184890761 3.9309686672775084
-3.510240367933746 3.0656831468674888 4.073382977755591
-4.365744092575083 3.824954407501221 3.734005760812947
-2.7264886245164446 4.0874235979407825 4.830997850795179
-3.413478590011996 2.964873349425565 5.080535935186277
-4.957418795429934 1.4085054330048514 3.961872271812125
-3.431919047267517 3.0438823255586906 4.786702003715899
-4.455743067759297 2.556559718818882 3.521023622180313
-3.997312294085592 1.950048799393626 4.3277606860081015
-4.07169161252545 3.0420366101604164 4.362558317023348
-5.240391042887514 1.5546604576021938 4.329739215996057
-4.708718585196143 3.0697671663974355 4.147915295202186
-4.79235795042447 1.0865260344062684 3.61096403641493
-5.044788871648745 2.608331804338257 4.283158669876406
-5.273379474429021 1.241055889285556 4.086194880567856
-5.2711232362985125 2.487112748782711 4.6312890792133805
-3.830408407979936 1.9825241945164747 4.364583284397265
-4.196277988361957 1.5134080612639622 4.709523600837937
-4.508553779611862 3.1600073260304242 4.32615466266765
-4.420610692217057 2.2839477873056 4.464971271292353
-4.713880225558896 2.4261545208525988 4.414119806064296
-4.995185758170498 2.4654925022753726 4.333152887256708
-4.590151675549038 2.1304009795859504 4.5953208779219565
-4.417665738873466 2.8690750295183998 4.700335440320575
-5.071668946863264 2.278942414555792 2.785894550847521
-4.6060133417482 2.837339832772344 5.156590990060064
-4.105866981797152 1.5408292371471255 3.109467148190238
-5.307013661356142 -0.3187692792663341 4.556451183242894
-5.426421665945947 2.3174900767970246 4.010798340863858
-5.129700110677203 -0.2065391389445385 4.667552537785415
-4.892764585041261 1.8127364296255646 3.9469783700722076
-5.018470858902515 1.9926052361306115 4.846013720685081
-5.43851825278542 0.13040574452968032 4.106882727710407
-4.543504650998097 1.9322211160046538 4.098053889926918
-3.300995986475971 2.4921181822692184 5.133059943988648
-4.39388281874536 1.8307275857189493 4.639848908319347
-4.859424464277426 0.5049808075876233 4.336010394483778
-4.448093926325145 1.7068448437309962 4.263258798653106
-4.5654278677207145 1.7390558763077526 5.015920847855441
-5.718572177855759 0.19760076177812166 4.055392006274082
-4.101124748325065 1.8468353803138975 4.722197318168215
-4.5586677317921005 2.1986589526539455 4.15872063840693
-5.452889887553715 1.0323498021353956 4.454589595687367
-4.325839889339074 2.0762718054488567 6.533460717400459
-5.230975812233954 1.9787441546781286 4.96600641721402
-4.990065887168131 2.911623839858522 4.7276090058913995
-5.206475990662414 1.4144983317878297 4.790804897962574
-5.476473091308545 0.36854517537829584 4.837985198315101
-4.189991652989643 1.300367277515931 4.5508322191173285
-4.845079415749159 0.1113485899387101 4.152914618477851
-3.682666420497342 3.5652342091167233 4.444654384588432
-4.831857594997796 2.053171474830193 4.409918353702556
-5.739038010186932 0.8131280746707896 3.894301320455103
-5.371904617988929 1.6628830360799947 4.779985985171036
-5.0947332046648475 1.444324156632285 3.715828207467546
-5.059556203156593 2.5547881407802757 4.915675958105222
-4.511989980322119 1.608283787893868 5.011878138774948
-5.455740236029507 2.1384175894254835 5.266168209849571
-5.027733931996093 2.249544610017308 5.750227386355638
-4.799736919106003 -0.4847976693703896 3.8849632969847874
-4.999805911056747 0.8057470076327962 5.14801325585658
-4.270845329613924 -0.12302850640556816 4.042179530761697
-5.574577775393308 0.1398467337741037 4.356745648552981
-5.111095944828684 0.02358167856186739 5.382281735709835
-5.035178761158936 0.59223919812768 5.473919239047707
-5.817907321164352 -0.1493280933929273 4.156098533736611
-5.061605877215255 0.37568362269044303 4.099030042845371
-5.081188712629874 1.3195919723746459 4.228756000712139
-4.9665147503945795 0.4943405236777212 4.476073753245355
-4.290584263150137 1.743254708257976 5.0781348963361745
-5.0249489356562345 0.7786423969544659 4.471859396267039
-4.647238211677991 -0.7256464797344292 4.525979309952197
-4.435611949787897 1.2695614564153703 4.944404332880505
-5.710928479727139 -0.1972803458880603 4.49792055731969
-4.760216088701327 0.9397549237961216 5.231537463699971
-4.903790472435987 -0.9280002018154885 5.045929117935515
-5.372352707747515 0.49980296960379056 4.792951160475249
-4.968513621501165 -1.1982392052706108 4.244937139580062
-4.3276311201461395 -0.2077438687723974 3.6240108161306654
-4.950430960592836 0.5562763134480327 5.052153991275784
-4.257779806208149 1.7096252026177905 4.555618652028988
-4.981441521402335 0.3119034158065391 4.590202373802394
-4.514489510923023 0.8285211095667208 4.601216905727564
-5.358671984877463 0.16859864009967881 5.2547724602649595
-4.649190997147663 1.1383470592195268 5.423610871930174
-5.548510728131664 1.0827191313216138 3.7994563382198505
-5.034857464044118 0.3020126294840192 4.811884045881615
-4.535129887507157 -0.30996831148704235 4.4549347491519375
-4.510059241309396 -1.619119159631471 4.307400337324605
-5.100023187532262 0.2835813989257965 6.186250769003903
-5.242956702451892 0.3512030072997655 4.472240823049049
-4.55661880804446 0.4689578904631825 5.350245182471778
-4.798711407414939 2.9217321108606025 4.520663943734144
-3.7349710992269367 0.2753409516408249 4.2481197783542415
-5.336515346471858 -0.40639541656815414 4.894313597294999
-5.173609837788322 1.3219529081163077 4.814152383369915
-4.903984972713467 0.07250515264556234 4.745354889647384
-5.3843559181822025 1.3148740057439119 5.581652305629013
-5.005297184814586 0.34581478636403923 5.446624108745627
-5.718778837008886 0.10173815832119988 4.884259760935114
-5.360909945866987 -0.3176067381156849 5.649796764605615
-5.288872695135806 0.6137042896758059 4.985458697714566
-5.381906049831854 0.6789307055193589 4.644025953501271
-4.863503199152395 -0.45698852776067544 4.920221210703898
-4.407506430665556 -0.8206523709679484 4.127922805921079
-5.092115809858155 0.2774473134495706 4.430768535536808
-5.4641545131397935 0.17053577541617881 5.036811195181745
-4.915707819801849 0.8222444348317905 5.025734640686859
-5.323680936764152 -1.0523517936793707 5.068582666441102
-4.788481372656755 0.6612300557446027 4.813708911290179
-5.098869478967359 -0.7554801812908796 5.279981388321903
-4.7547376930914 -1.0484011310203376 5.094173908821077
-5.68684440315163 0.3035848507202197 4.94782050722736
-4.639229572879606 -2.8729245945198536 4.344866553648107
-5.6741276197773125 0.8326405742260381 5.55860652685828
-4.737938195186658 1.960341949813636 5.332446131451439
-4.759351513496947 -1.3995623535751567 5.346522416596939
-5.45070937715163 -1.7316973476948039 5.439610680124443
-5.853407866121339 -1.6597156707744405 5.505337330847703
-4.8171696479007196 -1.7924668143004268 5.532520108020838
-5.797805737755732 -0.5497148973810677 5.599343829874624
-5.794755845983323 0.7464442403274751 4.552892055599969
-4.831619106810967 -0.4352950546943163 5.671990193794524
-5.441576312076238 -1.442340266967242 5.599031085972359
-4.550742588941784 -0.8989562854145104 5.282581448733435
-4.170899013603665 -1.7716567869715152 5.646495708268415
-5.560534361764728 -1.1632538918458606 5.91013628625492
-5.047622475220181 -1.9994479491528252 4.775425355563802
-4.410575661178205 -1.6873670066236413 5.308090286632549
-4.461450761842966 -1.3815475315130967 6.156321233087272
-4.706656304350157 -0.7347457659949637 5.551522082682851
-4.321144567663538 -0.41510847729640843 5.26655046062777
-5.0208803195568255 -0.7969816139402194 5.518691587526206
-4.799936963169852 0.23511429697521394 5.935579068738874
-3.846863222371548 -2.65727918893486 4.9951540183110446
-5.063708021373764 -1.782865869579575 5.569535740955963
-4.643686733012261 -1.9303537713721162 5.681116669494172
-4.646677904895175 -0.5426173149745682 5.59257106989216
-5.408536990016547 -1.1560830236671924 5.553615608042758
-4.696074528612541 -2.3916972249886967 5.621050330668464
-4.6626744597781435 -1.2098109896508284 5.6822621290974435
-4.813658046890813 -2.244580223193089 4.913218743901735
-4.611855534641156 -0.23823496457933152 6.309147747503556
-4.950111649216627 -3.632725009933437 5.74131875601747
-4.390904170405201 -1.1082927333350887 6.034203463759613
-5.047540584146834 -0.8034196355630486 5.341034648251213
-4.851017597279237 -1.7847339011735524 5.279925637267221
-4.248008132637595 -0.7205818349464403 5.586905956240808
-5.006666984802844 -1.305011371002025 5.174327665528292
-4.399056107756302 -1.7239765162969145 5.334339837984341
-5.108456450986566 -2.565751774676483 7.19101242555488
-4.025537116686838 -1.2912294602678076 5.868270706943105
-3.9112609053264213 -2.656402743281574 5.254006562040393
-4.4409911490503 -1.3676963364676171 6.742606223171966
-4.7064458791503805 -2.6809861386888634 4.953245066080063
-4.659013798092638 -1.1102615378092353 6.136060105657261
-4.735074793471796 -1.9834734890890577 5.791030118532559
-4.71810132986376 -1.3283289864982297 4.699198556835784
-4.963107691923191 -1.4846825769938485 5.032178214462345
-4.918756470118722 -0.9476707845627188 5.7376117529509125
-5.129301374369141 -1.3513136866194855 6.02494325420885
-5.644951368917426 -1.218115133589761 5.10170274724392
-3.672999672496292 -4.1107505559386235 6.047152474923602
-6.001417555009092 -1.9022765536770543 5.7422789986121705
-4.438430846297902 -1.563145294743082 6.046093860615192
-4.152864374684435 -1.4423758071204276 5.370239878745436
-5.1580423630560555 -1.4380374385142376 5.465202777290197
-5.059435839617305 -2.8916507064333326 5.477762863546637
-4.034788779860321 -2.1300055540210723 4.876659614493809
-3.909310916683762 -1.2914246594475172 5.7312041512059215
-5.149584551696718 -1.8301345647811598 6.105443033841811
-4.540099405004742 -2.2526170693198075 5.735832447830914
-4.217661308080671 -2.9056873306050597 5.932636700345389
-3.1673225676484993 -3.805721268553157 5.456638168755846
-4.880297864391313 -2.751386827905731 6.073537624235387
-4.762626197947523 -2.25459022699904 5.351769878380665
-4.0853124806458405 -2.2176811909086234 5.911287398596885
-4.362658686875805 -1.88299341989993 6.097360424801965
-5.729972419035883 -1.3457221008247076 5.730659435344796
-4.388665156890381 -3.8194388172153273 5.565380068969548
-3.6138879520027833 -2.9503932739605414 6.394222601255035
-3.709983750150468 -1.9839811832593086 6.329264360558062
-3.2379919044840793 -3.1912735658714366 6.183247427473314
-4.391806177474672 -2.464746062438774 5.965791472787329
-4.531608791515304 -0.3115382735929564 5.907973685052858
-3.8621321613036663 -1.9766568704598104 6.362971504054591
-4.29006113931313 -1.966221877789959 6.466758187452512
-3.241162873027837 -3.9151923875067576 6.893758643932737
-3.9625932742797283 -3.0548000527088535 6.095258538787109
-4.608336902181554 -2.006710718353115 5.793598037499751
-4.181530401430262 -2.777481496130613 4.922491882275287
-3.8134167979512723 -3.498390620491722 6.126372282272375
-2.794655961618763 -2.74765657126601 6.353517222295993
-3.200240486132179 -4.120603135435312 5.520027700835208
-5.036643284129284 -2.84148653248085 5.986472752132058
-4.317404374748476 -2.3695719872006102 5.394265524905771
-2.3975392212505158 -4.670843041168191 5.990420358197177
-3.826728923088405 -3.3774599839793833 4.814088979420069
-3.4211232676761454 -3.427403962203858 6.036732673951817
-3.4838939164320437 -3.1446850105686024 6.30632353111477
-3.016379240997654 -2.6429002242766026 6.231198170850252
-4.1874135938938215 -3.1620729663961766 6.435337401794291
-4.648614942783811 -4.085579350129192 4.805870718896072
-3.175421511460767 -3.3881810946524924 5.99507770982064
-3.585201446847156 -3.8867158962451493 6.479280448759413
-4.408228527416073 -2.3798089554742936 6.837445067441017
-3.0286713043971294 -4.076034892243795 6.260916323568955
-3.8457571301077444 -3.114659850670223 5.291164812771044
-1.8084083822090358 -4.214600188741943 5.189923306343833
-4.976725082473516 -2.4901731838608914 5.788804456751565
-3.795980978469081 -2.9710361431831447 6.086602719812851
-3.987093417613613 -3.5148907489664842 7.344622306034264
-4.155377204133996 -2.058800697496609 6.971542336074123
-1.950844890652998 -4.093280209334192 6.039909836461197
-3.638383747794498 -3.7571244721313746 6.688777653352206
-3.3840625997348104 -4.071868643935547 6.583499144863832
-3.3783816869122063 -3.7324917852240196 6.5608673620366895
-3.1719721242431707 -3.823165020011893 6.965570562828203
-2.8344072840633427 -3.578819267840155 6.084725661129056
-3.3113682990162214 -3.1653383515889155 6.182156892893363
-3.3787752675618097 -4.60513000934479 6.967812673761982
-3.6691284097355137 -4.035944682034798 6.840606505180848
-3.101058436112517 -3.8525296281840653 5.608071840310694
-4.483874692474989 -3.5126331008648144 5.843039826302947
-1.4462738168399178 -3.7319891529726807 6.098422773227291
-4.320630687783769 -3.0969094696094674 6.7270837983159355
-3.290522014450926 -3.2920992856225144 5.924823007396713
-2.401980972483603 -4.357531865815447 6.371076072755769
-3.8745612669749208 -4.026577601381492 7.157220141628177
-4.350404517205125 -3.403673435021442 5.62670013666644
-2.5530894320820847 -4.296372970981485 7.052660750860289
-1.6547099184840317 -4.008793276273687 6.3485476036249455
-3.2667444923291047 -3.396795201722485 5.130389320977434
-3.9297963860433978 -4.018666018483646 5.7597901012410295
-1.7992808147318329 -5.4730129287579965 5.844749049409565
-1.525036089372315 -4.449003451776533 6.86743562366328
-2.4466523144135857 -3.0759946336242696 6.186119337791441
-4.212025961213055 -2.9432639710460524 6.425814137927839
-2.035550479622935 -4.097812972720438 6.20991717971043
-4.170994006384601 -4.872801090514041 5.774793910547337
-2.611907562577237 -3.7613208894934793 7.0190256064719625
-1.8991529061722385 -5.204634144555853 6.992323568518474
-2.393132742758524 -4.60843204237751 7.002844720201522
-1.9804531708277995 -3.691941708822431 6.496242607492108
-3.5592437785611377 -2.855157829752873 6.392605751673964
-2.7177109474672765 -4.0416724371346096 6.413819267722968
-4.0402650670469455 -2.994597867776176 6.61895461563448
-4.444951711555954 -2.1500583150604937 6.569468894027626
-3.307078112630987 -3.9607627496715265 6.647984822230398
-2.130976336484826 -4.239810218124992 7.163582770996969
-2.159121091630173 -4.30464263424937 7.305700306659978
-0.7617892006678441 -3.809032978868696 7.175286493902811
-3.138532627662022 -4.1810675838774864 6.593498282136714
-3.699549405412433 -2.7100102354155977 5.95843198813485
-2.8101428948726848 -5.089238286017891 7.43331287716329
-2.7959205067737214 -4.967739799778617 6.554672743275987
-2.1385519055133484 -4.653282892708836 6.285016128623628
-1.750929163780441 -5.034768078714547 6.708662810290792
-4.050762075221792 -4.245796412592624 7.265221757505322
-3.560308681317508 -3.2904193720716566 7.075116732895923
-1.7373048731111398 -4.421153176177 7.348384710594271
-3.3532345555335192 -3.742682747769786 5.820079478240033
-2.2572550643271336 -4.72855996171123 6.244658851491214
-2.6043693950106928 -4.370687844302317 7.493389074434573
-2.5077632162921875 -4.677578142469714 6.7672911526703325
-1.8444732670398605 -4.124158782211077 6.009815401506515
-3.5229687632386684 -3.709078331930021 7.008774991623509
-3.6276197278736357 -4.078395449532992 6.9789896428006175
-1.8999643381389482 -4.207885976468206 6.412184697751999
-2.792060784862153 -4.138395874851408 6.0855532695665895
-2.8749822207867783 -4.4753652318848 6.517235440204131
-2.9944863056480826 -4.5494955996926825 6.230219736455121
-0.7757323843712723 -5.064878779720261 7.278729176900208
-2.4430666031369594 -5.1722785480190865 6.943822006658979
-2.1266867409860124 -4.5460766548539935 7.18766239823726
-1.4116092534483897 -4.549001046523923 6.761961926440078
-1.4984824025670598 -5.288436190656164 7.384563013680119
-1.4797580597046331 -3.687213473309032 7.410528106590676
-2.176982702057825 -4.27106212153846 6.942232369995477
-2.031258365065196 -3.2381130143355055 7.351761967294524
-1.086094897130619 -4.99333725793618 6.003495248645677
-2.406765237917113 -4.436226788112753 7.457740171036306
-1.5993821269786004 -4.64883379250763 7.586706749735991
-1.3832667474632672 -5.093368867322249 7.347427732382692
-3.0432539476094562 -3.7762973035784158 6.21780449822535
-1.2211237618948307 -4.247686727267513 6.768832251197106
-3.326392153907622 -4.930970502890221 7.9100554695299845
-3.591662409246156 -3.5465521941800318 6.62522698627748
-0.46534536150890327 -5.084408993278487 7.244417197355317
-0.29800719282208255 -5.3449494294696605 5.898871100685424
0.872555749353711 -5.694236264577843 6.870757325851653
-1.701955157372618 -4.725280932402982 7.1544637413618295
-2.003263479656858 -3.178989893894405 6.90861612568759
-2.3263187753110333 -4.1034252837089955 6.728746466901044
-2.2755352189161537 -4.516286418678474 7.566855362991163
-2.140347833238094 -4.903451306407892 7.434192361704591
-2.890518501768411 -3.8014421381119163 7.1708428817199374
-1.9413429687420871 -5.306363669093696 6.686409717921182
-0.5408107703290229 -4.44648446683281 6.8173000800814005
-2.006086475463039 -5.053109645256957 6.5473338712965505
0.09631085093987855 -4.463562572715605 6.722031567560984
-3.0445603211071766 -4.485949754349908 7.244044589445709
-2.2575247139912555 -4.123648809508146 6.952791343984779
-1.063803564310511 -4.886694837928349 7.209495257902287
-1.2701260697234371 -4.922157454856327 7.09448925863142
-1.634949193219014 -4.057575279502656 7.161211534114268
-2.999459133239008 -4.932889262907642 6.200675465815808
-2.0590892237283374 -4.187801284704628 6.644745626202386
-1.0329847717156762 -4.832527605036769 7.451613419153659
-0.13957507108611314 -4.703379346826823 8.45579662845981
-1.6558516561279535 -3.9694485155376578 7.360074463314415
-1.6850941141796119 -4.563890918992953 6.497090643372022
-1.714529484444754 -4.054982379199805 8.252387325191357
-1.0566713993540369 -3.943955519983828 7.940560324356862
-1.613326918175868 -4.857326309284997 6.642791728821283
-0.4731255553718033 -5.59444398875971 6.76486154335867
-2.802924423266316 -4.1643573357567005 6.941900971205916
2.6500492536611944 -4.693250213826111 7.549815130431034
-0.45964465233971913 -4.598344598655473 7.31650433066591
-0.6363647157684716 -4.424908524197083 7.581166770412335
-1.8054340458898004 -4.43864593319203 8.054074551291748
-0.37470939908939055 -5.51796425683197 6.967941581529778
0.04282592846534158 -4.695593241969412 6.929118562382444
-1.1715461222110912 -4.782384998898001 7.786187845359188
-1.6177746049366726 -4.390092606054093 6.837117525407784
-2.2613067006729106 -4.841991383887923 7.574051486923596
0.08504828245493004 -5.442977146107006 7.52794092338859
-0.5240139417204044 -5.4308339103937575 7.043830654003175
-0.709777434316298 -4.51338463006611 6.465200326926335
-1.02317131608538 -5.333965347493761 6.974700760949534
-2.4134300718675363 -4.484609869755358 7.318004116836977
0.922245113062736 -4.536720512977258 7.979815681955297
0.41170641586012174 -4.640298784066682 7.089386831553721
1.722612011036131 -4.407165372780882 7.936715921227917
-1.0652746117803225 -5.130418888247856 7.325315744749062
1.0386006277437336 -5.46395837383092 8.080268443649066
-0.4800114551609437 -4.2807164731004 7.30189653375517
-1.4195383389094904 -4.882515542982748 7.394123021908762
-0.6642191052022998 -4.322638056997214 7.368755222637045
0.7845847151509607 -4.1960076105079445 7.8887494476499045
-1.3702971816452003 -5.519264629528887 8.578431224519598
1.1481535797463738 -4.716886960850407 7.814884063019435
1.1387575245555899 -4.85071375834886 7.162265528374117
-0.8834364927641132 -5.751260238472478 7.44120501534976
-0.06968368940750723 -5.202468456795406 7.736390132139677
-1.4670808818883547 -3.9522324046298585 7.777030648829321
0.8842638340970195 -5.5636302685978185 7.339369003615878
0.19115803370211157 -4.758017305610764 7.6715008936165905
0.43775157244329704 -4.006013990948504 7.511215041166661
-0.15189348152108836 -4.381147157585404 7.181406160372135
-0.580794297241041 -6.097711621489601 7.445573666891039
-0.22764898451048723 -4.863193418417724 7.502786919279102
0.6887093289947258 -4.143468143496553 7.455855260498328
0.2726376736045397 -4.963662648672874 7.711786898970052
0.8609654761685261 -5.730730331262359 7.738607049355156
0.06479290939525373 -4.752814679003364 7.452678775432328
-0.5850902274229575 -5.047728031032948 8.398830198761967
0.20751642639090392 -4.252973536531297 7.086863498301043
-0.08271815158590579 -4.963019990458498 7.704970060894319
0.31547395220347696 -5.229427354322777 6.964816396295505
2.5659607518403127 -5.135958323412314 7.528854514811618
1.093402190409801 -4.3223823568804765 8.04833071577371
0.5915222040519202 -5.826746184446413 8.500408207967757
1.1670654140824972 -4.96136179840476 7.918944012612694
-0.20389652500676533 -4.205948458246871 7.552095653314836
1.5091747204667163 -4.263227533308055 7.898152191607037
0.6337157123450226 -4.5122820659203144 6.96724491875927
0.8346977887820328 -5.268574756292688 7.896296726214501
1.1687654825262268 -3.7973119012151777 7.522877798095201
0.553150029466711 -4.472412897149326 7.368195796174822
2.1581876476149726 -5.240526487710547 7.11044159098614
0.33303024825294375 -5.1500565367194255 7.776234447710208
2.0352027218938464 -4.172094118149767 8.006946925982355
2.8666505466357135 -4.116409015487643 8.595602955745374
-0.43261535129131945 -4.663299497179363 7.492290513670082
1.5823821151458282 -3.9493188929066645 8.120302797027945
0.5039102481320985 -3.9952849509205954 8.27717791256643
0.7566085980691354 -4.6901797627115815 7.813953972333507
2.640483576084059 -3.9687834735368495 7.736456192165995
1.410322368663851 -4.779138108929514 7.252144415780226
2.054027489490845 -4.197189156293503 8.405316471938292
1.144492820643041 -4.7712926802894495 8.008660654546043
1.219077384858388 -4.805778548045202 8.139200588835436
0.7963808533491563 -5.834401151408915 7.274440996086402
0.40644722934459154 -4.870788857227064 7.804597198939751
0.5931969056055227 -5.0492231630096915 8.597135885584724
0.9959441912415021 -4.884941807191324 7.329755402897586
1.3567338501927084 -4.574996155891862 7.99440389375175
0.8513362464812715 -4.533201579141942 8.235943038696371
1.2598863782016843 -3.415460366967553 7.670496125800667
1.4421618863421035 -5.209110746562477 7.839434076217804
1.6073413176706473 -5.0283364647103435 8.586756499097019
0.779353354178583 -4.5468739986535365 8.282814981910837
1.670324845060861 -4.9615238993138195 8.451071204577001
0.40525815240336566 -4.05827322122283 7.520480996372866
1.3720584712971027 -4.0854911795743165 8.52860483525062
3.5098986454532164 -5.418577483115303 8.294161784351568
1.4585941056340812 -5.097753429785842 8.492675537059036
2.0297682587783346 -4.578051149057931 7.700685998208474
0.4443048258647368 -5.347459927693385 8.07261045954452
2.3021232974163666 -3.7369766331060585 7.8625234923751375
2.6335507737345725 -3.9667441871997315 7.740180828402431
0.5312073190564794 -4.695351738348668 7.420014107930893
1.5566234070744727 -4.6271426539593845 7.838915964171444
1.4673075574217094 -5.3341477045285 8.042686627874334
3.0141947530573927 -4.491880280945216 8.060809969853802
1.822989165729681 -4.744115852366151 7.642318165534158
2.438739730561245 -4.52036358700243 8.832422645465178
0.9662325589945266 -5.081314982167066 7.477614528143784
1.8080201974955123 -4.236401241811007 8.87985440937792
2.522948795451577 -4.221747921670958 8.071233008088772
2.0388559200938587 -4.759976687349639 9.010037281514204
2.629381290946917 -3.77956083922141 8.45162093565118
2.215624769260283 -4.546443525959901 7.979583759427532
3.5210313164860074 -3.322981257275519 7.629627241071745
1.5179119246411035 -3.56361251272036 8.072882804133853
1.0566067427961612 -4.92997824865249 8.69528048888793
3.173458068584283 -4.180939110584239 7.851826014035626
0.8175593752913806 -4.9396055741095495 8.371541920454261
2.321281146765988 -5.093483517744459 8.36053118524912
2.1938604014576084 -4.548682948057408 8.048823025593293
1.5567264248515258 -3.4881027210775826 9.048141951666803
2.9030262545192165 -5.345572016650998 8.965797172277217
1.9865477857808955 -4.458932328352561 7.893941519434016
1.4966715219925122 -5.037978972241266 7.926537958115983
1.5025608623046518 -4.29058625722877 8.051147577444745
2.06273888124401 -4.5104747440275155 9.138908837466506
2.6333391680099822 -4.052887563543317 8.411575915805813
2.6979985072308423 -4.657205463180826 8.907813814407994
1.182664886968178 -4.604065170778872 8.434388334065947
2.7451671549193537 -4.150241567300333 8.782616739665992
3.51648636103169 -4.783810363801568 8.116090244124162
2.4933633960644794 -4.561317712616291 7.920708410627302
2.7183278511276354 -5.01171421157443 8.315463279166494
3.140540963617124 -4.050247543329514 8.264559528262732
2.17022534329098 -3.366869017186606 8.180132751225594
1.92141189998899 -4.397829682457388 8.721102513166251
1.5907610673268158 -4.313123092658786 8.570871140116228
2.482034521626937 -4.226396409732724 8.801605520998669
3.0533527542125323 -3.4457886479564013 9.383681939007031
3.165845711984641 -3.527476789486743 8.040414843123484
3.5116849931595757 -3.1852564301640385 8.782415799877606
2.627390399309852 -4.634667444165363 8.197118581997985
3.4081110103861083 -4.139762115239075 8.617426815477346
3.4029778903363694 -3.7854337909711 8.359661760033301
3.5464404161896153 -2.6359394329397072 8.37501394598718
2.8435170016462936 -4.291409051335566 8.888701635366614
3.351575294741817 -2.9075474550206355 8.421917616398456
3.0066543651073467 -3.99189760847698 7.515605016808848
2.2615176476405923 -4.36265612537526 8.567757254901554
2.2293564444547282 -4.6810257686392776 9.307987564210467
2.1910308958104023 -4.777419589028777 8.383190155000472
3.9616232797310955 -3.013592085114124 8.679850854138994
3.868862577475953 -3.856266897729878 9.569896251572215
3.556894227746682 -4.484542057745492 9.18937715861496
3.3479139546623764 -3.028000939664201 8.977685862599376
3.83536206226011 -3.8699709145462347 8.708724867363225
0.9486080039139758 -3.870987958743603 8.79039910333311
4.364902756613091 -2.9642313455924305 8.812858437874246
3.579088374987204 -3.1952817973231293 8.436398478372974
3.483142704425646 -5.219220091064059 7.588991478501343
3.2116356523636 -4.002784158883154 9.215984278469948
4.295094104817032 -2.3336089470831993 8.620600231447835
3.07912825281406 -3.4565992346383374 9.466050411125986
4.367873985270509 -2.1004018931599604 9.370876037560222
2.59398126806151 -4.238430722334658 8.715146866680126
2.8768676452220356 -3.2345101018998883 9.371634018532657
4.432026243942984 -3.179309517092723 10.020942781187738
3.899768715496236 -3.657713208721585 8.342333143946679
4.391514422046844 -2.3727737953907804 7.866858747017875
2.27106770912774 -4.2979084583138585 8.609013874203423
3.767156930419711 -3.454447917965022 8.723875551866533
2.156405228247554 -3.5041421233174805 8.551130068816073
3.9256643330610688 -3.7476318940974136 9.472538774816709
3.2283080337147414 -4.695805252278244 8.622799096727931
3.4528898284776233 -3.0084008783262517 9.227465709058972
4.047502900226091 -3.873203832062237 9.701113574934544
2.767991410214829 -4.551134968263623 8.437436452335817
2.620015448161908 -3.4103287697179825 8.645579607352568
4.122180621169046 -3.405329527783001 8.800311882704765
2.548143553116389 -3.5951591100642464 9.45267000721565
4.6028422750116995 -2.9984853421386406 8.675231407227454
3.3239720819240013 -2.292589905722639 7.8762481470613235
3.3513333241998016 -3.95662277970999 9.21318789316593
3.0513961180493907 -2.3992648135948857 9.699419020625806
4.166372531918022 -1.7546333467380155 9.358132102780718
4.62456744088197 -2.6364184627547234 9.113587168703503
3.4925626757589296 -3.1137307776169516 8.659163968003046
4.454182999118031 -2.92412562189053 9.195121756381884
3.8836628967368645 -3.4140823659294512 8.831580828242116
4.025910659947349 -2.4884790368557246 9.640093168408756
4.343532648128849 -2.140183147737735 8.672512119055463
4.26348834828771 -3.4793046497741376 8.493516443310215
4.614558099077369 -2.9428402066198105 8.919929808646758
4.849229986759234 -3.185568847029915 9.510137865475274
5.077975159850068 -2.2638450527209524 9.17656856071798
3.645282547413919 -3.4646221257064065 8.9358019654099
4.369568807600321 -1.9798718340627908 9.294667420030503
4.292220897271499 -1.4108516971268636 8.395836085014151
3.9755647725376315 -3.4643167231335172 8.830587219903423
3.949028332467636 -2.990257291960088 8.741459336603352
4.10592444830831 -1.6582854438353742 8.669682896417559
3.889648869529184 -3.359901144514971 8.637365254778686
4.571208103009781 -1.8844158188805142 9.372527418002543
3.2561737042849805 -3.4593794354043306 9.27932613475167
3.699996433259466 -2.2992658021766084 9.991185265571149
5.540736519297661 -1.1843763723681748 10.116910497695862
4.842426662267874 -2.331954912046912 8.569014330421597
4.619925134084513 -3.6136146571518113 9.41274422050977
5.2071757589434915 -1.7926022907978663 9.074712415128435
3.9959905968416787 -3.271922004274752 9.59673768090195
4.699362469990662 -1.6021739794497616 9.516967014489808
5.698939831795843 -2.677256190316775 10.008380155760102
4.106075287364529 -1.7751637252889234 9.077463182260132
4.054941920320373 -1.485401034208924 9.473060182298537
4.466513673530668 -2.4306707450232112 9.513314246803008
4.947706364948921 -1.9096840723896602 9.028884878787503
4.653390069043457 -0.7376091457585802 9.122616258755963
3.7579918886581045 -3.940872057959335 9.074090974737324
4.304677272230068 -2.9602789115626593 8.794923376401064
3.808788351440973 -2.625735814957542 8.93476395252193
3.8657448753411994 -1.473181313824428 10.216791680426072
3.883898619007135 -3.307313086973817 9.28450760252604
4.51713665483985 -2.2392874824052695 9.536456697599588
4.108411300736901 -1.8074214712384413 9.630453319439564
4.1401612994252 -2.571023266048484 9.612219265012842
4.499167576451077 -2.3793116410965576 8.549362125926145
4.450112515273544 -1.4118971226466777 8.61452168758118
4.290327268667516 -2.4303193693837195 10.409728056872943
5.31068344469583 -2.7354875461632955 9.328832876257762
4.569055714312175 -0.923497524189395 9.913325778394652
4.563754577583145 -0.7911907405424442 10.433172191890545
3.787030903457134 -1.6894827886106887 10.359799641110968
3.6577527770181097 -2.1200745467803115 9.860390009718651
3.427302844655202 -2.284245251018486 9.171773365507741
4.7347942947087445 -2.4037085548558026 8.823461971588207
4.125011069372954 -2.3521313139591298 9.23410959393979
4.2381453252137185 -2.5529597561158113 8.673088950684086
3.58122215566691 -3.198905011591643 9.70864341967256
4.684206664502238 -1.4596563998221095 9.183044249998124
4.076585125392373 -2.428901262192011 8.776085971630383
4.692060564580936 -2.30164404053511 8.677438294024158
5.235150583410115 -1.798512490443554 9.147399395245293
4.693966003520479 -2.1669284110260785 9.639123172534877
4.4436760483319215 -1.6133959644084899 9.462374059543231
3.753778240987752 -2.6625738471338076 9.894802940148962
3.326004188066376 -3.267932632677465 9.893217388429164
4.6093936983544745 -0.3636922225552868 9.924744359014637
5.163680851939275 -2.1252395715210044 9.36697714952283
4.144128056609103 -2.0255037838638668 10.960022609991249
4.557379289702946 -1.0297901223461747 9.7723646494245
5.23320134996451 -1.2007599449148916 9.956029237630936
4.117960906048682 -1.8211474323385644 9.494838152482547
5.036899589077793 1.5686588515737767 10.350954604467779
5.372963652502061 -1.4188466377399471 9.45884593442027
4.954039258118082 0.005301870980637102 9.28098286588228
6.522101859543499 0.1474210369242252 9.041794912920524
6.584170678608441 -0.07631610322303806 8.88036295533596
5.429499675775417 -2.5717424695252347 8.814412727104273
5.76074923119238 -0.4255858014486087 10.211140818260565
4.323210118122808 -1.6656104853453229 8.911707932460178
3.6245150792312906 -2.3614159881342953 9.904185590635027
4.752183862775698 -0.656949017102274 9.615323316939165
4.951871487335278 -0.5600232273873648 10.242039085924187
4.7727628572644765 -0.10020597354970563 8.602602586014154
5.47071783020554 -0.6568223604138316 10.081472925807455
4.4266591420989805 -1.6363990171157154 9.499534125106145
5.267334921434112 -2.1638588696058196 10.03769014332555
5.577418001120059 -2.144420006695691 9.66952489223115
4.578803519425002 -0.23930995843314848 9.962073335876553
4.9151959952574 -2.333145718973242 9.568474462539445
5.208442290047698 -0.6334178887058569 10.022268064190266
5.390650798088895 0.6488889277742967 9.684744800857084
4.894598857521747 0.6580893766373942 10.18157931834619
5.198613739061756 -1.7900473162624453 10.479709473734557
4.659413564154437 -2.1190495321917373 9.957621391066409
5.201173405778085 0.35244887078707055 9.281777776114078
4.815918351329953 -0.9317300551699063 10.239800457167464
6.062572646593145 -1.2198683098762348 10.008980468873812
4.351714613864179 -1.4433568930140714 9.702575492112825
5.491983943847706 -0.49686095535817143 9.088594113339179
4.887905615161331 0.33474834777474444 10.699708204139002
5.563413080460663 -0.8596303078120697 9.628491343720867
5.187056802935039 0.03016718763540474 9.546938604338385
4.076520428222934 -0.7902206389577154 10.543308117000796
4.244729399264662 -0.4467967892443574 10.205342462039335
5.346074831263136 -1.3545087123996138 10.387524227052696
5.877348297102926 -0.3695598950589962 10.395431654154661
4.894301767671677 -1.1086988797573034 10.319381849502864
5.640617241689958 0.06238825811656484 10.129977238921615
5.308559666230711 -0.17608313356077845 10.276120062499112
5.3018110796604185 0.25353093216721617 10.041061307517468
