4.441294590282305 -0.3793488212039974 -0.22144097862796924
4.386069139246804 -1.7468763134338203 0.009012031653081546
4.843327075764645 -0.05685657597425186 0.24666146962644453
4.466426642589141 0.015451576356111437 -1.0957760819369085
4.4421263431482085 0.4639288413101584 0.3253699697865895
5.499950019420895 -0.42222132673177143 0.22615748572984928
4.578573505441305 -0.8305826859573832 -0.47448290178532887
4.483896873272621 -0.6664103185341365 0.2883947809114657
5.247208496879635 0.7516921822051381 -0.17731613925082546
4.930671674329231 0.9910778037658738 -0.023521780139024298
5.029003771489923 -0.3893032862898683 -0.28292971260559896
4.4528879889035 -1.1485276369872488 -0.27964571880397243
4.7362523948606885 1.0998217962459105 -0.2654700434837723
4.966835649806529 0.6566745659868625 -0.1089838317353232
4.4191213589294405 -0.29187849551686285 1.081208354285077
5.4577391038611145 -0.6193777995878339 0.7545123080869826
5.078687479105344 -1.1353155636095111 0.5986616940265311
5.730702601813909 -0.3214117723398871 -0.04655507250867419
4.89779802124639 1.3797022608791172 -0.11387808785338555
5.631939708487145 1.4498493906864338 0.03198497251496685
4.559937108744088 0.17801258705939882 0.2208721433759897
5.41908101276956 1.146176694401741 0.23955661455841093
4.675619409686513 1.3509868329434493 -0.15778659088525127
4.3733814284018555 0.7909405912671924 1.4136077307678816
4.660038190339045 1.3425199528407412 -0.39423427580617454
4.836789514393318 1.1138147031123213 0.010526945949092426
4.3639360626766734 1.081492660023796 0.41421951621189423
4.699211442884444 2.312562959379604 0.031682645796626
4.294801547021162 1.243060812212729 0.8712922927637307
4.87902537097821 0.7178224304975428 0.2343854606912855
6.2668728710512775 -0.01005132171800193 0.14938699271879552
5.467308169412516 -1.097601893024205 -0.13768355362555695
4.7878049883127405 1.7272546077141586 0.4457332206226943
5.6260732976037255 0.5876146686513803 1.3029154634459867
5.213321787611717 1.4343376956964569 0.48296892875704867
5.003611751214357 0.11045387465715542 0.6013402934071242
4.120949646340093 1.4484368657212225 -0.01227202020920648
4.302672888540879 1.8173818360584169 0.4194329123151925
5.310977297525378 1.5096229391443146 -0.18468889046305004
5.247321968948006 0.7491925677066329 1.3775302152208841
4.383115630003444 2.527216925610734 0.43792015040473264
4.7488805928144435 1.5249609064496796 -0.13387168175688968
5.1988929833671405 -0.10898920735619338 0.5982567014959729
4.832886718540926 2.538176244877237 1.383540153303406
3.982554091837723 3.1517285058508575 0.730635619321929
3.782327451154535 -0.5816805901546789 1.185953621623994
4.903325974417884 0.7823758896814564 0.16159158742599217
4.863812103010597 0.5882118125211077 0.46518359107881585
4.547999620560714 1.0468694713880293 0.7509976465287644
4.653913451209999 0.7483514337447297 0.10887558082359072
4.989822963059081 0.0949988012810159 0.4283891112138779
4.955348243393751 1.2470615517455246 1.2860543764150214
4.728642151736933 1.7177473228292084 0.8671860790079446
4.51314405887059 2.7672105522881627 0.8416114452461738
3.923368346550094 1.5281331630070443 0.7047852585181086
4.830612467307654 1.4501115437904342 -0.19155281286302128
5.286243346770689 0.5044119949065752 0.7865954797094192
5.057819978831536 1.8452343653016001 0.2162035366561404
4.120541140372119 3.247077673541801 0.8877812134571547
4.4208970606008 2.035071563200208 0.9811717720611884
4.249067316817238 1.8657256729723246 0.787971005351243
3.7554384238984433 1.3466401903957035 0.7228397385917812
4.752776909617954 1.709424204201054 0.1461980752265457
4.077251148216227 0.9116360763780381 1.020697853690053
3.810270084206029 3.3881559021530774 0.7084489747109188
3.678539790309505 1.0533580283475192 1.398256466775047
4.739761144205257 2.6288846861461743 1.1332402619582673
4.375230757185637 1.9210073779193222 0.5668222806267178
5.0904819693168735 3.1372107582098643 -0.19440939950767233
4.768370961103793 1.0769725142394244 1.063948062310915
4.6693317309754825 1.9197490240698514 0.4039394772723361
4.912368685945467 1.974850684810015 1.3134733705593502
4.420314047322356 1.5377639216758185 2.0506426831644795
4.620835028238451 3.2820319578057457 0.24305371299094009
4.441469020925389 2.907092267699024 1.6373531787369875
3.551877390080071 2.346758876633027 0.8224127294564321
4.274544456775179 3.323006650015542 1.0275365016250828
4.2469770090526 2.9153449852983853 0.9947617195140999
2.503398323802128 5.012893320739113 0.9170202695336529
3.7280867450172295 1.51403674075116 -0.32290292564855383
4.501306403469043 2.361805693594188 0.4143488062669973
4.050781358302269 1.373017697415671 1.0385395816911187
4.267437356610769 1.0300081586161094 -0.5512926739226163
4.699356959235194 2.5849852117035748 0.2878693306432314
5.0973905091558205 1.842191133627307 0.6664201565835186
4.033707672814828 3.290103960821898 1.6075158522203097
6.059178987104224 1.5973825393239292 0.7742872549706397
5.032763020960458 1.977775749252259 1.5862781903214227
5.221132378347417 2.7849757470452046 0.8327601789880404
3.5677090021998716 3.660960826936506 -0.1426273324687437
4.297777250648696 2.0881715110410624 0.9556313137009509
5.041257669516503 1.1945588526419728 0.80150718494743
3.6852021474198513 3.5724770966403687 1.3085420116437578
5.699134743755931 1.152849577323501 0.8997360057134711
3.3680969252975026 3.2890123198803853 0.8818855411016354
4.0414505667781855 2.2202421969805477 0.42878196057934626
4.19181416030978 2.628388450080681 0.939737125338372
4.137570162646205 3.459302105343187 0.4459455384171167
4.393538872215656 3.760589155781803 0.9920865172138865
4.448127763638118 2.67578888860488 0.9342650596549521
3.0717662027525607 2.934323138346758 0.8748717208845475
3.720441042709083 4.096443735903113 0.9827872172719015
3.7359384405893548 3.4947366144610124 0.9893718882341425
3.9234506412106867 3.794300071821713 0.8515071170815847
2.656765915844561 3.8349896781806803 1.5109296715293836
3.9215181097470713 1.8470344215030112 0.3994367330309757
3.853559532565761 3.5538566434517707 1.535988102768955
3.874167286626554 3.091404809451688 1.0445541031544312
5.0233564887734 3.1026538887033346 0.8331818791849709
3.71696066631986 2.691129224114867 1.5664092255028883
3.1952453371907086 3.957351252308238 0.8942082154839202
4.04114570557984 4.524523182886324 0.3262032485347147
4.427636009723733 3.3299388774919043 0.9537000240148812
3.4854730075825238 3.716209392673326 0.6350376259930834
4.890529280316493 3.269950137598233 1.249311298950943
3.4105909416173787 3.4327634461498135 1.177122372620837
3.635135643354382 4.08535935661037 0.4917266965453263
3.588976771937862 3.982063358971492 0.8136791785730106
3.2972700451097254 3.631929502460546 0.8093400182068451
2.9282408174870387 3.33829266622277 1.2361586822196848
4.427376205395184 3.3775102181115266 1.1936168370214895
3.247979917887511 4.284620221897214 1.1219283137453593
3.896282605523634 3.4849950257428297 1.9471809628206007
2.961642314683815 3.7755798604713777 1.9664459993636558
3.304681543641291 3.9193971009161106 1.6894071078334634
2.7457215635879964 3.4845781462894148 1.2560847523942251
3.2812427017502306 4.432312505528565 2.0118548656552675
2.942597787807311 3.322900270233279 0.9592994339159507
4.20749463928106 3.3147988319348336 1.1585120237559654
3.804923355910502 3.6927708456427633 1.8950102554782227
3.408286106003339 3.7120030515893196 0.5398038146174361
2.5921417457444074 3.3697862139826618 1.6541204187549783
2.3011580921919434 4.862019403252933 2.161458444959774
3.6420392435759483 2.979376577084241 1.4150170060887697
3.3408290605346966 3.5035846031566846 1.5699886150944875
2.925604561373562 5.396932669588354 1.2412503124873564
3.161949805399729 3.725360176654262 1.498907473857339
3.218828550514553 3.229740099617279 2.1587123937305113
3.3162702401831954 2.5544985900271855 1.6839345367103982
3.6138565254159642 2.851142797056872 0.8667346147148077
2.810353885946515 4.007783784212568 1.0317588602697685
2.9819085193400174 4.226065672644143 1.7177539168966458
4.4563733371227165 3.062599283979687 0.7436386421699479
3.0742359055703363 3.980437287689867 2.2960180895118882
2.3514124846131765 4.380280720185822 2.148780762052331
2.6374613892665137 4.046659555941118 1.791947882952253
4.116558932016099 4.207760134426693 1.098988252426897
3.801567224568372 3.5098638054164746 1.3267839694646808
2.4602939043300887 4.335129120678176 1.5877342217146948
3.1348364751044784 3.327564679713722 0.7929452039805858
3.5415030002666543 4.606178254809325 1.4397101184410206
3.348705212155088 4.50905469146759 0.7864781517563144
3.306168458115779 4.507387553787507 2.2183683866874677
3.0399188257487086 5.298856629905166 2.156016139113781
1.8033268887266716 4.277310155895796 1.8536601336235798
2.8083740658126537 4.855958899180936 2.154813893227815
2.932172145262953 3.682681970207609 1.6995339632065904
3.4505838756400715 2.593398441084591 2.3740837708477773
1.8316551950363134 4.464188486252391 1.571378692422409
3.416940605434627 3.5455963769886565 1.677709295916913
3.954319631956951 4.842888528849116 2.195297383313988
4.113887387310338 2.9081256137050837 0.619284808861114
2.6274865695153786 3.90956473978765 1.3611250674366013
1.942798658159146 3.879983023347378 0.42960650666748346
1.7369093532338427 5.372664465687295 1.5086338251600546
2.9444722188490986 4.383658091334379 2.271819941718682
2.7102615438619404 3.6686389608850143 1.9505993947681264
2.9354056412975043 4.3358041615784275 3.1369665078338196
1.4820692331781584 4.788054486742478 1.4631776195383188
2.171352996226163 3.7286363732412036 2.0393438674262168
1.837887897948962 4.51408983010817 1.6294745945124527
2.3311871896066583 5.4943105954357465 1.3357778799789108
0.7262923722635789 4.854565565178242 2.3750210165936645
3.5701753391939297 3.36296500306496 1.301375914152529
2.4532407050268525 3.610684396688319 1.2274236602933162
1.221085824863275 5.289020814142077 1.6794864772188876
1.7154397816145008 4.537281202252288 1.9621147018986398
3.263817057040241 4.6379428245048375 2.33505109947535
2.0012546070613193 4.606777997222506 2.0163685737370547
1.6757248244614518 4.191367455665999 1.9882941712441504
1.1300254254606865 5.019482446341319 1.8965342980656066
2.3297723684637446 4.039736176016374 1.822930333528001
2.317732354609227 4.201782851030726 1.3057587674601256
2.0223257156191377 4.415498335681436 1.4915046727321943
2.7178382666141028 4.364386627018067 2.4094865140847306
1.4414636844311874 3.9718868099229625 2.120954025724826
1.33050915080964 4.121140389723242 1.4612857982163092
1.6104631037219168 4.559099946512545 2.021044440942889
1.1710001688955018 4.725583516756926 2.556940468825173
0.9437573019044557 4.744052508240437 1.2924218809935237
1.1875895660899973 4.959605011275092 1.14317917349227
1.431157243134036 4.323677238966407 1.6574189074018415
1.5131317162089926 4.9563941666325455 1.8733863583253305
2.9508870281973416 5.168856985889891 1.3483398495892573
-0.5293908872045839 5.4884984768486795 1.9927769915239317
2.935324151703213 3.3325586468542947 2.1621293649231803
1.276199840049997 5.300590550722657 2.7261078622855757
0.4420818821209173 5.055042203229308 2.4608389248188876
1.850985897745073 4.2011712255955995 1.3108574016371608
2.901486115139017 4.046235105479553 2.52056421666031
1.2790027171705691 5.643654893813504 2.0151925737379246
1.8286605435412122 4.639837576156224 1.6696367935063032
2.7705208802251535 4.3285404593034995 2.236206217612873
-0.14806102836688004 4.885273963023574 2.3486612808379
3.319789366622521 3.32277448620494 1.6334042423385302
2.3859111240603075 4.793659636098289 1.1663515924684036
0.6955075658261617 5.34906037487547 1.4014165702944605
1.7820738251774675 5.833234776273453 1.3724136989937719
0.48350281808904966 5.254991550542388 2.486320586663265
2.71997600796934 4.3842598541738145 1.4642441393436099
2.244951767294 4.935427370969963 1.6939665125825347
0.9262744702765255 4.436321684443388 1.6952705483457597
1.610900171079031 4.680267820431169 1.5695545330497525
1.3466299850253238 5.627948548402595 2.1518021799290037
2.7170949093150663 3.9057109561874075 2.292896395038674
1.533120406363086 4.277572596081259 2.0440722510732803
1.3901995780936052 5.212900287614653 2.6518900814897974
1.1672805118994165 4.337366954939637 1.5777104268743627
0.9324772919673261 4.532253788402575 2.828929897260647
0.9211555148954251 4.899411052105277 1.625253519012213
-0.31130668380943516 5.247256381055744 2.715326592314679
-0.27937763123401355 5.114052370682024 3.0047713569290986
0.5857067184361875 5.3637192921487475 2.3132606151604445
1.7902145823768691 5.430645850673237 1.9528189034468597
-0.9363995513963377 3.919994802129741 2.5682793213126653
-0.004776457246367691 4.021226545104818 1.6565777708725913
0.4987148426266022 5.29553390419883 3.0860527851566837
0.5341309928771305 4.985842878618994 2.8790062180152196
0.368233604327601 3.8068139922219077 2.6967734239569254
-0.2795249262910498 5.500785491724715 2.5286916061106313
1.6837172781246728 4.096621720784436 2.3183801131291664
1.4071073561612684 4.703058565086503 2.014315660217292
-0.5932238793427842 4.686145183529927 2.871635520953677
1.9098392422805863 4.540098033313996 1.695639630771144
0.6566597758207036 6.254580850656969 2.6442213142969258
2.704815702148233 4.7761993026559555 1.8873698994304289
0.620962451184761 5.531569898802561 2.6620970523150387
0.6760302407734039 4.093578208964053 2.7553378484139492
0.28928425764084004 5.637040694172281 2.999937728193296
-0.11994811531003335 4.962163976108194 2.5098328347558017
-2.293226806421097 3.6658843091090767 3.3996801321928816
-0.2662456024614446 4.629528217467839 2.239820896030347
0.6975595688726558 5.050453509958715 1.6341614795996686
1.725252372516023 4.835334033431264 2.2120825915852897
0.8991963836871091 4.815734833790424 2.742808955473363
0.008960186890341122 4.584580704734142 2.368645846559494
1.3785178727048366 4.653916482283539 2.192283433610834
0.656846933461432 5.917749549854558 2.4270141324932353
-0.9075942814881262 4.829460672526352 1.6683488055590636
0.5891817280763524 5.303659276918685 3.0256960416135334
0.7579199398140529 5.123819680283276 3.098268981767545
0.2061607263132425 5.445519769207316 2.5274415406965964
-0.601968954870185 4.430639934997629 2.5006546126711577
-0.4019737600848155 5.246790687532614 2.224529971698782
1.0283474127484342 4.624635480890122 2.602438002115349
-0.2575342043494931 4.261340016450568 2.265402628035566
0.12882195054295356 5.661527169644681 2.198309179070053
-1.2620111511888001 4.9351535684863554 2.4270655562197962
0.9591721124033924 5.07095965384222 2.579786237981415
1.2914407846154925 5.61512416073561 2.2951734575596476
-0.20593601152945534 4.892853588132054 2.5159302064701987
-0.974404781049693 4.64973456878174 3.2769820559043716
-1.319578499836861 4.765828984986129 3.1849407950300455
-1.5423305249055437 5.182892609697444 2.911696690744923
-2.3112822342131683 4.452857509875632 2.920838244641411
0.0946579219877343 5.368108725938918 3.2421681327219525
0.8144461438210112 4.747861346235128 2.420338320311944
-0.8392735594320934 4.87759953221172 3.0909759088080153
0.10105583027832436 4.861379546441687 2.683431054493756
-1.5125883733620145 3.523380435781882 3.4589006149455916
-1.4849196357718464 5.918984461364581 1.4909954206103886
-0.4631978350172269 4.86399939819904 2.940610150232828
-0.2798572746576495 4.40310691891489 3.245161780543562
-0.9413234454398711 4.998864835996286 1.9069677646065957
-0.6521904776532004 4.454428937153059 3.3724033788707235
-1.0859469153707846 5.273525535912476 2.659615965749251
-0.7042753636632118 5.428870197348121 3.06834094165829
-0.03812256063960918 4.87821512633236 2.575235452313774
-0.7150584474528473 5.649048246620158 2.233903740851964
-0.3687024981529662 4.826740082819617 2.856208542198017
-0.7118655318410404 5.039957956368611 3.360498025000946
-0.8509440005071156 5.145449419720533 3.254839639817719
-2.419858887988894 4.328178951593 2.775360500058841
-1.1282448020171953 5.0861670544669115 3.4998284351944635
-0.7732159761215743 4.352059245835053 1.7660795666380043
-2.018065837430109 4.597644606591425 2.746051654779877
-0.2218408445260876 5.476103423808194 3.304912207164727
-1.1541226716865407 5.0049282960015695 2.625843045369079
-2.1455403357794918 4.879418737374963 3.4996480619191424
-0.8119207933638151 3.7155569923025182 3.037050962830089
-2.0741688644022673 4.59929917469957 3.1973543898878316
1.2901583218785373 5.92409060604589 2.609008032030984
-1.2802416026061938 5.539594243658978 1.9697842777487193
-0.045392453352910915 5.515154360168717 2.37300760680163
0.3362800794911802 4.988989067943508 2.9750184331954745
-1.844393312120021 4.468882941357655 2.6420608049030165
-2.826309826063513 4.578670874305732 2.6259141941290247
-0.9350202137506023 4.478980063432206 3.294449172887491
-2.3433223458219743 4.658733073557268 2.971964125221318
-2.6811684516617316 4.918348776768618 2.7656495796525684
-1.3197798467731334 4.903629379226162 2.7176816928413072
-1.8958436557067906 4.56895012197947 2.878539977666719
-2.4240050531919124 5.074443095070804 3.1115332709911296
-2.0220256508403947 5.027525479885308 2.8268041735051628
-2.6149339061327055 4.668892046392646 2.8135949255388963
0.4860218982327205 5.046561514087712 3.0032864748423336
-1.918503515325654 4.319912478593684 2.6528670823874743
-1.4660125216394682 5.206734429274014 3.2637983598919322
-0.9089273233150024 5.503532327318993 2.6560759625140276
-2.0704788973479213 5.525865994794924 2.7958345279552743
-0.9977009247535534 5.440731662950281 3.4047425665355906
-0.3697437494060046 5.50213342948337 2.0352325292858575
-3.130610464193279 4.36867320865235 3.7421216298262334
-1.711662702436517 4.147188443268237 2.3071275977214123
-2.57537048842593 4.225688863810431 3.4022457420356194
-3.382044932329758 3.4454026299892213 3.4301283755891476
-0.9646983886031714 5.1216091193226845 3.007839225540413
-1.153924200197736 5.058967766614046 3.4216813535361257
-2.5397767382350867 3.6852857760550295 2.8736354016534724
-2.450890573257179 4.611879106942511 3.7920813198217047
-2.388624607339926 4.489007759307544 3.4663900059317583
-3.5660795582152676 3.1180319141586645 3.579339596646079
-2.512087650854745 3.8852205740793697 3.255325813010859
-3.2212113010297125 3.8356670752762425 3.4843883237331146
-2.0170981389835974 4.477008582324942 2.9518931547697997
-2.5956793054322014 3.8549235902689944 3.0842268543080578
-2.399180329573142 5.282319133464368 3.3247775832771502
-1.4228553256444638 4.759913878058127 4.08179950955096
-1.2902439491115032 5.410729843260623 3.5597044544945797
-0.37272500794509894 4.654963074131494 3.7371865422461727
-2.085772835319375 3.672429759500547 3.7841052190818205
-1.2239594962338178 5.413983331371936 2.755439341559112
-2.6481077682617946 3.3956980291163297 3.094435845771437
-3.558790220089597 3.3455540932673604 2.744054694071777
-1.8852529782497054 4.38374638806659 2.6524422761246593
-1.8972864224318178 5.055577454804142 3.3365017132867782
-2.002979706122055 4.337217438214022 3.299078670464218
-4.502578713237566 1.5406361847361656 3.5851428081524874
-2.724843232020586 3.0622125312014834 2.9086858066593497
-1.5278534315307752 4.440631142915411 4.295571376815696
-1.9929490630953495 3.885153186412757 3.079580890980256
-2.310996144283275 3.988277158549991 3.7798549372284826
-2.4981960536524346 3.4327807436756634 2.9459962428219866
-2.461673288879486 2.4760922989249203 2.5592905139848976
-3.1591960076075467 3.693423462436903 3.61856875772854
-2.791199532023852 3.564693789313233 3.9704241850096973
-1.7629254656371596 5.155339162629907 3.2311143508648037
-3.828230740187101 4.711646022678442 2.8065602529862925
-1.7116046655899102 4.729079584642358 3.3326790380378943
-2.9901466414467675 2.6015855334969746 3.7492228675842028
-3.2538760700625313 3.391085445378998 3.507639476999625
-3.7679863812549788 3.7936315166235337 3.843474564203613
-2.1206658592532817 3.136667221323875 3.3851301312721325
-3.7678742724621164 3.384415116847737 3.8664779776590184
-3.44301209932027 3.8039015669536496 3.9769109363414503
-3.1985211107661042 3.907958900137627 3.3765893390350303
-2.9089771698892837 4.554058313553757 3.7268274451139076
-1.6530265324856541 4.496765279752829 3.7159317633990057
-2.822980355127088 2.9649693190645423 4.2191302461837354
-3.5760248914415875 3.2335151926677845 4.273590790204447
-2.5024249381192485 3.7750941366475756 4.195079693978604
-3.158069900108792 4.877983970013252 3.1989404844628204
-2.1692071800527537 3.8961351308812016 4.267765034249959
-2.944196018816115 4.40075763026673 3.996899687837156
-4.24860920532967 2.8654825854754886 2.871784966208963
-2.871078809231718 3.693812924443201 3.514220330034688
-3.8533642961219736 3.412659641518006 3.8614475567461573
-3.7424184481986664 2.2558348779531503 4.307862736545069
-1.874351503521392 4.9801665901738 4.320125514748975
-4.797781242993702 3.7889321406774754 3.353208747150054
-4.30411279384353 3.642561460998343 3.8651242926085305
-3.321165977176932 4.043245852816697 3.8805457408988793
-3.678752409653935 3.309699368846107 3.8450525979300023
-3.9087251289762412 2.4037217853895925 3.884083068548507
-1.9812103669095755 4.295355132603204 3.956111963507764
-3.8614306014320237 3.964645715293313 3.4734974796141618
-2.7557293267494862 3.4795901842033 4.400540339827047
-3.998092231483773 3.048585166417537 3.8401658453252474
-2.946076659968955 4.223696386988867 2.834713159442365
-5.579101044406203 1.2014304058468193 4.113801409698279
-4.296673658449146 3.4060913252775826 3.4635947418454185
-4.116004239639163 2.907998238370483 3.3178072636771185
-3.4846556862907807 3.1882961648016144 4.357055939428405
-3.2859942860727807 3.1260883871140774 3.645967570780526
-4.309674003138841 2.289376939944538 3.7857348778017825
-3.129531426436262 3.7742454809896406 4.177561066767319
-3.6830748615318307 4.275942056511518 3.2252927933198876
-5.348664214653901 1.8711574939320512 3.5237130665329968
-4.372170810079906 1.962939266056099 4.211808235595246
-2.030314992725256 4.645356870787399 4.114837341121721
-3.7493453514082162 3.354321929259382 4.940618396208485
-3.2537790325775084 2.45745751342783 3.681783079543587
-3.4479498055572466 2.7024405501420277 3.548391372596378
-4.141018700149386 3.716924840534709 4.796766198975143
-3.646746147419664 3.632056333444348 3.826508704865309
-3.0591242733377237 3.1394199823521527 3.814820806607726
-4.980634229038147 2.9715400016270084 3.959282848865919
-4.330872314103485 4.131830788162786 3.409851206155339
-5.229353597252156 2.627405529831626 4.331887098857321
-3.6152390119158557 3.987357667029223 2.9822312897241012
-4.083811245820662 0.11432727753601662 4.491456444717589
-4.076018944180178 3.145189754928711 3.6779433926414904
-3.575026330731368 3.327660121593233 4.764430792642406
-5.128996913158092 2.072088563160922 3.3986293619766577
-4.395429068322757 2.5900052319774347 4.292486374836081
-3.8308640310202438 3.9771378634966545 3.9416920757696645
-4.14383337018052 2.832646175793326 3.7222343270464173
-2.923915600946277 4.133076370020249 3.664443602306263
-3.0669904592637303 4.082433773332222 4.948355674353898
-3.654010584414456 2.4743275463794645 2.7991762768609982
-3.971714746881686 2.2655499973970183 3.4841959409918357
-4.188579150440264 3.5950840140448777 4.132456528537071
-4.839796678969852 3.58826681178516 4.39973088064967
-3.4778092060055594 2.8551751074202065 4.631211146719998
-3.468267798636189 2.950076266775588 4.879588793775436
-4.353209500601864 2.2949563790857987 4.5686254588774435
-4.014985764024276 2.7325357607002974 3.6257240500427548
-4.603155618821234 2.305393404384912 2.594840751765286
-3.805706376953574 1.2679075758524039 4.944153880439028
-4.428956040454609 1.7362681669644104 4.453360686177949
-4.812391035272518 1.4646171036949378 4.6301507936378075
-4.28706179886335 3.0000076314392334 3.4063513036724418
-4.1681566972569986 1.7222336105393488 4.414081522597376
-3.772181462524238 2.436727511364157 3.2402694646600785
-4.069407144043469 2.2781892997529636 4.056679094167828
-4.714123663484778 2.313457096471505 4.557798613954808
-4.845558278825014 2.352068265104566 3.8811611133424484
-4.826452104651718 2.6071674282353006 5.007086505248539
-4.547520164162979 1.981227397972159 3.835652989944732
-4.131976075071702 1.3732745840035134 4.5979071131281035
-4.796972264775763 2.3399049217027335 3.4528235252113975
-4.316434111562082 2.580437571999645 4.7642781245391825
-3.4237101387188393 3.2707895056363068 4.2503799377000115
-4.940293564181649 -0.07480191165811943 4.602951421416603
-3.431988593684102 2.104271514009029 4.968982312868726
-5.021495659461398 1.8398964379931775 4.479335920203174
-3.650582717693267 1.8445025169595048 4.296681754442617
-4.284441553341595 2.1756645987598597 4.508618338281269
-4.215754727828476 2.681179814661498 3.4605863307500937
-4.891762897717036 2.903883386475467 4.2446251286455094
-5.211922958991407 1.2638361401477527 5.390335486424126
-5.201767178498604 0.9137641246125889 4.156703694694876
-4.053142521602649 2.0340202172941737 4.179356535323922
-4.716296549582573 2.1779595131893985 3.660164441839271
-3.9244753409926476 2.2173275033257123 4.655705738582055
-4.149770445107893 1.4314268042377385 5.137954051713878
-4.621041192041754 1.2718842622392865 4.311255971653829
-4.305856065873029 2.1161708577639557 4.498377430879127
-4.7711218273409495 1.4072963001758627 3.8853749868977037
-4.197318636897641 0.8149905859724462 5.088579136651224
-5.025194523700752 1.4077269749062828 4.386758445078351
-3.2090310490982317 2.0909113061044646 4.093858204767997
-5.325495199521581 -0.45505256833032043 3.426868213871734
-5.252909443675701 2.1675227141538502 4.28563610276113
-3.7362299837451283 1.8931459029156503 4.129065057408336
-4.454510096572549 1.285076608525194 4.13213340531404
-5.106313413089806 2.361919774285913 5.473064529116513
-5.16529222545136 0.25541460187730425 3.9774968791141405
-4.845736532634665 0.2485133364259454 3.9874691816032444
-4.818846367909014 0.9506271634325796 4.689908707664172
-4.604004659015904 1.1860130632947752 3.983539251011239
-5.053933627468297 2.629139137944896 5.300980202784653
-5.499643614089071 0.5742049538293089 4.649564325226207
-4.74640013369113 0.36983082702809156 4.8943957949203725
-4.599032764036605 -0.7155260767659183 3.83810188764618
-4.745287700251248 0.6042741221720541 4.670032448245283
-4.999452039211879 0.8726427526364867 4.677237531021471
-4.5600235855412246 2.63112078225131 3.852541801872169
-5.2846344495283155 1.0438097290291783 3.9027555082646415
-5.123546610581216 -0.18080753063127022 5.064447604635041
-5.137375475694844 0.23743170120443063 4.349190266265751
-4.888113407686842 0.6595484526767748 4.160643568219986
-5.201453346767661 -0.5171268072816192 5.0143870025640185
-4.415839755742933 0.5105570837400318 4.440188730178315
-4.308423029363844 2.467478920705802 5.113269121328306
-4.771137585186185 -0.8174601286352365 4.455608744501551
-4.4797102430982525 1.661781238546154 4.116522418589846
-4.634113536945755 0.7425027046889761 5.876827572206579
-5.398193385217884 -0.9992167353656235 4.6885866715143685
-4.3359116879309365 0.6454758563795578 4.605576975084492
-5.086664861051209 0.9555197828405169 5.7253939973109995
-4.256129407375767 0.9833788656990324 5.205672269324819
-4.658512093976886 -1.7085309086956213 4.312830528395959
-4.804671196026967 -1.1767207586277724 4.8691847399360375
-4.573233155254212 -0.6716222226964244 4.224281168022316
-4.3299487393238545 -1.6377391431495905 4.986265233015035
-5.226110702827969 2.191717804841671 4.6405445528093106
-5.055848476166266 -0.29308707412209445 5.35448397194101
-4.0756125525366045 0.576884580113099 4.439458993893292
-5.3250688365207 1.5980002968239295 4.402272309789716
-4.256157430275809 0.9549350794032683 5.66049096648023
-5.156525112038595 0.34727960460527385 4.721267050703946
-4.579746980386236 -0.32039007938578123 5.149061412852563
-3.9352003910356634 0.2848308432449392 4.684309442038662
-4.572038722156981 0.5796863300644864 4.820302974874508
-4.70088330636281 0.21172210898243146 5.250205257629544
-3.9982046456717084 0.13806210517819925 4.6176959669632565
-4.201130958515324 0.715739453979624 4.74172037543759
-3.9289827404265294 -0.5132248451536229 5.371098773739305
-4.724600404856774 -0.4847128878928675 5.570704915995904
-5.132882298514513 -0.027550884504247038 4.679921091834377
-4.5060500666042556 -0.71237166248058 4.576640099578731
-4.431972756745517 1.6910930048311772 5.8073846206387865
-5.8324297877581515 -0.36921044143258414 6.384933844465934
-4.675149012140763 0.034773420007917194 5.42120508231925
-4.101392716048743 -0.17779432173214194 5.145334733724024
-4.743895064985744 -0.8115633271866413 5.801839391448545
-4.589027773624509 -0.5845544712518062 5.229193987481603
-5.830049349980908 0.12088154431710812 4.909574944620428
-4.790267544535126 0.04632811317590226 4.382434121602366
-5.397772316643404 1.2814526535096278 4.869795298269657
-5.1517497936250365 0.0641443620275893 4.935947879202428
-5.527724260502079 -0.7276059210481438 5.086135932205686
-4.681470770962564 -1.3803452818068855 4.753338136404171
-6.033280143062238 1.364611132654184 5.052323094490508
-5.200052011934487 -1.289955242022736 4.528602827672658
-3.779145239159784 0.2684116616820871 4.71081610900685
-4.895646255914161 -0.5816864929479918 5.7075730036384735
-4.399296442897911 -1.0412064348945254 5.043202070142754
-5.509299182432637 0.1079343821732664 5.5681916539017084
-4.376087536685424 -2.7806118544474523 5.1915482086814535
-3.7863057796299087 -3.687345692761603 4.672286856531152
-5.329081521669304 -1.448444373934694 5.486189992643663
-4.968539542105729 -1.7021476256686947 5.4907975377032425
-4.102118806574286 -1.0637917051715435 5.37805453165846
-4.330636217410577 -0.6639108302193463 5.179504766566901
-4.745307893472953 -0.5488116023936699 6.037863829759293
-3.3532974633195787 -0.9505641335328082 5.480050510992804
-4.348351666672345 0.6634358726134437 5.171991742934608
-4.835871870825676 -1.0779989869727915 5.4985463847906635
-4.6972133702039685 -2.974802234885411 5.021957682784575
-5.716888451695423 -1.0224882371629846 5.142168720207376
-5.0898553919566805 -0.7442614561392895 5.182599703601438
-5.360430627628829 -1.3671594316242426 5.174231156654414
-4.073145988998817 -2.3080003315318627 5.521762151833501
-4.290108470555309 -1.5392807906275392 7.287785337602729
-4.892203832433723 -1.2876466398786361 5.680488136917668
-3.421227027248936 1.1421896427338711 5.71840087015075
-4.762465978477295 -1.0366764927296406 5.487849067803674
-5.653322167109248 -0.6145273005128394 5.726675816374027
-4.881315856596086 -1.4411914683224394 5.289025593603107
-4.638333900991253 -0.40338169931455653 6.165706163311468
-4.496528957731132 -2.173938594181949 5.528823671934942
-5.454962643949709 -0.6977323518517715 5.399278541887639
-4.908830793474304 -1.2874498501831828 5.613166323052622
-4.958049398344337 -0.2580348637711543 5.682485804148228
-5.2817682613379775 -0.7312443752715345 5.36603041816597
-5.394221276534278 0.7528957254810863 4.883409175104595
-4.185648203670493 -2.701485837815802 5.927946589251375
-4.26065922879929 -2.728552391779585 5.362372024308865
-4.813225279273828 -1.4581426023107256 6.009832410940234
-4.694965089863408 -2.7745163665120858 4.7957022263043925
-3.73170938809778 -3.3017847223793866 5.480069347669887
-4.594117384603194 -1.3817970348328221 6.66181024471141
-4.120946436466953 -2.4111986253200848 4.6983874035685425
-4.997703780787056 -1.3992507492043655 5.568751415602977
-3.827022781163817 -1.386726777612171 4.401298421743961
-4.968325753227733 -2.2149908817369006 5.332614356590215
-4.935742050762611 -1.442228294893753 5.294791186797618
-3.879125654678231 -2.68681820313272 5.882111259573318
-4.396008398767123 -0.7250731056769807 4.97965341605382
-5.083171658751089 -2.025369681992837 5.2851425177548
-5.010279046531299 0.03540346590667528 5.118922075435703
-4.458656112427269 -1.8896682028981162 4.867326405671234
-4.292439772995415 -1.835945103059701 5.266570504043977
-4.091494326065761 -2.377773724524287 5.623113829562844
-4.759084107086179 -1.5230178171922704 5.437056859953589
-5.04897492490288 -1.9435995495773395 6.142245878351946
-4.2294855356378065 -1.8943665898322055 4.992049845848704
-4.080886624262389 -3.9962630305414275 6.478591024716012
-3.786117336101266 -2.616973659751782 5.340334408116935
-5.083683015893387 -1.0790504495537037 5.989547496422158
-3.2296563658994004 -3.5403306593064165 6.065161781758811
-3.898031580760961 -2.8119615190406435 5.680289028154235
-4.770477454824116 0.19995400589696544 6.116091707730284
-5.5750215560293315 -1.1487153396167264 6.068843859623422
-4.376923063531088 -2.549677064759572 5.0811797127034595
-3.9775642231231547 -1.8705784779595918 5.4286641958696755
-5.050245379987972 -2.5571674575279664 5.977881954212752
-4.76484525203951 -1.9681206030346978 6.555444154305682
-4.605410458017589 -3.06019415868691 4.8943827452293664
-4.940616208200168 -2.6270530163611396 6.492242726152334
-3.8632676162573953 -3.042040064808611 5.305411707262877
-3.642854479506402 -2.8949772988843323 5.770381729601419
-4.98560735095795 -1.842453670995332 5.482852874002504
-4.645324050302843 -1.8289126584498268 5.341026398646363
-4.541798427306882 -3.157819401851297 5.810096107375864
-4.14298344865406 -2.427766057601576 6.108656247759032
-3.920661590300028 -1.4065115612195926 6.188059231809183
-3.682084389897329 -2.5539494878192825 5.517178941928495
-4.999018662337571 -3.0664960663518066 5.547110222627152
-3.2994573354749237 -2.1719743338300885 6.15350636952675
-4.0577705535671615 -2.7677284007031417 6.326697924336339
-4.074543266687513 -2.9692846529410395 5.269133837287109
-4.954860652150078 -2.622509372227314 5.31977040552224
-3.2008350143285123 -3.5725457407992414 6.485045029795972
-4.975576152087751 -3.276576882243949 5.196883673321943
-3.8016341295348712 -3.0956595519873686 6.041671870575879
-4.112395129855593 -1.9397791171590508 5.450088723684078
-5.574100843635159 -2.692159337744958 5.619929316904008
-4.072456808164384 -2.111048470288592 4.885181899740383
-4.101463385736103 -3.0682746811135857 5.83736409520477
-4.79630313061242 -2.6567269357390684 6.670003832131999
-4.525703159302451 -2.2195410739934305 5.664271712004152
-3.6303136021248523 -2.8809128231753056 6.158823508053835
-5.190417902528817 -2.731559537350194 6.32394876349432
-3.234073056839587 -3.989332415099527 6.550171857791713
-3.442498285702933 -1.8483278288385194 6.5512845630461145
-3.401871825912247 -4.515929524475566 5.919725168963057
-4.211124600001989 -2.3818293656002036 6.477735991220112
-4.033764289962311 -3.2413311226313755 6.527067936760451
-3.3737823843856125 -3.927703817209051 5.125364800811415
-4.355422101573795 -4.016313692143683 6.3962718153452975
-2.6494048771325325 -4.182992701253607 4.65488885920645
-3.2868525530706414 -2.9771612252893407 5.6974333406646505
-3.9554180278673248 -4.298328935809016 6.608538986877803
-3.855355482800265 -3.320384130279574 6.410599483650665
-2.893296755714577 -3.8697487747026194 6.096707894822927
-3.657000944952182 -1.7856799652348914 6.026905525470282
-2.681526726783116 -3.984140636495881 5.293468370876004
-3.7323258465255607 -3.8174278403988144 5.553212151496569
-2.81655209562014 -3.8639902333495315 6.6243261367135675
-2.9463162972975985 -3.50136797394401 5.41749804914171
-4.069728708888402 -3.6193755072458598 6.308848895113752
-4.406652586867971 -3.2125760450044756 6.319631468147454
-3.549046337975591 -3.5952734787442693 6.760525147421029
-4.760499177844246 -3.384982411811654 6.238055123537019
-4.397285096991424 -3.791165019270853 5.518452072865221
-2.7832949157907203 -4.536650918765699 6.0170348921868175
-2.0121096290633567 -4.164575381817264 6.078754551245669
-2.89329390162927 -3.3268884525477453 6.508575366205152
-3.2332404097664 -4.466560481579638 6.871811192495579
-2.5011460647078994 -4.527978686476917 5.498255928265829
-4.228155764235568 -2.253299749402294 6.654637421026587
-3.2528385850598127 -2.90897911880054 6.780996854095205
-4.480051546108599 -3.114141529553297 7.031982504352008
-2.819530941916371 -3.914307137696839 6.041496599363289
-2.5629838795079136 -2.975431132903813 7.0396097370196475
-3.115642087761554 -3.6153829902324692 6.301992095343746
-3.3811375992774204 -3.0982796994970263 6.978792939362153
-4.513623028716432 -2.5937527781708294 6.713968661364479
-3.025617379221513 -3.504559721709197 7.386173027188778
-5.1929334893032175 -2.295599391485027 6.899595441062823
-3.353786030230801 -4.181836752435089 5.818050003480643
-3.369354465585935 -3.6630083648084866 6.93469287178545
-4.375396244906188 -3.0203324557120075 6.518288009107056
-2.0634944563890154 -4.682380354621903 6.489306675295212
-3.4326920771395506 -3.968036108639886 7.038447298928749
-2.645331119374998 -4.330231915851925 6.989909218048659
-3.790830097958205 -3.310694726490541 7.475175927112957
-2.3605952740328293 -4.487812852052539 7.498739375289485
-2.5232856905423984 -3.3606375376205464 5.7391613405233155
-4.17137016180325 -3.93323969493244 5.983519290133061
-1.8906901905520492 -4.008770246339939 6.939677292275826
-2.8284064445810486 -3.1521857103755697 7.447577541036068
-2.38061071178598 -4.162191151049078 6.050544272797539
-3.370295244900447 -4.487047119979566 6.408669215035365
-2.7455380612427907 -3.2256698498678227 6.352118194461372
-3.012602757495632 -3.6315495749812645 6.622650989603441
-1.1131163380894034 -5.120596524483666 6.234369467517139
-2.0475314976185213 -4.079191508911611 6.220252060851884
-2.378390052539566 -4.727106897441594 6.2604863606858965
-1.6985757291890222 -4.934047286580068 6.883791840010712
-2.8790889205344308 -3.1503565090147463 6.64343049636175
-4.076516540193958 -3.3150248244960516 6.783375250166239
-0.6408045716984506 -4.968218839879826 6.094334438090879
-3.090821646332439 -4.119707359144136 7.148881010187865
-2.5480695255968375 -3.668510591221422 6.9547363888128535
-3.866811666812084 -4.43916456709668 7.316969277772016
-3.490553169040478 -2.3925493669130335 6.324797112745668
-2.81154730516419 -4.538600346676616 6.715446604313062
-2.3421792500200773 -4.809592327595651 6.401994835766142
-2.2554371327923612 -3.9290625737754556 6.38250529906105
-2.42335013916528 -4.821509546799041 6.452282924820327
-1.0544211994988697 -4.215538235200048 6.600077805092172
-2.983591556619363 -3.6272303975670868 5.91719127823685
-1.2277862589743407 -4.116707652833995 6.7994379934324005
-1.8555816220603694 -4.3058037886432405 7.525568571216774
-1.8321132008505154 -4.734824700288096 7.0043986561660185
-4.024453726465251 -4.444855853446207 6.761302761386171
-1.1234664194915134 -4.466736756691247 7.638201384369229
-2.2668882231563825 -5.006325420486558 7.175969531059252
-2.692405236957196 -3.728428810939124 7.294130183517101
-1.8216278328917985 -4.01446891775667 6.942920709845938
-2.310376834819128 -4.125506237753338 6.70733605032113
-2.689160714747467 -5.271558765244264 7.446860959469911
-1.1039803189324475 -4.362587902275262 7.36922761625464
-3.1054943400320134 -3.475470300749017 6.695259135312766
-0.9902110184484071 -4.274925786137231 7.163241031162886
-2.189923158305631 -4.850099243578655 6.912243110354677
-3.0974327910038726 -3.4796518122537456 6.853763120512186
-0.7394360846999642 -4.979586618100272 7.197349418350028
-2.2731050190354356 -5.271753078578185 7.422494882927546
-3.3482364412695698 -4.415833774937789 6.625169549903644
-3.0505075836748907 -3.705525530292214 6.817378909274225
-1.2415190347806537 -4.9639785121156 6.284201520190741
0.2404991830904388 -4.4794629043791385 6.781219618183886
-1.8267088251072878 -5.66174034242741 7.796044879812999
-2.417505889065166 -4.900395380674899 8.323457869067708
-0.2961074545135203 -4.97755680986987 5.826551293431711
-2.499682544891304 -4.911686395691307 6.362281490132681
-1.9706373861913875 -4.482863331963178 6.907791841205942
-1.734653172382199 -4.134611098045013 6.969960171970364
-1.5207177441869286 -4.295080761352395 7.3321462252214324
-1.325548023061849 -4.034391748128323 6.85664012772804
-1.175868852293276 -4.657974219919033 6.472392941669186
-2.563127712047024 -4.500733056320045 7.979963498033339
-0.6167644955421226 -4.321239113715112 6.316868823581793
-1.2169566587179825 -4.372490445655403 7.591992671475833
-1.7467863547397127 -4.412851502662822 7.559088341002599
-0.9747633540998778 -3.635560850199295 7.245014720620285
-2.932398480022922 -3.70761631107106 6.954734487617187
0.6310332084442176 -5.454098492801225 7.69378324241019
-1.1295832163018242 -5.289285488416233 6.820188770679351
-1.1216377493897376 -5.431319312009861 6.737687738006982
-1.5597230018638517 -5.0952064631789264 6.957688583152017
-1.866769597297996 -4.316280749109558 7.359829635971948
-1.960794038927999 -4.807442674699964 7.07785271538891
-0.8944616152423216 -4.35817019354697 7.501224970481491
0.512774234271761 -5.371799944738138 7.905734247375657
-1.0285019374030453 -5.231490606900248 6.734222059076258
-0.14792502728650483 -5.1482432602029595 7.129634090360672
-0.20944694914307313 -4.895426482402129 7.388078185189263
0.6920825615659628 -5.231677778862016 7.613603466210007
-1.5415742434732935 -4.84200864760843 6.539024569077472
1.876272063389808 -5.469456930724236 7.998117841759214
-0.0022648759192650707 -5.507655726835495 7.295071337229908
-0.9809234448537029 -4.809845330612204 6.952450718224903
-0.057103075434361626 -4.389713624582156 7.0929972360264895
-0.47252111693049553 -4.657833373016049 9.042839025165629
-1.8016484909330444 -5.474271018478559 6.7852452069121
0.11557857576220572 -5.283868667106244 6.914144181237703
-0.6059799778116294 -4.097756140913666 7.052255223723471
0.7277606487505954 -4.299520183085621 8.006102590502463
-2.13675701664268 -4.977328755235747 7.431490241815029
-1.7070583725016184 -5.384472332831955 7.582420587157065
-0.4233758761066266 -4.567173037210265 6.905649167589162
0.6931300547465352 -5.930633541731197 7.115097116952376
-1.2934490438082988 -6.052481940873002 6.74695385244162
0.8390301209718561 -4.943436243338779 8.070343551107545
-0.8665476861904023 -4.967345574150018 6.815806516551076
-0.4541159051899483 -4.897909146146247 7.072797953587833
-1.1796996278315202 -4.779893325340662 7.042794945494281
-0.49493703779364784 -4.00690695737106 6.742955719027891
-1.4745010478692808 -4.938737638612011 6.800285799287863
-1.1091881220894784 -5.177915223785884 7.480760663160629
-0.7283018149466018 -4.645112257339129 7.608190637600973
1.2377558105271576 -5.350662414650291 7.048880268417638
-1.99595800099496 -5.478143163396267 7.227977394538773
-1.3432673386500478 -4.7906277499448064 8.075295892678445
0.6471645932528329 -5.514002465434587 7.289998529314023
-0.0846838978183938 -4.637413811546747 7.699662228125377
1.1939346020779218 -5.645436090972413 7.482321546697908
-0.8703738070575725 -4.780389626614806 7.275826696450869
-0.18968498680997187 -4.369067120735115 7.334714697550641
1.7143120435144499 -5.53259351965877 7.394265058402895
0.397427032415461 -5.867762824963645 7.84781611598312
-0.9801302731430014 -4.814117255488257 7.90416111748587
-0.30666251988281384 -4.287220078574341 7.521244440181669
1.4879720923788258 -5.316740375005431 7.069443976782925
1.5578476964185246 -5.319125620833484 8.164331491373842
0.9966285822324586 -5.659876841448526 7.554237117359136
2.2054758753717625 -3.57199562266236 7.41527562922873
0.9813548289944708 -3.494437907978307 7.9779676728758915
1.3314699318204346 -5.232953948299576 7.19068359191017
1.7485257137930046 -5.015166910349376 6.905618603673782
0.27394127103779026 -4.8137998298826785 7.773123639324363
0.8150462841254921 -5.112317598487514 8.102818150096542
1.6442110033626893 -5.41978548863526 7.698321339487534
-0.7832193594320354 -5.1175161458239256 8.914763116520646
1.875529273320056 -4.74311927742152 8.322154830290609
1.2472001061949483 -4.433716945860667 7.711158110882315
1.533480008522602 -4.748991184196934 7.46363275364714
-0.18265545676285894 -5.168958538948997 7.673910323230101
1.1766579883433606 -4.923304511542172 8.522515957289903
1.1421259419363705 -5.385927354211457 7.267908829235553
0.3398737377372479 -5.262663945347575 8.240716234818874
0.30500753743093284 -6.121605637411076 8.020013976622533
-1.6618366003699794 -4.968696327802975 7.969879268578633
0.8803532849785385 -3.9726289132237045 7.461835913899847
1.7830962807766937 -5.273451142252705 8.289858024538134
-0.04442662360997795 -4.399525548028284 7.621034866648209
-1.4206159376273853 -4.56468956773495 7.908698609523577
1.2044192320854556 -5.9569742656415405 7.520297079989484
3.1248643311371875 -4.300581298935402 9.277239339937335
0.7634539910107959 -4.813822972298876 7.337205848266861
2.5348452279381313 -3.477826486711989 6.914553366554309
1.4833559463556953 -4.807558159562898 7.589217511466835
2.6779203247823675 -4.344644814485818 8.43427112601866
0.9102367606821774 -3.9683231663313427 7.521130231065461
1.413249695256124 -4.941399727982218 8.253446561748001
1.8641878249322161 -4.725476838420674 7.4199242360586855
1.831118512797906 -4.83537973909924 8.04572131773121
1.428319517071988 -5.492291211547389 8.252535282973811
1.4191436862934135 -4.9257181056243455 6.804645118486541
0.868200476477365 -4.035904840231465 8.510979407466477
-0.1541731523763045 -5.337438265683026 7.750315729363383
1.0959570009156787 -5.604690069796908 7.7853926999893535
1.8635126919235778 -4.945172295377129 7.510165210271635
0.31215078709896055 -4.660795133178741 7.735966960476648
-0.42035948924835015 -5.280544004502714 7.86075362432487
0.4914362397003672 -5.354324616074473 8.17923873395446
2.8695890576217407 -4.003468303266401 7.780752860435049
1.6791627889508498 -5.017732657830256 8.061370032720722
3.69481703069699 -4.266316611448373 8.7458056156889
1.4810047752910895 -3.89688940104797 8.178106473120938
1.3929776689413373 -4.2141012676358445 8.250941358037105
3.259987256240622 -3.559998153253308 8.452603280029242
3.0574099160937913 -4.698376085875011 7.859550950435119
0.854254360375221 -5.506748338936826 7.685595364873266
2.500209842505471 -3.425064827942189 8.157140959187908
0.1347458333702935 -3.9595204446919516 7.082872391658084
2.387012553135451 -4.565201282277171 8.68752853184274
2.968353870349282 -3.9924470474643794 8.336987949710696
2.6521767354435655 -3.5072395119178243 8.777164119636762
2.8687003327985705 -4.1715510730732195 8.458761272535343
2.949022073687632 -5.591098327894685 8.323849465864578
0.8709332193899604 -4.60684571657716 8.088805249430314
0.99517686996298 -4.856583044372193 8.609435582898632
1.591468138359446 -4.610902627204572 8.28141187794375
1.748902108683091 -4.816030626502543 7.985283905772975
2.261354034615349 -4.210127452935333 8.072567066898548
2.9801570281163943 -3.7517067166571434 7.51570013248845
3.2708238777511602 -3.3104153395720948 8.924990044968288
1.3112469416394226 -4.677543401614569 8.047803086793126
2.7120482413898994 -5.729770430291381 8.276104869308513
1.4610609043942253 -4.56573770013714 8.282563871970284
0.8845531807714 -4.317887347109482 7.6050384125894155
1.5728725564956825 -4.1997708804600355 9.346941997275666
2.7100580913165606 -4.356763184136338 8.153259172605894
2.7002542872696926 -3.9048995945851375 7.826021643125606
3.2042652644251253 -4.183992198744264 8.893778319109485
1.8365301408269845 -4.481063638038983 8.36619034296423
1.8237198863381696 -4.231093376230515 8.54977619948465
1.9067915724201783 -5.26287370168577 9.218398748083985
3.358987437328224 -4.1993928540046115 8.070003079277868
2.0643610333026854 -4.749873531782611 7.897435040791695
4.202928403682948 -2.9639957231046603 8.735768644409784
2.721515830105692 -4.723595086752379 8.229744560789694
3.480953996063961 -3.8134798273934054 8.40355157331633
2.25709406433157 -5.3818176122793435 8.355400223770358
2.812408928662238 -3.7414487841220456 7.297307281314192
3.3660786742513187 -4.438853987667334 8.191570328084914
3.2501508544842124 -3.500739080391397 9.145172676078074
2.3281952970780706 -4.523815911252083 8.506032774351286
3.3507546525942358 -3.793991219344347 9.169159132909103
1.5993236075577033 -5.3287813854345405 8.783190067808563
3.1957891228162048 -3.2545366602199133 8.914231560299893
2.3991932076721083 -4.169231045455621 8.034809504103954
2.460896808050066 -3.954910361288402 8.215676116780593
2.3176851703891095 -4.541296300411361 9.126168931295357
2.783362357387567 -3.943955367845061 8.830658676013
3.0797647780520716 -4.379269890804314 8.431762275643
2.8665051318131702 -3.96414583629513 9.085442079574184
3.740489375645454 -3.96246270253129 8.331099502830625
4.006839806081431 -3.2179214813388706 8.579487053907028
3.5170169476599153 -4.315027037073066 8.502865689183695
1.9249530614131454 -4.748805347859266 9.48493980608841
4.289757345234789 -3.4519063131558227 8.297992454239429
1.6239171598081465 -4.630144275666968 8.494650408360952
3.7055744178164725 -3.4245205706349298 8.778798859717526
2.6283117179421813 -4.338561114331939 8.280208120443083
4.807365957330652 -3.585328573890478 8.361495383201403
3.5650025354129493 -3.7461309443668025 9.039856234940782
2.5490500333374713 -3.470463472053184 8.38338068692339
3.0377188366686783 -3.7153135098350343 8.400699342323973
3.445347883752671 -3.7000926455842116 9.366365942627704
2.5696402462235466 -3.917991776265711 7.870518021622008
2.4291502406293586 -4.798115803734665 8.150576899284209
3.24812445131505 -4.050031122373097 10.381749358370666
2.2164983707279386 -3.7411790296678986 8.818751329723463
5.2211341906044755 -2.5433398561294656 8.807317846101771
3.413679126267596 -4.340014205375742 9.286520430591988
4.281070865966215 -4.217290416433408 8.752906333767589
3.597574843100036 -3.728591025923585 8.701053562908111
4.47942151509708 -2.590376312490458 9.254971343152382
3.7902020786764776 -3.816995222619301 8.510328956820699
2.4464644709699517 -3.3680090480219333 8.865150143665957
3.2149504189844933 -3.322812885096769 8.828223255603781
4.642984546084349 -2.6141978663265806 8.7777484235987
3.694220615345672 -2.81853735373237 9.118402957355825
3.4456298057374855 -3.4995138858765857 9.039787655855408
4.867440955462215 -2.5872273722058794 8.320993154605954
2.6358092080602376 -3.7561724629858286 8.555086569347836
3.4263829264467804 -4.406383504115757 8.446451066773415
3.7083702473284674 -2.1938876465932693 8.570038344140514
3.4446456686898275 -3.807011413494882 9.24657594703625
4.695985864325022 -2.470023801910657 9.40753523148279
3.848518063847366 -3.1964381824219723 8.108013382207524
3.572573707478386 -3.22759976920997 9.125408980942215
2.68514135221946 -4.499879726503406 9.223074228711939
3.8238222795192423 -2.963858057631854 9.423951088925497
4.118359426379257 -2.8020227972087572 8.107729771573165
3.1710875998084247 -4.355657448984983 9.040828389820911
3.959193949933217 -3.7290523902509842 8.610650538792825
3.980362451664691 -3.536446467852054 9.469798180435825
4.02599206620694 -2.8294373769809638 8.159175634806767
3.660246036274503 -2.865620295513481 8.730246098493511
3.707508129663278 -2.0564984548486174 9.461110028430252
5.0212425413739785 -2.2945047856143326 9.54743695749481
3.2810580890058136 -3.6862327173085445 8.682912290123404
4.071030198518443 -2.887170706010694 8.820026022905799
3.0772203983113204 -3.3132370600386976 9.447191645718929
3.523936083245202 -3.431223162467743 9.404120279658757
4.06352375369625 -2.8334715078513804 9.73161377158535
4.196504923817739 -2.8328586192013434 8.507398987974046
5.1353389764945785 -2.774573272743551 9.275076797344736
3.7399370418961246 -2.5601328834362915 9.505448657935748
5.928649030733383 -1.2246727653491336 8.996433715861077
3.512558191149647 -2.722795966443783 9.00434738231375
3.6023791911496543 -2.88851288079712 9.155184108767779
3.7550710872516624 -4.137798127073493 9.263218910580772
4.540658075343433 -2.2229532836688026 8.531610422576057
4.2884411764162405 -2.324540357328023 9.543570019487781
4.237962395187446 -2.9251680723949556 8.960670132212615
4.465517036318371 -1.83448003626345 8.977117718736348
4.2814024468714615 -2.0407346520013308 9.093627901978616
3.935565318173325 -3.642503278665161 8.451539995903751
4.293039115120899 -1.8255730011827487 9.244356875623463
3.600706892544443 -2.3492413095150053 8.49177415185137
3.760592067837597 -3.339307938158714 9.516999534096295
5.255147704915483 -1.581856334498231 8.503163125929321
4.514923823177573 -2.7952969550697735 8.528747653973825
2.1936733688268686 -2.9119469232075725 9.37402580112406
3.826775163374934 -4.113931446787395 7.8980179306423635
4.488147499165198 -2.134956738529095 9.657598423671251
4.610332662657629 -2.3259589647219254 9.899674270957956
5.491127309724685 -2.0353830782852063 9.122751350191152
4.227290025720298 -2.1510370425327197 9.137174686595566
4.022981270296472 -1.5500398128381918 9.254742620835568
4.203654418897751 -2.784943393550738 8.071317362464256
4.408779244315786 -1.9499714150148242 9.21614116710112
4.447315948643451 -2.6125436139993043 9.500329044192743
4.344096129167888 -2.2290432015152506 10.510616601808367
4.289144448702725 -2.3681454110076468 9.551589138136531
5.303466794692461 -1.2629586252178289 9.125901569721782
5.3986560619471415 -2.2550090658564197 9.862893136259387
5.123547796403226 -1.2374000043604334 9.455179962050734
4.976105826261723 -1.2465943162192714 9.364872883074598
3.5291784920156792 -2.730002706155025 9.230842228114737
4.571610300571488 -1.3342696747725653 9.438850416728734
4.169186463380503 -2.3184908159408653 9.782546453370118
4.812632419572597 -2.831110375173645 10.03065163880476
5.069607763226123 -1.7867099838889604 9.374694983370349
4.395977603439179 -2.8010648778068568 10.192595464292738
5.410225098100044 -0.8832478368002732 9.904141474250011
3.5609427664482913 -3.2997892799996946 9.462779063484495
5.171567855717592 -2.4046259912311747 9.240010928914629
4.681775285655234 -1.2240054230918382 9.170539167028666
4.617034232170273 -1.3950097701598203 9.317885331000065
5.091109548094653 -1.2485803988469133 8.596064485805092
5.185571846325305 -0.5229821428638618 9.748684210673591
4.727092996059513 -1.1669973228172523 9.22466164226229
4.1847495490484565 -1.3788135367767826 10.106067778438273
4.19085893941051 -1.580822463235948 9.522359351567275
5.441234505785463 -1.3763778028500966 8.498398124491787
6.308414024756677 -1.676959537558312 10.129376116524393
4.8307546685105756 -0.5453438613115831 9.662277113569308
4.908770875927256 -0.938849831625141 10.227096164268918
4.328534117015765 -1.1195971511634153 9.483453541349885
5.272390980708083 -0.3584357415156208 8.864570183744537
4.989485969604435 -2.4180909769092453 9.802597244490235
4.529781961824527 0.04625837294807008 9.222508491111785
4.956841309143806 1.148406417901761 9.061163886076967
4.2121315077790475 -0.32546357338179105 9.10333403236289
4.892716581458557 -0.8102655615162604 9.76910811349234
4.449544505676256 -2.840404082021722 9.614107159329771
4.794700111646776 -1.4536513459608664 9.360074539570425
4.3151621690849895 -0.6723564194917282 10.020135966727574
4.126660353626028 -0.23848849520219995 10.35208649072211
4.689703592774841 -1.982042354906995 10.05324397150855
3.39845610398978 -2.7862695199105105 9.103067381155832
4.6757905432988744 -0.9006977327845208 9.81314866551338
4.462693255532717 -0.5296399582472161 9.835969965978373
4.278240472470276 -1.712402481651254 10.26398374437997
4.96758943982091 0.7625374717224588 9.81832910922833
5.736307972521812 -1.3287113824954047 8.731816630048959
3.672912207885684 -0.4705175626319419 9.3946483807442
5.371290234948569 -1.5049472360056462 9.39507688273016
3.9358517779802344 -1.1557128609956338 9.704080797708631
5.296996341692193 -0.5267883411789674 9.27531550036081
4.881272173434338 -0.430591737994084 9.667801407662363
5.095982795657493 -1.352554313295123 10.260070300991275
5.218853702454176 -0.600808135573455 9.146922977061944
4.738631562859965 -0.210242886671429 9.527623240586282
4.916814346470503 0.828882559798687 9.665566080012729
4.243440360159663 -1.81487144884337 10.512227052820174
4.508651086825689 -2.3708828977988436 9.689731460030204
4.756855416991749 -0.8067306330443873 9.932824307110435
5.490370770797873 0.7738278120997083 10.737397486794233
4.816366960138213 1.3573396028448508 9.469721914795475
5.58648850907749 -0.4516320715869888 9.282694792794693
5.372524294905498 0.05223775412969875 9.34754606777864
5.209044985580112 -0.7946903323874095 10.028108637006062
4.6535271285506745 -0.18139153011492234 9.583643232967631
5.193429100512993 -0.25012282656266305 10.294917969402363
5.285989954912167 -0.6380278212476684 9.903484615109601
4.761695960405895 1.9825322762462747 9.150690523876543
4.23465216479884 -0.231240370104038 10.994198931939597
4.571548751848376 -1.153734215974128 9.16903679626262
