4.835183919185999 0.013830109251123152 -0.03310421422467986
4.809017402886641 -0.6960328868224915 0.06818476443014412
5.3623970920264 0.10432465313661651 -0.2716913536045562
5.149048854372965 0.17940803233986785 -0.2701397803025779
5.1932300011658 0.7275224760542458 0.5169613297085948
4.554121467905887 -0.44746236760946334 -0.3339340242974049
4.4099644177541375 -1.5265166721543835 0.9732703022654976
4.013739957131387 1.4387824018807414 0.6260080067498355
4.943969974198119 -0.8681091091162626 0.15028582137405147
5.400063972411696 1.0471268222357308 -0.5673731795005085
4.887025515217446 -0.28564742829723233 0.5320624045864103
4.453105819762251 2.030888791654452 0.10538899643225334
4.673956258050335 1.5194732357468828 0.5816032154398414
5.0202029306100835 -0.5419035232115016 0.05981327513802441
5.468161206139084 -1.3519991332644985 0.7573764506700355
5.4361841016856705 0.427779493122963 -0.016916445245661493
4.483159596283134 0.11440545706383402 -1.0794153747306168
4.679957095696868 1.495345980065627 -0.2916114717422098
3.5328391251193105 0.31805949983117143 -0.31024416978042124
4.855136637466801 -0.7834522498258548 0.7188937666165065
4.413460126548902 0.10476200992239039 1.266368925477959
4.100098285090307 3.1910205838263574 -0.3171168354332345
4.889191262239993 -1.3145805794420717 -0.38176309327525204
4.650956449254036 0.01218380265426132 0.388789758644674
5.351795793644389 1.8325237170770883 0.21143149068446265
5.229779802555517 1.0158577112941498 -0.9005297537005326
3.566019470848716 3.2718931429390397 -0.049366243836703017
6.151533234023701 0.6402685719466321 0.0237858563994624
4.517896614880451 0.3123960513078461 0.16690128848208846
4.943734031800182 1.256892172145307 0.4249291083896527
4.589790375722961 0.9762788802963694 0.43856646684757455
4.663001912045698 2.11321324801919 0.37060293260111216
4.563989766049301 0.7844547025665439 0.35573870848710554
4.551569093147248 1.9263529475855 0.44208298135307783
4.685017155069864 2.3860678181809214 0.8872226553604878
5.0528146159788765 0.38490090337002053 -0.1633300497160392
5.08259133397242 1.126535992174222 -0.1996767174130577
5.201394881165002 0.37363708096010656 -0.40819103433088766
4.740832193057489 0.8797292723392329 -0.3802919517896296
5.6617618735290325 3.1301803860421438 0.8273462685071452
5.009492065704168 1.4797788559380558 0.4468315847642642
3.936597750343308 3.910793595930195 0.811317476535002
5.2167085982102 0.5289391207796128 0.2245724989317563
5.338486419722304 1.9552607355488223 1.1687254742925388
5.135248567398384 0.9653863268234927 -0.1543356950026209
5.0723443849403616 0.9210443681479957 -0.03126484079241626
5.722726375500721 1.1772200603532479 -0.7418417032142586
5.563850805692897 0.344397628796928 0.6879295526968787
4.891171095717233 2.0603138324515564 0.3237119551511889
4.944149655931215 0.9718548954012216 1.1363838522919345
5.0139639160004315 3.441236827743833 0.5109077460974079
4.736225990080406 1.7900327311938709 -0.3325507255041813
4.659250952387671 1.354398511383052 -0.1224607275501951
4.824630888544233 1.863194059837979 -0.22568573343444231
3.025518256364836 0.35417351295936705 -0.31293193878895265
4.375498856375466 2.3844706875916306 0.28997484161775877
4.483621760626983 1.636620184486205 1.1351432392821612
4.506801773292589 1.7378330479331816 0.7469953772698419
4.477731368744177 0.46503446416171956 0.9057115600779175
5.0767983275475155 1.588537588647721 1.0657828025681109
3.9831311598770944 3.060131219294774 0.7526646945815674
4.507412850581449 1.3051542423729703 0.9732077018460086
3.908001946797787 2.843928156192399 0.7107921723526217
4.865333898161066 1.6969213702538894 0.23444312049480465
5.211117125285255 1.5428438494838188 0.9855462940727026
3.4905579138930047 1.4998677974629364 -0.5771906689379117
4.665671622818251 0.32637149191178333 0.40156794056721523
4.819731929861629 1.4442284802781904 -0.02322755908520202
3.5351861172605856 2.1645978837401416 1.1144069524651257
4.041881696894146 1.8391612710205907 0.5265542901589537
4.970831844460616 0.69165096402627 0.7500794796960181
4.445512222727687 0.30317808733079366 0.7191282044078354
3.4266032912904465 1.120416182182764 -0.088878434107033
4.40373601110325 2.887522212550266 0.13537390798674076
4.90134139248676 2.239764351952753 1.281798048726435
4.1550042021384845 2.541050791730106 1.160262194144774
4.044308913250179 2.52641990849275 1.217160340785898
4.973843967331973 1.612619545790253 0.8807391703676954
3.9618233409020513 3.5391233584876582 1.111015645374327
4.677595628450035 2.083712564675566 1.4583598250905452
4.657864391095781 1.387240863719429 1.1054606669316998
3.9016319662942265 3.950571230114667 1.3598815370714004
3.7932880795856447 2.4239576078608778 1.0695763740943078
3.793877662069313 2.2803401880288487 0.22925117292575414
4.337173663374886 2.932425068979752 0.11781554249065984
3.6819234451290592 3.5912295848327944 0.43308684012021664
4.034093407900718 3.3925237450986083 0.4812119762331571
3.799378344726995 2.9293695063188103 0.9646847093857002
4.670186588278169 1.0450970935724613 1.1173707885210231
3.5180877408083946 3.2891347867638485 0.9009174245764786
4.264158029370166 2.0477957309482853 0.7997570586359504
5.361334829995947 1.77340085175838 1.5925968726157784
4.904026405341993 2.4935034738688215 1.1154923382171045
4.828820647706939 2.122016978669367 1.449090560134005
3.1995632398582594 2.216108460631277 0.6245750543505892
4.075980214601185 2.8448145152403943 0.7444530818916495
4.248617542250597 2.3809638937419138 0.3792882390810016
2.3270198417059134 3.909771542987826 0.9904501906938853
3.61198092643488 2.280249995575556 1.2071735344575762
3.471410443475631 3.7772219389681063 0.8307476829783003
3.9234926843926994 2.5153615639014935 1.649436296435982
5.465798665030732 0.4548744033586536 0.35793017085842216
4.466854249479884 2.825297461874297 1.218979747117754
3.332780124720292 3.3343118840992365 0.6750751095000558
4.924951689248999 1.5809962184310646 0.8716329482994263
5.373067616882812 2.1965346738644187 1.019797521528151
4.530459224524827 1.287898184510585 1.5002911305878583
4.0217631041259185 3.951126432912479 1.9670198858216255
3.2532679418919987 4.6149704062407295 0.5723290083137021
4.632069345267017 2.9228100013506175 1.4130109697805557
3.0595529130352443 3.115541354753839 0.48240960832146107
3.8193091912344905 2.917649175402905 1.4094470858109447
3.713229500441287 2.6860757387616743 0.9438415561568264
3.5618060771826747 1.3968363894415587 0.8081277966231403
4.174920377534165 1.8347751704361985 1.9011550071574148
4.341401731409733 3.6065510407287382 1.5323078091930646
4.101254484450989 1.8657675966584857 1.6317947101320645
3.267872737968853 3.4371838988862815 0.6635108739571615
3.309109474984884 3.3103686112510124 1.3165793532170162
2.9054489552435228 3.033691455934369 1.9510907029112292
1.8532436827692234 4.07626021611299 1.360059612127629
4.291580651660294 2.3265755791700826 1.5745363601923248
5.159815716999894 2.400013997060384 1.3098376018451214
3.2018735014829627 2.299876283978097 0.8404009652376097
3.367169222007905 4.680014872798743 1.4228530592720081
3.3620269535484635 2.853876572502747 0.6956495277533649
3.1295890699968085 3.371337250518367 1.0434674202720415
4.240668875387027 2.990289959244255 1.9696108677131199
2.9005303291519566 2.9791588948278065 1.6078310099194224
3.375318043686363 2.471830232994824 1.3244164762772481
3.036238902578858 3.696083375227838 1.6800516135234265
3.0470823243594545 3.5968259763135757 0.7624400629540001
1.4059428977300743 3.5754436206883726 2.0400485692516526
4.004420337952635 2.702296914584206 1.2874016948995393
3.5476098984289903 3.310502011029942 0.8651693147519162
5.977391362671535 2.7492038432554424 1.4181781517337546
2.7672982770143797 3.6196287448849023 2.0298349347420324
2.232008449690686 5.019104193849267 0.43981627002229273
3.5811460681388643 3.6983859494502864 1.27177994096839
3.2714669083431693 3.7985861024637733 1.1414331760025167
3.017071461508494 2.929558624179904 1.2130339090057989
2.373218039808819 4.10690102142878 1.40907134072448
-0.056654071505868715 4.765445388098545 1.4757586912364205
3.696556914297797 3.0109126195694778 1.2326071040885462
3.4731320155417618 3.4154506672362577 1.7175735918184256
3.1358827721828906 3.479254226759219 1.430201549079669
2.5332746369717185 3.0116353595342376 2.801106899471386
4.297976496633497 3.659733041872517 1.646180234022456
1.51909776447127 5.323482669636281 1.6336776733748994
4.3045473490330135 1.833936355494371 1.9338071224049733
2.988925135532762 3.5555294842126157 0.3929061770142239
1.903992765676917 5.463249477058841 1.149873759636218
3.692523824458765 3.791175988984619 0.6332406906195595
4.275427687504577 2.7593025486434324 0.7062284997228475
2.1070562677041056 4.6847659305151454 1.1621666134311244
1.5106779946966065 4.982996231864516 1.6621467697922407
1.9212019239654454 3.4566491548363563 2.5539130028681902
3.6812897539748315 3.0098856205780256 1.0323398823055878
3.055984187206643 4.501837379903007 1.1822367257758004
2.393849887158217 4.07883630552495 1.0097680074052529
3.953849430981662 2.7220996195225022 1.916888964516506
2.432974896012593 4.407011811817269 2.5147524511810255
1.939172153175716 4.385073942117016 1.4498830750493936
1.582049089342933 4.431028743104901 1.619702938386971
1.5650194078411113 4.975108773279604 2.0713181997054555
1.2160375297248085 4.0637378919687075 1.707376473606406
1.1490387311152837 5.042995489357328 1.4707351080991098
1.7931290766851615 4.098900841671739 1.804199816331697
1.5181229298502639 5.066141041072746 1.4654721300927414
1.3523633271926587 4.314025822165309 1.2238706728159428
1.5803043780526411 4.504910432585598 1.9451497700249134
1.4266746496963287 4.901260502507093 1.1850002981071763
3.642777060887997 3.317005276082372 2.0488683736762447
2.042743935373171 5.149308073909463 1.3849375497511422
3.6714515803674788 4.236508306651434 2.2326722076217305
2.401354744721348 4.9682599438369595 2.168050806751632
2.828693101991016 4.6347801531939465 2.273187158981999
2.2172475650629133 3.393689855111652 1.5801188445976708
2.2960933067578466 4.224123506282436 1.4780302505896359
1.9577381827400808 4.088136051060628 1.4906086661222593
2.857341399809339 4.562806120447803 2.265646256127303
1.5510782856681362 4.1286273224648085 1.4607137220281665
1.645829324565763 4.75095233495505 1.7729895694788216
2.270001126910966 4.174240748375074 1.8998212378252541
2.165480859986494 4.9186724812221465 1.6417908429551373
2.395408470352914 3.8858645184382 2.2303406654242828
0.970587268146314 5.405672082354304 3.3670711884484312
3.1347867027196155 4.307203026497874 2.379160464616203
2.8649592712590666 3.16527117591037 1.9722377511975537
3.280494622009335 3.760454088489627 0.9550002492190773
1.3323818695497995 4.7563494004418185 2.1666268472603942
1.930523677129652 4.305824516291178 2.1283478037332895
-0.03430574281781507 5.221230762055748 1.3906360536579032
1.6613583047601603 5.157263849255604 1.4242777696481885
1.0800196135611577 5.592127073138508 1.8531369633687453
1.6351238001121031 4.824983959835849 1.4133490018990686
1.1712927011600769 5.155948481722833 0.9433286518070121
2.265279160317213 4.519040527305779 2.4459910179960302
1.6389595420420648 4.343668645765646 1.9092093488585824
0.937398918891914 5.474042827380303 1.3531359612166025
0.37118239779155754 5.302108059357238 1.6561391402185013
1.958730041430707 4.083042960546329 1.2608897828135355
-0.8410788039942524 4.522959089724917 2.1002005583288637
1.2556980864850023 3.818613391900085 3.471610754339006
2.0079966983722213 4.604547678443532 1.3223885286087582
1.3468256110605088 4.932095570838427 2.2155426187880374
1.2519405175377136 4.992622748773377 2.2209759748259077
2.4647406131731606 4.62026901892765 2.206397558623285
1.3615727645891944 4.827247455465925 1.556471425834772
-0.5087501663274046 6.006695046848131 1.0316432688840014
0.6261030107942119 5.457840491004713 1.5735830513976818
1.8884514387248716 4.585510091778393 2.5829988295525377
0.7739086717073147 5.321914120299173 1.7825981518974954
0.5561012356026508 4.347848745899919 2.060784630317994
-0.2112022194882291 5.577198627377783 1.4924020685098816
1.5824535024853823 5.283166216414033 2.1121806318717447
0.8844016136636148 4.932388949540918 2.3799748644976133
0.920975706060462 4.538511038484548 2.4810514405911026
0.5005697624298512 5.233575431483158 2.0827498256621726
1.1744265609351892 5.251726590045824 1.25347698464254
3.577571161183991 3.924828704733283 1.766292550966804
-0.6395827677131035 5.23330556511616 2.537481566419672
1.3258410581164863 4.464883530510875 2.079472247246604
2.186838192862197 4.102885752290521 2.548236106629453
1.9343147457265715 5.230245179721305 2.417264140691116
1.593142150473942 4.0396135156112685 1.6943623948994242
2.2308829437958506 3.5680831098478976 1.9981802472556427
1.6321765316715293 4.791019391303148 2.4644810645917707
1.8098581149388322 4.518976629095132 1.7521219655843252
0.6899047422538336 4.743733475703827 2.2158125937670143
1.7622873928241618 4.594159382909477 2.7428486548913003
0.367628685452453 4.977250679225177 2.4815758330799755
-1.5281092050372964 5.186404388778139 2.5986257329231184
-0.15254860819220367 4.072279388706975 3.061336497088095
0.21255047946562275 5.1549499133741925 2.161768831577336
-0.11026437826237638 5.592504812421576 1.619517628470609
1.4685996749031287 4.6288207634753755 1.8778555644322494
1.151277185667485 5.754128998567588 2.278337136200843
1.8476213932073966 4.45048803159948 2.6153077543552086
0.8603254239172252 5.303414460501894 2.144157022020422
-2.252737757693963 4.249237085811213 1.8773209237533472
-0.08602504347874768 4.567906779376271 2.5917882294489227
-0.09637254021084846 4.797295302200109 2.063383800813977
-1.3797892884054987 5.470788426991578 3.1847083358781063
-0.541900996799442 4.355323039578149 2.9203876098336754
2.3127073737169077 3.8026271482114073 2.707496683415846
0.30623886276032153 5.955675208885413 1.8570856777409537
-1.1354887333491135 5.281172237723672 1.878021942747813
0.2157915475763733 4.952052442068758 2.4573582031337273
-0.8972804295554568 4.961385956761355 3.159287750680667
-2.293440357909211 4.977956494917968 1.9422232245970696
-0.2634384221128815 4.928394709452374 2.9023528237237866
-0.14370888973455076 4.443663542246548 2.848590221306594
-0.25944485832965003 4.494777028769865 3.0493082848269544
-0.7489250240106723 5.388510249367694 2.7449368622089443
-0.7911750735779698 4.667800281109208 3.1606497799967146
-0.43250363893091565 4.749130833585204 2.11159302053676
-0.3743225841497139 5.165359809072761 2.8164087379174094
-0.46435228397990763 4.551192173466699 2.62078890125988
0.4400769847913504 5.381128973494679 2.6642739360662926
-0.28657950371424423 5.447239715060079 3.139740465124997
-0.22350773391545725 4.251138881816353 2.7397514194237855
-0.10639332239139164 4.652872809435363 2.384855476797385
0.1339605551335523 4.349991995138227 2.580847475929044
0.10020246836663096 4.678870355282789 3.4310415367351874
-0.07428324840058002 5.539324129900351 2.3610909089272885
-1.520941762187431 4.566689769237928 2.46341014138902
-1.1222361716999125 5.179868615993005 2.9812136584943736
-1.3223857827907415 4.9201329324741545 2.1308971519473854
0.17713263403023033 4.28934075176046 3.299238458630093
-3.0506617275273187 4.46363398127046 3.1750958417095165
-0.874661195153336 5.889124890374658 3.2635364581866346
-1.0533907844699961 4.813903151203958 2.2275574320379343
-1.9293153974486266 4.146836357398805 2.3128311547311697
1.4736012383771722 4.753399232149204 2.164205295597646
-0.7868905216815331 5.728653546202382 2.471265951918483
-1.8861035079090303 5.489780088421923 2.8673950357755538
-1.4884287000267042 4.337806040297722 2.521904166516944
-0.5179365956370631 4.944065708708137 1.6949046341073475
-1.3894979448938174 5.348556572455991 2.7663211203609217
-1.5635704157741523 5.243510423584796 2.961423976832957
0.22805238333639136 5.48994387864996 3.1656616923614243
-3.054264277159288 4.574976387642337 3.230555054348117
-1.297597727687714 4.17039131303562 2.7451204676846417
-0.5956671854620309 5.369424185156715 2.926872079434226
-1.1655057463494176 4.517143944598751 3.055505833602021
-0.48680747863862517 4.389718227795585 2.336009605238678
-1.818863532209786 5.022591493486459 2.911568544616594
-1.6928776375277685 4.502462611718962 3.184902357523541
0.3709532825119387 4.5919327670309995 2.3135880865077914
-2.4375170967537603 3.827141648919809 3.0223830688379962
-0.9895593326723863 4.032076554373393 2.5523692091343113
-0.7043151107431103 4.880073392840538 3.2165972369506175
-0.43884651502158284 3.9488632942373973 2.5001010229002176
-1.8924774812073344 4.718374919063175 2.328826103268894
-2.8906046976682735 3.9023649926331085 2.198060401416645
-1.589633603890707 4.646455699969971 3.377603924723887
-1.075710080451999 4.810630094768059 2.2741935710642904
-1.1248176658830222 4.471244240598084 2.9339114766301337
-1.4948376187444372 3.9459280058932453 2.957699948154419
-1.4887973746580208 4.796431452132062 2.691182714178482
-1.30725861016211 4.3327358199560235 3.0024920043610264
-1.4923423406984095 4.652314401617072 2.6151305099580067
-1.7327095685374592 4.657836795409002 3.1879052231569216
-1.118506230543048 5.294754227644329 2.1743605492297498
0.16150018114536832 4.167031985059463 2.6048990775225436
-0.9422219890677346 5.072999222149302 2.806174351525005
-1.5163473814006279 4.965075828581139 3.2489028893864136
-1.8837016382745473 4.95803696925649 3.630831819380671
-1.1718796012025774 5.214642872473247 3.0491527141128367
0.05875907256500072 5.595009842230987 2.5024370734379815
-2.780409786909176 4.280031539771071 3.1149498302569243
-1.4955924282531774 4.306220201330543 3.136039339192478
-3.526445436563334 3.7203069074437676 4.1583333362724915
-0.21094893438717732 4.557080684345608 2.975976514160925
1.3510806445300945 6.011620956122984 3.01210389128942
-1.1403759688232191 4.2543186954231444 3.4076068811107705
-1.8171969834351904 4.54358374554666 3.2157535200061886
-2.1331602482543772 4.802703196243896 3.784944402681216
-2.8336123720552164 4.414068117661415 2.9116130196655803
-1.7144479569833921 4.305391667505671 2.7987843773905015
-1.518023620562398 5.459273684897705 3.565081865220475
-2.452813759178128 5.106966758158058 3.1231316130819984
-2.2196329389011487 4.499176263638719 3.330065406048868
-2.37157038897978 4.234438016816724 2.98000749797961
-0.28658562385625486 4.698055155706548 3.918100098243685
-3.0555772448513214 5.362112662545768 3.212305909669575
-0.6513512925846167 3.652723977889809 3.1022747929341294
-1.629558954484004 4.665419385796758 3.74873724248088
-2.2771230181818 4.3457146985552315 2.5640590411552133
-1.6549183417759517 4.601072264126265 2.76714492732608
-2.7508586883905255 4.07613359233602 2.607188908941208
-1.7005695244852967 5.060360351574617 3.2649818679751204
-2.2620119440130617 5.026268612389898 3.210553444411079
-3.555884735170485 3.5693695013785063 2.902705194954686
-4.247701798622364 3.3348352686571108 3.766941326471263
-2.649804320043253 4.529279688503715 3.3452668576603757
-3.9187678123132983 2.9635165343479954 3.4944189937661
-1.0607401640464447 4.811455410795283 4.3959629025200115
-2.9209076379400893 4.384688302457001 3.0977964239880706
-2.8180004892953607 3.949782741626657 4.687809305615908
-1.3872755313793694 4.616383102030019 4.252975599386885
-2.5361468390461632 5.100984116220782 4.126202106965197
-2.0717316975796845 5.088867351951611 3.139178659445839
-2.254588196876709 3.420986757684944 4.3641681159964305
-4.277450780801832 2.9932488048465578 4.352128628527643
-1.8405640571773556 5.665656145642707 3.1208196378572763
-3.2972704578497614 2.434530365030178 3.9902195978841015
-3.6974029675216316 4.007596231356561 3.4747946062594797
-2.674349615124163 4.202663842725953 2.9520162218693002
-4.03578565952769 4.190556981915819 3.2150878317419602
-0.9722982388588569 4.44224213201003 3.4412425482294666
-2.705372048198457 4.615983747190447 3.438402660968805
-1.9586203981256394 3.6377249417904474 2.6920884058768033
-3.699658674955673 2.92068972021938 3.0999892254580304
-2.250621937978184 5.005765189593752 3.989661034981844
-1.7775878056470216 4.749723221945763 3.4552811706709172
-2.24550128481678 4.431511195323136 4.306110991046618
-3.798067050993958 3.7719822756899863 4.280621788957264
-3.172737668407838 4.713545170705681 3.726279832482484
-2.427369278087871 3.5216044501198267 3.304902953929423
-3.0735058862773434 3.434520831032542 4.293476952188624
-3.9521101779371324 3.324533343547535 3.14664902164306
-3.2516459850359354 3.1830648451906183 3.496851817202715
-2.827112050386479 4.247988797390039 3.4358747880986376
-3.4808467107006744 3.9016048176950995 2.96271942520562
-3.017092499519885 3.743626894346929 3.5952222971367616
-4.1661916731974165 2.442046527008657 3.456393342895293
-2.46458631165561 4.6699447838806565 3.554280538784541
-3.624208884497229 3.6458436744686096 4.390437067049506
-3.6388478639545396 3.8110342487532503 2.316899988458803
-2.2910046639568518 3.520560772509242 3.502163819282209
-5.356448371766256 0.4207603665838224 3.67604631109473
-4.1271954288901185 2.716235602106198 4.245582323526221
-3.5250190512039157 3.945170924639722 3.9185103940171966
-3.766328841386175 3.5477824808149845 3.375408080198768
-3.4514295878824353 3.603878642497005 3.7138566319160433
-4.3165155014495005 2.7863086136528215 4.359552154283146
-1.3645690731852826 5.1583166024146285 4.593953389911054
-3.203290609989025 3.0688846080776324 4.268836700054495
-3.622091074332797 3.550653707289127 2.5565484010054256
-3.5822006494428935 3.2141670000387723 4.274726356295299
-3.7692880119951564 1.272443784776559 4.417549333461194
-2.801520564642537 3.8295547798556817 4.212297883918918
-3.440579524190287 4.19763395405148 4.490577203619403
-3.0636987577676993 4.844549967446207 4.5453077113256235
-4.5852116770884255 3.567844227778553 3.377766241481287
-4.189502570140235 2.8126930690767473 3.871987480013659
-3.6592653465114804 4.309848103176962 4.045706572098906
-3.3786636146043563 3.301366562016595 4.116784767909031
-2.682283479880199 3.7252274914141688 4.206371724284079
-3.81693007571976 2.8788694200757416 3.5067937481511784
-3.754927125107876 3.7151008107516645 3.8863120712023056
-4.067016893330753 3.1203107756701254 3.5343823080113306
-3.3897866588418704 3.412837742732541 3.725234700335422
-3.6071848828469 3.173125684956332 4.057688405827147
-3.7900893496407324 3.6172615060094184 4.047705954992891
-4.4815094695646955 2.556267752428852 3.8000112951425935
-4.388740156312865 2.0070685483168824 4.6597295849119424
-4.837653088943589 2.544811920873117 3.641974137354387
-4.070913505210827 3.24045128769552 3.575231825404556
-4.055738122783256 3.2675512336532253 3.570897199722234
-3.4467103593423225 4.280464542205716 4.4835387268618625
-4.627071929855799 2.6229969413169854 4.133232900130718
-5.283422377383179 2.36354715122903 3.784609770129865
-4.800490348089231 2.061750293883824 4.3839787863389805
-3.7422647338789337 2.3935291927689164 4.17164227003387
-4.345245745150661 2.1192043253587034 3.882844592475271
-2.9729245032557143 3.9958772471303976 4.359816126938832
-3.150811422634911 3.6739359857905143 3.5965504162880375
-4.522420045971843 2.0623558653592533 4.779712722592249
-5.006458089015116 0.8498576281679876 3.9451388623915387
-4.961303253568897 3.4174431081243037 4.199517230097314
-4.96515080559881 2.155712726896977 3.836493001302234
-3.9603304756587105 4.383443653856498 3.521357188414819
-3.5269325952159067 1.184890107549602 4.6317436967130385
-4.130424317216281 2.328200108902237 4.05402425462614
-4.451483325904307 1.7333474361169414 3.674402164833876
-3.8766158290530934 2.9996807599516178 4.550696201255469
-4.1766985947072675 2.380469819072838 4.0811564272376275
-5.3360157065597855 0.5770683084091666 3.184037648152959
-5.49021450464597 1.979291272503592 4.431066492749307
-3.8706926576008556 2.4843092525395996 4.814584773865285
-4.239817064795607 2.134728098113918 4.521927616364186
-4.4160721996643755 1.848264001528675 4.37631280846284
-3.3418819871558427 3.0920992229861066 4.448034309505136
-4.971888483792719 1.898713119871648 4.849743378461021
-4.400268386063176 2.5747281421417156 3.6748981955180233
-5.0174362644194845 1.036559342859504 4.7352831799451724
-4.391724560109593 0.3133715424981104 4.1563336819922245
-4.450669084973712 2.6134849773994224 4.24409335787808
-4.715746901900303 3.0051611590436496 3.662151631588275
-3.244739718213858 3.5957517049530376 4.492419841706041
-3.697899145888618 2.5655087931304776 3.9187656172374115
-4.206846715774819 2.1792453838418524 3.791823609581143
-4.264897965737249 0.8010506690009292 4.546220083362969
-4.3126547340551395 2.1734441894799166 4.97532648072028
-5.527585179787214 1.9560220868178284 3.8478062500603194
-4.771871858787916 0.07195012666864649 4.767389201265143
-4.2908343226895145 1.171354296593131 4.383619529999805
-3.285604300510239 1.2899285475390785 4.848756589429239
-3.553525745756341 3.693031112859604 3.5866149134071463
-4.398076307796401 3.2627689784390763 4.080477481611157
-4.338358132571033 2.0343356527063365 4.2420819194530655
-4.434208351337026 0.7609678238224562 4.733649972918679
-4.17308057481478 -0.07010343946351041 4.809222654446506
-5.494141798883606 -0.760464632871548 4.4826735512674105
-4.714777324864956 2.4042399507154135 4.020695232292789
-3.759697953035468 0.3247026093431346 4.19059066137971
-3.979255737502221 1.9782524039794123 4.458685713745729
-4.29446927476171 2.3757527400829708 4.159399641573022
-4.356871458188801 1.9843306042094913 4.91044149629775
-4.094492418234626 3.2691485306381876 4.407094487585139
-4.010932243147474 0.708816501021574 4.145157315106214
-3.4001193740145825 0.6020281476599391 4.345366582267395
-4.6114116469843065 2.0029652363054606 5.030906372198039
-4.77925880663159 0.42239605850795453 4.527622236702099
-4.4521788519687195 1.3534613352734848 4.4886568973640415
-4.830591716953361 0.7166345865388336 4.0480960108009425
-4.470517477543793 0.46598079457360636 4.364760438686482
-5.251371540642967 1.8754574135081783 5.053367134827071
-4.684236041190994 1.6940701815282948 3.599626803682834
-4.377336918864795 2.131696560688436 5.025187220680012
-4.91101685195813 1.2145823039335149 5.441478540519912
-5.109215349007196 2.1274851046751797 4.822335097267095
-4.118053151721014 2.196900597508589 3.8091493385913617
-4.851004841217502 1.3881615223867163 4.8985927263341145
-4.675035738206852 -0.07826076873644583 4.898278301004378
-4.890433594337268 2.689654767844929 4.51906411006503
-5.491050980515612 1.7161456971574707 4.188769542802176
-4.416582772044347 -0.4930720581473701 4.892149826591571
-4.759194808471124 2.0410763833147727 4.825341754884893
-4.008417918693736 1.519873890008885 5.102397191098649
-4.38367657595701 0.7811560903917236 5.2674287796886805
-4.211740316370284 0.7671212023641837 5.257411804444325
-5.426906105688373 -0.8152975930464224 5.0527773005610435
-4.438319800013238 0.9970118945966899 5.328102513513214
-5.1932180549534035 0.8146247726645601 4.45640979300947
-4.7325709029521015 -1.4302606458777876 5.7853418131228
-5.633957422874998 0.47425419571306754 5.014068900316834
-5.325346165391384 1.6392361576413788 5.335231279825494
-4.150262952424223 1.4471184654603508 4.6305095214699925
-4.188616426577483 -1.1145288370240491 4.3344798297165354
-5.368348964932896 0.7801213903552181 5.40539650856635
-5.307805820521163 -0.1324247501441628 5.170126000593107
-5.588296486873827 -0.6477328126343425 5.031045409646611
-5.586508356516116 -0.263054055061752 4.228068466330638
-5.359192281889531 -0.3099785536956694 4.421147387884924
-5.4187265120607755 0.9406036723137889 5.584157402927456
-4.857112724962083 1.4694188206005026 4.584459427441806
-4.756694701737409 -0.38813115875762444 5.323064340101261
-4.364711380851334 1.9540211754515209 5.005539430611611
-5.574183784698909 2.0582679633946084 4.8432151452211425
-5.4024675400805 -0.329857542640922 5.1992881287803066
-4.095649221335799 0.020417072841728324 5.126158649519663
-4.3311201721284 0.8483337588520914 4.9723105498015325
-4.390805269895025 1.112858082070635 6.172303042331725
-4.97077743648148 0.1763715810626156 5.341939398343562
-4.533388319297395 -2.0009285053043167 4.982658745665388
-4.95062305566614 2.3867028736107523 5.329225438704381
-4.358326505915998 1.3929491643861684 4.107872297501421
-3.908738094868355 0.06730918204139989 4.259022932033888
-4.712545154203528 0.4344561251905118 5.043424555775276
-4.542188366317577 -0.5975105864882326 4.3582675084117355
-5.16336299837898 0.7328527874263502 4.372318811708803
-4.559633771543011 -0.38578762328929517 4.752711358813001
-5.571280988997577 0.11994550935977927 4.7762764453535755
-4.843964275960579 0.09955336773581645 4.9589093985748445
-5.093816125774734 -0.11681918148880387 5.033252485554903
-4.281217337335329 0.3427958832773745 5.326090979645457
-5.254284947726566 -0.27604743903682327 4.433656307169784
-4.667181570835826 -0.880544819038822 5.21832742993477
-4.702027196549663 -0.21472912675220818 6.036874183051392
-4.8313520768120455 0.003121520882359444 4.586416346248713
-4.968720165634362 -3.30776120407354 5.057795106022935
-5.2561829084063225 -0.6448358666967096 5.023061422340001
-5.112980130910148 -2.329903853693137 5.046081363623799
-6.028175468408715 -0.011676064260581294 5.239845824188672
-4.183663313306987 -0.7944507077869504 4.865583640263653
-4.158812145581322 0.7223167342444379 5.462477479377281
-3.6047964794959557 -2.611939720473187 5.65168443865748
-5.614424026101003 -1.337299929720344 6.20252528746185
-5.060681841448758 -1.3588401503727623 5.39699684498426
-4.7434373829729095 -0.39757666038477224 5.498789330456876
-5.179844975662882 0.7345923464898754 5.097775783877102
-3.9855988316645985 -1.3421747716905341 4.988638222746337
-4.577295858967438 -1.0776022390529296 4.45244003677579
-5.094805595030476 -0.5796569590114299 5.1052512508801575
-4.399997923611556 -0.3523643946698323 5.2051067646255165
-3.882960560596085 -1.2108077012407796 5.32449858502572
-5.007370329381566 -1.2134405128380044 5.559702748213661
-5.125482400621011 -1.079400112229078 5.363385703751646
-5.176322987150005 -0.6880420419703546 6.1027491676868175
-5.1721039418305415 -0.7564565833843362 5.5823322308155525
-4.636675746406664 -0.3541215008407036 6.2274506075825204
-4.516710049832388 -1.5775725481323406 5.411941846983497
-5.4333492748519445 0.08077062194159268 5.349036031746056
-5.059020548056615 -0.6341682202886596 4.993990130710053
-4.783520021740764 0.9235347664291148 6.081774058395672
-4.453289343144224 -1.3805374010444862 5.264056002758186
-4.17806334355477 -1.0893892204180167 4.745334819882872
-4.32368681604824 -1.1428224154433988 5.626651278929316
-5.126199680206391 -1.2524821210870167 5.838947742616654
-5.020357810921989 -0.8685456044978388 5.397369848724271
-5.043598987240718 -1.2278644749114462 4.71354816834373
-4.942608911844808 0.5861700788864734 5.172638593796988
-3.0599427132322816 -2.327423840692181 5.004191779172214
-5.276502327983089 -0.9318138083196907 5.0805014128923185
-4.682583285809659 -2.265268621363652 5.191650770184435
-4.454055385069451 -2.3696099344525607 5.509263541212314
-4.256722103102317 -0.9909250000694053 5.203621563896745
-5.022425856199758 -1.7170233880924097 5.561901021239163
-5.726222604040696 -1.9599988707812777 6.365404191509399
-3.0563890704187044 -2.883852857876013 4.52424544631504
-4.817981353263494 -0.6181131104072815 5.589805398278991
-4.4021064156363785 -3.427723139215202 6.107320330600829
-5.573590506058614 -0.3425096959060279 5.259418655033351
-4.695543245039428 -2.229048650311687 6.404361913314417
-4.117251363728447 -3.1012483421610537 5.697674697768704
-4.907170348417848 -1.8846488480306944 5.778416583146138
-4.423496867336598 -1.480524286496075 5.477267716739204
-3.763539100919937 -3.286496453614671 5.390137437177071
-4.840327155934563 -1.845072113174417 5.258725082258025
-4.916441190426128 -2.6465498543848978 5.587227771498949
-5.2149880804948925 -2.1504971199189624 5.645375158713468
-3.091741574163074 -2.7247897372508065 5.451178952953016
-4.377223418641955 -1.1576004005031542 4.959380824672416
-4.158344317790502 -1.4822170029141661 5.863785218877457
-2.869253384479867 -4.303197651753308 5.2365135709043065
-3.7610460553249445 -1.6400905616868555 4.890782468530063
-5.101419235763498 -2.439646705341517 6.414908358073037
-5.112396054633581 -1.4213672095533747 5.592333133386794
-5.131020710665488 -0.5305073845594287 4.851385524522107
-4.093822650300265 -2.1752858791492997 5.724318065692091
-3.118401632108939 -4.217073348845229 5.9054694592737125
-3.2735916939519307 -1.1326963456128207 5.878305236795675
-5.439515309632895 -1.2539380152381612 5.8104304078395375
-3.513251185265011 -2.951550184878039 5.625152810324607
-4.091577213170597 -4.063442358945299 4.8880143019636515
-4.3783415495807825 -3.5555871609664633 6.109522396886943
-5.336434452246046 -1.7955364443052897 6.157026510080167
-4.213132420949691 -1.9355415863523295 4.897825065919258
-3.0330406632036415 -2.777076068228457 5.30561876106649
-3.1287075185521673 -3.112478821705453 5.453415637165874
-3.8119066510045503 -2.2138424040554177 5.934114669046607
-4.726822096547618 -1.6659328884647309 6.328866503719443
-2.324999945619024 -3.2365126866917255 4.712044507307997
-4.4846167842167715 -2.388726380009702 6.550077781369133
-4.433519786304983 -2.4823738580515005 6.120639574478747
-3.728485612386304 -3.2332672980650923 5.998664300638985
-3.6993398801089046 -2.829449554985823 5.4089405523984455
-4.919796681997647 -0.7357668717166426 5.780141505351183
-4.947046353558922 -1.7189910942850586 6.073918993451675
-5.157556671477384 -1.8424634589008846 6.3749553800160905
-5.324963467642833 -2.9214296961246404 6.020682611711003
-3.175804286375996 -2.6774261938557404 5.195478927001639
-3.6193119384266983 -2.6397482958927982 5.41724073046265
-4.089281951657315 -2.589648519387215 6.1164476667944525
-3.5973248202337276 -2.8282666347126026 5.97693745850478
-3.3267222653542587 -4.002642121652016 6.773120209917497
-4.352446246389415 -2.3263806228297135 5.848800787451619
-3.778269656483472 -2.236327983381768 5.628307657172783
-2.3662329124810757 -4.0319029809462235 6.200148334285481
-3.434312868841865 -3.489693055256547 5.169801551372468
-3.6602945111425096 -4.151247615541235 5.8567944492750925
-2.752348687230864 -3.866353967539049 6.170360712383715
-3.56982243408499 -2.4639277981808614 5.619130786803025
-3.1916983423594854 -2.4332832671270728 5.93381161794422
-2.87067487069552 -3.956158146082389 7.09465570582225
-3.2176010436287448 -4.178761498257633 7.1569974365734765
-5.5269725638718805 -1.4874268898750127 6.374850208352987
-3.3509702283369425 -3.987318421381767 5.511047232736793
-3.8180659950921982 -3.0851940173609274 6.292728347326482
-3.1382211028147267 -3.8288232858590003 5.704667611175554
-4.243420048522852 -3.1176663215805043 6.516612293698133
-4.442175546527072 -3.448367399074931 6.170370645344184
-3.6607431982266556 -3.5378331592769965 5.770758690715229
-4.529472182478149 -2.6271557829199943 6.039131398186424
-3.8396380907807734 -3.189573371270248 5.659843570621871
-4.4045054787007984 -2.1034997626302507 5.8725561064658205
-2.9181409243787466 -4.683713763110968 5.506444177029081
-3.834999832715867 -3.081092940037203 6.21783123258938
-4.702893075485607 -2.3204159756453233 5.916027475476013
-2.8282560785406754 -4.287177656936123 6.347479186540781
-4.2313685619656045 -3.8121139955949785 6.1235047205369995
-3.4379158415952054 -3.6919798736200584 5.671387803831726
-3.0737832772912235 -4.897522775155847 6.766012212750575
-2.733895409218241 -2.252980452565048 5.70299749943217
-4.146406707290191 -2.443027932690642 5.875058781387774
-2.2493840827565146 -4.3828561782289865 6.8943220472247795
-3.8550866385899267 -3.3260802637745424 5.798963159845251
-2.3591470909794103 -3.9404571035374 6.837057491364646
-3.522545989806732 -3.4989600908889043 6.398422957947374
-1.7011098408890162 -4.569711541830683 5.543409180071134
-3.9185814235610117 -3.023164174777379 5.355863387212064
-3.867308279407499 -2.671289345469646 6.709052036885577
-2.536253940687245 -4.11054274420511 5.409323613756749
-1.9625775898898887 -4.495300747903693 6.137499218688147
-4.310839259049647 -4.671179957202025 5.901845507298054
-3.338204990552586 -3.756052874650445 7.092334620400814
-3.028893217226196 -3.946384882070881 5.495422039178056
-4.67633585976708 -2.195744301812949 6.7072091185656
-3.7127374099311203 -2.3264848749020106 6.753025003720283
-1.5816777842296805 -4.088895442140728 6.669140964549344
-2.842355233724866 -4.078500314326036 6.649504305312697
-3.490409607851684 -3.8375665922151247 6.767596761023296
-4.618605318432659 -2.7425690130990557 5.878555480590011
-3.4502450794148074 -4.07482859420731 6.174325176564997
-2.446075632189745 -4.275386398258834 6.901642683078049
-3.1284929138242785 -3.481302169090625 6.660456128482509
-1.3672388032504152 -4.071893788354364 5.805590349407368
-2.469536392457099 -5.505420742696123 5.982173573029743
-3.8895641876230203 -3.9173310836775173 6.877533465436719
-3.56399853803094 -4.151112731175029 6.216016086335477
-2.627258327707474 -4.571916898583717 7.179485933617911
-2.1939923183463645 -4.750759419036708 5.959675252319429
-3.728057019697884 -4.49478916393072 6.8032580373667715
-1.9851146079473336 -4.917899363028761 5.853448825479842
-2.2151020797493532 -4.917306301010633 5.6915418637625175
-3.3520507645370667 -4.567997150518184 7.556506715124214
-2.9490939172705275 -3.5546058527624202 6.006687305546624
-2.250726618785441 -5.42551883180768 6.660955680685266
-3.2776098687891877 -3.2087018969311103 7.143475348471116
-1.975781188479445 -4.829813395227325 6.744757155940404
-3.072276705759396 -4.8846567921888715 6.805196184460902
-3.885315867519729 -4.303278407241537 7.4401795466175225
-3.4879917384420964 -4.681560281899314 6.205884230193815
-3.1076637842238464 -4.233006412414984 6.3668627589481215
-3.4453141322128995 -3.5480388588231273 5.961298546223967
-2.392795455157593 -3.093120807441506 7.722484148426478
-4.829003795292902 -2.63174416340381 6.80168724262946
-1.2199630809872917 -4.207147357289302 6.6791504400138155
-2.530542327257256 -4.3963371578512636 5.9741866453736385
-1.445260458413798 -5.890320320045272 7.104463201695014
-1.82612331897708 -4.01305047096384 7.406567396620296
-1.4174620904088209 -4.073632696304003 7.592736291275069
-2.268677477811279 -4.234093672392942 7.825883676211621
-2.1085618615290183 -4.81459234987293 6.927826484697805
-3.7947076795075927 -4.677167324673379 6.586825256791799
-3.2635098114906156 -3.182960420729322 6.6613593331325065
-2.354298742819966 -3.2714210069539704 7.265651904157888
-3.3941320834960607 -3.9786564583035315 6.672481163605163
-1.621723304569432 -4.61925155427454 6.038545047134582
-1.860230372788355 -4.083586453879028 6.6317370402018
-1.1250504946072046 -5.306834993541683 7.611349152167946
-2.42468914195216 -4.798787206537455 6.961195591315033
-1.921628522021995 -4.389631674032614 6.371823304917826
-2.0031193766930673 -4.347851104715529 6.77101213713531
-1.6513907303390702 -4.891848747939358 6.719179606652615
-1.5167222567708205 -5.110438226224146 7.432314902883213
-1.9095055808645531 -3.65009948637251 6.733575420901627
-1.083238916142667 -4.710376732386861 6.720493944045129
-2.1029171762004353 -4.311283108369066 6.062310009901056
-1.4924094781049086 -5.062519514505588 6.532602457481451
-2.7450576603319963 -3.7841235833883373 6.787675025186558
-0.949628611850144 -4.6976443631184335 7.246145059253257
-2.204028191591179 -5.420279691613634 7.112870738284277
-1.9023315332349562 -4.439275848945289 6.954601501981089
-1.6016121123952172 -4.138027797458705 7.049785490859772
-0.6801105494313903 -4.105170871611793 6.888782016442495
0.10391348727807473 -4.41942484217831 6.51141009176529
-1.3471047674713035 -5.271189758465378 5.938470539430842
-0.9835181829960382 -4.787713607301031 7.4264452578446045
-1.5497259845350513 -4.911085384456207 7.099377334227951
-1.5619364420269162 -4.585936992060096 7.49430719354981
-1.7986626830027024 -5.147706452009155 6.725751514045255
0.09012643472906508 -4.890259198577029 7.6099352724893485
-0.3829622679210962 -5.685217542518941 6.232393838612772
-0.7676546158436284 -4.742847728889698 7.135806574643819
-1.3645744694253485 -4.505259470395251 6.897144756434534
-0.7862471494968155 -5.322389775951576 7.057500300564359
-1.342417821139845 -4.381357769416048 7.057785717899462
-0.41207866205139765 -4.125532638417572 6.720591450662117
-1.8205899852990093 -4.183860728261799 7.451169900968163
0.6812592305153465 -5.308623821588334 6.973554145071706
-2.3504633798674495 -4.688852125420099 7.028524228834758
-0.1428138621360363 -4.352686160148206 7.366718435951827
-2.014254182942991 -4.680485713312446 7.319466647050794
-0.9946654933389604 -4.723348874096823 7.9103751591114895
0.09931188661013322 -5.59119269210268 7.054275033398756
1.3407465455582925 -5.4308181332598355 5.773407562743411
-1.526765518091366 -4.440204252620388 8.036168223682385
-1.1161726647298846 -6.019197580631663 8.036058604722578
-0.30122922835285265 -4.3136182611486005 7.083121218002945
-2.1187340051955332 -4.448626427640134 7.248421099536007
-1.2533631608068327 -5.427596756785969 7.409548094174115
0.1453098603394626 -5.035170570754686 7.367696902357583
-0.9430645957837154 -4.220896822010178 7.375109851537846
0.18573595907510887 -4.322991189572497 7.30010161804444
-1.3597275315942376 -5.338179495975709 7.492171704088253
-0.21455836780944024 -4.28228525654798 6.892227601291604
-0.0379574533674271 -4.584094242914832 7.223790145920007
-1.5444150586895993 -4.372940007171355 6.807376737355125
-1.2108763111967933 -4.686123796797223 7.223319510109748
-0.24089247803745956 -4.714213584147883 7.476125308875268
-0.43114139028796744 -4.70016901847452 6.986270648724233
0.9842075262078289 -4.961148451370133 7.6405308785269295
0.50480176448766 -4.161877493128497 7.729411869117577
-0.38421426896657207 -4.632802864904354 8.0362410252062
-0.24104952481440878 -4.728540555535825 7.445432854300427
-0.6760873250277377 -4.810924950129967 7.494656936378129
0.8744897246738064 -5.403120935731884 7.508083297536238
-1.1589091076890021 -5.133538993926979 7.142940235953864
0.276297437299907 -4.783807696438837 8.011272545943607
0.12486404270668848 -4.373280704309816 7.087590227099543
-1.7763915277076652 -5.60223978364911 7.713540290173509
0.2870263596498964 -4.268068714961421 7.171728273408624
2.2095920625342025 -4.445821295305015 7.851879538139409
1.5683847601670045 -4.737969813474047 7.568895809500301
2.3946641241443065 -4.282384964811962 8.227237682413522
0.25975385097566717 -4.705934578551199 7.987036502046661
0.5137221772441769 -4.604158063782331 7.878328436476361
-0.6531228797774984 -4.285798532752479 8.221149186114335
0.09131706238433432 -5.133585746362265 7.294336726644792
-0.4459280666839133 -4.83525224524841 7.763966727700188
1.034547936497653 -4.613378241410147 7.367241920724529
-0.3903655200191655 -4.49793618916305 6.953404060332739
0.335373981953841 -4.289959485768012 6.563337412012442
-0.5161843907681204 -5.294868009067144 8.057928351941062
0.4121073905017676 -4.9382758559577695 7.552647992562437
-0.24830703129485285 -4.589665337919918 7.5126952456586515
0.9669895271696806 -5.004497362946045 8.269514064078288
0.8401115881335778 -5.159447762500639 7.233590150093542
1.5199582972210595 -5.5019627606095955 6.964279905309527
1.7326749244183814 -4.161495394268505 8.284204841482174
0.38575799613690975 -5.204218138438164 6.835273542850432
-0.330865678566789 -4.217318300326917 7.758759687876989
0.9176773824979548 -4.83583267558169 7.845356713598158
0.4835708961069512 -4.572550711851918 8.845575913073294
-0.7552604395706964 -5.3949313536014705 8.274387903797841
1.0095362907521581 -5.154093895735632 8.069232786071868
0.8713533021131252 -5.105343149595016 7.66172395559948
0.4164032669288434 -4.803304896133528 7.229844766070134
2.158984952691049 -5.4707460443269476 7.934203982856278
1.1021661007580645 -3.96012149124854 7.081805419163656
1.8407075193895415 -4.192519269426188 7.926491773300232
0.5127352470605243 -5.356848003859902 7.097979832418396
0.38411303726839413 -4.308543405564217 6.914060732683788
0.8142795433825845 -4.647957137379075 7.324416550851872
2.2155159030707265 -4.039397569891551 8.33581963069782
0.5674109450581205 -4.047037381255949 7.673152374024013
3.4219955675134037 -3.400339987693133 7.95111500564487
0.036514358000422215 -4.335623026475384 7.902879430076068
-0.4951828574463097 -5.179459472887477 7.598038581924925
-0.3421555179997555 -5.317053983807094 7.49732761317513
1.5046008105003859 -5.418520249088709 8.275675884895723
0.5785582397441853 -4.876925081370802 7.0685871552437165
1.44236248545971 -4.808375929313559 8.57327534940217
0.7469432036997258 -5.444329130119978 8.022059213096826
1.8340789009063372 -4.612967422208659 7.9212839369381784
0.14827792770645903 -4.75183995877998 7.351972153211939
1.5235451929593538 -4.9948621060704435 7.219763284728949
2.163191720611616 -3.929915462239713 7.761156573453507
2.959230001059599 -3.3164838439316786 7.709044016258696
1.9103035953047787 -4.665691973092854 8.153397019826429
1.080482007075268 -4.789939725718201 8.271403195805549
0.49921726217535584 -4.942748444030247 7.523044776567185
0.08739103612143583 -5.342340753964439 7.617479664184908
0.2430739569651962 -4.787941958747398 8.357884028450803
1.641371894754838 -4.8326294317299885 7.253407366286597
2.542127946360576 -3.4602160559551867 8.443856108407553
1.521342175461705 -4.698228027346179 8.19574805305345
1.3403889504924411 -5.445968526244182 7.522577260859293
3.086442262750796 -4.304489103394449 7.991083034377125
-0.85687435188653 -4.780634410791356 8.706140001222435
2.067838911048675 -3.4250687723185638 7.443715921904859
3.057981089892792 -4.094092305161242 8.209182076130991
2.2733853292688977 -3.4455609264230165 8.519518458282741
1.7937020533588999 -4.590172040738163 8.055102626958366
0.18890717770419943 -4.776830283773217 8.504411870558345
3.6086606112975117 -2.6672575998316432 8.078712982415864
3.483402696570792 -4.9042594823705326 8.457693353035781
1.5675112207404454 -4.455784117659843 8.432919388238725
1.3903670850073702 -3.830183616265578 8.680271007389303
2.9845848209047134 -3.8292365034308546 8.371131792445944
1.2739027704305212 -4.5541044749488275 8.227032214879602
2.6151579725462897 -3.284238517008261 8.5727247234119
2.674519879932356 -3.8205947061612155 7.789837783080807
0.8281217043349093 -4.575713839000276 8.40393567528072
1.178917927853867 -4.90660105642764 8.262454709187244
1.1583755700191307 -4.241149885944238 7.940753661446931
0.4749917433977276 -4.630252865696646 8.16358300486788
3.6898967591288754 -3.2663290981799253 8.549410292350627
3.5548046031090395 -4.784114260424055 8.123965760443802
2.33123860695296 -3.837494782503698 7.775256927299228
2.0047993477168538 -5.05439949884846 7.863617507087959
2.6846842269466706 -4.145384884268981 8.907851231835453
1.088489702481157 -3.750003562403284 7.7785698253004805
4.235286459452484 -3.0823969961172866 8.117785685045481
1.3300405882660475 -5.16600785062207 8.070674006458367
3.433353786966897 -3.9078861184431406 7.942121098041975
1.3352503708738248 -5.045786307712058 8.662302784170041
1.9381450660773285 -5.502719485394329 7.771917900836655
1.2138799437960806 -5.377569684363781 8.463529739026178
2.752410662329345 -2.892244604106024 8.493687129238829
2.0401994697348234 -4.532779906935365 8.146173819669748
3.183419573310139 -3.725985076073308 8.094461538454409
3.1288878707450536 -3.4435859139661638 7.629626939324834
3.2615185896348735 -3.2489306768019985 8.993695090360585
2.3565729589263382 -3.882978108377014 8.304330968740201
3.0278029521221486 -3.1914628131148417 8.616468291170042
1.6949631576804154 -4.369594951187683 8.61206457272943
3.5999222915137765 -4.210244726050139 8.83221040992801
3.74565895856138 -3.4194086548262965 8.405870497291058
2.3519978811802247 -3.9373533621025976 8.522504960619615
2.9454831499287613 -3.9042763737685537 8.21487712489024
3.7253443268158573 -2.6447873642731694 8.274202461741554
3.3330145245810945 -3.569550377346571 8.345103830862998
4.4052611348629815 -2.7471267472343697 6.8685935260364275
3.1834230048919863 -4.4800719117760766 9.018451505124123
1.553873990601611 -4.09999944758469 8.968159970985644
1.627367421144541 -4.170246123513635 8.2237877535082
2.791916640002296 -4.4755730121395105 8.514000134231098
3.6680828739510183 -3.313815438125761 9.435040698519328
3.2805784727095086 -2.964308609392088 8.530379994137295
3.543646234371967 -3.921767554580524 8.12839714895573
2.788289835016824 -4.804552637098218 8.695929204180764
3.1558468631653853 -3.4719719177233603 7.445588982571744
3.2557305896214994 -4.2370646046719616 7.574358713312984
2.5467260168673715 -3.10969813437145 8.231902449865142
2.7878776215801366 -3.8865645220564717 8.259917264482558
4.413649849692722 -4.477123242052102 7.746135865080625
2.5311846241592817 -2.864908907159456 8.252876611183538
3.879641993916929 -3.387867975996098 8.814716625619985
3.504259279497334 -3.7544965504585335 9.493223044345422
3.8430045612776396 -2.9763991306918665 8.540542132028902
4.425946702482131 -2.950472292111874 9.084246044899082
3.0374261620986935 -4.464768830724072 7.744302662316865
4.114323144196347 -1.937150455632372 9.035310071260172
4.600967045683061 -3.412171024586469 8.761500294515056
3.484557475254598 -3.6789158248873557 8.688496978906768
3.059946382782242 -3.421415127069418 8.318423921427808
3.0828233759439723 -4.414577722370171 8.448021590263153
3.2666247778598083 -3.6742715150560383 8.120096878546875
2.8331320182588273 -4.512874309446386 8.545557952997152
3.6921938504909897 -0.7977677001426177 8.521751288402509
4.4003709406955736 -2.752096801781591 8.24522959497817
2.52550664583104 -5.419215814072014 9.092650635667933
4.2282867200924175 -2.314286857011377 8.532259317655255
3.3751166463514854 -2.4640552291216045 9.171083743934032
4.532716855125007 -3.020317834405808 9.214786630873196
3.6841860056808056 -3.3294087443112628 8.947550303269034
4.4636327096613 -2.2224827938816247 8.322212847165812
4.521640217476365 -3.725316642460504 8.796838900798505
3.893759166568505 -2.7450910440553415 9.261813867215958
4.0655260332621665 -2.670919308071366 8.796751780651936
4.493798824316998 -1.9696721886905935 8.456143455778692
3.435661681890579 -2.7161795471109698 8.85773219627299
4.186347513394621 -2.4712710199729346 8.58184915676258
3.878027984705577 -3.2790459074473253 8.811249115758084
3.9987106100889345 -3.582901992232085 9.142197634106239
2.6495431202816873 -4.78346124903239 8.941107935087825
1.8936497331622208 -4.362729605667515 9.164153989708314
4.461737157160053 -2.285819975912361 9.215805106643902
2.7791693853742068 -3.0160510992036267 9.77312275727848
3.5637276948238013 -2.6182749201419546 8.2804025234055
4.726443361773845 -2.151795894904183 9.352230352474955
3.3395391930353107 -3.3905839058596063 9.430701388019877
4.297020211861525 -2.924034691955402 9.500919260027382
3.207685861095657 -3.9334606896556465 9.58512103742287
3.6779804860054575 -2.1174885381756057 8.622117232108108
4.450086888432756 -1.7487598041930634 8.755433833768627
5.213853268018033 -1.762201255895977 9.177954106510322
3.960660824612674 -2.3285494210293862 9.58117898782833
4.882031178748985 -2.7838032895834313 9.481349952445356
3.546125616996732 -2.711384692190912 8.571389066372632
3.601990223178391 -3.5457401714349874 9.053428899683269
3.581195037668646 -4.141802058519806 9.028207073409966
4.670547509245727 -1.7419715258497648 9.458870605875871
4.484382172256629 -1.5938286856028443 8.991671567530114
4.057100913277471 -3.3648628366029767 9.222525293335371
3.84338680707764 -2.3359594418281326 9.62017359283391
3.3446527147758576 -2.9916085749631254 9.69753395151762
3.7397407266094724 -2.6902341143612274 9.796480388068398
3.977400887351329 -3.877497874471402 9.491049358386373
4.17516224879204 -2.8358399627544912 9.15683391819835
4.4233641397129215 -2.903275373964517 8.69085205476295
3.704044939105881 -1.3940254804930785 9.21153007950861
4.0353192503803506 -2.7792591783296974 9.355866159309672
4.471802225815709 -2.0276773176351344 8.461316226267133
3.880874731507648 -3.63410768677918 9.257519035499556
3.3632986125519584 -3.035761000284763 9.741034377003196
4.525575463617935 -2.0153353977767985 9.328728028378121
3.8816203924901034 -2.609448213376693 9.243502307991143
4.698579099195752 -1.9429422572305155 8.604166527170733
3.379445767558419 -3.515168175027624 9.272827695711653
4.967192868470057 -1.413664644674013 8.862002887665026
4.893806297119428 -0.11473576418747007 9.2275338071077
4.5737113295662875 -1.8643550938321511 9.141126712664269
3.9049229416831945 -4.475942859826983 9.754803187912264
5.643979729938208 -0.7564163359848981 9.249193048139045
5.435400515683617 -2.160905838789048 9.575053773137801
4.80055007824379 -0.6912769445865922 9.747213185794093
5.1721117621938975 -1.3405401184260721 8.71332802835476
4.349125743847999 -2.5335690223280007 9.326374508086822
4.430623465090989 -2.4888841985790555 9.669975755307204
4.295510910398167 -1.6229495217456826 9.621637954916975
4.822661880337787 -1.2868703696859927 8.26207173610397
3.67736286943121 -3.2473868538129027 9.07286259563343
3.936918845583455 -2.632636000380504 8.58662486415662
3.9500130339829584 -2.510006282995991 9.471950604956671
4.653552895340167 -0.9586357352463876 8.60848644958652
3.5256400737233577 -3.568833744851782 8.286029467439626
4.319278107318969 -2.099553339433899 9.364685553765401
5.015650614868624 -1.1471984827152206 10.203051828115978
4.537692863312172 -2.6571318028831423 9.169752331038753
5.4425421340402025 -2.6646391261618367 9.074230858672133
4.641635470909933 -0.3044944514834895 9.118518456066463
5.183947950015264 -1.5797498052512178 9.799496004584006
4.779268321995339 -0.5001048228064267 9.299535903420361
4.972858710277979 -0.5995447997511665 8.453187308690808
5.226602687879739 -1.9522748808234152 9.273857105990166
4.777197103065924 -1.8535670018700205 9.694795723753959
4.698971731210665 -1.090597957754412 9.748059210154974
4.405865975553208 -1.1584514790675584 9.001124536453219
5.5700830497256675 -2.21142089259144 9.265518399017306
4.058743388231208 -1.3970193152243573 9.473055579655822
4.307966496088698 -1.3393010023280691 8.796665603494137
4.707852387979427 -1.4076982485689766 9.309923043026416
4.495729368556324 -0.7830809064335486 10.452714828765345
3.8568872390571562 -0.9491109931453229 9.655072228718167
4.923309671903778 -2.3083996658965527 9.541794356792902
5.323003021781661 0.08632113445734925 9.9126238935726
4.107165125932495 -2.114655252868555 9.341736652307791
5.125025505009799 -1.2424759893192239 9.650385607229131
4.141102322215756 -2.1711894897738926 9.941434328628723
4.083086945297294 -0.1611582813832039 9.240439140089627
3.556619474140578 -0.6023572374884728 9.042416143957949
5.392481132657973 -0.3629861145175574 9.319201309174494
4.232509720204965 -0.962813223473688 10.718419389060761
4.918038594697868 -2.9656372878224406 9.7247433011333
4.7412577634992035 -0.1913438919617687 10.680025906644303
4.342087663381243 -2.5995948852330883 10.340999060074628
5.34998845700574 -1.9215069895143486 9.917401004120377
4.5012773447182415 -1.13228597476976 9.229363681744392
4.724422531935423 -0.9370004366494529 9.341674574174254
4.1761538262405775 -0.1311144718678933 10.022677090085462
5.002638962717275 2.420321675572188 9.905268741250405
5.354342535293638 -2.307855791771197 9.232122436687222
5.078278772257761 -0.4514204043566318 8.5882355790031
5.245511187794243 0.6942846688917661 10.325104668967501
4.826910549664767 0.7264574810202867 10.131682741251456
4.920801319303755 -1.7311759665838955 9.187669941291743
4.809395317361085 -0.8890804616109643 9.405400550276942
4.877718662258937 -1.5682152819855222 10.250395106802985
4.564741542802904 -1.2542046382566283 10.215088383465242
3.899621792012257 0.3740785462690092 9.542312765531578
4.2994963839371065 0.05954962961910158 9.44395493056406
5.805199603164235 -0.19228109947011604 10.762061308391958
4.237430706286392 -0.10725918117658727 9.242903489796593
4.333861400186562 -0.6923000799806318 10.781683506272243
4.4492305855707 0.208885380302727 9.578956349415117
5.219760991636661 0.5656689889703015 10.701645596067685
4.960935260294695 -0.10407333344221055 9.02189564855334
4.811889789360651 -1.8452438456304416 9.762319702966629
4.6484023174124856 -0.3671660781394775 10.547215430267098
4.804648992712226 -0.23736845200052906 10.661367570532276
5.490891878500195 0.00017312525555114624 9.534807376648477
4.8373609460151 0.28637403305644443 9.894070308697808
4.111965030612059 1.009664952842256 9.480482259239231
