4.374008960093039 0.05375700142315182 -0.07485448607421043
5.090512522855238 -0.7452978952574955 0.09913593193932951
4.82470543950583 -1.542778345032561 0.011805884733180737
4.416083570028041 0.9236230992984908 -0.337405801006481
4.409382211050804 -0.8946549545584392 -0.09753160398629174
4.482823303302917 0.5845069857069959 0.26947979604303934
4.433696445850821 -0.45528238182032005 1.2159055450786878
4.316655935350965 0.016292403772335297 -0.8255485610154494
4.148250328828479 -0.7464198396696621 0.04957780411767117
4.869040873352378 0.7277367441899181 -0.5040986224273534
4.9219745290581 -0.9937157133747276 0.6825461632987697
4.663969867483589 0.47823920952128934 0.9067923977195982
5.220004827713636 0.9326064554244321 0.39557025564401266
4.91316405341053 -0.019629410410359097 0.030008124966098698
4.898022326330582 -0.15592246996427792 -0.06552404719636273
4.41702574126269 0.6788673720366186 0.019352262970228823
4.612788115397417 0.029008115866470383 -0.18773565012125085
4.378089385986534 -1.6955368940464062 0.2844591058864567
3.611056329759041 1.9032232056543432 0.033244490265897625
4.423738450573815 1.055214186891546 -0.5925682223212658
5.454379403524882 1.0532003387142976 0.10654703244497093
4.781514913272563 1.1951134377103005 0.14174658095912607
5.217442543252616 -1.2956129352229873 -0.28252623637857943
4.258799369400309 1.186702652250436 -0.19863741447299849
5.691481794573601 2.4962566368774612 -0.2604213531781172
5.23552803851508 0.9447176529897949 0.14752631459295015
5.032789110154312 0.9561180681938273 0.424038360544018
5.033996030202925 1.0932825949352822 0.6293113608996849
4.734323057534034 2.171972744661489 0.3884386704330579
4.196852017199299 0.1695166327307917 -0.07997134141533796
4.523125019127785 1.2675020363726834 -0.3052529358888177
4.4207991479426845 1.227762897221976 0.5461447908879883
5.5929582085916705 -0.220333260686349 0.1974891638943533
4.860059476664192 1.3794980980230047 0.04341169559436864
4.83966099610085 1.536122700173282 0.3220182379092659
4.861669367954567 1.8436003310065374 0.2857879883325126
4.704790779932519 0.3806808475317697 -0.06524098143252993
5.54139162083372 0.3336234551374141 0.17589608865103706
5.467735120607456 0.21466523848987273 0.1961642161641244
4.9217503804900415 0.392294240851239 0.40899057305284453
4.378423401664065 1.0839446840118776 0.8566639655327849
4.427651934362588 1.772954808386804 0.17970916037128618
5.300257277626057 1.3810898857094955 -0.5125529512321165
3.9387997796163883 0.8935688883377388 0.08050156522616175
5.412735761634454 1.8734750404858014 0.8666938802737398
4.685344976136171 0.5455869347703233 0.7148719645498178
4.5570580856849 1.2552711301670243 0.7824472080443876
4.490361271508709 1.2460155051195476 0.4038444254455342
5.3730751736947395 0.8040222030326301 -0.4123291197665072
3.738487595479286 2.3542953254707175 0.6230535383101525
3.7024530044641986 2.8832706985496306 0.045934409311490954
4.012591801834444 1.4873271112964106 1.1132235098557357
4.570113413139636 0.5133217114297367 0.5164700099840831
3.8813648506602463 -0.13505076204824257 0.29892586809825217
4.875775733909853 2.395883968706058 0.7575886056562398
4.339272473417165 3.087741784280261 0.043873094556541536
5.121100320825125 2.145144275790896 0.38018190030890964
5.694041897971216 1.0007434007534681 0.8025584991152708
4.823666947115379 2.637218790451204 0.9804253973578669
4.168289785885427 1.1095540029318953 0.10267358196413767
4.642854333656896 2.700653547503906 1.570547951276466
4.472733551112863 2.3689430711588964 0.2531738709940878
4.2308464247837465 2.727864053067444 0.7766227063116746
4.4656078010924425 0.17546971034411812 0.923505196199359
5.031736983637081 2.4017178712195166 0.7255994376315792
4.298036751010275 2.4932265441270722 -0.3214099545789769
4.237052465015538 0.5049235144797704 1.0675946600388995
4.632040084061132 2.292412469941378 0.9657163473077472
4.921209256035299 1.6707303649930856 -0.6558298755322921
4.4822954764521405 3.637062112351675 1.7098789846977236
4.211025606059801 2.0695708466109104 1.4319807887437719
4.830925462719608 -0.07244508615322497 1.2281718944647144
4.642823100234093 0.8680844639682089 0.6763502085497876
4.151295179750171 1.6761168832565254 0.07239894137510772
2.920099373346048 3.646779909742626 0.5368353504292711
4.763227368680266 1.1934933433486636 0.4370742548965561
4.618187418767248 2.8619743504234814 1.7979172000120487
3.1655640087800947 3.4186717073031665 1.7615094260606958
3.7422594354446246 3.0248945289130154 0.9389280768085086
4.616314137689376 2.3826266092162873 0.9648789213177684
3.725677601876731 1.9635492080590946 1.426380904331455
3.5921149749315058 3.5345349345127244 1.513487018900133
4.20930087082668 2.2497597174920037 -0.0218362747811649
4.903631250561162 2.020034178599053 0.9127089659777433
4.415677401558859 2.747145085165352 0.9793683368640599
5.346181110688997 2.435780509788438 0.2682632967077536
4.272575064037639 0.8746917530158305 0.9809399518040074
4.557697270407443 1.2476894827805498 1.2436226042346967
5.110130375049253 1.959444438745026 1.1206550211416162
4.77211623521672 2.6854200914860193 1.278265764726273
4.901577757103301 2.6309576906625765 0.9512530898481455
3.515338668687669 2.2851434212585384 1.8807790730516416
3.959666308658389 2.529332565176357 0.5956544455995927
4.233244866449148 1.6342663118564678 2.0476661317122415
4.0504213540783285 3.2224013015321127 1.1614174680574978
3.230573680892716 2.367714390860746 0.33320432319709314
5.39401908678622 0.9470692680362952 0.7979925423448595
4.7552871848045335 2.4268065632343423 1.2713245143602887
3.582419855659615 3.059142803260387 0.9083407918140882
4.867224842063329 1.9837658709347403 1.4224147259083653
3.7298222307749107 2.965323482152702 0.25602414104532856
4.1831214826911856 2.147202357754175 0.4781232571939207
4.636902701818598 3.354273326767998 0.6712757248967106
4.516918274460616 2.7005375992070593 0.8743387120473076
3.8690150656793296 3.3067217670787756 2.0799738406273454
3.2645903481467924 2.374921805680948 1.0925260273227675
3.7414501262679623 3.8313031134143705 1.1487202931408411
3.402576482317618 4.140005363793699 0.9717822399728591
5.266844919485235 1.7583505233609504 0.4253438803654539
3.6545895628347496 2.8884826876921563 0.4777602745975106
4.510291935089162 3.0047891782961704 1.2590957975953263
3.7454234450275763 2.9210399911085854 1.471285323375057
2.3951088850780065 4.694179954192061 1.4834853976290958
4.568886171630061 3.1395584551012408 1.761038953400044
3.300714414026246 3.3003018656769543 1.0036158961644448
4.6782168111140825 3.3411884865158914 1.4577505365108132
5.818987197488893 2.356785155269593 0.6827343652309839
2.878159126930229 3.9473452787367003 0.6205185229013608
3.365560401845942 4.098823554309488 1.2368483154625611
3.561269007302696 2.4874257866915803 1.9555367538665247
2.5383133544702092 4.054221258126734 1.2033187172510322
4.072959011009572 2.4454315732657417 1.7510802065247053
3.534260046661522 3.4171473688520577 1.8036586911094301
2.8085292741916956 4.259786696531977 1.333431045652849
3.157564638695743 3.236817664920192 1.9288137367332134
3.4140103868374263 3.4853466083676765 1.3234274093631762
2.8904607051638727 4.829775069054163 0.281623987793436
3.5799268654935097 3.671689353248299 1.1464311766678665
4.033675080456712 3.8011371034748316 1.7441507170823596
4.064579124550657 4.152842388733322 1.1402840665767595
3.358353892654942 3.043574452261247 1.0522417943281952
5.265809329035346 1.3695734087404574 1.685004480217343
2.4057249967313346 3.761146872391384 1.091641256101967
3.3781148311833755 2.6488597283939104 1.0371840208634906
4.118854680902417 3.8764682321412876 0.6369136920936731
2.511725067837787 4.13207595741335 0.9254617995299559
3.280140167471446 4.420321801295243 1.9352933948515467
2.451744980041378 3.267499748412869 1.8067176630300141
3.5364695037748235 3.6750044219141147 0.9728387079606713
3.4697599470410134 3.9629505182749787 2.0070299117187824
3.9332568663697995 4.927460948733304 2.2762971879170353
3.524906986908031 3.234930568046286 1.5440212418012504
4.345162190451924 3.5266602393341717 1.3390997469599883
4.270770961885215 3.1976400746586493 1.3573205272627369
3.38271816783293 3.7940968071895043 1.058622859044849
2.7724808207008396 4.189296258284704 1.1288639103201539
2.2385791654008598 3.7957408965394825 1.238074345005793
4.018569075257198 2.7696204049608695 1.3103019141289665
3.4236657010265112 3.4916330678335314 1.3071691059322736
2.1602729235270175 3.4091739060464996 2.0614283865602765
2.479618705487995 3.357227181429727 1.5887291569609763
2.878674702549523 5.208944529140894 1.6627610670940847
3.285991654370215 3.236690441388872 0.5528136510377026
2.222288703413087 3.732489263258616 1.8027250968434045
2.8125746677669077 3.867140632794032 0.5526711808204862
2.4805907787823775 3.622940924409579 2.152218856486083
3.788340797176424 4.996438300637019 2.3478773481824233
3.1583951995575164 3.295809363088102 1.4058487789777532
1.6243953635044277 4.393040878118565 1.60531776426551
2.2690103528137464 4.540556838729517 0.5785537083025096
2.6894839360095335 4.516850436287391 0.36499855127696557
3.0888029590835666 3.394430952050348 1.767339629932306
2.6131579204778697 4.796062004014603 1.4180225892749752
2.572753542324166 4.202154234559943 1.6111782458636938
2.8360704186291574 4.605226787413264 0.9305411356376069
2.0011064826440244 4.567155773283398 1.871621792267835
2.766379578735508 4.777345458529022 2.212043826761164
2.8994610145230766 3.2789206987865755 1.6834694393321126
2.540142664492121 4.06296526603459 2.042978796656831
2.113784530923259 4.349994040617735 1.779784048826609
2.449125168864772 4.776938632250095 2.314399856316702
1.3520462704016105 4.190483961846693 2.234330157056304
2.825298957455975 4.664515313115258 2.6677528323343873
1.7735729353948448 4.456514860310806 1.764613928933137
1.6551347342095841 4.398479368139619 2.8344113396136534
1.3380392328921171 6.0569122516065255 0.971311192006605
2.2958858284571466 4.908856317019699 1.9554158415917702
2.523629829518647 3.429844658463776 2.2854625939610673
2.988542954734953 4.648627929542618 1.7772552071482524
1.9466222751379656 4.725436363688487 2.340082463238974
1.3205494750054603 4.852721369843054 1.5107623043347216
1.5167087275513216 4.974044443162035 1.2273473702193036
1.109099162733956 4.410583244155699 1.9666218762137906
1.9245214511110538 4.814699683310972 1.5695077311204055
2.178525911259443 5.377986678456731 0.9248331609183228
3.12943805479153 3.9328974216367523 2.672457445867538
0.22296390582684084 4.12769771297311 1.7576451434051283
2.6736904534477968 4.27964973525961 1.2877078517831357
2.484779541951116 3.982942843813325 1.8379156991941419
0.12900130098790807 5.4402652300700245 2.2857463919730634
1.3966960608560863 4.056758462403265 1.3431476792746482
1.761513914026743 4.906693986635215 1.8527100769933347
2.1459675586242195 4.92409543340497 0.9135703887541411
1.7858139085092857 3.551929069715615 2.054846056820666
2.4235141494125 3.7984966829786435 0.9855476304443528
1.2731916571301116 5.35111255579446 1.6125937947362863
1.3738578928712553 4.7621080415538914 1.768461316223708
2.6860574197059974 4.86750448372879 0.8307585586280026
2.819592715454338 4.9000722885944565 1.4211620581306383
0.2695261473155672 4.653669983412629 1.3913121274057108
0.3779569670474908 3.786766800778978 2.5757599372630144
1.614742457743211 3.6268275258196687 2.5362057897255736
1.2451976777331684 5.100848446939876 1.665300848626027
0.1747587042588542 4.632966613531224 2.2428417803298517
0.10159511746658006 5.154910225322201 1.4596435494161586
2.5768603543201585 3.7866807041687642 2.425076076663794
0.974538509074211 4.570985478905705 2.0899269062674195
2.417421996560894 4.32564650013902 1.4842314884681413
1.3509070456600483 3.7743359024850007 3.216523020398799
0.06642848307365984 5.307093080850455 1.8802760998092605
1.1789620594866168 4.426627320060449 1.9221056262853775
0.46257974815459135 5.03049644188869 2.27540619398734
1.0438091389228334 5.378985951331311 1.9981172749148728
-0.009408321692160031 4.359579507321339 1.5530384648781184
2.233114457047115 4.493850753963195 2.178541479537506
1.448910097950881 4.028829065865808 2.142295511447735
1.5627763227589324 5.1153340721857345 2.9743482412250706
0.14547675154435497 4.766654711990501 1.2319361668010855
0.4631998016777036 5.706721480965272 2.2429629031976157
-0.18945054667443156 4.431581669451826 2.311418878101768
1.4724252362371923 4.84453491309817 2.869811269029367
1.7254296766552457 4.892036469431779 2.5223570354053617
1.450268060476847 5.486496182784062 1.950797776777833
1.3395769772444563 4.246942630112256 2.516161864096263
0.4436487194391743 6.1129118190327265 2.5671240051868947
-0.3547160314790479 4.628539490213928 2.9825071531965954
0.8251881921845028 4.860482294205471 2.609106778371304
0.5398347871841894 5.616431091976763 2.0164263938689473
0.18617648705999124 4.78506651454284 2.3338043679150693
0.1472517114968914 4.515460838738329 3.499393231116417
1.7474990735195168 4.774534697535225 2.7067634695060248
1.668970614438356 4.442681852392366 3.285785693099809
0.8084781684188932 5.2221523099296965 2.4146226501296533
0.5235616679117193 4.932353489041159 2.394625373653999
1.2953327441934555 4.38305117191529 2.8329762662012716
0.14208896084734787 4.662598455969764 2.1646542319038105
0.569408372545812 5.570795457174232 2.723020082905647
1.3458811045996328 5.356062533919359 3.644357944904684
0.2961115155134942 4.580184806772196 2.1208461714276536
0.2793995806198722 4.747776943560063 2.0753587750333153
-0.5125384669212179 4.226246392137917 3.0471871946192666
-0.14368953041123766 5.030903573605345 1.3622537204627228
-0.7018506662915313 5.013644732323402 2.1072733105177046
1.1359180118179977 5.315897881505873 2.3253752632605473
0.6300558873340902 4.674705535677255 2.056342710117282
-0.48273186633011345 5.314966742739033 1.5695938428292702
-1.2410074434894152 4.402264205672549 2.670744464797018
0.6847114234197679 4.592380228831819 2.431309724551969
0.5048881638402264 5.1688299249908125 2.1305559546610557
0.8390800056084937 5.066617925751463 1.585632758576635
-0.1279699784187573 4.429810743139397 2.824716885099183
-1.9750316129044696 4.074141326072056 1.7101338346075208
0.06393744451473954 5.169803854425338 2.642294029441389
-0.049476960932392636 4.6322590106370525 2.396024631114808
-2.0338816895427554 4.390844426902247 2.38400395652245
-0.8876812281531357 5.574541176240196 2.4921422308706664
-0.7755044547269712 4.883088573594627 2.082748271537838
-0.2503254018294723 4.941054818382594 3.3687844514093825
-0.04565835691745565 5.643071241386664 2.8726711762946726
0.640264814112938 3.8236640461396916 3.043985226652447
-0.06015403858051582 4.692698126768386 2.585167241202251
-1.5162559007115042 5.1754423663329 2.5232536521985907
-1.9034202752831402 4.899504184064595 2.9600103657699393
0.2916769895098658 4.7841423323105765 3.3911424534003873
-0.34223618745880374 4.194422623390903 2.77348089897462
-2.3101888697971207 4.469487303143397 2.604208692477977
-1.5628279980545783 5.105255973317527 2.2821416645784227
-0.44502740042752503 4.648518497830387 2.6192546972161836
0.44208418981212555 4.656794683207641 2.2436701783014437
-0.6316895820236592 5.539400798688658 2.5780142433541924
-0.31952280737449473 5.231225725197538 1.8501203098421417
0.5613297214894215 5.424601189586643 2.418751279409804
-0.3690741168687773 4.293946861134978 2.884806565190442
-1.5230476362049468 4.842354598198538 3.523873685789987
-0.14452344473263873 4.943383220780991 3.1216256192550413
-2.358400370412258 4.108778812310861 2.114496804680755
-0.06952459217779731 5.27127209642931 3.0179945537828896
-0.8961238189138955 3.851917286930166 3.3888934411084097
-0.6100464076640881 4.939882439420845 2.6441472347521278
-1.8612795309502783 4.794247816340851 2.9068959994327934
-1.8880910561204327 4.004233983535037 2.652892600676567
-1.2003940381169749 4.80126112498732 3.013968405385987
-1.465570204195974 4.65816397023306 3.002540972358207
0.5401946082557665 5.065144590659659 3.022473802121579
-0.12313967296058906 4.92413336347573 2.3534367262260707
-0.8167628503055495 4.840148919515046 3.0743002168261144
-0.20661708440904636 5.098416345559531 3.3384036326714743
-1.7174007575346133 5.533826535203981 4.343179847619986
-2.940852157964874 4.86769916287852 3.6524750998272792
-0.6960356502795486 5.121555614117815 3.19544227772407
-1.2492442707724403 5.252981337458691 3.2890300924573874
-0.9970898987401186 4.661838361225747 2.6444293183296854
0.18552033385014888 4.017726688714227 3.100172417466339
-2.156107881810164 3.7087349511218886 3.039440168193102
-0.3760792986298105 5.360067240392238 1.854383222182053
-2.430388000787869 4.160162153155097 3.3033164257527496
-0.6935805173267529 5.041120516778407 2.1926864084638122
-2.083928362525857 5.5693401789449135 2.598571983164322
-1.2023692995201305 4.781179462999077 3.3083311308133974
-1.7878667952691687 3.7974128318829616 2.8257849762781255
-1.9266488455932207 3.5553616635350975 2.49996675834104
-1.2088786185242457 4.623308594133688 2.405075021671313
-1.4904781548049777 4.715566470007545 3.0307026560539536
-0.8788840714792654 4.677240628805547 2.022033277125333
-1.9571958342984053 4.119856340301089 3.673559966169587
-0.9945455505942165 4.984374961019152 3.8479512219051326
-1.988977570202718 4.282069576139378 3.3121056108374916
0.7972554899182019 5.716658830288107 2.6444451710567956
-1.3038077325891269 4.397914630828018 3.3405131771370233
-1.6739229611341118 4.778730534763295 2.767015734135764
-2.3236004184751424 4.421754363461194 2.549697180013092
-2.05505446515135 4.7176459639044905 3.3212106157220274
-1.402603410820475 5.0700660774549275 2.0556239883028806
-0.8967332714110333 4.895709272402653 3.2541482300559395
-3.489757773893072 4.175374333153273 3.008182989919032
-2.0508340426992806 4.483170785570445 3.216601795374766
-2.976144169179617 4.775075527846737 3.124930173602612
-2.4216672939128867 3.6013601315259485 2.4147311843093693
-1.8186941464103232 4.997425593227812 2.465801585568108
-1.2495529761217465 4.816617520867638 3.1070790726823327
-3.5715733212986085 4.782914579004638 3.162980221263472
-1.4765510680622858 3.9720967423901903 3.5057480722229677
-2.41997565970658 4.1026152235269056 3.850178683367567
-2.0623030225878547 4.377573896947584 3.7198177795978244
-3.1132754876848505 3.9615633509409487 3.4045359609228525
-3.7240894179533024 3.088740053156108 3.076553558749873
-1.6956288517400673 4.1535952050383935 2.869156991328995
-2.5222275845552846 4.043760869640256 2.9658202131370093
-1.9234149525580824 4.369142358305125 2.9289934646546385
-1.1528180669074308 4.018279673208052 4.549774115385439
-2.4765346469177922 4.254562050199605 3.1617391454481965
-1.4989515351757272 5.560849359307285 3.2753953910896625
-3.413398040247396 3.5601123378915958 2.5567571816439956
-2.9933552350848727 4.173240461846576 3.58439370842413
-4.345643295722845 3.6646235122787476 2.6370203383026674
-4.145791235991417 3.198193229537196 3.363275093497461
-5.056485153289287 3.6195191106483544 3.389372866433858
-2.3410182249151847 5.02458092003229 3.064972411592754
-1.2389367585778228 4.9316990032594665 4.256256682425268
-2.4629776649249466 4.271838952962356 3.0728132310756786
-2.549321667839683 4.392873349083087 2.9862041394402357
-1.7824183875511992 4.2967363364713 3.1412392578640964
-1.9767587402087428 4.221464701288213 3.1749049982034427
-2.7520435104031744 3.6019996573855866 3.293505479058623
-3.702599468947511 5.123332557868603 4.273796726600983
-3.4449435401175603 2.9289124471510677 3.918250643265333
-1.9960964202341402 3.5783339697840653 3.0868656639285095
-3.4976733304909304 3.953042693012824 3.362271256675037
-3.442445393635109 4.463008503698006 3.6361591574240664
-3.328721888091695 4.076023080061051 3.4457806845055976
-4.018512393738025 3.5374643928068052 3.333185348900496
-3.799021897993595 2.4771654845724895 3.138379395097804
-4.497499839281845 3.5402290438592514 3.5001387508128032
-4.033450169943029 3.292678613605493 3.8566334441349133
-2.3592109498176357 4.388648204221576 3.6198066348291995
-2.369419008435455 5.142664169239071 4.131848488995855
-2.8990776339517246 3.8723021119196535 3.38324703836864
-3.6352772841146486 4.1996309992937135 3.1246203167704154
-4.487728385975297 3.015967104056001 3.7396391284861292
-2.3203172561730883 4.338961309228471 3.8982346172490185
-4.208953271481475 3.529277854969912 3.476704915848642
-4.503169547824777 3.625114406302135 2.429216447662233
-4.603946675301442 3.2308588585795563 3.545650373135532
-2.1928482008705816 4.882462846854598 4.273841613532717
-2.8858204791458726 3.3869695995228644 3.7538475983387096
-2.9809865489593705 3.7803076255725006 4.187071675772037
-3.3148060588394346 3.5005281091217753 3.539981337426797
-3.8151679017394464 3.7266223681577166 3.746325894139151
-2.5508425081197785 3.605588828165998 2.859760121567242
-3.320264145549766 3.8444686304555713 3.616472471174713
-3.24880279515188 3.693783619779902 3.3779788355958886
-1.8368418208775428 3.4588676968297727 3.6041192064045635
-4.8118737118702395 2.710759111531064 3.4101490794273297
-3.9993343518413633 2.64015090585325 3.8553456652817952
-2.025182862881185 4.351382313005267 3.8188782678041564
-3.7709207212439195 3.7608106248045314 3.621418454665085
-3.5797182907802245 3.954396393783734 4.538163793495312
-2.5651902557188078 4.382557898942866 3.7633849539007787
-3.458712866767624 3.9135326968067363 3.1206377098329776
-3.1808858957458113 3.5505805923892853 3.4972171025251892
-2.9276539433679525 3.4462523348988614 3.1473384921450434
-2.7924472241226344 3.9155652269471197 3.001298179956957
-3.1342734611544714 4.411748721983508 3.7835223967584275
-3.6143031940522063 3.302130007453024 3.919657887440946
-3.346691179780808 2.653885140207297 3.650559318281966
-3.9573310071742767 2.1740749919979745 4.852233270993997
-4.101169027333411 3.6548423510509678 3.4653244051571126
-3.9293253347574204 3.7487798315942795 3.476809161297215
-2.9547905055096795 3.3804152464032757 4.1940131388233
-2.8649474517532862 4.198053555188351 3.700523282692461
-3.3909087274028646 3.393667994019003 3.6024050052156618
-4.139430974361939 3.485643784498096 3.972892409306156
-3.2116324141929216 2.859118606717038 3.550049683340915
-2.9337418801042183 4.3563400959389345 3.6252724759980977
-4.015231101247803 3.2187036406867735 3.691030866107222
-4.794095520028957 1.9058120093596111 3.927810947582875
-3.763181732043256 3.3314167289024805 3.1973234676314717
-4.127630182270351 3.184129470979546 4.417483511672316
-5.197909242241283 1.3205902554567959 4.687555802414734
-3.0704733338942947 2.9725708365538908 3.9120188930870796
-3.346084568999261 3.600804668622768 3.7296952259357745
-2.775882108291506 2.3961525299003847 3.2557092313054063
-2.799018642329126 4.216823387383013 3.892055498464483
-3.7446221716456742 3.1027149326233845 4.161097417739006
-4.197947858299559 2.409465495530459 4.496164855800317
-3.8414379639144363 1.3427232794102295 4.975661035355174
-4.679267603462305 1.663394767975361 4.6117839931764735
-3.8616056893581225 3.8591333346446346 4.047413929189052
-3.0073342801175817 3.10433686199914 4.782203053006139
-3.311002676633875 3.913541681398788 3.76599973693304
-3.4037654537844184 2.9466764198901476 3.6502424197382175
-3.7577456298234093 2.4057117535612633 4.776469873233886
-3.100124156861205 2.373284714891351 3.801818388755826
-3.384165403005086 2.8793620741705084 3.9574908872745236
-2.736740303683605 3.6291677816118133 4.2858797576545715
-3.860892025915598 2.8747904874693817 3.492248618419156
-3.6545283455727846 2.9446494382673554 4.067524433247449
-3.4812495386219826 3.828217030101052 4.564415628967386
-4.603739800633488 2.387794412076376 3.9427144728538233
-4.654507017074342 2.702441356369856 3.967566969300039
-3.785133626454625 2.77795404653389 4.115189146260946
-5.297311253737815 3.2798718053717755 3.1713112423518295
-4.570332283694084 1.3340587682134128 5.067888744524425
-3.8155356839433643 3.5091781079106967 4.0396441055428705
-5.474118481800198 1.9133676058446307 4.198648199645421
-4.6514760215039965 2.5917034322631953 3.991181100320801
-4.248769861521493 2.31161555599722 4.4168700577427895
-5.107548470068755 1.5779045041253694 3.848192235942354
-3.2083673548797065 3.52589111877464 4.84094355669458
-4.695616456148975 2.4345009181015693 4.4541471340418894
-4.908741957969162 0.15912840676727383 3.519162806206312
-4.056317280489976 3.4866522915192886 4.6351482051300765
-4.549246458223226 3.320241723700282 3.9864116700511776
-4.818598573495875 1.846339900326741 4.5311022315190375
-4.3790854361789995 1.5781082688316876 4.561526044355977
-5.397560824409798 0.8043300916735375 4.050288220647113
-5.302007822234133 0.8251348565190582 3.8683591924587954
-3.7040972449999545 1.4218186041742418 3.816219863700114
-4.829742682431763 1.3908357228487949 4.196867725141241
-4.947063305460777 1.880924603251803 5.379758957276552
-5.109677177139579 1.1260235209810816 4.7545543462424416
-5.194160090700478 3.628267994407693 3.9349037729149323
-4.390231387293552 2.067431145597243 5.097092084098806
-4.371765075415025 1.6037472310006153 4.507186588389556
-4.821788553688945 0.7862507154373138 4.670416193230722
-5.277295218518928 2.2195194771541624 4.389694935196571
-3.73908988681446 1.0158129108687795 5.03474782571524
-4.651626113544933 1.1132313309866109 4.156808630967444
-4.41737868529399 1.7531983585389208 4.390821691371974
-4.51290239617272 1.7659288160457567 5.0838628900751
-5.669256470791743 -0.23915848949195612 3.958630063198173
-4.474583692715718 1.706746321077155 4.795590396954833
-4.990640873490181 2.074574463471155 4.86112549533837
-5.187759741190723 0.19994071704903338 4.965060614112353
-3.813450315915531 0.18445975928277353 4.34371736130483
-4.781462360327296 1.9947609139778946 4.357338419883325
-5.043500748064438 0.3252597859679115 5.335226200559654
-5.237866235046267 1.125167070722382 3.942035882306532
-5.626329235248893 0.9666478717397866 4.864885267072823
-5.408265565159158 -0.5229138843032805 4.160929911620461
-4.43418715984547 2.5417382777273136 3.7118194656659367
-5.843187990439797 1.3878791623306164 5.42493848346069
-4.73280590756682 1.6013940961956212 4.413835597752491
-3.904559727739516 -0.04228349124030204 4.810917132358173
-4.426646769739929 1.6421004726705457 4.8137948839932445
-4.698333272375954 3.2175256609946703 4.532697543410079
-4.203697446272327 2.495853151985972 4.595251331253932
-3.6385578341906784 3.5562843909003243 4.069300802142559
-5.01269850164989 0.43606286234036906 4.773764612223668
-4.313601736764412 0.6236075359896598 4.031233394165719
-4.23161015812208 1.3406425113550575 5.270802867385558
-4.565426436150893 1.407226665677496 5.604310597106453
-5.410446741656414 0.36735234710875425 5.19431698079978
-4.316454780133757 -0.6848531440444404 4.327913524328389
-5.627301605133415 1.036233682806363 4.067116049697382
-5.442539113805518 0.5141186249912061 4.847332182802349
-4.366394481086324 2.313981569387818 4.213730365112768
-4.850664333159214 1.1243353330563712 4.690712125053629
-5.910527070235694 -0.31098156080159367 4.730136434618138
-4.1641711515902795 0.8749999314496966 5.053994855910458
-4.705436654072067 0.6694732634045111 5.686629343179998
-4.8368051902195335 0.159439287888627 4.831398187494494
-4.936942816543194 0.6806667334988211 4.578924540664773
-4.533575711065617 0.9680713286083555 5.5647569402763235
-5.606578335933435 0.45823145962031103 6.015667562861203
-5.580537476146925 -0.03955370172421262 4.5308162042256335
-5.854895089915843 1.208716258719448 4.8868242753375695
-4.633034585736937 0.8695971319822735 4.333663500448734
-4.228183017286065 0.7430968530561785 4.447578677963358
-4.81764579375921 -1.2294169204065912 4.256073782424201
-4.6966630482719625 -1.0128362235436201 5.264723078628077
-5.609506023529722 -0.6633164039759151 5.441472167444485
-5.7805199855409946 -0.31897410459333836 4.720859008232518
-5.4500678685836785 -0.5672209433218577 4.91492456762686
-4.853691399852598 1.0806054278424726 4.854795177427401
-5.485937358127443 -0.24657407033504913 5.919884257738634
-4.681830281563666 1.8944029427524276 5.287538126870532
-5.263709860061846 -0.24580477400551426 4.869188175094805
-4.379707411418862 -1.413320755919584 4.789417773123956
-4.421511245178903 0.5619982337982967 4.01129117734625
-4.481605438887504 1.1228167873210106 5.3937465205725506
-4.791202061906203 -0.32992321324202073 5.33534299702527
-5.263547674582005 -0.08946645244020428 4.874974026580539
-4.935068111377514 0.7709532973971256 4.607132889443246
-5.340303070120615 0.3544958293921935 4.594683108978259
-4.985293955157024 1.0351572705740513 5.346104848807555
-5.123203637122487 -1.1074506447524572 4.729687549002504
-4.260288051067211 0.9990867528685216 5.293039429836715
-4.8619632818944085 1.1482150812319505 4.443685702475391
-4.522632650291244 -0.5142523193224483 5.4050231580866255
-5.520826339427124 0.7002232694298686 5.042561303327079
-4.445866684298543 -0.6556727794341517 5.031783411373393
-4.6746635370323 -0.312623214388492 5.556406916203199
-3.852147685275158 0.35733669242540095 3.978602310513809
-6.011156312039495 -0.12040233800265283 5.518756946200795
-5.290335370087535 -0.49190967775104677 5.130310263414912
-4.8803356631616 -1.748657903422981 4.362208294947746
-4.431953635275853 -0.6609421563527171 4.740208982692657
-4.842412769604957 -0.7498921950336368 4.330903144492135
-4.801242314516804 -0.8060400593993147 5.572842525334707
-3.7810373670017694 -0.6254193241398993 5.219381767322437
-4.758895929293603 -1.5155114496555777 6.778547568997652
-4.764633567969322 -0.8120910944162911 5.269348990551135
-4.572857163376004 -1.8440218875859036 5.753802538584502
-4.605389687538432 0.13874812631884517 5.271535091987216
-4.331732371101763 -1.2887964159412517 5.1648981740305455
-5.122984398121772 -0.09443024705443888 4.986870881742068
-4.955150495553185 -1.3542628082267691 5.060954512613068
-5.346053044898315 -0.622318915828493 5.168189122388896
-4.081640440702337 0.28894654719156804 4.774678769648255
-4.475311382916012 -1.9461551669263015 5.714190463819569
-5.730203775707378 -1.275360626926143 4.5543561569661035
-4.45406081067927 -1.1788518943098503 5.573914619095553
-4.134052743004839 -0.9985599046111598 5.67793582773626
-5.525956520267339 -1.060185766676304 6.316484063745602
-4.347344668683107 -2.589188666840303 5.122410461697075
-4.471974839871536 -0.42310508566042154 5.485310454525029
-4.464871460553133 -2.197574227786063 5.13711556287276
-4.3794889895446225 1.3559023906099257 4.682868491334081
-4.789757001115047 -1.5716687852346907 5.453963786150928
-3.907766760417289 -1.8966764112998549 6.21962153677147
-3.7701696163412173 -3.020855028845915 5.313634646708343
-3.975922386275324 -0.7068373079922864 5.7203030438638125
-4.162397742338109 -0.9966351510052547 5.184047610167509
-5.095341270014409 -0.07674252108742312 5.680739361836517
-4.483720339858116 -2.027169697223717 5.538746410345317
-4.544579221115775 0.80137764044719 6.094954929666807
-4.478049891773065 -2.32021869536401 5.013066138392979
-4.5420608441082395 -1.3743182979068336 6.584707007025377
-5.145313381019655 -0.7444021515253535 5.068328092971462
-3.8879082759147945 -2.5255648630623684 5.932862873876064
-4.418109608488651 -2.3322953637872157 5.236616142832301
-4.681446979442189 -3.090199396521702 5.170469661713824
-4.525508169576051 -1.8138897794795357 6.1213799628256735
-5.222837982408923 -3.1173883799278905 5.595333790978602
-3.6497077375097144 -0.3803530934462573 5.081276585795232
-4.276734584207541 -0.936251788742968 5.959787412572551
-5.51548520638712 -2.385572695904059 5.672871351095416
-4.2980489095563605 -1.1944229741959766 4.42920565445228
-4.180184001673093 -2.6510281811578884 5.526011420855832
-4.253789771617391 -2.271162756034636 6.064706446525521
-5.044444416584787 -1.3557336774157975 5.978023214737515
-3.9469610599716876 -2.8462560682383238 5.605045563620862
-4.686620734814456 -0.785720893343207 5.653060687137085
-5.11670398052634 -3.3506310178913594 5.092808055501154
-4.392360411447169 -1.8092211169618535 4.777428242813053
-5.375416818903488 -1.3839796170307612 5.155731766982165
-5.290478536342112 -0.3445777088585269 5.562433067065064
-4.907972976137563 -0.9064209593648741 5.355004142901524
-5.303925164574142 -2.25962990388181 6.325534725889751
-3.898940143165008 -3.7288201692408443 5.296846986024857
-3.935249421826481 -3.5169914490764533 6.247799670853385
-4.785021002841222 -1.7124093533116365 5.147671608138313
-3.596823019205717 -2.013361414491083 6.080828887197664
-4.829429154667419 -2.138131281676607 5.766590980951586
-3.762292829358871 -3.3427572173402096 5.344481596608744
-4.442477067807874 -2.798920489922404 6.010873114832224
-4.185403157206363 -3.1849037037481973 5.261454709844224
-3.6630992774616518 -3.580399850973253 5.548527710187921
-3.2623464074711004 -2.43813549418894 5.063634203727206
-4.354986316791515 -1.516337174080548 4.892714179913498
-4.819750811032558 -3.858361310156138 6.937104580346028
-5.2221132057193 -1.3175832796430837 5.334437405718303
-4.26041016706881 -2.1324666960316017 4.609076380386015
-4.994827713714052 -2.052887353221605 5.637513715443958
-4.592607706742479 -2.021842921192223 6.2427931374024395
-3.885790679017086 -3.6476536220325886 6.206486411358536
-5.099625306593989 -1.2924573289547225 6.016631998295001
-3.5592431851448683 -2.2582136555609766 5.696380296096539
-4.147958476603225 -2.3681209574250386 6.255919538699038
-4.830288007533966 -3.444950190544008 6.2610645318214795
-4.048081127111797 -2.3692471345913315 6.157388474400087
-4.6789731291933805 -1.4673293599793649 6.7580556593104975
-4.428656205811841 -3.6542631087580424 5.835433590151129
-3.8760679027782867 -2.575520369862366 5.0217831629435565
-3.4861528268445916 -3.1779951476252233 5.980450327915403
-4.287125399524187 -3.0185618415704636 5.574356197982018
-3.8267756917375175 -3.951338462509916 5.69649562722692
-3.5698262721007725 -3.1530809837146814 5.8615561708377015
-4.063767792986994 -2.786162856367421 5.889026240379621
-4.454891622270915 -2.8187572580672664 6.276246715422163
-3.5600673340116544 -3.3858165402081633 5.233967261368124
-3.572301421513241 -2.384140904960675 6.909402173705529
-2.584906532151578 -3.60636659380502 6.304848220831673
-3.714061277465857 -3.476586161248581 6.577089281566045
-4.549845352728639 -2.7078281781639975 6.316138259160607
-3.214867637192505 -4.0433213001834165 6.1946866074995155
-3.3955629419698945 -2.6427529586276703 5.980095409138337
-4.155817214389686 -1.9763043825269957 6.405749375942519
-4.467573095691653 -1.5793278839418516 5.845717055120989
-4.391866067510276 -2.7728888245170586 5.9090751826944645
-3.5289486923253177 -2.257586096323801 5.306325963740108
-3.7963237568210224 -2.652884952357883 5.604113017876743
-3.83670560628296 -3.351068019943333 5.3487411408855525
-3.2296782934079933 -2.47123192916923 6.028664943616916
-4.566509939507842 -3.4456175720149598 6.688557601521258
-4.1191863948796685 -2.268838392373371 7.172314331381015
-2.8577182214155856 -4.065999037116003 6.194290927250597
-4.798570761249677 -2.263801463729714 6.4731928147722435
-3.3731380930351573 -3.944057783333023 5.96250024673449
-1.824003299185293 -4.471546784853193 5.367420190814499
-4.137255732626761 -2.5614768818885465 6.151947415200359
-4.049842857288678 -2.467882972170706 5.815903431257713
-2.4920630527403467 -4.125672319342087 6.035000274196852
-3.7710353223760764 -4.543071191622779 5.882944524421764
-2.4454124706963545 -4.3314688103797785 6.574533928064012
-2.903734677730848 -5.097194968891683 7.059507914680193
-4.761758689883457 -2.9824151656107336 6.578810536371964
-3.283435571599269 -4.439986483929184 5.570307292579559
-2.973002231636724 -3.632453713546476 6.360932854455974
-3.13145208543758 -3.7020266946068623 6.078522392974227
-2.4466736129787114 -4.707439388952933 5.664049201722809
-5.38910511480773 -1.0401363977097438 6.432442676223289
-3.2445252395589876 -3.9729086464385275 7.169033174157441
-3.261568892907876 -5.158246964013323 5.909305698942567
-3.0374424491495122 -3.0333943325907473 7.002541166570044
-3.6952165565933646 -3.8059459815898813 5.2341709354734025
-2.6626866798276194 -4.428621438520624 6.7931576898273445
-1.9910979020762727 -3.7243326236643663 6.04265724691129
-1.932030864045926 -3.7010775438374552 6.0001727035296994
-3.4867863074832877 -4.2677038109093965 5.977766975193676
-1.2551217562361203 -4.500851394704991 5.382830181360006
-3.7009421910535814 -3.66969504903717 6.84342737138463
-0.9852408789304119 -4.210655633372406 5.923392891859577
-3.4816530781984976 -4.038273210068996 5.874537386767774
-1.0310260779193026 -4.812884540045699 6.3430370068985145
-3.394028109274951 -4.649855483390285 6.286352980990297
-3.825098232033248 -3.539336254974248 5.165265621908235
-2.159104246157633 -4.7392944200187275 6.841954886702118
-2.143464776096204 -4.470367869697402 6.554901620028102
-3.3987997804423014 -4.286151015881201 6.507036282354145
-2.298987645451726 -4.7417745278025025 6.599407650001732
-2.5628214426761806 -4.075639941597097 6.661203070784474
-3.5898514860049726 -3.5286206041556745 6.518365152740333
-2.8612500209150875 -2.9169559254083204 6.641155161101414
-2.420441231986895 -4.641865850326321 6.589889752218772
-2.916725119422816 -4.626129951092854 6.212731319924078
-3.743433191516143 -3.659670821333581 5.93080212910836
-2.4825563226856233 -4.368934108605238 7.30449030552705
-3.54157438226369 -3.663140146827707 5.9912666378023545
-2.832369416080951 -3.2820728521985907 5.832868663757672
-3.4623795189121487 -4.364209808469125 6.8355936355070845
-3.2784141820613892 -4.624010458226055 7.422021878664198
-2.422294544479731 -5.156665856616086 6.763870101733203
-0.465013222745875 -5.168201437464736 6.426343016390675
-2.8870069147748985 -5.52748471398838 7.058127654782478
-2.5585509966526776 -5.2817419102357 6.0940393094536685
-4.243190949632584 -4.513180523347745 6.6957147521451
-0.968788670270208 -4.30014780404847 6.81234733227163
-3.857065925550693 -4.250448492801469 7.592479110822731
-2.962834409157657 -3.7175055832054613 6.220399650687838
-1.9245528371241867 -4.392405410191543 6.464608555872369
-2.7948589747121564 -4.13869833157421 6.118456772030532
-1.542420827892693 -4.163220228531662 7.33932357862345
-1.735019141054963 -4.375698577139919 6.986311358431531
-2.2432864286839234 -4.647663804929279 6.657861018051838
-1.6394617535359999 -4.915954880531271 6.711256014871565
-2.0632659263430266 -4.953054292483744 6.891872759931591
-1.0534541796056005 -4.961518008551862 5.807218896410934
-0.9937849356093107 -4.411923382607059 6.587345564353541
-0.4694464883148107 -4.743628501345976 6.004195291047672
-2.0143307317337826 -4.7805361531396455 7.3173678424375
-0.8296322572273381 -4.554991000593923 6.934464561524872
-1.5991659026477207 -4.80831262435895 6.537779062782705
-1.6375312984048722 -4.725531771671966 7.846121070818823
-0.021339610716977365 -4.2363992476978645 8.024639978931331
-0.9714060365145722 -4.387147444518254 6.943118287738697
-1.3774435903242948 -4.863969664280006 6.949681725695646
-2.5596454385496012 -4.345369148841187 6.4588142093703365
-2.366289063697832 -4.394807706396205 6.82353686773335
-1.3130499650419747 -5.148604918975503 7.518377293774419
-1.9929323313738312 -4.164828588176026 6.417096522096226
-3.002747133429166 -3.8601290481664536 6.568502098080737
-2.5326185782413484 -5.0768221602751655 7.029511982714807
-1.2556420240643575 -5.5755065672306605 6.6161231340665365
-2.2491800984388663 -4.984850382435263 7.888626909868973
-2.173540206418841 -4.645027336443605 6.21945289265455
-1.9656966290525344 -4.929426864014392 7.006103853508551
0.11610383631686708 -6.174565409179168 7.213147113733896
-1.7307079198607924 -3.872761095903302 7.2952046575687
-0.9306638414404604 -5.002177732160443 6.838939997370796
-0.3557464792982332 -4.629014336528229 7.049864621395134
-2.8538665178211318 -4.405073051395546 7.442560070062492
-0.39256954402935024 -5.073572561919728 8.142306506372792
-3.2155196031714333 -4.944569196582354 7.127764871322684
-0.5668167748026887 -4.069577414161119 6.816193932770475
-1.4659516340465812 -4.367552061618813 7.3714779707680025
0.3052228308171837 -5.277980860424009 6.84017696657733
-2.7239990392017135 -4.527683736105963 6.907991391354348
-1.767822677603765 -5.1176629883098075 7.367745471572066
-1.5998574579475688 -5.135854636893606 7.749185241832896
-1.2998372554707969 -4.534753831756548 7.463125004163275
-1.0157842781524786 -4.600877549129132 7.089522759125739
-1.0113683489724707 -4.838874603905339 7.207192316881375
-2.073593992099449 -4.638544386597149 6.9894107513055195
-1.9103481850400652 -4.969958009821313 7.761223019025101
-1.0028503248809335 -4.717796849610518 7.189043251582358
-2.750053317365491 -5.438852069025241 8.019390860289448
-1.163319074814406 -4.660662296553766 7.563552930317851
-0.29936325975876493 -5.099204393788069 6.24794162308266
-3.0649600846984018 -4.721106212744484 7.35250901168155
-1.1194467339319252 -4.389225913567744 7.844311294182992
0.7226092382912469 -4.755072305487298 7.733796742063918
-2.6276878172785256 -3.833675994244906 7.7094738840673145
-0.1732202772923171 -4.282022168362417 7.377475677026737
-0.20121103554795325 -5.636144157511953 6.4305176557666
0.5517029697293057 -3.800274189252804 7.206232706421422
-1.5936025862760588 -4.3296341051167415 6.521427619365607
-0.4482681487899775 -5.8372266708659915 7.024402307059505
-0.5406577417446053 -4.5113179881880345 7.666377092259076
-0.5651700759453744 -4.90691559327362 6.761218163975615
-2.343146002692282 -5.628292001891377 7.295138229165567
1.011202064359376 -4.967232699082615 7.151383884412805
-0.5552025356187984 -4.659574297917763 7.126837480145285
0.449108459909059 -4.490547519132869 7.968963573753355
-1.0548361686146979 -4.497748209164447 7.366368194535297
-1.0397928306281536 -4.415837398839675 7.42759680834029
-0.9345614951470009 -4.293020009421905 7.791402965259251
-0.7838679532863777 -4.9836445299329455 6.102708423238072
-0.1881049592140469 -3.8244216145942382 7.380671312011692
-0.021511579670778585 -5.172952443818589 7.035256729762638
-0.524278603621388 -5.135355160492732 5.858460194176974
-1.1288782539926128 -5.390050384526568 7.854154035374081
0.2273926907123429 -5.57766284127748 7.667533386325687
0.9224940805713238 -4.873667095483786 7.0446690292822955
0.18588485061443427 -4.856528935321628 7.783909295176236
-1.549211328794699 -4.995428703860655 7.649028509756219
-1.0713415137906215 -4.822149939192668 7.279966333537848
-1.0739999685153412 -4.864498245607433 7.561462349832207
1.3072184439065129 -5.39022994422736 7.443004307536504
-0.45803458012012904 -5.385714632740891 7.794070826349041
2.173789323376049 -4.770665726321867 8.309301222038224
0.7691055863660238 -4.0717483213499275 7.4799581826563335
0.8027098239403068 -4.452724906206503 7.4432234225268905
-0.4477401003708557 -5.415737510980773 7.5272676804185865
-1.01711463622237 -4.905900577415399 7.172021562625518
-0.5314606092124297 -4.362401103354093 7.876840770134199
0.8062788332616717 -4.47677427560865 7.61855227585333
0.03700803530208611 -5.386833105585842 7.721025210384335
-0.10987836692365639 -4.4553366693006495 6.707523688516545
0.7683432404055573 -5.430857986840525 7.9787470455601
-0.5685150426903983 -5.628375357128914 8.323472352880806
1.2138452213833597 -5.535019534573583 7.306959588072361
1.0350995559307867 -4.772438444321136 8.146923756130127
-0.5083742662646686 -4.131968065636367 7.35542344536181
-0.19708457865843412 -4.7805192000744015 7.0944165745583465
0.41089409948229255 -5.205604615155846 7.499897923373792
0.00806978448133629 -4.441698441542375 7.579113131418525
1.3379827911849302 -5.821847372029673 7.746616273130645
0.7865358520459221 -5.8485239366867345 7.050163584319015
-0.14863549038223012 -4.408817465440598 7.981999501783083
1.5619907201085368 -4.806628577310147 7.7640013243147985
0.4978208997329438 -5.074314704305889 8.35128755632447
0.7715727493300031 -4.820527454982875 8.819224263256382
1.2457029512363447 -4.996272866929497 7.527002806435667
0.2648541558320034 -4.514336848636052 7.323472742710643
1.8762181130529414 -3.9193151856732724 7.994221769420978
0.8591924752832755 -4.493698072192273 7.823829632970514
0.8351913581514513 -4.042687292327585 7.822391731656271
-0.3504526648131942 -5.7004346053581 7.503805977931132
1.4770837085985653 -3.992282444286903 8.616333741938375
2.4316558660099283 -5.045929815987998 8.662645169755507
-0.6088724496620699 -4.703839638266883 7.479311999475246
1.630670842665974 -3.910093902734001 7.690785747412614
0.6922562139395652 -4.165123121582409 7.709241255001143
-0.10707995488732365 -4.694868395375854 7.874812497139615
0.7822858283795558 -5.511945634209432 7.810661731201034
2.4935630637919286 -4.833021494858102 7.932475106693042
0.5274440264533026 -4.492552222127706 8.233019829727914
2.718263737086924 -3.669935611502264 7.542837214685094
1.4326381086793594 -5.538670801043462 6.935096373144176
1.096773568901313 -4.412655345602218 7.297960088456396
2.1623740819089767 -5.253824867661109 7.982468869712564
0.8794625947595 -4.562998872029376 8.00102167843464
0.12514177780968674 -5.3452779285987795 7.361240172650392
1.6190837799493674 -3.9318694462122004 7.340500284786904
1.100423249400174 -4.96653570539086 8.61272384574466
0.758027303390489 -5.313771199910736 7.396692018194847
1.4498497751976944 -4.288804442033341 7.761903192856566
0.39111317468357426 -4.540615427901086 9.066085174065362
0.6094240517652209 -5.256190344323109 7.892000089043093
2.0226109053078973 -4.042855625963219 7.992723713130385
0.7279755497457926 -6.043335291376634 8.097853515201368
1.8338325088561447 -4.876801282598583 8.544026862600752
0.18609341160131396 -6.347907101436833 8.428654711859586
-0.5937428093671047 -5.1970144199946295 8.404735812088083
1.5856028674464036 -5.034265517248612 7.980695582900216
0.888235726844676 -4.446599138795993 8.266665383093898
2.0948695609906562 -4.268490416810337 7.751883825483714
-0.08588203468340391 -5.413017503534004 7.904374802179447
1.570296248099391 -4.360682851070488 8.339953341755187
1.667419909127975 -3.9912413119164376 7.292101196276466
2.3046616518291825 -3.3059303360284638 9.172666662779815
1.441282302169126 -5.1381204748023475 8.295752648161166
2.459301776474053 -4.235988041956429 8.304548916177984
1.8217847002684444 -5.053040628123399 8.69740965735416
3.6647044707214764 -3.532191933143236 8.349792088882824
0.6474153676934147 -4.824589001903198 7.514936231093705
1.5080035948661537 -5.064256117523024 9.151046856995361
2.298256632388127 -3.9594704703233257 8.040484220261101
2.1762342246292428 -4.728269692713314 7.641689417879213
0.29917792439395 -4.546676474632085 8.171041299113115
1.7082438228934094 -4.520323331520906 7.842285202613639
2.6585933969851165 -4.725342037893333 7.926886346680849
2.020704572220767 -4.4322810793250795 7.984312733730106
2.360135838765067 -4.29521587139897 7.914716869848995
1.884340377102361 -4.8932753420183515 8.557139658623356
2.443217271380062 -4.336136978854138 8.349229009880897
2.7876330152518403 -4.316313775283018 7.940223476419718
4.395831529040047 -2.0218772173504567 8.125967372299463
0.8918142219104067 -4.447460432104872 7.600521535627708
3.0476890673417096 -4.732104163275949 8.677371899302358
3.0071922565808573 -3.567005505211384 7.959856622566781
1.8348604800381494 -5.09259852645067 7.964105534562332
3.8128676223124534 -2.797466533431979 8.238847547533599
2.9941869698264147 -4.761550805948057 8.503634970616853
2.230338934829412 -3.696545637790185 7.565285245573259
3.4353965097701975 -2.974552814869478 8.546203300816297
2.0135384016810525 -3.5188462406035645 7.655055508450206
2.3980011584919056 -4.163545623188034 8.799680777684882
3.393618830874356 -3.371786038231602 8.388709001550566
1.9264156620992394 -4.57830417655645 7.8775951732885385
3.210197993608998 -4.828329784012176 8.071845790883797
1.9163499698072741 -5.025702177627394 8.251968825888207
2.612368962509156 -4.474572621006077 8.542370771027178
2.775735296147978 -3.462929749674177 8.302053529302897
1.5410370376330729 -5.243455929953607 7.88634453852943
1.7250771203764719 -3.7835494685865867 7.98046603317853
3.303420034099961 -3.6041971018473857 8.735956210570142
2.7166167334558695 -3.637314552401223 8.48456827318475
2.1748812865962264 -4.404531655795551 8.575121671593799
3.5867462592883412 -4.1012917039981325 8.393865748087357
2.278932332950965 -5.567675139797304 8.816823991445109
1.690399161246261 -4.3711340219853785 8.744144791423487
3.8065396906745286 -4.241064773581602 8.77976943851347
2.5035499858178327 -4.553477887464239 8.771559966500488
3.227897897033785 -3.7012802486812224 8.248411569854754
3.61185895456272 -3.529298078259223 8.526634454675152
4.142651879023427 -3.360469050638834 8.437505124096239
4.3160884204368575 -3.6999711593759144 9.090184230106804
4.3484710000462075 -2.660136773019303 9.58609934046105
2.7182496338655477 -2.6109773555175377 8.709506564139042
1.6247354294164964 -5.186097576619037 8.302969967071592
3.295186774596358 -3.6028846509274657 9.13330278316774
4.139818333912513 -2.886792260703417 9.167342719078814
3.6845550707808576 -2.689328550529757 8.503310493521578
3.6995349270285494 -4.083912689671246 8.663261858067
3.3177270620755515 -2.355416872601108 8.183606481710417
3.605011823124146 -4.32825232126683 9.25636313540898
2.5657414644989287 -2.56798518847955 8.970606122883577
2.8609797908407915 -3.8708360997866005 8.813741704326382
2.2815667283325065 -4.077669362932993 8.187204416229097
1.9624647186403394 -4.682725863535755 7.91765219291109
2.567391618972759 -3.1093397315805245 7.9814889736834145
2.4485016372253487 -3.8760415638511043 9.263599932769234
4.767680919582834 -1.2457365853700684 8.216099418638294
4.096943685763666 -3.467901845064816 8.558461904572471
4.006849502404542 -2.6519817534488817 8.037857981051511
3.196493826808433 -3.4412906896032958 9.305690889042022
2.3431516976206095 -5.24045531231521 8.38204575498219
3.7366899347652787 -3.0292194763156957 8.326269593541014
3.4211699041731327 -4.403461415501265 8.991849159095313
4.064733840433097 -1.848581960352811 9.344398551745547
3.958642987863275 -3.337206867510454 9.191169806282428
4.056332288216305 -3.3626650761090997 8.728848292347033
2.6320271742508607 -5.159479010576526 7.586689463237322
3.6402716028209765 -3.4411334505813334 9.331770847515648
3.4299412861023857 -2.5256017061391045 9.705665315183037
2.432162740080666 -3.9221839651521044 9.164954604155398
3.850622908553702 -2.5054550702281424 10.037544577739185
4.724340754394573 -2.615552835328228 8.406950197946367
2.994985493848889 -3.3906880515232976 9.102984165666447
3.0245091378304956 -2.848857843656065 10.099734642708146
4.256896851496499 -2.690794281632905 9.264830296804583
3.057917657629231 -4.205217229112855 9.116550596004222
2.9449125149689137 -3.263203737221163 8.978087191019537
4.514959951356343 -2.583297153304835 9.499679563368193
3.586920298284502 -3.1658195928731634 9.104014861030866
4.349879048504092 -2.275867530391317 8.837073560891284
4.755418941429699 -2.8722154358091836 8.407930642299725
4.444213098943383 -3.5485436776795996 8.1258083898663
3.4340610695136 -2.224212705007656 8.30730917926348
3.05636447186202 -4.261382960904594 9.17321698244993
4.345422164704707 -2.16628904644791 9.036495168208301
5.795867873624138 -2.1777148680077505 9.049313284327157
3.532892249752068 -2.1504807014907454 8.834573046874855
4.157018916247998 -1.8759788126903814 9.405240602051933
4.293586020457497 -2.4335757055966964 9.208258823816157
4.259441204430376 -2.5002387969056667 8.537939297630452
3.749996431049543 -2.0510863377517965 8.982634159796648
5.868583585485336 -1.2350368962974965 8.436582608852497
4.1044853357148545 -3.247883502192159 8.962019024366056
4.860723521994815 -1.6834882370156277 8.320526946496642
3.9295176276546866 -2.3596977453456187 9.111945765836706
4.051499100366354 -1.7053122234771736 8.968696771716179
4.836277681918754 -2.4442430999470552 9.120392621214398
3.8478938120447173 -2.6361492528336417 9.494367899773582
4.007548299090036 -2.2284749253155507 9.104100731060713
5.031044920589281 -2.8836336318547335 8.94227683683278
3.9631849754936455 -3.724878417737912 8.170160248467019
4.885546498039335 -2.7733510693034553 10.028789839800455
4.6490670715664875 -1.2376092231215654 9.166375506969478
3.868304072748851 -2.6403333677999266 8.068732371736141
4.422042346431899 -1.0606990796198092 9.7050359962197
4.054770478799995 -1.42259165074952 8.812223515325039
3.9121329552772943 -3.729561026993758 9.035508678980817
3.476225644732581 -2.237840314219013 9.648446081678715
2.8791375019989083 -3.1643498229032847 9.261130749625725
5.240944354038111 -1.3313893903469958 9.620416123310498
4.506506412201634 -1.9249095817782245 9.436973382702321
5.37319402963196 -1.7803742842567039 9.017201966825995
4.545996913384086 -1.8422008944403712 9.524901954502331
4.423466776210409 -0.008324765001332054 9.534485605636242
3.4741616817350622 -3.535376740894358 9.44380625549022
5.867822078289946 -1.0769454885231284 10.216937176296188
5.904196876960587 -0.6626153986550442 9.694429986185327
5.524892484985657 0.360774442433966 8.681572097574646
5.066582713470923 -1.5715100049997388 9.461590273127936
4.8844546900436185 -0.9865739981174266 9.563262932916595
3.9377518001012715 -3.2324769904566883 10.063344930615944
5.159950848918702 -1.6111089119550552 9.15118799814515
5.187828775636853 -0.03967112336482817 9.31621728212855
4.216965155710205 -3.3711890439864085 8.608588353825159
4.466800596886323 -2.707207361175007 9.407762493205968
5.0058218973369755 -0.8001477338317077 9.750411173062238
3.3047698961433745 -2.9707475036481785 8.38664410327037
3.629110180610635 -1.8323267228892322 9.939157952912588
4.607765295931082 -0.6453289278538926 9.918590818267667
4.726935345397858 -0.9852057200351224 9.439296674691086
5.0921864969483925 -0.9162473034305616 9.307249969405884
3.7440654881262847 -2.6188061980748945 10.375517376214363
5.4638146033623665 -1.1159329883284774 9.128673863771185
2.931103032285623 -3.069037157415558 9.836317445088467
5.715187754443363 -2.0841785917874764 9.148886278035086
5.089897589137282 -0.6959462963125006 9.954111032027608
4.0868619694473525 -2.9748395407562733 9.423989289708267
4.533840253009131 -0.3863070583639865 9.676497791318814
5.342129762331335 -1.648380011256769 9.743968178814313
4.04986984406022 -0.5950068460299853 9.729279649104221
4.945475419701748 -1.6481250611217526 9.372965440859288
4.991562800313179 -0.7177105735643226 9.37590507965369
5.435214413140499 -1.5128162463269614 9.390589548433942
4.618482953568223 -1.8731923829094237 9.684675933042275
4.7392368708459065 -1.1193604426667991 10.321809785027662
3.8682924866407213 -3.0992312758125387 10.224881010951803
3.8738668277281367 -1.8434515406467717 9.50136390364688
4.8381337230160595 -0.11450186747523582 9.76824882930544
5.019691372473618 -1.0732403772387014 9.53231692645058
4.567483989766113 -0.5958687639080245 9.242071735500273
4.816835122470858 -0.8713388991189951 10.288418479743285
4.940022419424719 -0.9969655254510522 9.46197135216346
4.655882642979296 1.3791022582706658 9.31978101947657
4.293794159955469 -1.5380855290486801 9.538464273388815
5.252382187060258 -3.247036018221908 9.346625757622805
4.892004028007633 0.428535840082334 10.454703064745265
4.930408763352047 -1.1159711079854648 8.58054788987486
5.221453413818111 0.4841214309939434 9.684938266383906
5.482472100727401 -0.245185362212213 9.903744937573356
5.784525988656192 -0.7692103907854028 10.222619561702222
4.198250895808016 0.05722028002528997 9.752932661948586
5.114750952852444 -0.3631774184936162 9.347928712315323
4.422826749914396 -0.27713633870787013 9.90713703577285
5.6145405393589485 -0.26383505253450173 11.530768365673019
3.3379887102279384 -1.4939132656093497 10.033292578908942
4.168883603307017 -0.682953703816316 10.13695568928506
4.5975072158867745 -1.889490642831538 8.550102679781117
4.649030011017241 -0.01123756474757733 10.12572533547307
4.43973734592315 -0.6896866174486915 8.626227431836478
4.8711507318269724 -0.4260493232997704 9.619674232599287
4.586843289114426 0.011413389040113176 10.127777317703321
4.052984431906182 -2.1963364088408968 10.058477656628245
5.4776315546036765 0.8067168661855233 10.965380726211723
4.914326178625271 -0.45074670356360974 9.539580596845381
5.794319318184854 0.27646265634655914 10.312647551995905
5.145971426189297 0.7867218851837144 9.563748056447453
5.358189998905873 -1.5659182627173056 10.052896080954579
5.102831778875464 0.037223755145898485 10.681366196738002
4.7134126643913286 1.4515941166251483 9.763466537207165
5.09465061798737 0.4882126859437072 10.32873000509011
5.315875336031709 -1.1598419608411106 10.98281805239026
