3.548129582992458 1.5519804090700797 -0.44937031021424345
4.744937523921071 0.9187168610463342 -0.7332193909293699
4.620254465730117 0.33817692850917846 -0.570900031028649
4.560037516861359 0.3049778318810891 0.16481370892400818
4.802974859598225 -0.07710278842373654 0.1297403650435557
5.3337279402555895 -0.13827207482682968 0.16136144177172523
4.969572346284263 -2.3657006811711843 0.18243752408603953
4.856749460405757 -0.12187203939798444 0.44947022134255926
4.818597502479993 -3.551392224232256 0.08015609109808157
5.2317753507358 -0.49639281024522214 0.1346526290549255
4.842409855186846 0.8409746299957006 -0.3016949382678741
5.283672278134619 0.26714513868905143 0.12792289614921776
4.517595721311839 -0.9650568370041306 -0.15522469218582102
5.686024151120203 1.0689977822096883 0.37524968382093804
4.980440322160997 0.039117012316549175 -0.33168210982646373
4.501633982888969 2.1216690696115403 -0.3489692716660322
5.1885502882017445 1.1856152174814127 0.054623233707127586
3.778309257801063 2.6281462026097078 -0.436124598143367
5.152803668828713 1.004789519185039 0.2615960552377797
4.7550475254086155 1.8180202366365377 0.2662287587991715
4.636230365805593 0.23298363604886696 -0.10139335427811275
4.7028003114183035 0.10881413822400529 0.06521644764287968
5.009149538104143 -0.4397793375154309 0.21352691452677836
6.141317097529361 0.26243305635074216 0.6901301316923971
5.071055133773811 -0.006483522408985685 -0.19340788424869754
4.847123148803785 1.94144382593232 0.32086194283370495
4.801444077623481 1.877694301704222 0.8799195206567603
5.485200811784136 -0.3506352036668653 -0.17428600864391097
4.252788948982823 0.9322343625286468 0.4319020627228306
5.699024144875839 2.2074477120331286 0.21795628778931248
5.357484661028782 1.755834634716864 0.27603258187197516
5.403736478228231 0.532916200073703 0.05932566890928581
4.085273616793513 1.3139829044306022 1.1348180687549208
5.288976704750058 2.0608057969194666 0.31403910871330004
4.575669817867874 0.7013716846334171 0.6635349323032511
4.725230422478661 1.1919919079949406 0.21681262981472124
5.223303837477472 1.4900531124966843 0.25394733566465366
5.040434922295957 0.9862254314053356 -0.002550923094224833
5.47117989283125 1.9412320737389022 -0.03864996045700547
4.365197823175791 -0.062181280664112486 0.031930734777607384
3.5691750830025355 3.4420405507322953 -0.10483589636104773
4.1304266780984715 1.4249493362675263 0.23561362758785945
4.699341344773532 2.0265923193941147 0.8848863500075848
5.077269441402335 1.1524532032904808 0.11553201816054048
4.937989544461741 2.1381590382759783 0.3656319235541915
5.175384921864484 1.9701181453341496 -0.23572664387678033
4.8935124813599495 2.0026765920066505 0.2780627892204438
5.368414208401946 -0.2597374914004697 1.1398354258808587
4.625939759127743 1.4001669206779546 1.0505322505631414
4.714131425159906 0.8886492184556316 0.30058413352379537
4.82679925763505 -0.015150381523679904 0.9864454872358411
4.813025215671236 0.6456018919735409 0.4023354270417873
5.433777295807751 0.5691771379247069 1.0477346738807471
5.003836769637461 -0.17465352401176304 0.8618580323041121
4.254446402997256 1.6442829910610406 0.9500380302540774
4.383019505531032 0.5568890903241993 -0.4679863159236255
5.395688149804982 2.1304972073720183 0.5888036381094682
4.991254647797672 -1.1034361921816693 0.32238765123836965
5.305410471371133 2.7414183795933815 1.047928070068306
4.798224383177607 1.886817980288467 0.48799319340238373
4.846613067536984 3.0547977874024874 0.08850719067627932
4.43760772785201 1.582846955759589 -0.07313804783684352
4.426516963680842 1.9155698622991941 0.4481569197028472
4.498617980798792 2.2733063985920907 1.3781378953694963
5.344203100710855 2.5583319967010536 0.8275379641272205
4.878357368217365 2.274807051228783 0.5436941188169614
4.514249980039313 3.3508216258207275 0.9584977763287128
4.81097150634315 2.1068998847699305 0.267434527873136
4.49505359656709 3.3899151960671827 0.4716477255671214
3.869621351730956 4.496777123885546 0.16047553271865211
5.099147197166842 0.5371958284077124 -0.2969075809802687
4.257074286603639 1.1156671118919619 1.1079146048391135
4.208684803003605 2.538731022431496 1.178764431424538
4.497386023743427 1.7637747336257754 1.2234691195760878
3.802258509459487 4.088861106059042 0.17888575294306752
3.840355646463273 2.5915799544727056 0.8048423641549151
2.531862184746121 3.524382766521613 0.581122748941721
4.002237863416524 2.249511977809639 1.056481836117732
4.210691945178143 1.2601673632862977 1.1680333817895898
5.351233740953774 1.493875380804697 0.3530708990755508
4.068810463069069 2.3923943367098217 0.7610553812467101
4.967792882362859 1.5574832384022832 0.9247231315048327
4.501899347407409 2.623913155301431 1.3383957029135214
3.2297344997891506 3.3491351292199267 0.9799152063290596
3.566054878846064 4.108155865344022 0.7135405253264612
4.577227759561796 2.333073789243149 0.6765197697095642
4.004740122144195 3.5359383689361708 1.1421736128369813
5.076245814367984 2.96174410680051 0.307085467108808
4.2749620860151705 3.593519246183896 0.1289797576702063
3.2975350757091406 2.6024922382116134 0.9329365995894965
3.7822182890784743 2.967464986064307 1.0123738074385915
4.645762231947926 3.205880993610661 0.45466943523159425
3.7569304212073447 2.4895701159499026 0.9946637376163525
5.010102799136121 1.6782551902403262 0.7357051484724675
4.2293283339075085 2.3735025989425984 0.413812712546313
4.805400582121199 0.19337803549691643 1.1092802194561495
3.0527047134437533 4.589846158661942 1.3645804916486135
3.9993375853192323 3.1959143582745413 0.4144134497639169
3.353176092509304 2.9778902123747657 1.3258997423034586
4.557638835333743 3.0698276374217004 0.1893345467238562
3.663944487706282 3.9549342307876065 -0.017029679741326964
4.181900551578875 2.2064029924218427 1.7836966476318277
4.633053519991927 2.158895398584798 0.5801831815328296
3.422216543833325 3.4616171216137626 1.8122503342986238
2.943028965666388 2.9462861779445864 1.1526142606397702
3.9647312840092086 2.7451096316066668 0.901951388966919
4.737549903067995 2.1195664825123894 0.8801799323471398
4.8630673678253125 2.1699905998408267 1.015454097961551
5.233620947536754 2.0001324195060772 1.3186928785827106
3.009837873212887 4.231342629735142 1.2246336291871929
3.4567945826899793 3.729833258992331 1.8296166254755044
4.146264026836883 2.733102302220056 0.5335958657751367
5.4935435021840044 1.7674807893897262 1.2811445593950919
4.927501901730907 2.944892810955313 0.7551779132111996
3.8124078288846124 2.9042265357659534 1.1963239398072454
2.885277731164599 4.099076793672442 0.7347784764875436
3.7573880451865582 3.9564093573128716 1.332092313638286
4.175326346857729 4.272543831828164 1.138445092488422
3.1848853227109 3.7084460686553364 0.7907031533387849
3.5097471075906794 2.8881074448617468 1.1352419004060548
4.481748037828672 3.555079040279896 0.658751134810658
3.674472470227404 3.7228821733010444 1.3793645713290155
3.0837429188823355 4.330826430244083 1.3598616458471489
2.0748548053904377 4.933100798352577 1.9056508047130498
3.769390726866895 4.0551698422950615 0.9994503020198191
3.603056318804562 3.8162589587617983 1.7582723844695085
2.875842855827613 4.11712987408979 1.316503365125001
4.4619634604024565 4.23696792897445 1.3029571263667947
1.6536361447806207 4.113378080198697 1.2091490357780084
4.435771173628337 2.0691147176980045 1.2163989834318534
3.942571537045259 3.0642229030206467 1.52209767390439
4.032718354133862 3.6544176413381586 1.6459810628390565
3.5917114278291598 3.6439893188610766 1.2995203187127748
3.221314527965576 3.6081992694890075 1.73205813956936
3.796483935315987 3.09610921796798 1.0911865793147293
3.615597680310824 3.1355476174437156 1.0872697346779805
1.9021742698762707 4.495690648562309 2.015151385406059
4.103152979736666 3.3197461010066784 1.5446343574286145
3.247003721885728 3.759797948465413 1.3366279323821098
1.6006088378118013 4.580752995739499 1.153719718107672
2.931542036753413 3.4254030275916523 1.1350703124510388
3.320088149636143 4.259016483309378 2.3863245060337026
2.0934204089173782 4.48377765910269 2.1190608715024273
3.477383332105114 3.9071454045326655 0.783098410066734
4.577187284742631 3.157796298763305 0.8229057436730636
3.595115232418861 4.0610558514304245 0.6527329104431404
3.3649863223999863 2.3831751419414626 1.8248088331223307
3.58998558438129 2.626794689279182 1.0406877448776215
3.207590939768388 3.762394690068403 2.5485203780094023
3.002707210625461 5.274732121976988 1.4386805151493198
2.416583279159749 4.341188879012108 0.9731351023097078
2.875625701369762 4.279589145817112 1.4314638113716165
3.882574745765079 3.5012029751269917 2.086026600562229
2.035223023485167 4.068230732449901 2.0246749442389462
2.5029338735970796 4.194493817235426 1.8523336057181081
3.248148174690786 3.7987141142237784 1.6863521808237807
2.720213880855733 3.4155059593741983 1.2811012819421994
2.316005734559918 4.2542727783439 2.2338866813553624
2.4005716894306706 3.7635435847739984 1.440701871196067
2.083496017823749 3.8611189590194264 2.676299292112164
3.9187341012250227 4.088113862254119 1.3924823063604337
1.8887606613367272 4.992126347500899 1.038416863221892
2.0151505326175565 4.530227681155096 0.47952766829666515
2.5004753862421345 4.5492866171079545 0.6872040920527698
1.8068739282385264 4.726438091808631 1.4853007826856275
1.6563673035583344 3.7471867039851023 1.761412835491588
3.1578719812110196 4.037795994759466 1.3305748756346079
3.3211319523103535 4.177050917758229 1.448211963290302
0.7946829587163874 5.115972641472099 1.8303048133871245
0.3231356724963652 4.0316886751075955 1.7471020194740723
3.878289202994903 3.7848937562000757 1.7689087906830396
1.7566154754808332 4.713024975183344 1.6966704996992072
0.6884408426406098 4.471514489232204 1.7508719057128317
2.4318752603168923 3.7510613393642824 2.0898100656267684
3.0349241864535275 4.029778735481014 1.842839176030074
2.5470457842243883 4.437074039170447 1.9216034125739894
2.5186637728545698 3.5556746221942177 2.510470397617617
3.837691397112504 3.5084901704099742 1.9412938387995275
2.570596414846181 3.306250617971209 2.062599892293772
1.3549898824317488 5.1534386075251755 1.8735117725259394
1.5499911850138706 4.832940517412824 1.825382808123968
2.8017760518444685 4.247364630053485 1.2584622984590494
0.8260495956205564 5.192685879662475 1.8274214623250402
2.2119271950696797 3.859119559208671 1.8351435761457193
3.2129991740018027 4.743480847480368 1.995131444864182
1.1243444153682285 5.490917074901559 1.926911526356897
1.3361122124316764 4.596331854679523 2.437598802649695
1.46193985739067 4.754780146681054 2.280408222372816
1.316775389573101 4.387767046327284 2.023258024862133
3.1895492219848007 3.573308050204326 1.8990937968501667
1.573398976084954 4.2682892023648735 1.999140658976762
2.4554300557823194 3.8411626532852576 1.9245216382499726
0.8945351009334227 5.237377743129074 1.442941668143356
2.034799000032086 4.732776864158144 2.4959869718605017
1.8110129519644471 4.934102813555687 1.8141736370547528
1.684890567990527 4.145740744792935 2.1190853387165136
0.021959747614303568 5.459246829904042 1.4413300166102405
2.583080539285697 4.335206576420121 1.685386099234397
2.6313098727613733 3.213860388838293 1.9512156304219745
2.5731886820774865 3.640326860157122 2.212759611327069
1.107166679325067 5.545799499350773 1.135674913971298
2.560730377714351 4.583632884015763 2.148259370127561
0.2284248084104364 4.962883359443997 1.8135174582579623
1.5869896420902145 4.937604518762486 2.0630702306349473
1.5157654638842986 4.419258574992338 3.1937138874340536
1.4972564169639995 4.129034658260138 1.5575632403454207
2.1867586933865604 3.972329156301446 2.2575498450576514
0.30031395031168334 5.40443030952565 2.4089407194743346
0.7785590349495128 4.08564508018916 2.0056486180565596
0.7521501235007655 4.40158704535966 1.3516177004107592
2.9713909217954013 3.478581521677889 1.5448112053885747
-2.4472158312888697 5.345281054944262 1.4907959167108444
0.6717731607689167 5.741490345785318 2.459286012656494
0.029808741743598988 4.367966056260249 1.8808953190472635
1.018321517633817 4.725156300800031 1.8236428602996893
1.2239502255691943 5.124941882830652 1.6218197956044795
1.1562163985203553 4.871621856597643 1.8490056356364326
1.2028034084487051 4.125142944727343 2.755253735374501
1.7398220294920257 4.829705857755688 2.152545482741501
-0.08161442813517186 5.465402838527179 1.2288797955699988
0.7835994779399138 4.282488762414975 1.477150543416458
1.7882028075931635 4.78952266677417 1.4360063940162926
1.6674276467171576 4.978849299336809 2.194197523522579
0.48837688578956623 4.910471968781141 3.3310192277088433
-1.0114895866886033 5.18936864265414 1.6158627464854374
-0.6142590542399461 4.948462331261212 2.6516260466871344
-1.6242873758869556 5.311106311062963 2.4100875881498065
1.9489845506188443 5.306629694127401 2.7875085999193243
-0.045089837179783 4.731106529208708 2.990917389005378
1.4237631937730593 4.657177177513328 1.9552150214469006
-0.7582538569617371 5.149641180900451 2.113317515183892
1.2783792824074367 6.039465926116689 1.8680546126934288
1.2390625920753113 5.2103483237436 2.31379552982668
2.5349082326006482 4.729263239564049 2.3788867899095765
0.3866545245265793 5.423485968747598 2.641692609968653
2.165372117757347 4.279806302757234 2.0817459434382686
1.9084051642692932 4.269115574377128 2.950799298945686
0.3197001236542739 5.5802836756025105 2.7265408180318373
1.2747531745946648 3.988997850392279 3.133277529173775
-0.02826558374332685 4.845512814018928 2.1873319290217275
0.8683298900711212 5.05478710207174 2.7966719906969773
0.9140353316778441 4.659813564411364 2.2242368370613956
-0.3721788919664224 4.090162095756763 2.5728240127621014
-1.2077674827458895 5.095849310678738 1.7228483176430776
0.03368464628808522 5.339610321094289 3.4173978007872754
-1.7687848061637277 5.364801432237038 2.6022259757157857
1.3851717372640955 5.443629009991655 2.502183558978395
-0.458562153648816 5.404130500994799 2.7136158463826145
-1.094011048760131 4.98659215844377 2.837046868399176
0.33679431822428674 5.3040116852158405 2.5771594177798596
-0.8011464329282068 4.814535334470753 3.3821525918506965
0.5614487965049965 4.450174843994576 2.95025600594024
-0.48009233092255127 5.144867955773681 2.172234542067425
-1.508051276053942 4.777508220837906 2.584928176959719
0.35118672843900145 5.01963865846818 2.4143641890713994
-0.2594034074473214 4.801271125013746 2.9012031796398956
1.260020191213555 4.810376628264219 1.932352735899972
-0.37070133309012343 5.323191301717935 2.7706457963742555
-1.2465042783145648 4.575086264027496 2.8765355612130206
0.7931340154152567 4.279504696086376 2.2694416848845327
-3.372671409210765 4.625090013865009 3.010315324810368
0.3726215749800641 4.85023204758731 2.8318318370027162
0.4549241721743789 4.883401271842094 3.1738547401000514
-0.45706603218763425 4.5612863776560895 1.886639122418426
-1.2991951251820677 4.261166368121502 3.852398520445509
-0.8403520270745608 4.072783174730006 2.6316485415300828
-0.6997769314556949 5.04494388370513 2.564767963100795
-0.9437875753640542 5.501869164989179 1.6607858896760734
-0.5456145233248658 4.9523132721325 3.041605585098406
-0.8818498004842856 4.435823671045824 2.0855908376047276
-0.860817477453459 3.9830774435788965 2.9534076012526302
0.16840333038193603 5.006132928274677 2.5175985102488374
-0.3799647371576426 4.245891775258822 3.1612775446945935
-0.7413014487493715 4.31074345100502 2.407576675444385
-2.0946132712889165 5.080655810378759 2.433487775707705
-0.2229503797062271 4.859333679315757 1.9434624449861064
-0.6201046380889255 5.235980056287517 2.108746342732342
-1.0879868645068356 4.461800506061313 2.350767468500803
-0.2891338239438313 5.0302276323092565 2.7855081950217317
-2.0145449940758358 4.53565333179586 2.391830680867099
0.11027702885689991 4.637928455022005 3.4518247347965274
-1.443904192517922 4.079859029172756 2.5538926540549864
-0.7602070273464817 5.718233340252667 3.408139686952121
-0.9943889859537036 4.715322051872902 3.1639928834593345
-1.4915566525906925 5.2683533741898065 3.226571553939058
0.650252628249988 4.760952925372563 3.2940085205336347
-0.7429959638575427 5.2299860467017485 2.589609983860443
-1.1119146656235481 5.250920308415417 2.8356234137271343
-4.142236447323465 4.115145687165428 3.0316113311095365
0.3700348394437904 4.792311929688372 2.8238348791972
-1.9594349660266264 5.051178446635229 3.1053733316173737
-2.396544662426059 2.9158707995713877 2.8302786281098316
0.015294171349054787 5.477654121399162 3.431856236398364
0.07392837910874558 5.176370694230401 2.602369250935692
-3.4784391978644886 4.477589564745464 2.740721804736832
-1.3999477609470399 5.6606215174448655 2.6859057193718376
-1.0118449424944977 5.055534397143206 3.5320467982738184
-1.7621264190310242 4.0021807853146525 3.31339130312441
-0.026520801311309374 4.240308764330138 3.7970706019758533
-1.2034961046804098 3.850699475864727 2.986860710916809
-1.7971228541104884 4.599609049184444 2.6394881705929665
-3.690485307943469 3.518120536735832 3.1184349658078365
-1.278417331442119 4.99124063940097 3.224284858936232
-1.7176080361003794 4.471391479158774 3.505813013836682
-0.688545512388552 4.9266866040541055 3.2858189330096246
0.05344388478261029 5.445372231336267 3.007313584121517
-1.4382906106313849 4.954797791202558 2.8791723020317734
-1.0518029746214654 4.7538620243694005 3.814794884012052
-2.8705166929574784 4.185706162034865 3.575001448408842
-1.9552864412331539 4.9595360676705615 2.5532361820725513
-1.2397718256442722 4.925399101603291 4.192965578641084
-1.9354684254390777 4.488155816695254 2.7834950283477253
-1.0059674219334378 5.111865052416973 3.1698734556084927
-1.106180950265549 4.545743326347864 4.457225366844781
-1.6604907104009528 4.818390548347335 3.082944012522028
-1.123254038405539 4.476375643905858 3.1576736995705765
-1.242763502775397 4.614851432749191 3.0047392747446247
-0.6373575822299561 4.770371009512257 2.76595883509877
-2.2687077433553005 4.834356040841383 3.699253425084194
-1.819175548335957 4.957732251077758 2.7241029632833635
-2.109015150202292 5.022691464302042 3.376315689145957
-0.6822332355225013 4.884719288046378 3.5865564616284824
-2.433328811251447 4.064369037595302 3.1201525337658236
-1.2359443889421586 4.6885905577681495 3.9388599883689377
-1.4679625954991564 4.358657325881071 3.0028041823002223
-2.9200204923571103 3.9051365675739675 3.498088087808917
-3.128506983938224 3.6488878969089615 3.3129232512039266
-2.117375815661542 5.051682093842857 3.3187523948886124
-2.8780163229443017 4.541152869828524 2.7683421875791026
-2.4654778584596673 3.6957014291233983 3.583806169147687
-3.227462761518222 4.035922090522382 2.65450267448521
-2.062946481889216 5.3182400772127005 2.9162920694386085
-2.789827788306131 4.075823174677904 3.493476276719895
-3.13729331547793 3.7481838314238614 3.477580260465085
-1.586942056899121 4.305431688993466 3.304389822945749
-2.0788616466649956 4.091666484590674 3.2704000527000887
-3.0541160047448908 3.685504487788585 3.6626144683917463
-3.839431463783037 3.2809069908634094 3.0490300725238555
-1.2928290903570516 5.212685837973035 2.675858500392056
-1.9337921743660547 5.238520582809664 4.192077464115075
-1.9180329471344078 4.968893521705386 3.7384512599449495
-0.03351532952428579 5.827061979318034 3.6446172142251307
-1.8980123072535375 4.161252906102557 3.2751872736314227
-2.776196703736161 3.5582884426756527 3.4547376491141755
-3.82293711214738 4.241761017872646 3.2087814186603025
-1.273609037144301 4.042902350594933 3.276729652448129
-1.6089374395872058 4.704810207222732 2.888147283312472
-1.8807698021999393 3.329303962647685 3.8536275672302462
-2.9557725430342714 4.405850383448962 3.0794605491545917
-3.1519719838982176 3.4479580172734487 3.282602665700469
-3.650642984384043 4.11884208926439 3.077271702185002
-3.828233315782408 1.8289135735091322 2.9910469713271843
-1.3787775604993562 4.420292189659797 3.488833102099613
-2.617477590634644 3.321538505158764 3.4967019970309376
-3.27722277792114 3.054052570437281 4.621607005822838
-2.8845143814093106 3.649888810897379 3.290358448218163
-3.3079525497918274 2.772862573088403 3.4161238419350775
-3.4024222946442455 3.9570053249195904 4.256200435433538
-2.4980780661739512 4.298264199603087 3.1338135160864553
-4.0998529547003875 3.619448675277589 3.8313998318341604
-2.8094330081952217 4.076105903505799 3.553567437976284
-3.097825958709199 3.719766727486442 3.2370614333463106
-3.6974363573212092 3.004663588016855 4.026627044288959
-2.849232021976189 3.1369233517780843 3.181094811684451
-4.134892881132976 2.8751416604455846 3.764025415222046
-2.0909167818900896 4.015595466875049 5.055168193837395
-3.704572178274225 4.2482623196220715 4.257940371816872
-3.4704407822464054 2.9592849382728423 3.6840504714002513
-3.4603276475087466 4.415673858458696 4.419232208303871
-3.032234901138558 3.577021058354428 4.335738687065892
-2.823974693177394 2.780990289074551 3.0781072675668453
-3.707525009825354 4.837334223476079 4.025026077293651
-3.001243345085613 2.371159955242231 4.423416230916603
-0.9487766901776765 4.912184225303391 4.212441296526159
-3.8348429450692048 3.382646294727548 3.553969700275614
-2.4231369863653422 4.2934471671358985 3.1669774857904818
-2.930628464730247 3.292980291183987 3.246086255217609
-4.082844278894821 2.2331407621103323 3.720765266676816
-4.777758632287487 2.2424395189187947 2.7573146016805423
-4.264115858502015 2.0054153127471412 4.005835293600993
-3.8134618616235882 3.2939557110576607 3.949224640510125
-5.110492710949306 2.334822989617067 3.3765827817411993
-4.106865568469177 3.198091254624552 4.063452998225857
-2.887806161426069 3.69286080129322 3.60864827952171
-3.485391448028337 3.7433504698212365 4.018310113701181
-5.176424169418222 3.1330127677819823 3.1616977286951693
-3.5872458377564276 3.228312128591749 3.693274776013832
-5.342060199518129 2.8448466608921286 4.287435325023855
-4.381926155013161 4.084886716768495 4.243482233953614
-3.936518988177924 2.57088431430477 4.10621714553272
-2.0216532246741163 3.786561705348968 3.84881515086901
-4.1299848083839805 2.590691310430214 3.5979409155394473
-4.529608518437981 2.951056706196893 3.939097820296433
-4.520734743986466 4.201600752424385 4.0717476592077615
-4.9867396588680375 2.0361589355802643 3.427659203396865
-4.306326127894441 3.2298719927138615 4.073457971731015
-4.757330776154417 1.1505659983770313 4.146870936180237
-5.378269007981819 2.8622833309182787 4.257817009515106
-3.5753814760431353 3.2301474654818367 3.421313912357485
-4.032902619722687 2.506243758669598 3.463140141186158
-4.331270727304539 1.9242982140351048 3.6248098204533186
-3.050326765762749 3.6622827860237037 4.480161450292192
-4.728451500759731 3.047301209230557 3.6840589357847437
-4.744456975808227 1.5044438006778873 3.620084252125662
-4.975601097890255 2.670137312840294 3.5586009007971953
-2.86222989750861 2.4058796402775884 4.038495488265323
-4.121381012394486 4.047718435462021 4.726467859536737
-3.1597315393070113 4.1520645156769715 4.283034038542436
-4.102846205240904 2.1727582345537013 4.555782028338528
-3.0528169157037195 4.144353396707781 4.136329638663326
-2.968571165442913 3.7356372469743953 4.138266965661568
-3.6349597684769805 3.6913282440826247 3.9433438615593994
-3.668359682449515 2.177499824720439 4.045752835472697
-4.134467714486287 1.99167716667529 3.83982737436299
-5.197195165073923 1.6505739051594208 4.001145359438167
-4.591633784382343 2.7174736956828403 4.0870335846889345
-3.2319970080050946 3.4534016595060137 4.436216133040101
-4.4841647332964 2.817311585663945 4.568455957024739
-3.708761324186336 3.9280513234094623 3.7730117817434072
-3.809884092152936 2.6919841773080884 4.721509941121902
-4.072150120469236 2.9001794305602915 4.0490975043937985
-5.065066449628965 1.1667276410813572 4.50332548353535
-3.7978968469129044 1.7947869323082062 4.223145025121907
-4.487449034998493 3.029871875522135 2.804932879295321
-3.395622233188589 3.6311239366232675 4.240768346384737
-4.030991198916296 2.384979593202773 3.8290873052998773
-4.64417460999518 1.2624654631653514 3.871545522378187
-3.519363358937045 1.975261078470474 4.064100486846473
-3.8218661872724087 1.3419005764127272 3.677535017560101
-5.126812466617265 3.6306872939078527 2.9511545508950285
-4.669061230722359 3.983726051978515 4.51828977710898
-4.785183593235003 0.6335902978505729 4.726337400065392
-4.715537898706374 0.6509951490693056 3.565666683774735
-4.869412989021089 1.635304827490522 4.2298761280419
-5.083328013627653 2.798942963834603 4.238253141482719
-4.350910878319215 3.0588124746468552 4.025590355402105
-4.262900162892974 2.6687782078646043 3.9459982600437167
-4.425224957117766 1.4668259555528522 3.5640496146245484
-5.001465055363906 2.0276948012618607 4.119714242171336
-4.756177369266698 1.6243506955011813 4.669648183081846
-4.144784090789447 2.4093686417538316 4.842526769271435
-3.419025587450825 3.24408228434861 4.3391700074525374
-4.013708047700563 2.109255289785351 4.79096570227553
-5.283789270958461 2.4514432084502027 5.517930818643236
-4.610868134620833 2.068590382441368 4.607131350407368
-4.759853427158207 0.9887239692313863 3.402278393029397
-4.830272534017721 2.0578877077532836 4.892402025809985
-5.001621509560478 1.4787509764641609 3.807918295274002
-5.592143232552504 1.2901284955577366 5.253709221704719
-4.103533122551905 3.1270748189728983 4.10228963115044
-4.684728462760104 1.64275900050212 4.340975971773513
-3.7504266499595222 2.305085407270212 3.2179110794452654
-4.297346872669768 2.4798251854946867 3.8412285085374385
-4.308396413510074 2.733808304982131 4.20513094635547
-5.070324978446376 1.754690788826581 4.302022291910706
-4.080429618516902 3.160328426865672 3.801718646963416
-4.7622437280198255 0.7313803807255559 3.9048697415095353
-4.14180905647341 2.447757474819889 4.535362149019317
-4.269680402355322 2.072362538818007 5.585105778524747
-4.749571902436098 0.6078925604016815 4.82347450602592
-4.699328557019373 -0.08601143709177539 4.6985932374298836
-4.543728876721277 1.4520180827638502 4.241787907985791
-5.337730494250908 0.8680997948274466 5.549756263707673
-4.657739099493207 0.12832722709864863 4.569824345968715
-3.709386780294081 1.6116801905482867 4.622835019457444
-4.817093019296435 0.15124064483811792 4.399398883473182
-4.688665068126973 1.5288562842950495 3.7086457757275677
-5.100609504440051 1.200922961253843 4.23991815209312
-3.748611912732858 2.317049704832789 4.299032044492855
-5.11589810745234 1.8262704390158304 4.612844867673631
-4.937720909329762 0.008907585378434389 5.186810098509561
-4.873579747735774 1.1753907350394541 4.507487349813688
-5.198325593623442 1.4716377301488597 4.528809350610746
-5.281016148484858 0.667659879686959 5.01620333064502
-5.001645509374391 -1.0559411878099703 4.665616706428917
-4.997054376602619 0.34436319076750854 4.8746120548293606
-3.508377480506586 -0.4815082415708731 4.7144676812729305
-4.6232139768875555 0.7489063785068597 4.913058410685518
-4.960548594893976 1.9815666387684405 5.6254247967228075
-3.9626635598240116 1.1922492089628771 4.765834367575925
-5.3573024257416675 -0.6207887793746727 5.066738014369109
-4.832147166870344 1.5989379001080704 4.401297423635828
-4.861452422287415 1.4142075015673583 4.356098560333467
-4.631210501626912 1.3170685801224542 5.465670807805784
-5.319749752254054 -0.5373142642835073 4.857127750068971
-5.39611521414732 -1.102132022498945 4.966190999964289
-4.1506884592560676 2.0615488836313722 4.772739328526612
-4.522302847385108 1.901312367708453 5.57270279443067
-5.224643777056158 0.39159494634937514 5.210917476397594
-5.134405338893325 0.5408901250334831 4.530604020073963
-4.973431565222786 -1.8438837257392198 5.046033995893437
-4.9505035753984545 -0.002586883492288615 5.367437295254551
-4.9053826270012975 1.4278971513565157 4.59283983654293
-4.631016829361404 -0.7535235032942733 5.3631790897276
-4.50224474561204 1.628831027041793 5.962138743889657
-5.357700194388975 -0.10799567404134737 5.043645592145096
-5.4016515330436174 -0.1926644300308289 4.970408889282772
-4.46083395346194 -0.9707503847803287 4.754504768376116
-4.265423066912403 0.8913466360877145 5.135652173452522
-4.6886230361938726 1.5464065325181469 3.5442320115144
-4.634828556332574 -0.2669165486849709 5.118386541755715
-4.501223300413229 0.9249627227393329 5.09497541970992
-4.897164010304355 -0.9935446758155791 4.42974390875177
-5.171448684494219 -0.6683984459837291 5.501390409146184
-5.1820741875577045 -1.4356698599585287 6.029446836202946
-5.248514666658522 0.9182345779012684 4.814669271579456
-5.556605657376697 -0.8255599151558592 5.237150815875671
-4.1712270798482 0.7916569838970802 4.840600885782051
-4.404809990234005 -1.622876044166804 4.945048619617101
-5.691556802295356 1.6520192192971621 4.976556983735893
-5.2903981903136765 -0.455261620997216 5.2947199974344725
-5.12923688173457 -1.2507630703976282 4.988633942515263
-5.574160625477904 0.6177709880172967 5.31310930887201
-5.52034002871443 0.2513967416414861 5.022781911849486
-5.445154956961359 -0.5073794950672057 6.35385017229615
-4.035038869788926 0.5728670104869855 5.340670027723681
-4.7908756608844 -0.6868337185874112 5.258005299632567
-4.4194161743462095 -1.241343540433089 5.911145386747679
-4.994655297852847 -1.7555584837964242 5.012405345181626
-5.1784363486416485 -0.8304615173938744 4.846889232145726
-4.2125017944045124 -0.9438454907587104 5.0174182052362735
-5.054298421943958 -0.666930793108741 4.246731494871667
-3.229204498044396 -2.227899389607173 5.7062297740352
-5.406062060714979 -1.0973643940171494 6.169289910851385
-4.80748113514662 -0.6352552925569118 6.1109318705162226
-4.359029114400245 -1.065417904077849 5.184745108200191
-5.133394872054936 -1.2352901935396199 4.666652350438486
-4.661709291163372 -0.057965292021569643 5.249023406184533
-3.6926008437886586 -2.224675229408078 5.69123937302699
-4.491078469704049 -0.4247607845557168 4.633321067801905
-6.134406222487222 -2.1286514545473723 6.128197919752772
-4.352896509039762 -2.071772986135196 4.941107608055479
-3.8132702086105383 0.028771332363637134 5.185533368081657
-4.723655956997015 -1.700320801987406 6.689213998629459
-4.925292749913181 -1.8986724997478737 4.598033661675475
-4.940186203815315 -0.3490762316545331 6.089760168509908
-5.7234040041794945 -1.6348361418567867 5.877737851962145
-4.788344372312496 -1.9946577842160773 4.672544385321283
-3.873073095276918 -1.5128066529190205 4.5339778928187195
-4.803911496501552 0.3788014112591899 5.565576434859278
-5.351882002519176 -1.1961896541841648 5.752460811812142
-5.620647793813638 -1.321060537193671 5.449923817869455
-4.373842820342117 -2.3876819512487573 5.403354381735659
-4.505433202063216 -2.43807920300063 5.513465536091947
-5.363851174866623 -1.4837301087648627 5.695921097257042
-4.780297703700268 -1.8503106724357132 5.15221831618715
-5.959344351651313 0.9635803323078693 5.672937736670672
-5.500222783747004 0.3503494526411388 5.657672103623356
-4.55394306721468 -1.0653566327501438 6.930478923179095
-4.100419925734269 -1.8346768559212654 4.816264891776008
-4.989996205524432 -1.3801634497940805 5.4505950709304
-4.930098865558468 -2.151095220601647 5.0653210667127775
-4.606911508344015 -1.6363104594746802 5.355486612145674
-5.0254800848875 -0.46823454500877665 5.637207722071658
-3.8566356982571035 -3.377989055153721 4.685376808703402
-4.729190135069939 -1.8950140850918005 5.4148407363056865
-4.562725752722444 -0.3545406631535743 5.76935016750694
-3.920199094034676 -1.845641880163167 5.93262332336418
-3.7741587646025576 -1.8440536812532675 6.000462217158188
-4.660458094193872 -1.0034094932733577 5.723689860285576
-6.024651366208489 -0.9304061326490204 5.102641256992876
-4.191162885481796 -1.448104094237052 5.817364992651036
-4.6057846565248575 -2.886708746409985 5.577374099977278
-3.8423658344928566 -1.656279696728112 5.533994476985596
-4.291239303401908 -2.6820487602053005 5.155019106960557
-3.9888935158384076 -3.4324283367702626 6.20424655769952
-4.8614236258049175 -1.9179032675567973 5.9499297529365585
-3.8300903850296777 -2.6794880566977333 4.935995386660581
-5.058396669900529 -2.8704109697389177 5.343059198830731
-4.020541691488888 -2.748053265541152 4.989807479146655
-3.7792797560285147 -2.4966376870078935 5.907552481852868
-3.9744733421849343 -3.9121688052517802 6.052677298711099
-4.616964655716859 -1.7229199720187456 5.9170108773278995
-5.042700027570754 -1.2600421396723258 6.088914019737166
-4.610924821622676 -3.4061730551041602 6.140028239988791
-3.9329851808353213 -2.767176612717023 5.246790870459663
-3.834141133855838 -2.2566879571521192 5.808401429095346
-3.8641333768419677 -2.020512641601503 5.7965257778327155
-4.907710485026432 -1.7165345675880517 5.694556411424338
-5.15121018475752 -1.317785180877674 6.705974221139805
-4.4183715031467194 -1.780948710634961 5.277007938935865
-4.111745661285843 -3.9711537373805483 6.489403824281199
-4.533687202987516 -1.2919608558276199 6.673147443297203
-3.0800825009805584 -3.3097721916551635 5.53227647026298
-3.5062291303271764 -3.551520664044714 6.104731807440391
-3.180395467589971 -4.0219034054225 4.689838819913083
-4.812261610394183 -2.0121814566798686 6.617176928944149
-3.9067673479305842 -2.3340119668519543 5.755866318856946
-4.199627359567574 -1.4894542511829156 6.102620949341715
-3.5129802200734552 -1.8993566128959432 6.009037762003387
-4.468080948914601 -2.59835621457848 5.199174294310264
-3.5788474011831255 -3.3977595797503515 6.479190433294047
-3.2163079695438404 -3.707862916921254 6.593709191791811
-4.197038755763086 -2.5459265300819043 5.800525712820605
-3.0400846502260186 -3.3873610625106294 5.4222167508496995
-3.9596256900511118 -2.1285082183643786 6.508980713118908
-3.417076020082028 -2.02772778014757 6.224924990433511
-3.349908648200711 -2.443958815680257 6.086408916360378
-4.498903096482857 -2.0558521503252796 6.45507918012945
-4.33052809316171 -3.208444741976925 5.787276542012014
-3.7774017381752825 -2.763117201134525 6.060932599554353
-2.9512215833007054 -4.025769369403695 6.874080919199832
-4.126581151523371 -1.6038001198116572 6.778715979411807
-3.8301109673360965 -4.09370614207206 5.9490157693031245
-3.844218193167373 -3.988605850956668 5.92679753819376
-4.0249836789705515 -3.682196252412814 7.081533561537114
-4.918761990961203 -2.7870819359387613 5.975718952217496
-3.2616206361427484 -3.310416609958055 5.6567085209537185
-3.949936270129262 -3.390532846535057 6.187835202235431
-4.382431675322882 -2.3088473558932714 5.9493146721479055
-4.535824011167824 -2.8096865179772403 5.932257615749506
-3.3388416630392093 -4.940181328934391 5.726843822390942
-3.5846196512951383 -3.3571920083440263 6.683784395210896
-3.079582799132767 -4.228445749678035 6.668155076969675
-3.0075281665209985 -3.7903431286140923 6.204029694561669
-3.529372349833746 -3.57708122244136 6.6818536851352
-3.030261745421234 -3.236221981593083 7.166108759286667
-3.838005473694137 -2.2192330248066465 5.6746959949300315
-4.0839167773443465 -3.79575710182455 6.07914651521125
-4.028199247173347 -2.920171448220604 6.133488882364869
-3.6829289503806795 -2.9027857803670307 6.256143583846475
-3.36017270202933 -3.3816684294313393 5.3174471661587255
-5.033127960200917 -3.372464449791647 6.421468619603807
-4.000423186512777 -3.572931601190199 6.730540110078524
-3.0848375447201932 -4.52586818279126 6.653705290810397
-2.705606880911429 -4.274459608435175 6.7027530826106005
-4.435567101209264 -1.8148181137625814 5.3541195633980205
-2.9861777731983365 -3.2754846237239095 6.941621908387429
-3.351838607372818 -3.238679872976624 6.3985084926578555
-3.029327732985285 -4.803181205847118 7.183078501847164
-2.009227904144652 -4.575424348260364 5.446173135438473
-2.5798504554015445 -3.299787879860309 5.859919376073995
-3.4655849041837268 -3.631588185569111 6.0301751674625095
-2.144984882618699 -4.5750087068604826 6.332884293886799
-3.2259650521822127 -3.9739505002558384 5.882535229664161
-3.8357465172079594 -3.8078751868098775 7.494753875885354
-3.267910107532149 -3.9912333836979528 7.919716389118587
-3.8538032754896547 -1.7420112313765326 6.969190334817769
-3.2948760875726437 -3.529205249498928 5.908275387252832
-3.029465704384043 -4.019410959841065 6.380012444257421
-2.9843707486872395 -5.006881675535288 6.591785224909232
-2.829352229836708 -3.882230901075944 6.080683168237011
-2.7883147230284884 -3.685095348022981 6.52214786411928
-1.986325100326056 -3.763323140994647 6.066010139820044
-3.4716209129977353 -3.2222275688810833 6.587043586912651
-2.243976547359984 -4.458487817199692 6.25925937709368
-4.00881281845621 -3.7874977122469464 6.367926405687143
-2.6090285775730933 -4.5912353894723 6.743497530636504
-3.1518690312372764 -4.252049902317131 6.632942002784766
-2.2375561557359376 -3.9171900965538526 6.651218731637155
-2.7131525086756447 -3.7211306071371397 6.524740743182332
-2.7265280071144247 -4.724436745024551 7.341122525563731
-3.113903342131689 -4.361477662397274 5.976385528298864
-3.2357628549788187 -3.6951670138742445 6.329618907770436
-4.657533640220726 -1.8765416709034675 5.6102107757739
-2.231202758551068 -5.323931535710829 6.7639996847758095
-3.0199415082416565 -3.664897264969478 6.4746095834079975
-2.7851691547769573 -3.064318029493395 6.8798604487445685
-2.031730173377281 -5.095181184874308 6.531540244432975
-1.2401431241962846 -4.545066641564513 6.659960550638815
-2.8766992277998 -4.004833124587776 6.9382004164131565
-2.332030004414242 -4.237583311887753 7.301147121325162
-3.8826134206368996 -3.289054236754202 7.889267102860754
-3.7854184381942386 -3.064751579514131 6.731210236107934
-2.2056263795411883 -3.97874110581465 6.890571080114404
-2.5208072236925037 -4.323725490893711 5.869686502967029
-1.735991552083056 -4.672613502865458 6.978700234585269
-3.358787689950495 -3.985318974394072 6.914230980565186
-2.3275451171844628 -3.8293271992792004 6.167506446542092
-2.4850238732682826 -4.193605671599235 6.134651341311534
-2.7114517494183112 -3.7418962887131664 6.804986362865189
-0.384316638609939 -5.078392760933349 6.796175760829238
-3.6168251868594696 -3.2470954889561567 6.183428459922395
-2.1041008701367936 -4.678656619496726 6.816305502873444
-2.1204958398522393 -3.6582020505688866 6.678647790781979
-1.130186818920356 -4.903758016541032 7.3268876974333175
-1.0672485819332576 -4.889191435295422 6.604910418137557
-3.5467479472458137 -4.288696233895567 6.429495794840371
-3.1687827217537383 -4.157259258146128 6.900848826951147
-2.4479121790623277 -3.7373749993731047 7.584878450389104
-1.9442616118409033 -4.772503551909482 6.2497750404643195
-1.7253700532762781 -4.70433032085176 7.103719265033866
-2.006676985466442 -5.1773382355502715 7.0940305208728125
-2.9498193101794006 -4.387070864530682 6.633530847850042
-1.2781262817174888 -4.25580198403939 7.0302660586758465
-1.8509037681075158 -3.5033001127046406 5.784155898144241
-2.773605889457838 -5.180517695033931 6.914279331453339
-0.8208033824762406 -5.048477979587841 6.616002331264564
-1.429591642801407 -4.110565014262708 6.156832231981005
-0.24681118518815973 -5.209787732169816 7.358068371209633
-0.4388818487618605 -4.88044809398439 6.746985409079459
-1.8866354895606132 -4.358986674579719 7.364591677034673
-1.086963802482454 -5.1329825240468505 7.363687099954219
-2.7298468570729897 -3.1805199844134133 6.023410836970924
-1.3138971863913227 -5.090758000336246 6.723188909290816
-0.4138705703066649 -4.536417898519414 7.404760316419282
-1.3900010905825548 -4.227684835380413 7.1149511143250415
-0.5167018238007942 -5.695907548422444 8.034594709641098
-2.7183800968419565 -4.241748456674643 8.029526352388949
-2.316248556243618 -4.682345852540967 6.703276345973892
-0.9159313416154213 -4.790985959930337 6.857756630273579
-0.6241837655902586 -4.863362804203371 6.805462127306975
-0.03809568901175332 -4.872856026067768 6.428651357071254
-1.1540989787432507 -5.677156795983472 7.408733625678009
-0.3707976992556425 -5.559628924406577 6.385886974314661
-3.15966289243393 -3.5882343157833545 7.690872645293837
-0.8551173838561693 -5.476647563823781 6.304694846837949
-0.6925829687347815 -4.644997392960742 7.321223262407913
-1.609018794050125 -5.090509313586589 7.344555470099449
-1.4895742688232412 -4.974302217043805 7.9168546030216636
-1.858195607611501 -4.428586305408147 6.719286710115971
-1.4923539636566023 -4.96968547512525 6.615647131575025
-1.4142536891995052 -4.024346380010596 8.123844052419098
-1.1811725535124455 -4.562927680957576 7.7053026214334945
-2.2087180452331245 -4.086458095565003 7.297363122383423
0.2841787428756856 -4.914413123674341 7.354526052126867
-0.8771149180421776 -4.309360626657722 7.717746232756124
-1.6576373667442783 -4.312896378825734 7.6653669859472995
-0.1297514193609372 -4.828904879390842 7.654966558702191
-2.015907985052019 -5.874157408634694 7.80140142883333
-0.8871745843140999 -4.4624694807851375 6.717397626326694
-1.2982955000510141 -3.9637508119668645 7.740236452754581
-2.085242135457345 -4.902497579458916 8.00978809582104
-1.570105271391555 -4.921801863892032 7.356412804664154
0.3776828445100525 -5.004557526731642 7.735929358468961
-0.5475390478680036 -5.0278117143339065 7.862839307703345
-0.40436581462125537 -4.229359132017813 7.135360503642679
-0.047469499602898854 -5.244163183592389 7.909910356869437
0.5252497868394103 -4.377333046184788 6.972936916102162
-0.14805501994081163 -3.8989288709780365 7.505091246855279
-0.12824818710688116 -5.898702057400046 6.654802457747463
-0.1832385090065473 -4.986433605722717 7.138951758548628
-1.0796267843403224 -3.7550320360690908 7.916148704746237
-1.6831976421742256 -4.642430786861254 7.600410849855855
-0.26750081680957893 -4.552259527028906 7.583616408023786
0.01912479543960138 -4.523947036135996 7.1073889542624915
-1.2704198003090479 -5.299535933910689 7.78216675654291
-0.24843737667498972 -5.208037607515751 6.486719102568841
-0.8288691655141145 -4.065281994685726 6.823826880704823
-1.5284159075190598 -4.291907258568155 8.006115771506893
-2.3620628741717726 -4.532374318784601 7.606499481771248
-0.6197002472778562 -5.00107877084904 7.155269879372062
-0.44687107117829433 -4.632434187416815 7.9132423515325625
0.3115659046567001 -4.5706396470509585 6.90918379242397
-1.5079692536777094 -4.896279163988451 7.296591290718172
-0.09801601145866948 -5.5251769563414 6.55966186141957
1.4216661170500176 -4.120551204528542 7.173166058908059
0.8100226010503242 -4.926690515639936 7.648263115226581
-1.4729789492250254 -4.682200949892788 7.149909021154611
1.2468674767639878 -4.6555711820468035 7.764711345440629
1.3846132538271285 -5.1656882901313965 8.135069152436571
0.9772417910771227 -4.502500632268227 7.1616853432093786
-0.00969737927139244 -4.869500578879929 7.693947732917176
0.10578020554588444 -5.0090090940356635 7.360885309688501
-0.4896070362134078 -5.109116000904016 8.128481073497294
0.3404282253338238 -4.701535496648671 7.761432805463263
0.8589937908626536 -5.8071725687042415 7.255303649679478
0.7330844711539205 -4.033467759535585 8.207846461141552
0.5755606857387179 -4.404931024041241 7.663482936967512
0.43749581256684006 -5.188393233700069 7.022845560848395
0.7777333900610662 -4.548177510107063 7.950145100688982
1.2436342074035245 -4.8857213840685 7.478294988363034
0.16343162193144112 -4.950150967873577 6.848508424959355
1.5155721600627143 -4.907941194452326 7.902151777503526
-0.5360278670016938 -5.267145617388637 7.409183543637996
0.5704668373040558 -5.233079900550463 6.715560258267018
0.08247050693915658 -4.577373489756314 7.1300988402729555
0.6816762843560863 -5.285182879423691 7.514645967096602
1.507779777234099 -5.293558137468725 7.495917988463761
2.117041996444642 -4.7867076564443085 8.661958420093919
1.9933100310556016 -5.288670612112156 7.390525258597671
-0.259790903243722 -4.864964895351061 7.965053769002297
0.871407059488608 -4.919445300045366 8.006056164756071
0.49837367178912817 -4.094425653086993 7.092890585348249
0.49432911596769175 -4.782724941817645 7.363994968550312
2.171852214440134 -5.799825095948934 6.9801226472965245
2.018861213456665 -4.141303968453089 8.088350305866031
1.3686112187975534 -4.552919315674745 7.940536912936795
1.389037199179517 -5.572953978632351 8.680552475631051
0.15495711127996767 -5.246850854151369 7.239329746279574
2.3859305705152942 -4.475643255279608 8.448374186706415
1.656174562091175 -4.5161212270394895 7.491519995250294
1.9418542779466454 -4.654819624084333 7.554011815243927
0.7106514579987945 -4.352859716642593 7.833117793806404
1.0256358154298582 -4.79177765860539 7.136107255931242
1.4641566352651383 -4.932548083639845 7.355014074997245
1.726823301124087 -4.919715782543319 8.36693830320723
2.527096125602104 -4.604830072261254 8.041569634580277
0.6466270888159598 -5.562404376173902 7.450995683258267
3.314519681118651 -4.40148095897914 8.256091699586884
1.1136665470316547 -5.410373363423687 8.35671977397509
0.20756291916077635 -5.061380593746624 7.671172547146356
2.386268097309755 -3.988988400392066 8.077602949181854
1.0081451738387415 -4.2463682052493334 8.03802683535373
1.3812373148775061 -4.650746921740502 7.875392322931737
0.8450814890438506 -4.3977243102655725 7.3879997769747145
1.8910958304964458 -4.376289140380465 8.447975255690409
-0.09101652924777401 -4.70772946340726 8.473451305929073
1.405404419844387 -4.247827078001943 7.860353380626084
2.058450234554241 -4.627415717378203 9.156722655260388
0.4812555628689092 -4.315357438336302 7.57046925715686
2.973548169449568 -3.8093020028142317 7.772183158766824
0.9650246026836033 -4.929835453334331 7.244508588410559
1.790471877643421 -4.4314577477962285 8.494172358399718
0.7330454262258453 -5.746050336376641 7.641458550398438
1.8472423608333775 -4.634718501448265 7.774478217198179
1.3277330582960756 -5.411681555720565 8.288591316462103
2.3562154822707013 -4.196276402588051 8.944356527400984
1.638674366687279 -3.941209686497598 7.177325010014217
3.2509913314087675 -4.656767153189999 8.308735370885534
2.6431516004432565 -4.418453228691656 8.683925294876307
1.7814626311517552 -4.598548026377064 8.785510082459465
0.9225449460054908 -4.899019530069846 8.73687621558462
2.267051920923569 -5.186414149465854 9.079113179807116
1.326110926416918 -4.930685776278536 8.393443398349298
1.915331575583681 -4.354024208518291 8.404784429566364
1.7416432382197875 -4.681091247465873 8.326674438937683
1.5335109942160177 -4.819145009918168 7.93855430644648
0.8304987643686347 -4.610564452767174 8.674148666450321
1.8058986838589337 -4.029203197113348 8.230448353423592
2.47411566949323 -3.4026301497100957 8.907586283583212
3.0333269020562494 -3.964501803102527 8.857872349474425
0.8803657840790459 -4.378793524118511 7.8256815816672365
0.6520030056687923 -4.470171921896057 8.368285849478868
2.7935071762412567 -3.555867242416363 8.59208267291597
2.465971280122098 -4.085075342000283 8.322271820336846
3.0024443517831623 -4.559378358556767 7.7580457717561995
1.4293482196554026 -4.71928704197988 7.272678679289831
3.6265728838496774 -3.374618942240484 8.151051285180712
3.5395366750461004 -3.370290506285819 7.297831525520863
1.9748045439668422 -4.109149558039603 9.177913435615931
3.1707994856462385 -3.98137812100852 8.182841950553884
4.1693467067632 -4.026289883590372 8.081446094036
2.4060746621405777 -3.7445472092571674 8.329749592315009
2.8446644909005836 -4.634452569038415 8.475916590222942
2.912511952908226 -3.945776433034235 8.246925787460162
2.70160903568881 -3.8116059644505937 8.068825445073525
2.019351311376838 -5.001332258749976 8.05740202820332
2.5302873095993244 -4.43806149688248 9.21103476373848
2.4379321177917257 -3.6505220227016393 8.472644836916457
2.409609153057742 -4.130924768044279 9.046549767524139
2.0859486223601933 -3.733195109606681 8.369981377663686
3.8014569131669105 -3.3549568025516923 6.886951933397459
3.2792084674028947 -3.3044830899975977 9.464438191539989
2.9633175944378083 -3.5507177257212272 8.437939865632547
2.311377614494042 -4.17211379975202 8.702204741929535
0.8111966482730956 -4.78035328602549 8.556410075105985
3.489218760965219 -5.155252148440015 8.185961719120659
4.073236708104736 -3.309702574697183 8.735955550283188
2.1908723661366643 -4.136307475352133 7.813581930207969
4.041777824454284 -4.809718396371167 9.297225548425883
2.100896666366172 -3.7791599166998457 7.6957921982843915
2.898108874192972 -3.4086455387654353 9.47927945192286
3.083333272633405 -3.2416075541264244 8.560668461369094
3.1939390178399627 -5.0996485870936485 8.676833990556245
3.283620887002767 -3.9467516027796083 8.122496191921984
3.734245450999652 -3.4253492183379888 9.519241797967553
3.1489636230676443 -4.301056491493077 8.170357374072484
2.0916599934799867 -2.614179434517951 8.087486236160467
3.2126167227705116 -4.382092622895087 8.981568433191118
3.6375738709032075 -4.0624698956392455 7.981509053398156
3.492161019016604 -4.128233406259173 8.843160346124339
3.634347649024531 -3.577777742298416 7.2642359063206365
2.8290912844272524 -3.9609424129307307 8.608157901960515
3.0232765194917186 -4.7742013108032495 8.641889900323164
4.122674121028105 -3.139459277409936 7.859133334077151
2.229353845279425 -3.5296861797071144 8.560816951052336
3.203590681089947 -4.566423290472665 8.675246109185567
4.950188879055855 -3.3067579543059114 8.536154504060676
2.7643786377001374 -4.7972018742004625 8.57013686890963
5.47414218626566 -2.4666984765950057 9.526277237586928
3.5622381289889886 -3.2417054783131998 8.844623249636724
3.2467776688826797 -4.079514179516868 8.900679552274942
3.6646554044182693 -3.1294428620262575 7.3557619462076635
4.343200775749411 -2.3021056094733257 8.611286887523418
3.0342287032022517 -4.332085217175536 8.07477046585314
2.6802820541867285 -4.050702384324375 9.625237140155049
3.5108922708076857 -3.68046219692705 8.507027410606932
3.6944911768977104 -3.7296854999087308 8.637657027040454
3.556356021204182 -2.08309413259483 8.225924103218881
3.782887556620593 -3.8151647713987504 9.562960901956739
2.5028062738577743 -3.0724605855736256 9.15209702791513
4.347081056044694 -1.9019324562251239 9.056303250800593
2.941217850525874 -3.0664107255608686 8.643747109238348
4.270396524967103 -2.45542341135883 8.78303081154188
4.204710959291793 -3.7528916135376345 8.221695994802875
4.037616301297199 -3.295276528224579 8.820687168744657
4.116011705057938 -2.6493664878690306 8.567158396800204
3.0232523585668623 -3.9837182357420615 8.591394626127775
2.740504443434772 -4.932451091814887 9.140150514988287
4.8430864672631015 -2.705394064436002 9.20398803529114
3.2157095973285954 -2.9741573328943285 8.331999155673511
3.7093501884855846 -3.488585683482829 9.09339513562965
2.7860126321744376 -3.9346154858464653 8.645072491355544
3.622583569909898 -2.8508689563519876 8.928559680863732
4.614079932233238 -2.277746414109566 9.339930269363773
3.8538847246400434 -3.177819047603875 9.141776173472843
3.6785843887277463 -3.837517771429876 8.981162359165483
2.4561933859865577 -3.5523061454538207 8.652994525185278
4.3916189341306255 -1.4722799358794076 9.27603483816772
2.658139026153029 -3.437894599816957 9.388122307060067
3.713637400325681 -3.4687338839990667 9.173690216098983
3.4070583853545036 -2.93944645824978 9.103956558894698
2.5862911760271263 -4.0253153968791135 9.113410888492705
4.151887291543921 -2.0803588643417212 8.37988106096312
5.577435447400254 -2.5532510816183454 8.940066570676056
5.3380204082727145 -3.17939341971393 8.920236179926167
3.4797003379311193 -3.0138644386235227 8.909153336494967
3.6189849184130587 -3.783753634769792 9.074496250046895
4.922566031393453 -2.4578351412595545 8.225318949864263
4.361590119012561 -2.6587061427810035 8.924231553597531
5.105434925128145 -1.6912264159829034 9.036369697367636
4.11365634622261 -2.5815450885942486 8.767866581767194
4.591130802170988 -1.8040169445873726 9.066943818274183
4.369441152295097 -3.741524172042369 8.971396320877876
5.061417529632202 -1.5324546358611766 9.76798699044264
4.259836793553529 -4.150827404083582 9.538474844930303
4.8575861814150505 -3.5928795280357533 9.855368789524023
4.5490469383357315 -2.9256213443967383 9.518910170813237
4.9699315086475995 -1.9228786479888011 8.49836103965463
4.053553417748985 -4.027525978633417 9.956015672946398
3.6190927423843346 -3.845195496023006 8.910324429558443
4.798605189921772 -1.6693902622497616 8.92747328671957
4.325871563670879 -2.021370107703689 9.82170722467441
4.183083179840451 -1.8511699589514765 8.848226106939535
4.446518025904031 -0.6242652882794257 9.564087873593751
5.127360097928632 -1.244847626621598 9.015920331406
3.6423713475215074 -2.563346706613272 9.020341968234948
5.660079837129346 -0.49984381923068255 9.0438011370426
4.743278656954482 -1.916775081406269 9.635159362159298
4.354126018331164 -2.4017338930693812 10.173121049295009
4.64390680847574 -0.3966502543810858 9.255899774242481
4.350229123396349 -2.4708383929596223 9.054728024829938
4.1450880449016445 -2.187988540878279 9.994396359706194
4.05468287210342 -2.4882311098121708 9.395120070947458
5.055391541326348 -2.508395886531504 8.994585437264785
4.546513975210035 -2.613171298093858 8.778407274203637
5.76038206519725 -0.5643245454212658 9.930263781255553
5.503939102002163 0.1200646770153498 8.648445159691425
5.216038235261279 -0.06008631310201898 10.016131726539127
3.816777778044796 -3.065369962746825 9.556105164295435
4.507408310038886 -1.4594615105145983 9.486252661196914
4.349029812085792 -1.5136322624418563 9.501202856954519
3.6349310735499776 -1.2473773294360742 9.673679620511376
4.847044776754672 -2.0538615527061026 9.85725516932315
4.97611123439578 -1.4796567126046334 8.920110609768855
4.876933371086275 -1.450335000084227 9.485912169859422
5.0003592246217545 -1.4505428560843066 9.578584031266661
4.146436696412413 -2.5577125076061495 9.209846731641585
4.611881999062882 -2.376886330843125 9.570311995831233
5.108979252842013 -0.013922103560304046 9.425468576409276
4.286757056168576 -1.1062247761614794 9.273152116434256
5.075652928262632 -1.3157499794712655 9.209347663798782
5.442752076337074 -1.0701505000957734 10.257206809657601
4.237876978189431 -1.7144994744457682 9.538041366350845
5.407091989637823 0.027591030041634927 9.94137240110532
5.519922761252877 -0.11665870904940838 9.512593242447437
5.284641317131634 -1.2706003718877168 9.328606936465112
3.8716893789923175 -2.613873227208432 9.580805248810533
4.199837394085111 -2.784366744184084 9.430209456576153
4.295382171479255 -2.1049424465722395 9.353407077422728
5.146530952195801 -1.245124843050591 9.767391271594468
4.109931463310552 -1.7111446564112807 9.279023113413498
4.59513728689891 -0.4556182786059147 10.266202613165879
5.588873347881394 -1.4631168263407468 9.808830278918748
4.684425377829362 -0.9044765965347569 9.448392261672476
4.932746463939488 1.0206208601753175 10.169338176350653
4.659983138519794 0.40434773247603234 9.831888143620676
3.617135378516937 -1.2832702856621605 10.122184575602102
4.416563768582584 -2.0506167667027295 9.576711557057825
4.4220674563117015 0.5227123934932651 9.784696762416079
4.915948120200903 -0.4431556860714058 9.736885975492862
3.9807971423933486 -2.4976945304069047 10.013594746496205
5.763884550381149 -0.11808826163320328 10.449645357550946
4.930513483052279 0.4434550507329242 9.61058230860711
3.984844002971866 -1.3080579944241628 10.427328535674967
4.947328153697402 -0.1788227538328657 9.504784829681038
4.365096504566463 -0.9618400842997052 9.452051203843537
4.759768751913222 -0.4464965710166316 10.702365366691916
4.329414233642268 -2.0604941436954753 10.782577488399799
5.5471854840470085 -1.1723644582069754 9.523846581436237
4.348850876068767 -2.401678763013818 10.379134654034473
4.933588415693721 -2.6568932870262247 9.350559822853297
4.943541650102593 -0.043846260751652114 9.85980047067816
4.518324946742133 1.0568796350202518 9.878726137587773
4.686865714960171 -0.013393630358895441 9.739581677366251
4.910358042958672 -0.5489248556790597 9.503984821550539
4.707291088386688 -0.7883991203420526 9.702582101118027
4.563071207015703 0.25780478921425787 10.21478057397709
4.267645487672223 -1.1038684010186235 9.542384001401823
4.012090338873304 -1.246729306021058 10.193319769475867
4.952524050450833 -0.22759198940798248 9.894549132804233
5.163465492595666 -1.6585150094004328 9.907519195294531
4.39588651231686 -0.3250732755271051 9.60438151149283
4.835091928194966 -1.3703796987875783 9.718251112390666
5.0376897507729685 0.21199788054189841 9.99582416192873
4.388135532260438 -0.5508402476417328 10.448364291188332
4.341951372572262 -0.8886752777772642 10.429093726944247
5.695094547803328 -1.158459648294039 10.680225911831647
5.047409626562478 2.3573564615594687 8.770544022032565
