5.056964578916461 0.1829065658790273 0.11547562170503167
5.164423634002335 0.7168371082277623 0.3450247786768558
4.813383263770842 1.7818506972960664 -0.8652504512711078
5.15650670998098 0.02903508422507363 -0.5094773588773509
4.783652017939198 -0.7511132073513174 0.16637028617435534
4.352799259081605 1.1920236593531601 0.6752441909809298
5.4910662580437055 -1.366091549341643 0.36540695760923675
4.960678465326952 1.0080944629508242 0.25524602899452775
5.571002413027567 0.09552949440257621 0.3353480903294664
4.611567532069002 -0.16116332920200163 0.013951357122154284
5.453715962683999 1.3851705814217992 -0.30559012907839966
4.494701589112742 0.8978035395763766 0.39605765963752904
4.536675896681275 0.9984307138634656 0.12715181082053156
4.4908701142058085 1.0404514605841282 0.16431181966440084
5.6653402471940595 -0.8847332204508539 0.33897936652566085
4.585602305444091 -0.5361755402657613 0.7126937244629439
5.3878118247715845 -0.5842194361840202 -0.0020083573246396924
4.9449375810700404 0.3074300530856865 -0.18610285087867243
4.835097724384158 0.9707448352882739 0.15229954870358337
4.234663523854028 1.0292292561868115 0.8922162396195192
5.434880637344155 0.7222251566171167 -0.4202514962151875
5.219971680191385 -0.0782681645093157 -0.40958808025282417
5.275671381650263 0.9226483352919734 0.7057524236138326
4.681122559725371 1.1280182481428929 -0.4054327536419925
5.177199736704505 0.5606528606002392 -0.3652770674779743
4.963626832610706 0.6481324263506442 -0.5684909819608024
5.123814480120436 -0.22121404915497003 0.20878252540578207
5.356715837307259 0.783935228818343 0.5821737677260037
4.1898288159424135 1.674411281937983 0.391093280720906
5.410868008698912 0.821739106268001 0.3831439634155388
4.612617930737599 -1.4509287081987978 0.4304487312834816
4.960012177273683 0.9407540260889437 0.021792480449575213
5.5212883255844645 0.4602107900756177 1.199686906996984
4.695324057577615 -0.24527961119522804 1.0836945656105796
4.066558654841941 1.051582273175472 0.00901722012188183
3.989519275071311 1.982809741380559 1.3147495825561004
3.8235201292824694 0.9931553292009173 0.14668161819250083
4.841042561481766 1.4170069421091447 0.43170407327626353
3.805751393950899 1.2907954911979491 -1.2406049491260287
4.638337155631181 2.336827531271606 -0.31057985108562003
5.654113599393686 2.340425993038572 -0.05130884243712974
5.4609202460161645 -0.030040698153835865 0.5150069413512587
5.369937261277142 2.33975404728273 0.21033752049746193
4.749485009069287 1.876844414464266 -0.7365254328170543
4.482123874396934 1.293582058939695 1.0461731532970582
5.047331236941734 1.9828175384031828 1.1541470711785706
5.2223670445700305 0.6972541659636138 -0.1159088896098679
4.885297335117832 2.464958474265726 -0.06518397312276114
4.287596304528835 2.9938638815281653 0.3468241965909823
4.5396195960227095 1.8506674641047782 1.1058125448120235
5.299748065829404 1.4602112381357484 0.5492942993770585
4.517545822461463 1.4925385139716636 0.9341714012870787
5.000399488489471 2.366545868103274 0.30274562988546383
4.788122928063852 1.1429774871222664 0.8470980193111375
3.9208226935330237 0.3705567012507771 0.5150903171619634
5.2635932673157875 0.37943147918157305 0.38380349220326004
4.186213384244578 2.3416389530819397 -0.23668406951479715
3.998609298043831 2.468522070784749 0.547231520088751
3.9389206573953315 0.2367343064184988 -0.21454958153595005
4.5242013531801035 0.21302236131254393 0.11295802372468672
5.282639131451364 0.8857449093048296 0.859541171724248
4.810330820619542 3.454609932963784 1.0029932384954936
4.638798201945553 2.96030831673624 0.6592827657730296
5.8091470226360995 2.1460832013812605 0.4854249890841371
5.295385539464084 2.120752749730137 1.0869270755178637
4.428864418334598 2.2299154768550564 0.4996695992110013
4.3222154090371125 1.8519385899867524 1.7549051973788083
4.624364107832258 2.3893132659795415 0.24810610631083435
4.587938808646461 2.5009070455288325 1.5350861139653813
4.452317375942471 1.52780804974716 0.4640872294988869
5.0542376057287886 1.8962591115406702 1.115168419124876
4.227829663092712 2.3946232178709055 0.23107197494638076
4.94420108810149 2.0998767922970476 0.04738525687330164
4.887776436307632 2.7937069379544592 1.0564901125498345
4.8779763291694715 1.3592131381560852 0.5239124146720373
4.82387652078039 3.89805167209343 1.0565647055614695
3.6520428362294597 3.1115642008890254 0.5003838598727044
4.435610695565808 2.8698807384048135 0.6955921076138005
4.019446617139673 2.5679026817921304 0.39809662531097056
4.451834795799099 2.1771313942630477 1.9576479218792058
4.521314135085894 1.2409543269482581 1.4763989658239152
2.909366551795633 2.518798294704842 0.09631001446400023
4.122730747793725 2.8514612119638585 1.185426074281455
5.2581574280433125 2.033161540315522 0.9597500020172358
4.532033560977281 2.4659155783108866 1.1218748014021211
5.011810517813357 1.879797788485081 0.5147758600457821
3.4262690104891 1.7512736837625942 0.7286072533546855
3.7225885852007723 3.0824437850304647 0.6348621342242136
3.6587526283656584 2.4714711988502205 0.40943134495054045
3.931251912596054 2.161210544825046 0.5089939461877532
4.54432854467225 2.1694270567129967 0.9155803752732731
3.1557938328492554 3.0265000940830733 0.43537563473962176
3.479349820634718 3.4174739626888604 0.392603783325849
4.6067241670778465 2.995286953435785 0.42730533426886175
4.311172034829715 1.1719832020923802 1.3393999871329658
4.829189573045796 2.8709271369725746 1.552787442891038
3.383288889411704 3.1895506391707604 1.3159058017596283
3.6444367668467694 2.75643963360923 0.5750185128017404
3.6881323035034845 2.4215553087475925 1.6283634810990433
4.31992842391139 1.7541853935379617 0.9527787642817107
4.4769566344676175 2.4704261980168174 0.9480631022435849
3.85799768230258 3.1160024373512525 0.9772488994674361
2.7945418502609543 5.187914404963744 -0.03825397011150877
3.449030606614119 3.1712549670717243 0.5471921972306137
3.9706681305347704 2.1185782902286543 0.8236487911404444
4.188361355600481 4.126596155885203 0.9839402869291027
4.677234479743924 2.3360726122611846 1.4677849021393277
3.819616755868993 3.394906018040123 1.4628915423097593
3.2745554629887645 3.5521535998966796 0.8660982790283117
4.453456519238468 0.8072709656857553 2.656295249750207
4.511724159416802 3.7729810175147853 1.1753739778543593
3.237877861061718 2.969270721612407 0.9158601370463939
3.871934865061848 3.302104410536832 1.7192845627782152
2.9107772399206957 3.0105315893043496 0.7230366567532047
3.763408993731904 3.5102755616236387 1.2481201410462919
4.185134991578185 3.109294958403319 0.841671557522483
4.001026872128947 3.387781359559399 0.9081077946212689
4.643290733310694 3.600098737085881 0.5742924909976186
3.396626705022246 4.297519345305002 0.8102650884008906
3.3486678891850334 4.300683257103585 0.7954182607832864
4.066763555101025 2.7610474486345504 1.5725701313135914
3.408794702655571 4.077544436640424 0.8098901849193965
3.5368678884124765 3.0776916596195267 1.4147511170554252
4.339298839762182 3.708092285422959 0.9689508458089038
3.704400824690716 3.7027245512062352 0.631117776288663
4.543758154898095 3.0622129113548042 1.520311283708022
5.350887334641367 2.739012739372 1.2385746747951425
3.90662146924022 3.0446857269418093 1.585947040831451
2.703110313894943 4.291213080414892 1.1517692462097875
3.4525718972642556 4.036143622930796 1.2965280576790361
2.9920822657584867 3.0721455277845844 1.0850760777291968
3.085604037631818 3.920988033890715 1.5071224723611982
3.517503369830895 2.122432198626633 1.8607006606680385
4.922201547073981 3.722418182241628 0.5366797236409898
2.790498379647143 4.404582533135434 1.9322458952334771
2.8739562226133697 4.171645761545207 1.288994113277029
4.195074783894443 3.6719424573639032 2.0986570966435356
3.792624768354257 3.103864780371012 1.9228011923625905
2.678280964935902 4.99732787530103 1.4109246439554644
2.1726950363160977 4.141007068627284 0.3916241003033377
2.7997824693297795 3.9700850819114644 2.3270368275195112
3.823462582244411 3.2836060464771575 1.8585884774381083
2.3229665905211747 3.3770231449378323 0.9436454274662271
2.660751964330156 4.183988240269372 1.2200185181616634
3.1206956487658317 3.7709951169514966 1.5863689043080789
3.324008573487281 4.333201159062511 1.4869652497379922
2.1120454159226134 4.976469795799497 1.4694820424065187
3.5470916369233962 4.046864326997116 1.4698798004214295
3.6376436933913867 4.037894800812408 0.7109275655231853
1.4939031537735676 4.677574150052637 2.0247564497902606
4.582283052657814 4.367895147718644 1.7532254280617152
3.19797807597374 2.812760311066787 0.9379928480252835
3.3211913642098096 3.1713800253522413 1.0553898267879236
2.9045375262423465 3.7687155904072522 2.095448355597953
1.3888579132418608 4.757308286287128 2.1447575274105026
3.4020460247781785 3.561249037889547 1.5134736754079978
3.068769467018827 4.871281051567335 1.0198805616701128
2.734726088904393 3.029953827675221 1.062648343137643
3.4001783696951637 4.095537091546496 1.3490213733511176
0.5208257324242638 4.931793825420016 2.34115629569584
3.3596006426478824 3.2720124041468215 0.9693874332548215
3.175709236938741 3.6355898080880698 1.1430714504999495
2.6347887136354933 4.8880853195792175 1.7500315459080624
0.9252244546575162 5.5455109289620985 1.9897926029789292
1.6375789458848886 4.591907412245103 2.3419150487396045
3.447036040295795 3.757919673142981 1.7546933997143677
3.557361969073156 3.1031416380098547 1.45055885167987
2.419782198312387 4.553906471948941 1.6921581466657496
2.8144836997758467 5.024170051934776 0.7054853554687238
2.1211288160121677 4.703710057956853 1.6025705569635516
1.654098602986312 4.200560912394929 1.4953269122746535
2.6358268523750605 4.039340985767208 2.313400325019806
1.132939819991335 5.062296289891857 1.9133805318266974
3.5030163879424014 3.4871053568878123 1.9537836179922419
0.5667419386640768 4.178573652760959 1.0508161008247385
0.34486842980918736 5.268753698630169 2.064478322209512
2.336628863795811 4.365402428470726 2.1845956198174354
2.023357647621789 4.054801918649061 2.302860468610329
1.3172979604855413 4.470685325835906 1.5707106653497125
2.3627485507443162 5.132629221114692 2.015324487405383
2.403486479707713 4.356815669516831 1.4170379561504016
3.475556787682895 3.409547190175373 1.7387921420125463
2.3116530796870927 4.466590662979135 2.7797174632398285
3.1846272350048457 5.092689435519075 2.4062897717067853
2.835255103886316 4.557109711489215 1.65081279597015
1.915049704254385 4.739074522830962 1.881767760543185
3.090769865341641 3.707503777088914 2.2953059297670038
3.733345462515949 3.9974941554729093 1.7720008095604372
1.9539533567282867 4.472412684612626 1.0184824061508686
1.9736656584848922 4.553045128107673 0.6387615170464489
1.3928996148491983 5.4460705662214375 2.7830891724667604
2.9646556698216493 4.35541433740764 2.557794683146482
2.1938530039846817 4.2779082460558415 2.256993780494026
-0.14468310295123088 5.207273101667964 2.6806417775868607
0.9317649825819089 6.164621004065535 1.3287205692127133
-0.24974237289892784 4.760442173225618 1.6886942731578363
2.3858651858600535 4.707129063990901 1.7353487494420916
-0.03805472334382418 5.17466737288287 1.9503536608913663
1.8704208279212564 4.609762163336484 1.955403110956975
2.380261689424994 4.539329299387633 2.3156421096452533
1.6536773725629013 4.742342847911398 1.7289771078088316
1.6315449945381397 4.79547088470522 1.568863210640345
-0.5689322044901756 4.483079301142366 1.7961114451613083
1.8854336751017904 5.094826800376524 1.1240816292556013
-0.046392203946075454 5.77969196242692 1.9612509274676015
2.775461326516947 3.9884372626175355 1.469158060935069
1.3585554475733534 4.265501376781366 2.555747154382582
-0.15343883875757294 4.855677069592962 2.2035108372914256
1.8354335576442318 4.024430192301662 2.618110005469374
1.2773359624289164 3.8616863998825446 1.993915630099354
0.982136690006453 4.6504412145544 2.3150581193418223
1.269234617084801 5.522803402250024 2.115035117400948
1.644133190592899 5.391247982193408 1.654139248065269
1.0211998725977194 5.380183432145418 3.0599608203261512
0.3102284235608111 5.360336843733227 2.4786334688243516
1.070427893450079 5.205957000729174 2.680037722402565
1.3832502045978894 4.391226783689778 1.7451079243657757
1.7112755126768109 4.9943887962006 2.212188102032944
1.2653763364073878 5.053446650973327 1.9683050373046962
2.2719329389119745 4.354048610798506 2.421841694651004
0.7525898876600919 4.7651318365157955 2.018283996045269
-0.018656729202767938 5.329398348814206 1.535612982446671
2.7382749088380725 4.28926372227345 1.7744866913617026
2.8523314493345144 4.308493600795287 1.502953156777454
-0.020988927086022433 5.006292622322505 2.2364733605535716
-0.1021636044854352 5.636772542868544 2.949308096508549
0.1290673640348781 4.164338498547145 2.3278160342360317
1.8076215235558017 4.824094175744539 1.8861731749314878
-0.5116842180811314 5.350316239630527 2.5513389848447066
1.3967195134405888 3.977569034881488 2.701406255310108
-0.14490977872906866 5.489746305480749 1.5623822370813283
1.6706660032435547 5.232728129567532 2.2919137453496936
0.09742462923222951 4.071703553451531 2.146773921052617
0.7708630016158573 4.5067322224458035 1.6295767229630203
0.727543631407074 4.642518439183286 2.130385661002803
0.3478249017223949 4.705205476763365 2.728869632760009
0.39600663307773876 4.978437167104299 1.0603982300478452
0.08895515650316216 5.271373507246312 2.6937250488994486
0.6150277138555686 5.041756113455058 2.2094577509796447
0.82754629122874 6.047721887575645 3.2943159902873584
-0.930166255024838 4.38313840661116 2.333253595703098
-0.3567085448195522 5.345278506415217 2.297972967723456
0.35068524443625565 4.399355005897202 1.8468699378430022
-0.7621042108702772 4.603279695687724 2.2978093182051103
-0.09049555262583103 4.773767271787867 1.664144016725909
1.0562155358520504 4.796008180639211 2.1139401239552
-0.5355950128870985 4.843821879085584 2.9042185710474304
-0.5743882584189095 4.106431310336977 2.592069799929511
1.3689588967944677 4.3348296426611155 1.585672383471569
-0.23454699596105932 4.548080820671369 3.441881760340255
0.22812212044298966 4.577477298927541 2.3042085608354332
1.6525438845350378 4.577802035734853 2.0543277899609693
0.008060189994358995 4.244832928514107 2.7340952132706144
1.3706980741772332 5.742538763167119 2.5452720223889957
0.7402840307255665 4.328515048556546 2.506027255653413
0.11007847825568289 5.115561555097205 2.4225819229620997
1.163384271721966 4.982884478657242 3.288629182818829
0.34479597039274823 4.263312693548921 2.098634383214109
0.01851612995449529 4.393316655112219 1.784415971553126
-1.1334795548235905 4.1339801096291655 2.6966880527336863
-0.4176953290821183 4.853668980629689 3.4576398816937646
0.21067522048736018 4.926456913949986 2.614002237812185
-1.2713117415816646 4.738676515284721 1.4321174923119302
-1.2563656978429463 4.442887632949286 2.4010330876057155
0.2885924347828017 5.9590027945036725 2.563431604615498
0.9731133798087357 4.645725678097309 2.727155581891298
-0.1820954041972427 4.971494424334996 3.6680610936152966
-0.771047133950389 5.44932488878552 2.6857696330152265
-0.7781492510957431 4.097150596261145 3.675515227356192
-0.3847423233719713 4.05425052296996 3.0318541482362464
-1.272979942773755 5.554570603454902 2.745464373710812
-1.1461087558320582 5.064685373423985 2.7376840432781764
0.16311671255328558 4.994698351380012 2.2373987705257643
-2.4638714951219347 4.893239972207496 2.5173556227169946
-1.0907187919456207 5.393297706102007 2.569636998848003
-1.2297714603541436 5.517469374015178 3.6449224421055035
-1.513639524481125 4.4497033853155346 2.5720061928750586
0.4242781638263153 5.3884918685190515 2.5155600141895165
-1.1610484740196896 5.212255613485298 2.9163809031303094
-0.4484476123582929 5.68044087319355 2.403066280874211
-1.2753493344736822 5.912952830416016 2.5222746881673723
0.8482960203127815 4.8121790911951905 3.1036752496649784
-0.41347939490661767 4.330271673760988 3.8691767527083125
-2.4982857680455446 5.2503851255835645 2.7814238201885004
-1.850938273195398 4.619285957895993 3.7188782901215633
-1.2898093217221773 3.842986703042198 3.22691002017644
-2.2672996278500936 5.27584961238396 2.3557597144440496
-0.8341060054129098 4.674396853536645 3.321491636045586
0.23990336813320032 5.0614646115396145 2.926530955818649
-2.437143601031504 4.395236654789665 2.5339938458436655
-1.698387228362309 4.089753704790241 3.118537359646515
-1.92074242958545 3.759603571202018 2.4992954049465492
-0.2723800255479627 5.367915975196771 3.0161388937830624
-0.7860226674895933 6.196373361249897 2.1605545389174363
-1.8725749326945018 5.610651617511198 3.024942757949481
-0.9090698923070772 4.2000421756796955 2.8951273554118155
0.31325838697122826 4.594452563255664 2.8960765794215395
-1.6429499267501038 4.413803979035604 2.6692188144524516
-1.8904336277303133 5.238366748832491 2.05269119916618
-2.5911564881588958 4.211622083602288 3.0838871557558236
-1.0856299355382493 5.367296927633891 2.513900617490947
-1.2930236699497906 4.677011599715649 2.2620629599408364
-1.7221063200891096 3.782015665211642 3.100826729275095
-3.0591955572527856 4.1814560069651145 3.1016887682363805
-0.7132079534469934 4.683867568363505 2.9590256807117217
-0.6362670594732194 4.484550635648099 2.878757687853568
-3.565497402852545 4.033549077978774 3.5968954316720767
-1.6922645645491265 4.419149872699774 2.792943235365437
-1.2787925867508894 3.9352705887766817 3.128818431880649
-2.4553545930425615 4.5072615588021465 2.7253598424753065
-2.3435873106842626 4.032481223058322 3.5958974712318237
-1.388522097415792 4.962957030070818 2.661732529481432
-1.9233001293854013 4.253167571635876 3.335132634679335
-3.2224858751237884 3.296971190357254 3.172607575122974
-1.8534537094669263 4.75116145757898 2.8795760968196715
-3.244858298742779 4.287598420535509 2.861547187918776
-1.1202968059038032 3.9895214441221856 3.561988336635035
-2.271790103811038 4.517389559057254 3.172155188226083
-1.0981690523035277 4.621457808249268 2.702102214987782
-1.4989341880896285 4.208562201887754 3.2197905441222754
-2.8267754893433517 4.662404446992268 3.0380476056067516
-2.501111341384997 5.2247821542523045 2.139283856535613
-2.8615886086958104 4.931004823736446 3.2151898308530598
-1.0369763696497956 4.549114342382706 2.94762756045064
-1.2737696685043365 4.0318630884474915 2.7916079545763215
-4.412111107550476 3.608982908859704 3.405744673555753
-2.4268134989860255 3.7373902986389935 2.766035864357299
-2.198020610230716 4.483953801533397 2.786821866051514
-1.2189143294535894 3.96095957453163 3.814506900839603
-1.9925268206759388 4.717194869184524 3.4766059118318795
-2.5556426263411107 4.80423071278635 2.933732110189201
-3.2593539035196564 3.5312575232208188 3.6461731155196646
-2.0871663614898615 4.696578686367656 3.448145808742483
-3.3575014257921416 2.7109352034549867 3.75727104210224
-2.8970880768205984 5.204448081752906 3.3061096622734043
-2.3321958803275886 5.588799527798279 3.238671773404101
-3.0071079448058398 4.48456854373865 3.53967522891382
-2.983639877597975 4.645996963255813 3.6122199681855403
-2.80330013274506 4.006433201307327 3.6090364943954105
-2.8827764170291124 4.061801627460109 2.891634289360746
-2.2336414043562813 4.552477651927099 3.6059471432829873
-4.419367188588687 4.044173332123666 3.2492432068337362
-2.8775102855962773 4.164811686070861 3.8564023314221103
-3.1004643515625587 3.5427011103682897 3.9134433396439117
-2.545987459844322 4.703344293447777 4.134608223428334
-2.52096703235202 3.442189470827702 3.1082330789125985
-3.308068403749127 3.6636788615525933 4.113602200467869
-2.969420010505893 5.024211549187287 3.4214974863227963
-2.0154882528381166 4.355748122154452 2.7257067036804803
-1.8194925513171682 4.750207495100073 4.194325679721484
-2.961189877775611 4.008510167193755 3.8804278823261984
-2.296701886362154 5.1875801408543865 3.3289786745684564
-3.6466779494116763 3.425258070232829 3.496527727897687
-3.8758162026505834 4.203476838794861 3.419277102574334
-2.6255266365543157 3.5191102095193147 3.3876899355547447
-3.4714446809717625 3.515487196005437 4.522888706864797
-4.291073487153598 3.37440029659324 4.092873375192685
-3.3135100451383015 4.018028532046659 3.2311239543542256
-3.530666583115664 2.8147992079255637 3.937241790091482
-0.993011576051869 5.164006650942475 3.621378612094587
-2.583399085033558 3.626017143608238 2.7829583065835486
-3.1484394216818 4.571881916949335 2.6404434839341167
-3.1580699976075604 4.059053659651112 3.376921694096787
-0.8681742642661365 4.723342616060857 3.931130413441715
-2.0136956213552426 3.8256318307504213 3.8659432512521197
-3.6360680530286658 3.7563218589991036 3.8315929445143153
-3.226068768648772 3.8864182533863136 3.3381093518526814
-2.5625821346603654 4.513613439783903 3.5521105232815295
-3.0841927307031507 4.116006451410838 3.9511061135240526
-4.889474668998289 1.6480697061421372 4.0014618041914325
-3.1332440112738267 2.086881634325885 3.845682703696734
-2.4086675420211963 4.029402516144784 4.374605772072051
-4.183604109441757 3.504201541005776 3.2526278352739086
-3.5302825366120043 4.340612102462985 4.048129342447601
-4.556821231400692 3.0268329892314068 3.993328193285675
-2.39483520999544 4.101600470849063 4.000166118740185
-5.591702085646682 2.4440059087032626 4.72262788183425
-4.012768179637165 2.4665366646019398 4.296862741077118
-4.257121160926209 3.443575575551945 3.6245949462354905
-3.9201494467079154 3.378184051344685 3.0858034773041343
-2.2236903385396047 5.060418332898559 3.635310141383651
-3.1249142061119897 3.6337208355343416 3.8146545397179987
-4.768419464804869 2.8097074953311005 3.5429315152024348
-4.970068118805728 2.4379912870030767 3.666825710180065
-5.127006501152729 1.9622572005764387 3.171073995025872
-2.9987002742493787 2.69492303217679 4.213082224568809
-3.7955448433526615 3.982361161460916 3.2950422337508622
-3.689117361873261 2.823724301778742 3.6944466808153855
-4.941271146201324 1.6434333755890558 3.6748246146714507
-4.300671603660614 2.4974403158343725 4.144514014276931
-5.22817129568202 2.499528918760991 3.860930300555286
-4.1305094375886195 3.454595089717553 3.619967769909036
-3.1681569629494652 2.4923545963596885 3.2573894835464343
-4.732838947958396 3.56558314304889 4.42879108967904
-3.523133281627368 3.833567037782678 4.279325077354919
-4.250415064935806 1.8964146077131887 3.893972069861347
-3.9065242372072415 3.5880688430987635 3.954388837552812
-4.799217200709354 2.798874641320724 4.668997678177516
-3.9281476193664915 2.9721523316317646 4.175074590490081
-3.736631168321178 3.3604406306287773 4.155257777627483
-4.412824821953312 2.7186097372823834 2.982658482696034
-4.79485287591953 3.054253935722256 3.829822456140093
-4.044370102220048 0.971333897451145 3.5803675759386153
-3.3801814644676953 2.301902314401368 4.8489734647996565
-2.4063266540458597 4.627912012470489 3.9630663547776854
-4.79858792531722 2.0435289133439554 3.845352394557858
-4.128403322947075 2.929881808369146 4.442146307341547
-4.205428267893089 2.4782008339147805 3.61207403325382
-3.5331818143124587 3.574668730875133 4.3168835191745965
-3.229503598099892 4.3067456358509935 4.292983438839199
-3.859959038436671 2.4273489342785233 3.5922791128275855
-5.383047317228875 1.8799068571518784 3.6474344643731906
-5.52602226274517 -0.10225103882493031 3.7382195486303815
-5.226194898963619 1.708928547590924 5.120203249499877
-4.255293403910252 2.9441308709640555 5.063148561679999
-5.219931559404793 0.9581228858870436 3.987874064401921
-4.353844481143497 2.7788572214887934 3.6146522567596877
-4.642645996349429 2.396931480731549 3.746864445181509
-4.615059613246032 1.4587637961933684 2.8133879334996292
-3.598071572068462 3.6298829951956084 5.288333096949313
-4.819568401706007 2.9330168570910136 4.434432969498119
-3.6999774061565796 1.7879967676772806 3.6522711753144876
-4.440989507401653 2.611747900855457 3.8321306240842166
-3.817781426586285 3.876762443507899 3.601113055232115
-3.2984527107978474 2.370656151956514 4.852443132004703
-4.088573887051424 1.8689510075931626 4.282364469239867
-4.70102293901079 1.4538559269356617 4.386014782662382
-5.0017517836004295 3.308905227318652 4.140782561288235
-5.12872920062739 2.1030099002719287 5.3050490755630495
-4.710583911365711 2.094982146683217 4.631370365408507
-3.4796419860193626 3.6671368604419063 4.381812071819212
-3.9926416790344708 2.922849753017381 4.028032004813788
-3.835188677726735 1.9550673490148363 4.086128066820581
-4.413154273199385 1.1368349460980078 4.598783250267087
-5.008397382798698 -0.20307679140496634 4.875367800445637
-5.110830720417898 1.7020605652712602 3.87352543230008
-5.0403563314214574 1.4055776082397962 4.692173537232202
-3.3709851988336212 2.9891562135417455 4.244431128623101
-4.289609907649614 2.9599564766742796 4.480076390961266
-4.70182896539643 2.2586660123644826 4.297053560022045
-4.354952167588934 3.15355261156053 4.815116311713768
-4.639063181979399 2.751272298560525 3.8323986898910998
-4.290688289645997 2.0773942594146297 4.193084990093097
-4.4531352403592885 -0.6088496294989887 4.522645743084581
-3.834512714374194 2.5991480178169737 4.381036474981248
-4.5494452320469945 0.1947393728316933 3.4182924487008064
-5.476246269520211 1.1277705496990604 4.713519303901532
-4.309119188586467 3.340158359986091 4.75315780366691
-5.595984356351264 1.505866128011108 4.5100163404699165
-4.872316011556956 0.9904516519501152 3.8433918061889196
-4.606178402235738 1.8835211282926962 3.5412479021120813
-4.91837119133202 2.564222929415602 4.661923501967045
-4.356654316679047 1.4272160901085078 4.506155772610581
-5.048685251043095 1.3686728596407958 4.939820754600266
-4.952075179678398 0.7581464131937837 4.256516860513484
-5.118414933739235 1.0052890704551067 4.732435270771643
-5.042274269858372 1.4661488555763713 5.35673755931068
-4.402360618893193 2.872991993975476 5.039845999332872
-5.047027055343933 1.4505170933414369 4.982746271010893
-4.716488117036126 1.0318208561858588 4.252134979027275
-4.152651600602574 1.9846509997438964 4.387864704265924
-5.30102964176974 1.9392230906839139 4.872137448675712
-4.948323931190552 0.5269138833154187 4.753879064150943
-4.0162026158468445 2.9374985257153763 3.825437826028897
-4.924528063969294 0.17161299539717717 5.021416112769121
-4.1668595397048875 2.0165718481502823 5.039935712144477
-4.8682139104125035 1.5457379191055391 5.393796327216144
-4.684596536636549 1.6889889426237679 4.723998503538084
-3.8279673769469236 1.3628512779106057 5.539439872372324
-4.511554175836533 0.19735914735052196 4.515824716909007
-4.498842172881222 -0.20761273921487672 4.318514439729887
-4.899610774350598 0.9975257332785447 4.918303587281097
-4.34549746005362 2.725721267895487 4.563632066355
-4.630674717782868 1.6105035989489696 5.86019566553353
-4.565851549200458 1.3175888242306149 4.859967969790493
-5.397432823399128 -0.030763979527259986 4.846122169501371
-5.47889908103666 -0.010991889261036284 4.885379962078468
-4.879613057698086 0.3388355203695956 4.20779970043843
-5.008700610044803 -0.4698155127670206 4.143336044805479
-5.0322717608575696 1.2010660533613329 4.954575361708305
-4.897576507479346 0.655704277007632 4.194228464699233
-4.393846329552195 -0.11055881349324934 4.10801120263468
-4.732070912688882 -0.43453217202653455 5.44221190926857
-4.651334387415427 1.2323576054543846 4.4200693547650785
-4.864542315157167 0.03390640931976605 4.872849456302992
-4.900183495142558 0.9863132842548192 4.730105593648508
-4.692724927968368 0.8785117995731001 5.3620041333937
-5.140595019938768 0.23624137979961315 4.678739760869474
-4.5937150248527265 0.7423353538557376 4.726248916242032
-5.154623012002062 0.23124906931507713 4.882984584762785
-5.625052764232852 0.29211943886752273 5.719600169774459
-5.387774139782717 -0.22211173835273715 4.247333834408386
-4.564795818395144 2.1658015078060044 5.233340536724477
-4.958068197374657 1.3532742733826708 5.014318459529237
-4.662754167341873 1.3115984006697865 4.1446230714169605
-5.37810344405443 0.7613229070988923 5.429862638591033
-4.613752280276023 -0.9039374693557554 5.706284825817776
-4.87374171675344 -0.4199768605389147 4.7249876883366895
-5.18100432553622 -0.2373838148088573 4.87846752973546
-5.308938492774332 -0.6178701954069343 5.167023974289195
-3.6429522453414416 -2.90376997062973 4.941952470833905
-4.891555931927127 -0.762711026076038 5.083901542293537
-5.4165395225033075 -1.3035305645077342 5.2442298645169965
-5.681948430456774 -0.21573528723454088 6.198728963503382
-4.580588863713051 -1.2281876629000017 5.4063276392591995
-4.044354575800424 1.4963171802064328 5.5126591939611185
-4.899372612266497 0.2844797033588809 5.232921425779343
-4.5755268675304075 1.306813746771015 4.610039893351984
-4.552036011653172 -1.6623351860430065 5.146360153949682
-4.5814751436836305 -0.46137074349061447 5.117645164399907
-4.227324076283416 -0.1982350183074664 5.554872218688157
-4.5566797722609245 0.9505485726625663 5.480080690284686
-5.077517503619403 0.6121880681150518 5.24209411644305
-5.640394911672358 0.5460703567708339 4.463235613289801
-4.504385258970765 0.8461032629146069 5.2652043096698105
-4.758603770306772 -0.5208964595380496 4.390994345605178
-5.693265101830956 -0.8374020173313865 5.469242407937008
-4.361581649801681 -0.3736374169813091 4.836491476442198
-5.29231976136074 -0.15186627786858709 4.38611598178994
-5.607866864196727 -0.6297792606990221 5.6717370782024075
-3.7341870388393668 -0.5712699723146839 4.895477021486816
-4.112180453766909 0.7672329533446416 5.063090822491892
-4.396706937899819 -0.5622572205448577 5.837001115908446
-6.089776458091603 -0.08231912400414458 5.175052761180755
-4.355641170108068 -1.159829841580075 5.448897528680334
-5.884448576728613 0.4696520179282639 4.572286097455797
-5.23480768524693 0.5902942237624984 5.039863860374899
-5.097028158523421 -0.6358354774383592 5.280854805946984
-5.564418840551617 -0.25056157713342236 6.329970538042475
-5.343340640254374 -0.12150410717154492 5.370928879131876
-4.68920196771363 -1.1056247500511762 4.817311286217928
-4.274007868510022 -0.17086407411753757 5.425466397947653
-5.342101888890007 -0.2998016723035901 4.989746088345542
-4.3002098537810065 -1.7366043353107565 4.7381665615443875
-4.950202454217712 -0.9044123300300858 6.1209291129217664
-4.497897728171953 -0.7626256868256706 5.2257560268182806
-4.407634808665851 -2.513084608485072 4.803911413752182
-4.5851249213366945 -3.311914766240024 5.701615959283468
-4.740489397294279 -2.802217396007531 5.242371113176198
-3.8924260262664405 -1.808009140066264 5.627280413950025
-5.078809647347063 -0.5532296413452615 5.73788831019959
-5.185336952562538 -1.6830167302215278 6.35267819883723
-4.729990035533432 -1.9387189427068632 6.5893181696235645
-4.475364233274407 -1.9964250502991705 4.703764093751285
-5.538732186965839 -1.0861902192290889 5.1553224349472995
-5.935793767174372 -0.6816881940806423 5.39578027650912
-6.052708751141397 0.2198468158234069 4.639882840998108
-4.827375009480297 0.5814592239326257 5.196198598259049
-3.5382365704655228 -2.02715424684364 5.702809696634145
-4.779190996988958 -2.3109399886023327 5.179833930697116
-4.927692684248923 -2.0857419571089904 4.419497589598095
-4.8048672683403435 -2.6200916217236827 6.0669405429368055
-3.245438470696054 -3.2102187541786362 5.392790153590931
-5.169601605294827 -0.45612302260932774 5.3681221929813
-4.765720597883311 -1.0650362695274505 5.805831750652076
-4.624663933792013 -2.064426716374834 6.265054014531164
-4.736195723728282 -1.0838545804244446 5.158179776086082
-4.7201186659002605 -2.906018175309896 5.608368250257206
-4.852688329535108 -1.1588242738981347 6.5600874106061235
-4.0493500705852 -1.486148875575027 6.163587741916314
-5.236100501579157 -2.0037894189568295 5.429057231115032
-3.45912931514218 -2.9614031577057083 5.3852272307631806
-5.880553886191205 -0.6704360505854176 6.2269165843071415
-4.581861950771497 -2.418424943244379 5.638845841653743
-4.554453041346038 -0.039886878923199406 5.429824396678517
-4.409990463940212 -2.054098480017808 5.761730325914901
-4.257611319690017 -1.846685341810593 5.6977470883713925
-4.409933426551219 -2.1760250601098874 6.035259653283295
-4.9573920472864605 -1.1539692028892832 5.631655104130146
-5.5083416542245764 -2.1325542120332854 6.087325800843097
-4.5273941831776225 -2.901636894057872 5.165649738180608
-4.63286354205087 -2.6321518859352384 5.597271613063271
-4.4493084808152235 -1.253705329527401 5.314401474406048
-3.951973188741084 -3.877892122851879 5.1463368937698775
-5.082656089433867 -2.4718459793972096 5.589473348109664
-4.565516185085339 -2.715928158652958 5.9643542574220625
-4.671732647680586 -1.6598324489463374 5.983168208702871
-4.633013179820464 -2.357288892678755 6.746598969272395
-3.8377446087827956 -3.45909831461696 5.563326689899574
-4.972339035143474 -0.6740070552153613 6.135604485538565
-4.1490352833426805 -2.7779199180393204 6.167204581356939
-5.749427487734894 -0.48639648596309093 6.6618014943109864
-4.859747802471736 -3.7159172759502344 5.328951892514678
-4.176729124430539 -4.0174432951660135 5.479322328152407
-4.328334456218948 -3.5765475748286124 5.2958912067316914
-4.10990681811769 -1.7078543878316281 6.380338327910314
-4.109343128226937 -1.827792551813976 5.546334351254737
-4.519772724931296 -2.752151521106761 6.3381068363208
-3.9690802841742325 -3.0109730140431297 5.382540835717609
-2.6353672896034244 -3.466733549352041 6.029746853515789
-3.5415251153615923 -2.395304840077215 5.434371506245432
-4.361099732220813 -1.605218268847147 6.3692187734666135
-3.8990203235164715 -2.8010651334360315 5.902664078102632
-5.24528590462309 -0.5132412342853137 5.523186552978171
-4.520435168988773 -2.2934345796015236 6.550081485203708
-4.325970901296585 -3.3960719026802484 5.989844836823282
-3.096025919965378 -2.822247656029932 5.287440951719694
-4.088176882721069 -2.917368692942416 6.221866819104242
-4.743122858022673 -3.323723007441935 6.297753257187804
-4.861729912299589 -0.8473491802197322 6.403592203479784
-3.0773121858439736 -3.741595661374074 5.4324898163262025
-3.8664870670032907 -1.8800914676570728 6.836703883110653
-4.3911650147951855 -2.383740219438435 6.735197025697516
-4.569663908137712 -2.4764373745761197 5.843458046237
-3.163251692942034 -3.3242846430447246 6.8470548841000305
-3.548403870491938 -3.0814858042513045 6.190194567887642
-4.240475145640608 -3.1924437527909815 6.425335891231901
-4.5044040279209 -2.982673985540109 5.911063598933441
-4.384317819648057 -3.301968734316354 6.073694724535209
-3.5136708452345404 -2.614473873504135 6.2780480695296825
-4.907743212097443 -1.2453847366605155 5.5771094035861255
-5.130917385470562 -1.7643337024759618 6.208574340795421
-2.9397079280897964 -4.455833043475336 6.380893769805164
-2.2627832876712306 -3.123892206367099 5.5092930574053725
-4.567703376581448 -3.0315652823890304 6.297129075337648
-3.2501082949141407 -3.1695797696766568 5.609816142117173
-2.8751220858588193 -3.8122980168311194 5.808433236390774
-3.408317712621222 -4.151635818497308 6.145054551622834
-4.626480945626621 -1.376474067158648 5.185337991153849
-2.196316279336307 -4.374836678997254 5.6010832509673305
-3.5463049570296397 -3.058649009552852 5.550293951831462
-3.2721876899009574 -3.2539687124511363 6.033003261315657
-2.923093829573958 -4.202481698874802 6.217615400290666
-2.0255325299464797 -4.869017138526736 5.462391231359502
-3.7138346211729996 -4.351809625376767 6.7298379541013515
-3.1569914111011492 -3.5082950820924843 6.314601548806443
-3.249428752944879 -2.2831994511322464 6.102669218077273
-2.952326775100312 -3.928398151752298 6.662756773611347
-2.8260801704849055 -4.401749946331773 6.002839602450173
-4.513933368048083 -2.4642010574512154 5.508368561671251
-1.931278167047461 -4.282799602195326 5.97905109797505
-3.1739919203295526 -3.925335101484688 5.979573661509071
-4.295256283732814 -3.3679011088599524 5.53516753069651
-2.6793540944462237 -3.682139542364731 5.758807755598472
-4.095106189609851 -2.528551965933405 6.733544176492237
-4.450869393620761 -3.1675650045571517 6.3950889148632255
-2.4757063632521894 -3.7588863566667623 5.373600414143471
-3.8958487429925084 -3.718705123166471 6.225138964631414
-2.9468434387346347 -3.3922239361946307 6.925708695319288
-1.7612579998640092 -3.6630611049558195 7.234529399870416
-3.31899714133061 -4.7692428147139925 6.810668507191968
-3.34786294583599 -3.4234811997481516 6.4356601835357266
-4.826422653871309 -2.9651585335979704 6.526283449802877
-4.414394480889113 -3.4651392979925038 6.085189241640831
-3.2904120785441298 -4.417353746625452 6.493630587023985
-2.928956109603981 -4.073724364941443 7.397762628311838
-2.8748938958336177 -3.6061701972172933 5.302269325436185
-2.921842840406569 -4.14748383908808 7.325012897658692
-3.511681011667664 -4.071364418826446 6.779777731892808
-2.490759215961058 -3.2114760738100494 6.13550897932153
-2.2054951497139395 -4.985354763158466 6.428427157842254
-2.6399081081735893 -3.8758930836168286 5.20504324306
-3.048636800224104 -3.785335565244806 6.4703963466172345
-2.4606099336429095 -3.584583193725048 5.859611246597412
-4.321855958576887 -4.993825366651305 6.708561840637663
-2.0750568275818795 -4.2084059981391055 7.0260207072183265
-2.313674669000516 -4.361667770673331 6.0720320843873425
-2.745694794215343 -4.967107326420304 6.379798162664126
-3.491802733516921 -3.8419375876334514 6.166896857365877
-2.288997432490675 -3.8405518453000513 6.399786760171614
-1.3753420087746213 -4.460033183661833 6.661513202606038
-0.9374602173911971 -4.718315860740539 6.399908184105457
-2.0810329899866775 -4.5535589948085775 5.508060831708976
-2.1070753387092416 -4.61794657391621 6.274200938233775
-1.69583571065823 -2.9260112990667975 6.769326912357022
-3.20757726981809 -5.04847843417897 7.393624864598063
-0.4818533836169866 -4.530564726462243 6.357397595134325
-2.70040775603966 -4.592283308472841 6.381089369962542
-2.313182420782834 -4.7052134801779095 6.542901439010489
-2.677726622976096 -4.957581606367202 6.732655598375429
-1.7790520657481899 -4.84972530660732 5.480398017155348
-3.532225063381482 -4.307481357290558 6.4243319685591675
-1.2308934536649285 -5.646149449106901 6.486796235465409
-2.5161220887397677 -4.1181190229657165 6.509535073644377
-2.190121650747343 -4.391638767613911 5.843092225897613
-2.4296893354121347 -4.455096799999278 6.428067129456762
-1.8242111454959722 -5.415106785512125 7.654868195699142
-3.1158583319895357 -3.794635835430454 7.144744221183133
-3.5168316407236575 -3.6178448771635203 7.366251768666698
-3.342522687100582 -4.264817682186704 6.718217493848528
-1.9652807324249406 -4.0821511774073445 7.321088639332613
-1.6774124236958858 -3.97530613189381 7.179342968867732
-2.518648497286932 -4.60041656840307 7.523490139921156
-2.3928440013035863 -4.732414347860878 6.891153745131378
-2.6335817956587437 -4.369821996100222 6.624795628388064
-2.0968620665672804 -4.870294943026714 7.125191193846487
0.06714051035059458 -5.425180416546599 7.110754400761129
-2.0538076958491844 -4.565906642188172 7.508953742277809
-3.481499540249505 -3.5296145959302003 6.238383144771494
-1.3360786707726184 -3.830636316738789 8.190389019516015
-1.2726501425143033 -4.278763782878612 7.097456904088533
-1.7361067626748332 -4.978940735291145 7.001270753251291
-2.7020047253703816 -5.643201756849854 7.351349174046558
-0.8659844826042068 -5.030493652837321 7.413655172654666
-1.3304119829651162 -4.317230375617109 7.376232280899554
-1.6165948557855891 -5.034461135509599 6.535375998385185
-1.3324109700651354 -4.4446549299130895 6.398796257521546
-0.3792898777489204 -4.997872361111343 6.341215144601132
-0.4472344129400693 -4.099473684053428 6.331633589619108
-1.4537160941936687 -4.945273317513735 7.119956896935052
-3.7031106265903673 -3.6024310817212912 7.101648141792925
-2.5075830729446635 -4.5458379919096545 7.436241793861505
-2.45794832138914 -4.6906881821325275 6.3614579454356
-0.04119976110961628 -5.391285612029194 7.825300235615545
-1.0964225134159218 -5.46917254067189 8.35516132744489
-0.40687212527955613 -4.948570952892913 6.759301887077226
-3.490512914040413 -3.7558267446037896 7.3419585073058355
-0.5023668036911 -4.768835710578125 7.533259086303287
-0.8955087869496297 -4.362334477374834 7.371290736784828
-2.0606433253118466 -4.154962317202086 6.317631809616436
-0.5077804536484799 -4.079352805723713 6.895569504594168
-3.063768939444031 -3.5299032950833844 7.8047147425955075
-2.8356196520368377 -2.80389760430276 7.18001604630078
-2.1340029080851215 -4.681566365404658 7.146466341569121
-0.22315690171490443 -4.745978720551514 6.530396251575032
-0.4426073892056696 -5.5830977937898405 6.669008010241545
-0.43618343893952216 -4.440032314006498 7.0236097835119224
-1.6617436666608663 -4.7063814199021206 6.238620912148233
0.2201362500475627 -5.078632219300234 7.311322239891111
-2.16639088138283 -4.160921772286947 6.872006329224292
-0.06664821111737673 -4.841560915767878 6.924877706387404
-0.299844358151905 -5.580447206694462 6.928673938292982
-1.8319514686091212 -5.638884069625597 7.403674294880489
-1.1432639666156799 -5.409031858680951 7.105782101676653
-0.15920570875131587 -4.079125565212389 6.911120964481574
1.0007784856087585 -4.9439975724585 7.972303059470318
-0.6642561707292066 -4.398844239777919 7.22856198380734
0.06487797797537295 -5.830135326321832 7.266958101584862
-0.04713380405373834 -5.386952655840318 8.516908064943047
-1.4260552715699781 -5.113625947114098 6.968424231382527
-1.251768361425739 -5.184765984156903 7.687232893082639
-1.7093647471900213 -5.3966999288408966 7.517640515730678
-1.2163584049816942 -5.0077432627632525 6.681182720048044
-0.34747563188145053 -5.4074119865051955 8.057131212629239
-0.8564974677258096 -5.319557723398184 8.51426904371697
-1.328995891850396 -5.123681578605257 6.5485264789953455
-1.3674008531874122 -4.972147705369807 7.043961563898304
-2.909155668664399 -4.89738753746721 7.23945112116891
0.43534172959855166 -4.310972884390224 7.558817727869959
-1.515013597430261 -4.115767016359219 6.262525729065997
-0.9965432530269216 -4.843288780714739 7.260371444137728
-3.167859655794433 -3.307837388942966 7.438823366130485
-0.5839043564573658 -5.383909099619247 6.3898224102771835
-0.6125620697364536 -4.795883046990563 7.447651221497739
-1.0142862026933006 -5.602700132311957 7.989405023497367
0.2374155907539508 -4.788906343820262 7.188004225925885
0.2793050237610972 -6.011174800038615 7.892746559060433
0.25668924190837317 -4.453660554930409 7.171331424988218
-0.5067479900704095 -5.079592828970907 7.071822335614331
0.5723181399490593 -5.513039885885714 6.945922572385043
-0.7411829678671293 -4.3303522676676565 7.884643001171698
-0.9538584535257212 -5.006783114564544 7.292563524271967
-0.4904465945175929 -5.440102543265055 7.752667137773024
-0.939016494565813 -4.578163095690101 6.78913526680893
-0.4390544003697304 -6.0512223288919555 7.251616024879639
0.11320550396833692 -5.1814107274222625 7.235322865397952
-1.7536962395798685 -4.93570070600537 7.173602379478822
-0.0003994386204016164 -5.587893646020655 7.372846925978284
1.520494654099753 -4.639131067928057 7.434436746154811
0.15510112061498266 -4.93794447587583 8.16501020507607
0.3763163096304923 -5.192665222355379 7.660482747092849
-0.5318015833286003 -4.195542279637922 7.235594994624648
0.5202887406019069 -5.607478834007136 7.9531660802612585
-0.7530510403803565 -5.403362644609309 7.864241435756039
0.5425678719270147 -5.45446863346078 6.582117043854464
-2.83821762224456 -5.201103781666714 8.33029356034438
0.18246183731814578 -5.277265724588773 7.942347911530686
-0.3969677613890756 -4.386684379435686 8.458851303284817
0.7786726376489038 -4.955746992430933 7.83491721108438
2.0467769367192954 -4.501538384607182 6.793340017278064
-1.3756760798000292 -4.923259424718728 7.865332944689315
1.5046275541083738 -5.449760488030657 6.526595320131211
0.24066818468721746 -4.876616714476828 8.048361416766394
1.1330928803192843 -4.438879310191036 8.031312386420815
2.061750345089183 -4.897165159427124 6.58455634581642
1.0292801034172339 -4.5372576788683965 8.304439220633355
0.12447553026351316 -5.669251267913638 7.894069840209902
1.7693415745420507 -5.375368180875058 8.371292485321202
1.0242417090327156 -4.821738743194636 8.294274780277767
0.22487923903681165 -4.558066631912995 8.083122327718694
0.7679971239741805 -4.912370073143369 8.372319519098282
2.5853548949784306 -4.791105947663276 7.803428080656563
2.8004733805235458 -4.591794301174241 8.428792246617414
-0.2414198995068597 -5.471942615510047 8.377364778975338
2.1211681154036537 -5.567550988473558 8.304544318713345
1.2166166763173032 -5.047790278542185 8.401956719564318
2.2568849001547746 -4.18158520656553 8.770924085647152
1.5712011765431222 -4.327842376479481 8.591623246557077
1.2362467340750574 -4.240122158696481 7.658012992711584
3.094695094762107 -3.9031156551311774 8.230140422545471
0.33530569690563833 -4.864381412257568 7.536348822399672
2.8134567185002877 -5.111014621054465 7.6109282536846
1.2349887060966638 -3.971173166398945 7.101116643871886
0.4197769696363556 -5.094349159355442 7.926760708135484
1.184463678977414 -4.497754423207794 8.155151167641039
1.6930749179493911 -4.4514910027152546 8.571027376584125
1.171946346471636 -5.031304100056756 7.534366075822939
1.4535512353422755 -4.8959586922930844 7.925200677819608
2.6721729515469517 -3.4359125880923096 8.192196609071232
1.7783257328510762 -3.9339178648220288 9.092305376709534
1.8867934999765787 -4.699403793101214 7.135544582004399
1.2007918253056258 -5.053140375130379 7.714992569302254
1.526049691810195 -4.024969217266413 7.669806171563312
0.9909842200966082 -5.425764089349514 8.292273085150326
1.3980191521146588 -4.5283564884079075 8.299433204703673
0.3915910084989503 -3.9232384022309983 8.235665805178218
2.632482996057908 -3.2762428275067315 8.446445749830406
1.4479178677644742 -3.9588454569691267 7.912458172704826
2.5774948015017363 -3.7775299237045235 8.607061588405
1.1735905630313734 -5.000797637952277 7.80961109356784
1.3803849790594522 -4.21178618048192 7.484638534827436
1.4458359338974947 -5.0152741465458215 8.516289990511154
1.6656591767314521 -4.018461393545944 7.755532826629495
1.49045408050711 -4.362617722247911 8.686019218752506
1.0534378544116147 -3.8041036451486274 9.118943129317332
3.0430270748401567 -3.5924739145233837 7.512958627337857
2.826446180112993 -5.4908092259709464 8.254803304510483
0.641179337377687 -5.393604018206541 8.23207119123739
2.912786428834016 -3.2511078501431125 7.868255253974132
2.3899518176981007 -5.307843115932625 8.843589140764678
1.4987236515325306 -4.856494354917175 8.32324764662049
1.510596338316209 -5.0886336641913035 9.00065221490782
1.6018269809365635 -3.7579137272308274 7.587522137707563
1.3323074534411448 -5.3519314945561245 8.662110583968445
3.0443172622290424 -5.103859531953526 8.739616370771813
0.49488459570816046 -4.458598687854555 8.622955581070146
3.592498090591653 -3.6589302715512835 8.275217766596642
1.7473635954146456 -5.440182977804389 8.479407782181017
1.2493499615479549 -4.332129400932597 8.826541247133601
3.6474238493690128 -3.681923113950071 8.430819915581349
3.62962325004399 -4.369627964776751 8.75883927839274
3.020169740782597 -3.8987562182689866 8.11642971716987
1.6883056128476417 -5.387453642960607 8.122470725854846
2.091763642943421 -4.4068053430053755 7.9740983502156855
2.7404865561900777 -4.066766430342789 8.99701148958354
2.0488533688098296 -4.267147375473541 8.278345073544227
2.225449758119627 -3.831188405358919 8.043121290533865
3.73496082714379 -3.1564079221701116 8.569334476299852
2.8508827327331794 -3.813060860829496 7.9095813064445535
3.398587614538152 -4.5355781031994695 8.575381966017643
2.171393994484627 -4.153420735248614 9.051122980758949
1.2929313452812774 -5.156754784871904 8.801116524646751
2.0559518583589442 -4.691429556437819 8.168618871470326
3.3684163313107023 -3.287609717809095 8.237374270320137
2.895371298321475 -4.148114396656382 8.733547366879478
2.1162026511610486 -4.3872549001228105 8.069208562472186
2.1294531118922104 -4.0583083336362415 8.232493643363258
1.99820708627936 -3.2885060168595794 9.295145454056765
4.355294986814838 -4.435073470184875 7.840053081572403
3.0539328639684085 -3.348421729080646 8.563512597588794
3.2671973105842773 -4.388486597383761 8.778575885573844
0.9335163452829294 -4.795271820721922 8.767346368863313
2.6925550672430436 -3.887071445495494 8.787919903550328
4.380730050790804 -3.8005927387889393 8.181729112665794
2.1411261811887963 -4.506725962628147 8.17942570893876
3.6358640563397957 -4.13850402140301 8.014473692303259
3.538594886536945 -3.1215422944639837 8.05226956130153
1.9594767756387845 -4.447782830053651 8.635189093259266
3.0084581948562126 -3.523987018916704 8.669076942157448
3.27083052028846 -3.5511947763152576 8.793379505378486
2.910024273884613 -3.1902334785486417 8.696783318238847
2.680003121822297 -3.863992590432075 8.846309781880748
4.138136049974613 -3.638347900374752 8.385977704075126
3.9643937052426166 -3.8967957071410195 8.943232449221114
2.9305123127294412 -3.8731161679146235 8.38606219505799
3.7717240458649495 -3.2402908229545773 8.371379693314346
3.276800980872936 -3.5987311651615794 8.582571915162257
2.5736581352585217 -3.9285918749507327 8.744179836553235
3.479954524163565 -3.507499080157194 9.347743900864398
3.490070771165247 -1.813193877380132 8.325895258401395
3.0915060818144617 -3.1221564949015788 9.140488087594983
3.7706363923397155 -2.833248751692416 9.456902569310321
3.035464926709013 -3.85578195204013 9.01846122856204
4.4342964416520445 -2.8550914620143044 9.571379518968504
2.779449427555049 -3.166375322272327 8.43524231508568
3.7550622198617902 -2.2092798265090656 9.431344679259032
3.4031492908474785 -3.5098464414732873 9.104830525559132
4.115408243316642 -2.940104584148656 8.719678289598226
3.826350028009705 -4.235001680251138 8.282488818169497
3.0124081855609255 -3.276725223774469 8.683931803941459
3.3462416110298183 -4.053984523895602 8.417275525170464
4.669248895481862 -2.5672531815551447 9.035909086633113
4.039154687380037 -2.4674293208048885 7.649653141629384
1.7487960495570882 -4.787844831071163 8.793715620945978
2.5071324113050495 -3.999738543812175 8.58687987456718
2.3280843497964447 -4.169317016556406 9.795801682505871
4.059169424734938 -2.96397071498877 8.794626615192696
3.3398697766360548 -3.3711059071331766 9.564722132521968
4.244988115613874 -2.774593504667739 9.28287034030348
3.596899272846424 -3.427226036182974 7.8143125583008874
3.9400581760798516 -2.2838186570723056 8.390170658417995
4.583646879859093 -2.927076385973042 7.8146626685790626
4.358710695611538 -2.398127379250994 8.622959946858849
4.037494958463947 -1.671350557059826 8.793697451926398
3.94858017141599 -3.2455399812974077 8.883365770053073
3.9069423670267596 -2.6230685568728282 9.083726620041736
4.314581317760016 -4.027051200573685 9.113986009829667
4.5218724243495325 -2.320295664975735 8.554704139378375
5.02633328434313 -1.5544562068727565 9.535871422305526
3.6630855065268904 -4.1219701378512035 9.036673813973369
3.407741160437884 -2.3469713331078697 8.880843446286674
3.7635772839286408 -4.0360195746385985 9.791644613001276
4.1373904191315205 -3.1757482507132138 9.570983717817256
4.333713071815983 -3.0098837697209833 8.674170548128943
4.20211308294086 -3.0897725954429682 9.678013013147167
4.296902291214641 -3.37556875686345 8.43951267039774
2.4502075744025795 -4.008270179154233 9.450663903487188
4.907130911503866 -2.1436489093534967 9.903822645458296
4.669881189913656 -3.4028060898014445 9.85574946019365
4.320792028618683 -1.2807035228678167 9.32036866686515
4.027973925589123 -3.265189131974641 9.55983582986901
4.663916068271783 -1.8228952230953013 8.040817124728042
4.717067342139263 -1.8807882370377975 7.7810699051377625
3.8698763821983113 -3.377378944539578 9.723630958592679
3.668834157979525 -3.99526034605345 9.473268427920049
3.9703232322147923 -2.960722498479621 9.313518659802188
3.404694962833641 -3.3465388406125975 8.272840184367368
4.177333331480574 -2.6489691860886624 8.743062666882887
4.749639653054875 -2.9346606874077197 9.170819519185772
4.165485967921418 -2.4369604305091634 9.115221905879128
4.169565227794154 -3.3646313148782427 9.290378574146635
4.543854844034171 -2.506589896145256 9.348185155739111
4.113324529668684 -2.344291972295822 9.149327993229418
3.3593195111933403 -3.137898843394405 8.42773340679786
4.527393558717006 -3.874699720310273 9.27617965195804
6.396732256776936 -0.7616023693578127 8.861474283396594
3.656784706165523 -1.507388015742693 9.814770710700472
3.423770914940065 -2.5456851522055497 9.218871442642465
4.252836306364828 -2.5398698754805284 9.461577950570332
3.9083826665518426 -2.5989129476471127 9.679851164352394
3.660459294354726 -2.547649383475389 9.329693994680923
3.6195488079567872 -2.5640064195612022 9.110199403018033
4.192843173077871 -1.4886538564661254 8.912728125358193
4.498500231901324 -2.744972985863981 9.279994822111695
4.372987186237 -1.5891310789089796 9.559605733269741
5.525278115973775 -1.4935554851582455 8.835507580339684
3.9904506708398375 -0.17114186214385393 9.950963050649328
5.261693532338252 -0.46154061074993963 10.238142770922975
4.5280245889458595 -2.320918139189507 9.102633250563267
4.94538738730926 -1.2093112574387146 9.216405994748598
4.081401016430922 -1.8285990634166298 10.191640242229372
5.671698080448063 -0.4871392490491266 9.135593809989427
4.486931526659833 -3.60444743800323 9.804877532130188
4.180914967790253 -2.0967613841746173 9.02217509396237
5.092351370108023 -2.391436196490281 9.242854486803946
4.744151338853254 -2.8062564869329134 9.936134306163778
5.668627411412629 -1.3824943829528804 9.580909293096283
3.080406185968131 -2.7985496902613 10.502087862174305
5.126495294824661 0.3566711629578935 9.25481170129298
4.079936804512621 -2.3726800780556108 10.069599160745476
5.13423021082428 -2.200483078088145 10.281149779969596
4.571450074329857 -0.9681411582394119 9.510667154538856
4.963101358253843 -2.0175572318603665 10.024680567310485
5.198070115407996 -0.14357520617977734 9.443279508489674
5.521852155136319 -1.8244231273158218 9.516977943038818
4.766279293311505 -0.988043337894995 10.179628087725812
5.492947881861038 -0.644784328091154 9.606626042982729
4.7907018374143675 -1.7878191639846919 9.408334506588792
4.399883742978071 -1.6579329235599565 8.952477745612384
4.40840159905036 -1.7939071385247258 9.492818035366824
4.360085158511074 -2.893512479246902 10.264217260334396
3.938702252839114 -0.5169214128326634 10.297937157308214
5.979082049306559 -0.38272344752047815 10.653100160176155
5.476890387494278 -2.1453540313837536 8.599622591799093
5.204525511883009 -0.7536435098078852 9.05485811695045
5.362351844899565 -0.7293673123359596 9.398372523076736
4.910699212703931 -1.898253506945553 10.07802285567644
5.086465779783214 -0.7583649390129168 10.252375662533098
5.471299810346932 -0.05616103992901413 9.309096010510906
5.638597026217479 -0.4127939913522661 8.76985516505189
5.153409702394274 -0.48333380801799347 8.71950435868106
4.713165955406829 0.6467238477430569 8.4605504247988
5.137393566593351 -0.11810604102112653 9.392406553327925
3.893916822136468 -2.6175771725055856 10.10025519178564
4.250021390106496 -1.007556566866615 9.780303521434544
5.1074647887087705 -1.4265487590856452 9.804540208196318
4.782095587515294 -1.2416752620878144 9.666096741055405
5.0046532816354965 -0.5516631122000694 10.756046648580163
5.399962977150219 1.7611865359438006 9.390593019619484
4.840992680786462 -1.517781532155413 9.87926515548902
4.9456965263199875 -0.1792089241796976 9.44794671185075
4.677029780027743 -2.8097229133445154 8.804329895819656
4.341764124140877 0.18871433263238252 9.700853840629534
4.823316163126734 -2.1008652259312433 9.273921292543603
5.041322512670812 -0.19426455002896673 9.98189900740167
4.457782493387164 -0.1319130777155859 9.98507698877467
4.545236310024833 -1.3496799474284555 9.816068018339951
4.256984213565961 0.3606578944638727 8.619361336336494
5.046851898176709 -1.5028292019447669 9.983993012378857
4.582346877374335 -0.11575713325130187 11.183286806538948
4.95818610430942 0.04574190028312072 10.47909059126132
4.871623933641332 -0.4771514224548898 9.7643272796684
4.8842258752240895 0.18018124315721099 9.907375427479227
5.5444726772221316 0.22709443595381093 10.360288972887616
4.932106070928099 -0.5091039138604421 9.934337453339039
5.483032674152366 -0.7886037442961481 9.581279488761018
5.082259123552883 1.5588553539619188 10.764610151845469
4.683547333461143 -0.4001883537010978 9.545771977727528
4.207106136641961 0.7906468886107909 9.451881343793273
5.161271017399744 2.461015312537907 10.144382399798616
