4.883503839646443 0.8227206182556649 -0.2077995914489191
3.335317314552063 0.8435982135062003 -0.9427813803797586
4.779314308619323 -1.5806178224524248 0.1614414652695019
4.379365477428251 1.100508080584333 1.1116646239207568
5.112341227873309 -1.1670435575165174 -0.6562329160977697
5.542124918134378 -0.39398654339399486 0.046866863120799754
5.423507544152275 0.9346919560023988 0.7409457807412205
4.790361061759745 1.0272612390333908 0.2754857354052017
4.474219060441737 -0.21036035736234207 0.08528169539303763
5.140043267694259 0.17640529865228127 -0.16175909025428556
4.73486692491298 0.46926114608593117 -0.4412780759382203
4.987023702061492 1.278590669904564 0.9273984970288163
4.182344387792816 -0.5803752819971738 -0.13180417656453858
4.588451459140397 1.6619506867089842 0.33970645380258024
4.3769985627471195 1.1937175180250095 -0.10494061019352219
5.716334889428018 2.293512439200684 0.017894392221934813
4.643604561383646 1.2685682916204155 -0.5426959165499897
5.304223693823714 0.034265969508632345 0.3841612877114246
5.097381449206411 0.4491905904012426 -0.07732686551300444
5.173178041406743 -0.12028797881710387 0.6140109377120664
4.842440824349001 0.7822065913785908 -0.0053032106997831785
4.867907284544968 1.3226147367053687 0.04533671496737843
5.356136181653787 0.40404873920053214 0.7179501675192352
4.683254224639466 1.3126796075614915 0.921289060076353
5.120870629524613 -0.34136958875574713 0.3340508650556854
4.908800916470582 2.1364119973284303 -0.34400548667221376
5.085614027696082 2.460198718772424 0.35346908969200885
4.893418741278285 2.401061064125852 0.4721512304282965
4.796836556771175 0.04918498553262276 0.7535251501572771
5.060343980012618 1.740885992811039 -0.08198582528738452
5.206042034384369 0.6368725714980318 0.03801458474750152
4.0650959492240935 0.7827369168669416 0.10034774663229548
5.014205982647692 1.2165518888543705 0.6032466530421988
4.279297311664806 0.988314417294595 -0.47445850462826705
4.546169608253075 0.6356649192676112 0.30570236838028675
4.878852715123178 1.3176813071211595 0.5337496494470688
4.730503908631273 -0.5446095828897045 0.1552721352865082
4.797726320720014 0.13871889274297425 0.7355460913234868
5.540820922206857 1.4954194134449423 -0.1464467985138448
6.242705123501097 1.051143670807511 -0.023814414808028594
4.76052420969874 1.620836229419015 0.20283812207356983
4.175959117585496 0.7339312648157433 0.653606782882388
5.212954624485154 0.22840579265665042 0.9264832122847596
4.458153306856347 1.976569954833975 0.5258970381607339
3.373205565759798 3.3277418227128797 -0.42736657731900396
4.2039190296447035 2.127363986180693 0.16149471049821612
5.612314489553724 2.3963787849870277 -0.517000220480512
4.144707810041836 2.144546113982513 0.09063813403198451
5.1984434351840045 2.023728291875326 0.10553124909310407
4.65874865368707 0.5067833608564153 -0.0643333883738576
6.841345896634655 1.446718490837774 0.6796438127611952
4.044465201368165 2.02822810605161 0.9967018721363685
4.057841629483647 2.6512897298635867 0.456624172871513
4.516877550384728 1.6334449037030818 -0.4447923031642761
5.374773335621641 1.533937083362211 0.4349048655648454
4.89957772705448 2.0221572256686775 0.45646385006521517
4.865695989587155 2.669935602772165 0.9974244867994816
5.415432078098486 1.2400100222490404 0.42631971711101574
4.5301459141511335 2.3808034858920197 0.7612741175018956
4.417650246510698 1.6506554425931061 -0.030933686009626427
4.620763027316225 1.4885873415567807 0.766936974966304
5.752032843881749 1.1586259880579062 0.20604423541937206
5.24361925144851 1.0723170848917507 1.0318659145291682
3.9951521418091867 2.425108488091065 1.0063250468339113
4.712863041395432 2.114251024703207 0.9378742706181714
4.601173076703033 1.450579661643778 1.3399233716960846
3.908170118799309 0.7478558007745442 0.3142384734944071
4.110371625162359 3.0866697809564827 0.5541398649784601
4.830058032488062 1.3149342840886433 1.46252630143521
5.434219267069233 0.5637502920009966 0.8860206390901545
3.993994399391527 1.3985923968582379 0.5546516758100085
3.5717715398385104 2.7302816652007187 0.7521104524140413
5.949269911770369 0.5636778082429593 0.9782558274815932
4.40996227053278 2.7112153825644993 0.23562166367056953
4.107176553437073 3.795952805017841 1.1593064723651652
4.674742391149901 2.0107253924349795 -0.07193844776189107
4.027834239181028 2.718063941277708 0.08444895518105755
4.146709523039443 1.785366005231228 0.30329301029373845
3.67787875927471 2.7828886531544716 0.576041076957588
4.400901314816629 1.1612845507021425 1.7150356211236766
3.971197142554233 1.812598294077515 0.5903510751058194
5.069042231254985 2.607362134619012 0.9966277796472297
3.795325637614391 3.059652171341399 1.2763043354544346
4.370624637282313 1.0823591630167553 1.2414967383052529
4.099340711709884 3.0521810673582177 0.18133523462128287
5.049924703485865 2.2621701146831437 0.7185999602119277
4.220647237932636 3.4005072248849473 1.0946675421825125
4.5323601826647035 2.464934586018048 0.4626001169009838
3.8616597760403706 3.2809497408853443 0.48707041407544627
4.176495183092455 2.6476822803481723 0.618181174183628
5.142942929738858 2.1058567650729483 0.4392621476560529
4.182484618773488 2.9847381205995 2.0455221532947174
3.8641631076446568 2.173085586915776 0.20035399990917935
4.366234482867664 3.051111942547731 1.3521364005529133
4.446761603029547 2.002486090955309 0.5631264645845011
4.227713813459308 3.5642336280240277 0.8924435337776544
4.644300091330566 2.5928264686727824 1.0352227262927975
3.5291363252349703 3.848972262278835 0.5891137138927469
2.761623860036545 4.30568523973882 0.7506758089999159
3.8582647826662444 4.014205808465004 0.12592722719060523
3.4371208440241827 3.076113483193506 0.9111444283177597
4.0212340177345505 1.8319093318554536 1.670178427431397
4.394711372364237 3.3406640309549323 2.2030544023832075
4.088597060593393 2.9476759279035916 0.9182371489932142
4.036838726118506 4.0394639164594 1.2210454735242517
3.912930744020623 2.0131092315412715 0.692247017742849
4.994869768912103 3.5916065581998877 1.7419897545280736
3.93998340779794 2.9013412964783036 0.6492275141617629
4.54394723223228 2.422833447464095 0.4778767125748552
4.6888538749443756 2.397700103266265 1.3087489468434468
4.874228439185932 2.172053279285528 0.4437005215731452
3.999974960252882 3.74254613295923 1.3456616973273963
3.813712213612517 3.475256447494905 1.1616699274087698
3.8046725747005206 2.634929184525496 1.6138799392778824
3.7899658030793035 3.852566204543327 1.4719457965591483
2.9286491292055157 3.2335073409178725 1.671430309792639
4.489291709210309 2.2151212937986986 1.3108576359321373
3.0178118736418917 2.8889365200522774 0.9567319129494056
5.113349768859894 1.6840438121554087 1.4571049943703427
3.0146089353068497 4.210020534464295 0.7747787113714915
3.3016755794874126 4.104607164481935 1.180275630377008
4.62258296767184 2.269089428612621 0.887842730718038
3.7728898153486328 2.320401017027851 1.809427570370918
4.933107336967941 2.7419992153525112 0.5247366514246632
4.363491576911836 3.035071363507908 1.3358009435200213
4.3048492670800735 3.5740159403002765 0.8260895323960773
3.3912043867036106 3.7098225096504627 2.2515181299135882
4.9137527486586965 2.497032784595613 1.780640790422686
3.9650801721090554 3.3876866975305853 2.2258326182528996
3.3541634554363244 2.800866654023698 1.4791742788171476
3.234346618627914 4.686247143775774 1.2384826328772343
2.3164609011031065 3.6416985666868817 1.6286359548168536
3.2353851019289186 3.8687620586164004 1.1346803559313319
3.85494960363513 2.4208877017920165 1.3103702264956125
3.333160439119642 3.648213957383385 0.5451117860697317
3.8052955538948834 2.8278197500317437 0.4558419698893367
4.268418373870299 4.001245532453976 0.28930839484853
3.6087325010073554 3.01906347797213 1.355070271276996
1.1909338850393485 4.713511529523015 2.0114184967830626
2.724917935525883 3.67207528880974 1.7148388591227128
3.0417132874418273 3.5924957511377107 1.5321692205775999
4.294492508333402 3.0705791975735024 1.9004233565121562
2.8004862517615634 4.3488640412320825 1.1658470112303834
3.074474049723042 4.89948503531214 1.2726148528250438
3.9917545246909105 4.458728065846782 1.5656856563721329
1.581393223125366 4.730366215227038 1.7480785294465324
1.67872487185078 4.200290910969825 0.9927077231576571
3.0687890995450586 5.146825577165874 0.6682433102534634
2.767033060862719 4.201641756490532 0.32867615638411274
3.625321118217777 3.850143198326912 1.1244266556421327
4.205815905731342 3.5674490944582695 0.43741318651725347
3.257001724064521 3.496022367190909 1.3899083486982617
2.3677985425929897 3.365049980704076 2.0572018275441906
0.4442266594414097 5.414859790656298 0.5431487448388764
3.1296849194262304 3.9135933574577964 0.8474507545712672
1.846553901905687 3.645777096523058 1.4969173494096348
3.4243005644104136 4.56598985022196 1.9021178334465874
3.12054104327042 2.8707183059642705 1.4081555168109652
4.081846279182191 4.345665609107203 2.289195648701777
3.1309828726871762 3.221391566428527 1.1617343312890573
3.2550845643226842 4.1843172660292955 2.3506975604500706
2.567905971111316 4.58685225186455 1.5211354715378058
1.8168034307504426 3.8669321122578517 1.0717261031568017
2.958220353922888 4.091611801680211 2.32086266607947
3.1390056044154453 3.846510637754938 2.465446770527378
1.3534103092631182 4.412555134289684 1.5346669275735136
1.5138350566831231 4.827261126608985 2.7511760265952336
2.317837672983125 4.258028002404078 1.4961250401775277
2.226224013290043 4.473174807422402 1.7928063420041276
3.0825484856963343 3.9883320334964965 2.0170743712338504
0.9506131256172154 4.542467052362189 1.7629035274492562
2.9069742045744063 4.979968210479091 1.6116769796194046
3.262228869689303 5.095464468639146 1.6691454038028608
3.581303558126022 3.60612850309766 1.3885307879566307
2.106133042763047 4.589505791963719 1.9331017919143811
2.8039486523346198 3.394638326754775 1.707433927316617
3.0196390920680596 3.4976976504864967 1.249990667167447
0.7115619235032637 4.608031333586974 1.98022385350177
2.3173963239187128 4.588078974193648 1.4939461754332857
0.4833018103593164 4.49905705464602 1.6368545294157317
1.7733248096867027 4.513660838382576 2.452952252237065
0.9390279535335755 3.786174198448332 2.1307696507275873
1.3157570179292257 5.08535002012045 2.243938861719101
2.200403747901828 3.296316399013202 2.1835155928960996
1.2450549765640684 3.6325916851289 1.3522205166790306
1.57186608256029 5.018412917838052 1.331631608586191
2.16943107750101 4.60852674303555 2.3023049315595667
2.9020331678864966 5.132896915144462 1.6999386215667243
1.7037137380118634 3.811504138074091 2.339090711228439
1.5448802621623068 5.4098125748190276 1.939800214294809
0.8622970585282257 4.581195205295348 2.054310396242725
1.9232855296358842 5.109512668828402 1.179016878112796
0.4698108567060273 4.002805886282187 1.3826703795776405
1.15685458009532 5.222999815685318 2.3413657035352777
0.07102538777888989 4.5981872825563945 2.072479097923964
1.3337412197232044 4.597828417791546 1.7239673942440192
1.4321869229922188 3.846856820011203 1.5460856724565395
1.1429523646056359 4.853371832799101 2.1367744995015747
2.2026504623588834 4.320140628224005 2.0069542362791184
0.8121061272567014 5.145358127377231 2.2611159974807267
0.552628431501154 5.86092486907132 1.4420620563017947
3.2096650050930617 4.297792066120938 2.0187378167673913
0.11728840554932943 4.848448656256052 1.940184076790527
-0.6238973231683316 5.32496947522401 1.9788333961981674
1.8263954700753615 4.4313913755190315 2.318608208051858
1.9579941082552184 5.044594252056887 1.208461586169552
1.6773628843298476 3.6688370052645833 2.522853057767538
1.0022864492286316 5.412734201116666 1.5717931703077268
2.7416728012020486 4.564214813064381 0.6290952047387974
0.2801420541259155 5.473441898003899 1.9456129597166854
0.6130249320014866 5.264871619787826 2.3203393490709945
0.43198068410425805 5.137009844994865 1.825899324125594
0.2337905257942157 4.5703531363174195 3.3068585400557575
1.581651312950483 4.369439652516579 3.1854703582362323
1.349314296905161 4.146009353051088 2.8494628281720473
1.6924809372138054 5.136460460227945 2.3005434478964326
2.4568148986144833 4.5202954780878475 2.5902265070554855
2.201952803876339 5.076293430882961 1.6441445569708166
0.15626013169969424 4.990869855222302 1.5435405804667517
1.5876453557668766 4.483567589183411 2.9723800031275953
1.2912852719631633 5.343273500150368 2.597776323080223
-1.177488401522689 4.932000636428539 1.9408549767817012
1.7876432560143989 4.239116405949693 2.0612150586857685
0.14797712790074796 4.729516792622991 1.7901665189216036
1.9844136375129355 4.297301828952328 1.9953888014193324
0.1384294559144734 4.336750751097517 2.189330276940265
-0.06484480711521895 4.6910134795315885 2.1533442683343926
2.1054248904964954 3.98549439151304 2.211812020882542
1.5478220713448505 4.519257264481254 2.775973500440882
-0.4291657026016931 5.766086809838368 1.6400293113068756
1.1010114787729628 4.479933239899799 2.0349816261630993
0.4076899203556974 3.8016352898336496 2.293988936906973
0.7736161751514292 4.45482386345948 2.6816500594571555
0.7876561112242572 5.203857514687454 3.4140655662092296
0.8333484494567659 5.067733712050004 2.9550294354355895
0.6530562434665959 4.789750531250632 2.3146456610790387
0.5834634862959416 5.765027367615473 2.192527941013708
0.9978065718629054 4.951710358066148 2.466424665706709
-0.42648448525907395 3.939370390166612 2.3624183633820923
-0.8570320120720203 4.386876702198581 2.683415957616757
-0.9049776349983274 4.562129033646306 2.276103507739807
-1.152392884522385 5.471916642535681 1.4298120354063977
-0.45354412015702716 5.497962560993934 2.560965627272288
0.6477403351310574 4.053596462040959 2.9054604268323536
-1.2498996346219442 4.797492101840386 2.5517204206846036
-0.3971959133079171 4.655796245850497 3.003471527270934
0.3205260771624581 5.030167441242385 2.8653428221853017
-1.0961741313657694 4.859393518016362 3.3424308396687645
-0.15310920376491505 5.085154536289242 3.36597416952094
0.8915598953712964 5.000666797811357 2.0381287998656044
0.6169627905752497 4.5279815063333295 1.865937981501885
-0.2554651350156079 4.636000902447057 2.2908162773654377
-0.04779558321816731 5.055759146434583 3.0797461119971263
-1.219285253018131 5.023428650810727 2.134666325931503
0.33254225949346194 4.664100254931036 2.052582616709354
-0.5570355268360132 4.908371671945805 2.2536221395875886
0.024310284848039584 4.87277743969135 1.9997664299052467
-0.5556552789714921 4.082275235194454 2.2013025622948432
-0.41572534044408843 4.861226214160287 3.3792898908441704
-0.8993972415777471 4.392037679958027 1.821097275988044
1.3986229425564523 5.231676971322022 2.1184456166400825
-0.8095186272163296 4.0899036679942515 3.381983035798917
0.29012910203859926 5.515889525344043 2.115569963435344
0.02121492124449483 4.152566112951417 2.948134310122765
-0.2620100790098256 5.3116627603637285 3.71947048038877
-0.37896820742160986 4.729169403300195 2.914153137158739
-1.5936830877597197 4.237009394936449 2.505848875783656
-1.1979755544267143 5.206392220642535 3.445012368770291
0.8712501171630849 4.576762467492514 2.7108608466470967
-0.6031782656974681 5.457503690101038 2.867411191391535
-1.8784473293700013 5.917328360792669 3.105389502253042
0.08924265501557128 4.140792098465743 3.1491877133176263
-0.08896957851416773 5.57091437471726 2.8100274071245237
-1.251252538726855 5.323844747835577 2.187929661458223
0.711895143583211 5.185521376939358 1.916974878178538
-1.1613570470290606 4.990828720229461 2.8231546351272754
-0.8950043071332937 5.248962039530208 2.779473116015299
-1.018033852096184 4.152434073562466 3.3176069056249156
0.26055817617333354 5.0620598555175285 2.8751641078145957
-1.530212030778625 4.861659516960402 2.9011283648739656
-2.7642552134852094 4.9519209685845755 2.5112421881295135
0.8032085901867576 4.869498983971427 2.341518096207074
-3.1151394996415718 5.161649563745306 2.5305463777698005
-1.4296387250957863 4.449313204129312 2.508487823994783
-1.8887394721375792 4.4462565388866 2.2321564199875703
-1.8714351676806429 5.309777896963194 2.2574571128514442
-0.983901140766462 5.074758846833975 2.788594347767763
-0.8696928408997638 5.160177172710957 2.9243760342297023
-0.965730656492166 4.526317057134854 3.839555858522383
-1.647406255744414 4.594086785848501 2.9702591812098866
-0.4039042546818038 4.459818223547029 3.312201167087098
-0.6929826945995927 4.70147138955256 2.9676129592846094
0.7651033667376483 5.789193826484679 2.0204060666444175
-2.253796231757937 5.097502582000683 3.304353410128253
-2.44316957511912 4.148745036730303 2.864282876072879
-0.17480139486633453 4.917336936540502 4.0026462260153375
-2.298312287829682 4.395188661070909 3.028668344138083
-1.501532545777881 6.026953875316447 2.6379349382166835
-1.6092648828008105 4.624299705617141 3.5277761609442764
-3.2809919014484215 4.816814420801563 2.3527455091008873
0.6372542142404263 4.426973662100785 3.9063638029746643
-0.6904363192149103 5.268870293422522 3.6421724190826694
-2.3422114898624535 3.8963944458584407 2.709012425433631
-2.6631614339008243 4.101674374474911 2.0474921432566258
-2.3733072463956058 3.777057772192505 2.9250390985606476
-2.7460911868931195 4.387737392326759 3.809719796744236
-1.9814826018482752 5.2930986067150165 2.7303537015469947
-2.025423737746274 4.7235750058788994 3.3199841930209777
-2.8054057066216207 4.612790886295183 2.5185572321411094
-1.4901095746423223 4.443726373462093 3.657124092717731
-0.46091903369280923 4.5198685336346776 2.9549886385951893
-3.149397138479898 3.944098636892464 3.028340612372771
-1.701686574364103 3.9655612560322684 2.88809165045385
-0.8739733308003735 4.516683402646358 4.294511996363493
-2.1406528540336915 4.676054195620296 3.0049795125275667
-1.3816752327391268 4.919416461195844 3.013180249154739
-3.288523354566993 3.4502380916209 3.834251978158909
-2.6012599585196985 4.368820859218335 3.1369447243922
-2.2214077594375286 4.732845201293893 2.9243686040056227
-2.915279254960391 3.557545028055815 2.9553048574846263
-1.0567350960251518 4.169349615866399 2.9621179062097758
-2.395283793211614 3.8019095505358473 2.5602083802161584
-1.9661613297782319 4.941964521712917 3.1031687123488583
-0.7854615485579826 4.925000988528342 2.9495277553658186
-2.2864367374381613 4.513898661361703 2.4769799674681376
-1.8038639414084652 4.1934029870523375 3.680237205666126
-1.916993509955935 4.128408127526363 2.404887323667294
-3.047616318821285 4.4252883135840655 3.9294496917604667
-2.3770992521531 4.7584712152361694 3.4687613928427536
-1.1207043734908566 5.36134919836305 3.8814162907255056
-3.2381363723066467 4.265064783538923 4.005202363397979
-3.0320743644935924 3.1214993042722967 2.967486537818379
-2.648362734449367 4.564525547644913 3.4317236439344434
-1.7460585191074318 4.521490209727829 3.64639050165766
-1.5313004778811823 4.535154073446133 3.6930223331672574
-2.982059647201453 4.240859803034568 3.0022029933096346
-2.395177583422754 3.7818196739928953 3.6824544111563986
-1.0661498002548981 4.450587400071285 3.7744281970030524
-2.0530270179639123 4.376744380647611 3.127994254708171
-1.6486608107984164 4.096296935920063 2.2834293227357616
-4.765075740652177 2.39706407250031 2.944112500636972
-1.9261134822395867 4.716153236958933 3.6864965957314784
-3.0735962972030357 3.0970208968763617 3.2296836036541343
-3.0516877843210084 3.8742048718846465 2.8993235246382416
-1.7126251945575592 4.973186774064077 2.993039779496063
-3.2480778611147807 4.007586925281762 4.156226401053366
-3.6429692128625137 5.051013775017429 3.6436831771515967
-5.203136438395942 2.0492240685552434 3.493781885653528
-3.238514877936683 4.531630980166797 4.06550833227989
-2.595692745712812 4.847834922151417 3.930043523998296
-4.179650745738353 2.923975628556899 3.756885325676142
-2.790245562859044 4.132352965758165 3.1245391541870484
-2.8051464540875917 3.177848037473735 3.5446910192810916
-2.779720292433582 4.833269512848388 3.6386863879090114
-2.2350466079331577 4.382845920780738 3.3728751241012214
-4.039797575794333 3.4533592590326925 4.5864151029854945
-3.463944371202293 3.6955029542211277 4.034875710357631
-2.61959286911159 4.1839665878269505 3.407779481026314
-3.295656331309674 4.096793004583508 2.998504847137521
-2.5903538636113974 3.3565389119156706 2.9980102781181057
-2.528508755955443 4.907378934212294 3.5437436013417245
-4.011877867426906 3.7265033373815295 3.120305863161766
-1.5688641709194933 4.003255231350408 4.536124859410014
-3.4302350225498213 2.318808060736583 3.7034721357814617
-3.7209417167676624 2.801285600460223 3.228845373594863
-2.64727651626747 2.682650857771612 4.276590893953219
-1.4436572388961901 5.674264798593596 3.584435709882765
-2.591075470735527 3.947267449058226 3.6515357691884556
-4.579097309190851 2.9213925691918248 4.215916366886389
-2.4660941805482923 4.671973976901958 3.523302300694613
-2.633878085486697 2.745295291345403 3.6548139998742517
-3.6017133040174762 4.505197856567279 3.381442662573824
-2.7190805349195535 4.458097586348725 3.431762956008667
-3.8209683722305234 3.022775276188188 3.0887059710087263
-2.2347198024502215 4.084521156173688 3.6792461161409835
-3.1637202264708324 3.5731053975411524 3.6786076212166727
-2.7725460432941684 3.2679630069021104 3.5554660779474836
-2.3174567670283275 4.318605106397281 4.150942278634371
-4.6814191725603385 2.7162383882350083 3.4528466859535523
-3.152192878562517 3.817383503381068 4.21764792907227
-3.5950281037105882 3.2697164594175345 3.919393743981743
-4.275047518147989 1.8189817198012745 4.088379104651128
-3.5750687044178444 3.550451160249098 4.221467008165824
-4.432396836572762 2.305077655241271 4.018322256279868
-4.63933300756903 1.7964954449279 4.0900985258710785
-4.092102114114393 3.430334499500819 4.337032311578043
-3.25745710759592 3.5165704849316586 4.28185181122279
-2.387852823113331 3.6181505710933544 3.5511898928834524
-5.134631413490839 3.191096042599176 4.930150988321757
-3.9537748044639907 2.34757781599358 4.5199950493985535
-4.276283829184925 1.573999657447693 3.8962179870317883
-3.592844696059315 2.9178176537860137 3.7673648335607446
-5.316712499864585 1.8686464988342506 3.5199900584929704
-3.0317652739092926 2.9775271360492486 3.392782095903768
-4.547996671500079 3.2112726808096665 4.929970695644848
-4.082548246393899 4.013766153528195 4.353443191565119
-3.534630656723816 3.2711667269486764 4.361148149417537
-4.708907283415325 2.7486469608833013 4.039797144092722
-3.826672361367537 2.5958611118085817 3.872929856819501
-4.350717160884262 3.8231723944457072 4.1575587250023744
-5.033437781454518 1.8198725426158306 4.821963725927473
-5.039442006183515 1.9565248434129476 4.083800755672089
-4.280786487397786 2.4206659635551344 4.777111199810937
-3.7896359229858883 3.5064349195903324 4.166101150452132
-4.6153147742687075 2.4541437351493918 3.9050519534368817
-3.3531171537080384 4.195744070613283 4.440560320319107
-4.918880525442034 3.1513597784834326 4.419619248872375
-4.444719587388664 2.1547385004402653 4.19513255120212
-3.7272317510277957 3.6941502619975206 4.372435490825489
-4.681438990215378 1.4447779364792528 4.165736882196783
-2.019153689229061 2.976695300761466 4.3549497579103615
-2.8969153467550735 2.8678838089832692 2.7045762406009293
-4.19919168519611 3.4870236120122278 3.732989282108834
-3.2687244608938015 4.078150854932481 4.368323525639664
-4.606632322955058 3.3916857066396173 3.461949564136643
-3.3778963632841683 4.576918437907565 4.469311773416016
-3.7414075162707587 3.282607648122597 4.653796699295815
-3.4409592045539426 3.8596529578639753 4.405286643469985
-3.4335381678965864 1.7745570146073797 4.177942317146858
-4.9764588633608335 0.50944880833194 3.8054582878885346
-3.880349977549628 2.148360724819687 4.968452539658413
-4.554735143321236 4.301291064465352 3.8490232792313286
-4.989503658852191 1.7112565724426876 4.525827403575794
-4.363929808796671 3.401733204722018 4.296508813069369
-5.041254548548973 1.6690105954763663 4.16831052181756
-4.746244369217732 1.576566457577214 4.623023622945981
-4.754111840891435 1.880015451602445 4.4514417451923975
-4.869995097697644 2.9021630145758524 3.671334783920309
-3.7550620289584495 2.3640489943370624 3.345455121602953
-5.284247181595539 0.46768531117044376 4.541603354918693
-4.493758509695404 0.8730066294173485 3.1372004253893326
-4.596457665691853 1.702946136480884 3.8138554796092032
-3.922828593474212 3.023388124786952 3.8556579123351455
-4.490454114686323 2.211942550320681 3.840804605880122
-5.3121404525532485 1.659338564281863 3.927858581661127
-4.54037665554508 1.5453771676860617 4.685437567003839
-3.7355963857131833 2.9268211480633988 3.912284617875695
-4.409997874719499 1.8714252032940522 3.2208125296791597
-5.097294329929095 0.2893508013598433 4.151627302474359
-4.923204113118304 1.9042855933670826 5.225557746884928
-5.699388147771758 1.0487617216223695 4.298913690089301
-5.0562739276824225 0.3362623777496869 4.672565761475905
-4.873870892596461 1.7885284776584034 4.2979565874372305
-4.243186385968968 1.0999310885246232 4.449269159638486
-4.269689168825684 2.772206815827308 4.43230919500884
-5.308096935668904 0.5525604750417124 3.819958193634181
-5.039059522668597 1.1665335614362355 4.864137582609476
-4.8979680826232315 1.684740248062799 4.761517550944272
-4.998328199874372 1.162661262699472 4.3203397720853065
-4.893969063789263 1.8379534946399445 4.182188992617983
-5.318962242696115 1.4763010396382925 4.900657813135795
-4.451972491704039 1.8123139407878315 4.562558420853198
-3.8608182809760674 3.533161813426744 4.064506120174528
-3.7186057009898548 2.2402425540613273 4.327373348947147
-4.991647315734885 1.1566279729266895 4.340376772440293
-4.906068344924296 2.4375737520608043 5.024534919913684
-4.619952737081965 1.1907117740355164 4.231438909234077
-4.625585195100766 1.404534142778814 3.9878006638217642
-4.855706680504101 1.29973952082224 5.503421852222173
-5.2382067512067385 0.9577398335623551 4.534949339657223
-4.731926475369515 0.772106928774062 4.040807365523239
-3.4112044017317023 2.1841622880714993 4.21673841260323
-4.387708418200834 -0.274649706865871 3.9396651969858314
-3.3666662163643735 2.96212041807665 4.31765703863679
-4.664470365007094 1.1779960862853194 5.114945038687622
-4.423050134847228 2.1975022851699615 5.059736232756397
-4.314817489735117 1.3950654395306865 4.914015505171578
-4.492661539820175 1.0903021680193485 3.900715905806562
-4.658186418611831 -1.2293788246178776 4.695817106150332
-4.71348098417221 0.44893104909224646 4.7388572169139165
-4.2386649399478795 2.705642165571304 5.130259537456774
-4.915352125230298 0.86163816788932 4.847017055095649
-4.670122078636926 -0.1694941414235017 4.563214801492518
-5.090598559059627 2.1112521897640155 5.842031730524402
-4.212251381309281 0.38881606232892685 5.176661973679338
-5.14522734983231 0.9249499067289787 4.1709084301659
-5.653198228472433 0.24809726042285588 4.681166758268787
-5.239968986483397 2.1590552365652447 4.08499835565777
-5.317761052838868 0.08997348407353846 5.145603152758882
-5.42800301396136 1.1648471029392669 4.805972458865458
-4.454927094205151 0.7193428037422668 5.1933917868287045
-4.866998255485758 -0.5601374846006144 4.236507913134617
-4.9024288570390055 -0.18504202474669654 5.720569487140827
-4.8464661321277775 0.3553048727979787 4.877285965213606
-4.316831087263176 -1.3624590700243826 5.219579461283361
-4.20024618656375 -1.5166281181523809 5.103804753862667
-4.593387874051285 -0.6274959055711523 4.498176290809412
-4.971947836727207 1.165555171852151 4.991792029108543
-4.747357505954629 0.18486982460709434 5.15848969986664
-4.878146498435087 -0.6028413493735869 4.579967973450822
-5.261315715744344 -0.010474297618929113 4.600194784227897
-5.151234084576996 0.01646197578212565 5.203764791861986
-3.3994784053224336 -0.09819215207021299 5.296113874181431
-4.803981675933692 0.07756332045561845 5.700287124085165
-5.367510061830031 0.9040578203537276 5.232473074959663
-4.661702285847773 0.8667492047308346 5.560650366254065
-4.948194238456276 -1.2528576463018384 3.848902829565681
-4.099054544411926 0.04186219930192078 4.188832130652465
-5.395956049834596 0.48276561049518274 4.250398968701926
-4.893252297652309 -0.756056789422898 4.801708526379404
-4.600806736654157 -2.847608147877031 3.9241965916674215
-5.114479838259147 -1.1757498502693193 5.434868092883341
-4.110382267967468 1.0016608181881228 5.0011769715726935
-4.282511925672475 -1.057756697958399 4.096170260729229
-5.858415230223552 0.4794049470661367 5.058884786750321
-3.6460058167240157 -0.4489046820891987 4.049919923363509
-5.394320260230763 0.1950424248480636 4.787865087751266
-4.798301862216833 -0.5284588242766894 4.725365244004736
-4.945871564407315 -1.56849271870972 5.057739507237246
-3.307393887614841 -1.2789450401477536 4.872744387368051
-4.492913355342251 -1.3809128453727808 5.155461191384502
-5.367158155775109 0.8477241270919755 4.882086841209185
-5.441236425390606 0.4338762540894089 6.323162004582637
-3.895454831596307 -1.509893604900298 5.620712513065147
-4.4878250907097295 -0.7268800616035054 5.485221895557467
-3.9575595102252 -0.8760721902283998 5.2826421300215625
-4.16607626667503 -1.1318657247544486 5.758442623902802
-5.405323037073788 -0.35858996907687457 4.54509261352752
-4.307301504910234 0.7761708612211312 4.640138819325631
-5.2514957072921336 -0.8464697923870474 5.483563875724981
-4.457363812782718 -0.8988034355411733 5.461653526374396
-4.756385886056909 -0.3194587488544358 5.23368564115665
-4.9527204595809735 0.5771690736439022 4.998096840453014
-4.999026446778666 -1.2958130007643311 5.605264708285709
-5.23122133992115 -0.9087113371582346 5.899554548282747
-4.24413197045628 -2.091191932821319 5.442943181438729
-4.904509330360581 -0.534223388132636 4.390774009325842
-5.206526199589029 -0.453603043955845 5.453324448833654
-5.077998938532888 -1.766654195836257 5.637016764638083
-5.243409479162289 -1.8940453701813311 5.434465999048928
-4.650154245026125 -2.0594211696083753 4.562304752376794
-4.477110035070496 -0.7736823497093948 5.894735851703619
-5.1110826732858445 0.9604522079213221 5.156229186917921
-4.689578416386486 -0.9230188005395005 4.2225548652643985
-4.683740315190267 0.07503851882619952 5.6359270392225636
-5.285039238840831 1.119449817592131 4.518247076723679
-4.595060751116431 -1.5444647754939747 6.173818569962651
-4.756972754085308 -0.9578211750347214 4.120688545570506
-4.2736674520465785 -0.5547371545462952 5.886788976770993
-4.640799919879615 -1.2775621256085556 5.5494970178450105
-5.210566108830033 -3.2442807493625825 4.790299700922613
-5.177672505003036 -0.27949210336006663 4.532001739825145
-4.71623839728148 -2.2174450331188007 6.455687449875477
-4.935845878026637 -0.8754067962610507 5.99794575385684
-4.654666832942324 -1.1018607965164247 5.5748192984180465
-4.365338780953247 -2.0594291781637035 6.2903271453067395
-3.990331671441214 -1.8471665353393725 6.453135605482833
-5.179476725583408 -0.7160318725738876 5.942201305341386
-5.65177302568258 -0.4734249409229392 6.115625353204958
-4.832297987115918 -1.4313515183460106 4.83333106139022
-5.087347419292224 -1.5329111804968605 5.376710940154019
-3.8395567106800508 -2.750233138757573 4.773688265926631
-4.692607251079169 -2.465249692418199 4.994345125419895
-5.238291895032705 -3.529046611158066 6.450158139786774
-4.6155069137611555 -2.4499751521466 5.961461424475612
-4.973970154462028 -1.788435493293742 5.232679564942421
-5.465603326523094 -0.5267885806109631 5.561616037043906
-5.302938676312597 -1.692234232960948 5.132180607169089
-4.862972235339796 -1.4575965365664443 5.716415670436667
-4.64313403540651 -0.655307035449203 5.030249132532822
-4.494667265138707 -1.7840559216005352 5.851623453790509
-4.750191176940576 -1.141561088010149 5.628512731507658
-4.342833124526621 -2.6763092965746607 5.741123809829981
-4.3533457603710835 -2.782471915603895 5.8675059775692295
-5.103074421182799 -2.069477300297739 6.016750059495731
-4.6105385694818635 -2.011549381510068 6.02341881261788
-4.459333375768594 -2.3079193594185763 6.064501632799816
-4.703348329186579 -0.8557169667944793 5.667236277809074
-4.810488930879418 -2.7997891818045297 5.705115072385302
-3.186659198552415 -3.6589414409244156 5.729337068487501
-4.964993313171184 -2.2958926824977626 6.252842764381872
-4.2421021484916634 -2.3000013089420053 5.123005051572124
-3.965271743446281 -2.8470229695748266 5.809429479743123
-2.539742597406258 -3.754531868505537 4.3934484318201665
-5.032211184567228 -2.324930262440474 5.9968572034813015
-4.609864278778459 -1.5302130779180154 5.971521088441883
-4.6069589143421386 -1.6761471322410901 5.892081934537132
-5.250041717044053 -2.6767778522266297 6.018520964577641
-4.03644049112864 -2.982178246999665 5.696815032179163
-3.6096014076459344 -1.9461779326961055 6.3807747314207095
-3.7017673234113797 -2.357182541100377 4.452993223011251
-4.514877287267877 -1.8506082661460659 6.598617208551966
-2.51683259723763 -4.192966044956508 6.171803412592826
-3.5386648610884155 -3.199400043371565 5.689920728084878
-3.587293318347948 -2.8470246471518115 5.906973197932345
-4.774276303632058 -2.327470789249177 5.0519463857755476
-4.866184429523885 -1.4358211268521008 6.723710831923809
-4.206425098195497 -0.9009865511521604 5.572041660617332
-4.7093303976609455 -1.9844932405308409 6.9154234377706665
-4.8608028116151445 -3.06279096548926 6.204199491624201
-4.65879427277516 -1.572854325289451 6.495512808190143
-3.7924815600342527 -3.153452808261433 6.761109591635209
-3.821829559371017 -2.8327364098047467 4.961087718862128
-3.973646170998647 -2.5736289304588476 5.530805044743714
-4.095019917963208 -3.1862681653093086 6.958190543076476
-5.098252480263876 -0.10404808374599628 6.049536387624366
-5.405239563201337 -2.1020349691685976 5.722564709206644
-3.749192000741697 -3.011761438780065 6.516488797882696
-5.122124865832234 -2.2498805491215736 4.763243200345328
-3.494770548313824 -2.6973913172829556 5.598623522367194
-3.1612192583882166 -3.6305720565312134 4.891908301637437
-3.6028746153651237 -2.830489285486796 6.102198126751756
-4.421367717981165 -3.827666187554265 5.434796629635851
-3.967125686603313 -2.009069496215664 6.221471936012884
-4.264999527910183 -2.6744697925107883 5.68383213079249
-2.9118321458892584 -4.319556795198697 5.989130756055255
-4.773192915388252 -2.675040522385046 6.224838477469493
-3.9036069240173843 -3.1315954819615337 4.98011231152859
-3.3592528314977548 -3.9854543498891295 5.356433328529366
-2.4491969154884745 -3.900451934059722 6.201700040166238
-4.069386662421536 -2.725237130288816 5.853614730178856
-4.038297031863456 -2.2452184492981293 5.766416345925964
-4.157828585257394 -2.50237896404036 5.905813965984414
-3.451288256220929 -3.1584021715380826 6.328500763246589
-2.90197037591908 -3.538272520383593 6.4114810863767735
-4.564602000084771 -2.0389451861887196 6.898285211655188
-2.041700011233684 -4.471513810970342 7.096198318982726
-4.498612835489089 -2.5800487210411 6.359063823783419
-3.4421802839479683 -3.7999270971837467 5.868166970316157
-2.965276452399769 -4.365098092897969 6.89842062892584
-3.322896017221912 -4.323869596677457 5.486804907782175
-3.0686958305676084 -4.205814023216613 5.899709904740815
-4.534768143045432 -3.2623973908057193 7.3201936586957
-4.420119988849317 -2.7836171410002453 5.842801471271753
-4.047350965543946 -3.543024997064855 5.568617726277442
-2.7573845698159967 -3.9545566753770087 5.960119288867055
-4.768874542111897 -2.942960391044021 6.834170930709512
-3.352504918535531 -4.062573233023064 6.651573077541089
-2.2669647874439107 -4.111359980537725 6.093736418863823
-3.1882900480343226 -3.58191999365052 6.018966202777349
-3.7589717431371836 -3.8652358433434997 5.76610218122004
-4.13900688891859 -4.227350914172445 6.036335251083731
-4.393277890975683 -2.4082784118273106 6.511855648733871
-4.723022648163983 -2.706092189786929 5.845660995273537
-3.6039011637735676 -2.893283029289525 5.774515339219823
-3.5935307139405794 -2.987619125851092 6.341124117414301
-2.1964056304818333 -4.618504356776907 6.242251441870476
-3.636141193971052 -2.9639364888719095 7.576920893657789
-3.0625474716731165 -3.545615018080264 7.2312757551527795
-3.2067514885254544 -3.7909826789686343 6.752016304587042
-3.7428001105093314 -3.4562049054075787 6.820345214474517
-2.764409908007621 -3.3803935119436472 6.105756280520272
-4.238124513173254 -2.6038589142972834 6.080752133436561
-4.699788334348125 -3.182065553652802 6.496144549037606
-2.8575739720156887 -3.219983717724578 7.1004596799091235
-2.264336487779641 -3.9987799843884173 6.293685072977702
-3.5000488862066437 -4.238865047354123 7.7070554589535405
-2.8647351004277137 -3.659592332952588 6.360032138641843
-3.16303281326047 -4.568984951555698 7.251795614791699
-2.8391407597200575 -2.9971511256414685 5.965754411424976
-1.7535345411474326 -3.8909973569865426 7.286677566218003
-3.422428246635509 -3.836947580866276 6.463308940093475
-3.1283002827061805 -4.050778113594403 7.209891345937865
-2.178509024358012 -4.961244530036351 6.004943888599561
-2.925054060890066 -4.2929190170352 6.872231963159225
-3.359532673440409 -3.824200817721411 7.239143751833578
-3.3091283193797096 -3.7192039256570313 6.719484074690724
-4.260017788556828 -2.866737123168801 6.301848188767029
-2.62997228291068 -4.577122905195665 6.701659854439074
-2.808118895436036 -3.9178434418652093 6.365050658548916
-1.7162647196964884 -4.641169311323776 7.42611048388803
-3.1476733177905754 -5.220260364162716 6.872998813646965
-2.454461533310524 -3.817895060031724 5.965742688138913
-0.46667213348744624 -5.144006720502481 6.5813346713495156
-0.6433931388914137 -5.589221248054025 7.05520138454168
-1.5495962828954182 -4.187019415973192 6.891337047074385
-3.0410091224484495 -4.032152303152019 6.949494600841051
-1.840803073559418 -4.8411174034925075 6.800866914910803
-2.617517039666074 -4.481855859733299 6.748641759822922
-3.332076915824244 -3.7036357745347126 6.904553664139763
-2.4105603829323843 -4.082041036808403 6.08026570552226
-3.398087479184183 -3.246796999292732 6.451086794029077
-2.513331492962595 -5.741095878614899 6.667591805500328
-2.625276489683367 -3.9412833373362925 6.37958620668497
-1.2250115723590373 -4.343093529725112 6.083928477389885
-3.0190462263050413 -4.1529866355505805 6.168234451379645
-2.2136000961734057 -4.0590905210465715 7.293269336705606
-0.6755559265194044 -4.494180204042453 7.287709033545698
-3.1440694614386464 -4.920178155754152 7.362117253588553
-2.657879872725979 -4.684629070043082 6.431393377990802
-2.870004331284734 -4.234594022894122 6.992908677392158
-2.894677384705556 -3.393247477133567 6.8079491055814705
-1.6368387072970105 -4.338646419410583 7.176852209188715
-3.208893868674531 -4.521207186251414 6.946131876497032
-2.2376528302604495 -3.8320745400373153 7.169244553283847
-2.230999166839642 -4.665786380005616 6.623441730014488
-0.30473408988358464 -4.39410843023226 7.0097383748116435
-3.440677145332361 -4.481717173524032 7.712018309841216
-3.888793264793248 -5.235721961122172 6.950673010517486
-1.9131711064267443 -4.687955166101273 6.576657541472378
-1.1556542945561172 -5.086520952791662 8.426324631898531
-1.700416638222612 -5.134973275168356 7.153394571018241
-2.2769379592972125 -4.388743655517782 7.312896851290115
-0.05424883945371096 -4.369849094517541 6.942230272641622
-0.5649308102337489 -4.545884664895953 7.164634370228033
-1.2116455065732725 -4.412880668823687 6.974636305239757
-3.9783409835995407 -4.132135350886109 6.650113623112923
-0.7812176495018424 -4.513311730140608 6.677973202787172
-2.0421446832934436 -4.949454828691984 7.67682353496086
-1.329018470395202 -5.018841722046034 7.072282108175293
-0.09191922887173407 -4.722568365170102 7.089628481329058
-1.6566849306392166 -3.824451433330723 7.216850184098298
-3.060040166266173 -4.091218873359748 6.427775633155436
-2.0465930606838163 -4.256920592291731 7.565112240611062
-1.3929134342226421 -4.979637854666145 6.869280294667631
-0.8250227379624843 -5.043328411683898 6.621816184315683
0.09936678663636712 -5.012923059577939 6.660752715418275
-3.9952467947358636 -3.674023578314402 7.372152636156292
-1.070328895541886 -5.505576048753626 7.615762364017981
-1.713145637888364 -4.027128049693464 7.8390059614164995
-1.6475084480382596 -4.2096497738410745 7.204703170602976
-3.08758773809435 -5.48027978623346 6.807470755500333
-1.0091352513021317 -4.276458960243889 6.563347272664937
0.6022660112489472 -5.234083902080244 7.200751413878
-2.094094993986858 -4.978536550670272 7.3644590010348905
-1.2987005336109607 -5.021749524788179 6.918065991004679
-0.6846267324540317 -4.21793704760611 8.296898227758042
-0.5001835312299638 -5.384742046629318 6.731149229782597
-1.4031851901648102 -5.071024550309346 7.094590436216502
-0.11172415755206057 -5.566347879687259 7.660827321430324
-0.9526656582193624 -4.386814825495283 6.820749577312135
-2.3651460692079125 -4.465748234734092 7.21111767198161
-1.7866914325974947 -5.133343459423378 8.373189306349433
-0.3901974547270134 -4.456242552018662 7.443154625398591
-2.1493065584362734 -4.368762312209395 7.485669285974628
0.40675628732073366 -5.1860268001186265 7.370061127063394
-1.0185083852015526 -5.081936189209637 7.0177812062873555
-1.9977305504076472 -5.596481230493312 8.006667437945453
-0.45417478907482484 -4.817485906199914 6.648331064140837
-1.0433236824149552 -4.588846987188636 7.086191673847271
0.665270406792842 -4.73133080061749 7.43194339546322
-1.9212230752170747 -4.260877914725074 6.725272258326048
-1.3837041708749136 -5.274215795295277 8.45594324373166
-0.35592729678706153 -4.701924858574499 6.894352773324664
-2.145067907114533 -4.1222893616803145 7.813069025764726
-0.7554921893758977 -5.298852414834654 7.5105502083983655
-1.4169315205186488 -4.683711492257759 8.231355541504906
0.11951030199904965 -4.826592441136929 6.628668397485277
0.23791867048952683 -5.4526928810383595 7.998183403305435
1.55644622878762 -4.5557202919403945 7.46329451998417
-0.044761362367961056 -4.25336794854351 6.618855252942786
-0.2881175508376635 -5.196968292644998 6.729532619907937
1.4859589031693001 -5.428719256857309 6.357873683589533
-0.474373284161845 -4.6371085020002205 7.125654309090756
0.01746167821540084 -4.7835538423462225 6.5158285103728035
0.2749338463941893 -4.584744994233843 7.676628805714806
0.17924070307116088 -5.377573917076479 6.864884811423131
2.01426991737601 -4.3422085111358655 7.881140852006531
-0.0343209598808879 -4.871170238484372 7.470879582356844
-0.843549733691238 -4.77994439228321 7.038778854266631
-1.0405135688500988 -5.184329943768336 6.683627249420704
0.001595887435328325 -4.8193875930701084 7.579537544686043
-0.8587980127895465 -4.878035585069806 8.446173566747813
-0.037621452173113225 -4.86944795565534 7.614982293076445
0.10311748184542742 -4.732285810942884 7.959477059239222
-0.4751449556943727 -4.794075650580034 7.100280260104777
2.738342030471852 -4.476166496214269 8.095115837251159
-1.2612805465273575 -5.527016770458699 6.565764495749152
-0.5834650551527059 -4.2319318952112335 7.818516762017273
2.517372855251379 -5.293288664834014 8.082833776990057
0.45197814275542664 -5.128761080100152 6.92165306207152
1.328126053576622 -5.321286971323705 7.094075430755623
1.2171816952042285 -4.948336877453818 8.611860494288726
2.5820955369630174 -4.243246452936489 7.636719028010814
0.9684294249758019 -5.62723130090575 6.8153888613561335
-0.25118142526369025 -4.88543473879713 7.458533161624331
1.5032517291468024 -4.749794015127787 7.888149691032146
0.6760198421498 -4.801821150519537 8.02776802010506
0.35800353441115473 -4.388275598247347 7.455275717243606
2.866660475583442 -5.042899604521227 7.9148058550426965
-0.3230467167896059 -3.995984557855566 6.641559110680738
0.5145384210315851 -3.937092869494149 7.349382116325811
1.6759466467993358 -4.865126631411376 7.490641300256142
1.227527972079803 -5.158066387969127 8.706793070457287
1.6674342516150067 -5.578188625421609 7.47578857410298
-0.5895830535224462 -4.443653878154297 7.773557973350941
1.3696991693039284 -4.72548410413348 7.426247716874547
1.504859622333279 -5.22080148682299 7.7021345172407605
0.2942681887723165 -4.9047491994507135 7.890801646417012
0.2697970769368403 -4.417025988167283 8.278521185068728
0.4103921432998774 -4.6239586331235545 7.714331289516609
-0.911392113843553 -4.928922825172649 7.241854730467912
1.6692310712597547 -5.197263506138798 7.43920099104218
0.8704819405736823 -4.8235338686394424 7.921070215640342
2.308131798368756 -4.59232617489121 7.585780974692928
-0.03375022485034418 -4.913868396968915 9.154572797055938
1.5484680480937298 -4.577503684174489 7.856723166666309
0.5025045681508206 -3.9011486786231453 7.969208591010832
0.8655372971445358 -4.57064357866461 8.620904149941293
0.9603336461630052 -4.820541877645332 8.701612897733487
1.207185932212201 -5.833527993960818 8.143060986576518
0.09250301920887151 -5.120419888462398 7.617993980905835
0.5648600745340214 -5.3116689618002395 8.501632121181284
0.601202020438248 -4.049377434794138 7.634945341383637
0.03449141681315112 -4.046947681097367 7.661212095463527
-0.6676226754162627 -4.369297032246606 8.186113871876607
1.7109916740269762 -4.76543385504904 7.8604018605913035
0.12057239239497639 -3.703944768548945 8.202756373135273
0.7675922671256572 -5.539997207203299 7.574299613694014
3.5791594002393263 -3.001075711183663 7.368553754271469
-0.4820113464246709 -5.628740049726529 8.189299109560574
0.48693524332487 -5.292087534259589 8.718872004929654
2.246305218069506 -4.519063145635552 6.990339266187248
0.4844415866670133 -3.699655143344667 8.115926737932666
1.5057156192650318 -4.485629516550934 7.895051627008529
-0.5024259574111466 -4.35157503232384 8.168466446505404
2.236549346882061 -5.028366754795724 8.548650863655158
1.2540012380991992 -4.1999807287773905 8.064061294591992
2.391796250620446 -4.678495512530192 8.148587705978137
2.3982002702739864 -4.133060450245922 8.047864274418405
2.2891347912550284 -4.971346888969364 8.159701619423174
3.2293411357790576 -4.580871294068579 7.781049467866039
2.127907800450383 -3.9660831573948574 7.683552260369318
0.6081060867708658 -4.49836302678884 8.921795893132463
0.3384240101579278 -4.846364004622792 7.5587105596528925
2.6751654903502873 -3.772197196223867 7.863264247140939
1.757306555746511 -4.388408704940416 7.422818483468621
2.5350887794862826 -4.123228989145096 8.632631442931327
3.5129334303146886 -4.10648784891673 7.805103157754259
3.625291031832519 -4.009565593870482 7.717656456838075
1.7809901443712342 -4.774337922596048 7.595396489878132
1.2641420996954342 -4.583803270599192 7.330447115190024
2.069279257444437 -4.367401239950378 8.649055263924913
1.699491781647464 -4.0511381163920035 8.381273707691614
3.0555883032546163 -3.6508740936103763 8.1665283934348
1.326558668185614 -5.058182184131226 7.8801788589644595
2.0032638422502944 -3.7177468603626087 8.168938020940622
1.7588789966751253 -3.8891371312058594 8.860006313315653
3.2848278683233443 -3.545058236511553 7.946717690116449
4.227560189196811 -3.953213791131986 8.435768097806784
2.764359810867943 -4.225183543636779 7.9357178979710925
2.1063701171027853 -4.7805888537412775 8.694510998873712
3.8966082784881033 -3.142857827076982 8.528050537961763
2.274131155453501 -3.792590998757486 7.248608676774257
2.3391618317026883 -4.13846616728014 9.005408680569742
1.5194128256923314 -4.086512148748809 8.675823065805552
5.006091051254039 -3.06926936063323 7.534255628967533
4.288775593607992 -3.7436283233239385 8.399385831555731
1.883911461716685 -4.102825433359984 7.817198029148672
1.4236852002670233 -5.026892885563055 7.352075151112353
2.5316491977960456 -4.718329593414275 8.20319818553204
2.742235722251883 -4.912317075505187 7.14279107151042
3.4607229524854533 -3.097830513863885 9.784208101019432
2.7312567011171107 -4.097812438844943 9.126037181601697
2.435598279477899 -5.236985659054536 8.457896224374803
3.6613503258958695 -4.103826811166694 8.063659715792715
1.8653138836817886 -4.147935224294306 8.214329557109243
3.491369696068406 -3.760629749769599 7.6270451724771
2.469647849606548 -3.808653027301604 8.840709744263778
3.485936148368941 -3.089857612730746 9.098860708324786
4.027674367720058 -1.8973078564725097 8.267534150172697
3.1136119815766494 -3.854623152605203 8.659340339930381
3.9359596679726057 -3.667746416879167 8.491271391063524
2.6810098342919657 -3.748029710975301 8.487334193428964
3.4246724883164608 -3.4686842425533535 8.392983748166193
3.0168755130048237 -3.5082175971389513 8.716125884734687
4.149278923284062 -4.071163650505125 8.977644604421435
2.0626298098542977 -4.76879763741933 8.051731896425846
3.80140695048024 -2.1222456527226994 9.137450072367887
3.9575171720436835 -3.2271165427842536 9.05406829893405
2.272643046313154 -3.9981972922154916 8.590369077898856
3.5645487599542856 -3.2674544436394637 8.705653289263893
2.4538064883784063 -4.5930137997205716 8.429625890823354
2.9393655667551175 -4.794151737568434 8.441104664689096
4.929030896069115 -3.256331730700932 7.952886466620715
2.4739820487405426 -3.9786693913331264 8.656420172162944
3.128352605940386 -3.9282143500907925 8.578760380755007
2.8325735143851136 -3.6687402906348514 9.358196643320236
1.8292859392803198 -4.826355206679828 8.578413398766555
1.121319341895613 -4.54843655332655 9.197775687783286
4.279284137669939 -2.6233726109479942 8.675191662228135
3.541686305302175 -2.305519046791878 7.752124914504962
3.6539398494610706 -4.11307207230498 8.291794146496994
3.451554397024813 -4.216944474776907 8.412391368246457
3.252514368290912 -4.282612834352085 9.083050750145638
3.441525968947092 -3.4389264310797376 7.9528777098825065
2.463819334112559 -4.402882436567019 8.808052981799806
3.914619659676649 -3.5212105945451864 8.94244801914654
3.9932564133589583 -2.9577376779220343 7.864021588905528
4.298822597501384 -2.66131184056212 9.892500627924482
4.202009502315215 -2.4822263125874175 9.078528214006223
2.5774767327947106 -3.1130340416197986 8.863536345372196
3.0668499720161266 -3.0614958323556123 8.624406108038565
3.697499539273142 -2.2550457559082133 8.902332168863479
4.046610437426707 -2.6822409977424977 9.300117562928504
1.8786113142103131 -5.276036789276974 9.356546152662695
3.190290718638447 -3.9161132393683844 9.076947512510303
3.5255280488235625 -2.5993378112393883 9.052594337545301
3.5765088055871956 -2.756373860070571 8.803766323847945
2.58225503819634 -3.6907592946980348 8.155014578148311
2.1409668438454097 -3.606772541901674 8.529548417576539
1.6445149441807507 -3.945763626509881 8.408124346927153
4.278186634268182 -2.9135378620467605 8.706801314103169
3.3458846471299837 -3.737241300706413 8.914206615669126
2.456264814329569 -3.3067117238665045 8.80714731038482
3.063908769129167 -4.235894506093332 9.420954757249676
3.9738079629886593 -3.1025803225986475 8.892702238225057
5.649300726697025 -1.7653178732010923 9.584903535887717
3.508200846855157 -2.6376864303713683 9.516265201999255
2.4847335168290834 -3.1210459936865806 8.818867795284728
3.687163235000832 -2.3550294529068 8.52563720679473
2.8424587967627337 -2.677283102234212 9.603580828150612
3.6843688589142802 -3.9121591448054422 9.93101192487658
4.178389233898091 -1.6706636014493421 8.793156196821618
3.5101484633185254 -3.7167323276207243 8.965106432214554
5.778304702416366 -0.39131426155934435 9.263564512395707
3.2043823539813436 -3.5541309071305376 8.523862847998767
3.2495228864046917 -2.7201660210169876 9.266954434373048
4.2209915145104695 -1.3550270102123896 9.969220622980636
4.262812882377204 -3.017971635459443 8.65750873015042
4.803304029355737 -2.550292316849375 8.8753745889422
3.414573397352279 -2.4315189096847405 8.991793750882422
4.6640153749041104 -2.9934539481412257 8.623837298201991
4.704409419741488 -2.7383386993137804 8.992143777036022
4.4860122134036775 -2.3007480936459364 9.6626040380779
3.414183744521962 -3.6671457370186307 9.359850185842122
4.380284337344018 -2.070175545913868 8.867377281600774
3.5010626321487135 -3.040427578101581 9.31135321289422
4.403707508629236 -1.7236509664075665 9.67321638755897
2.8002009177825857 -1.6926001308956633 9.36077815627821
5.277510959429203 -3.229153313385435 9.295813305179102
3.1879508605855627 -2.593753306351604 8.961950006151348
4.1433575367116635 -2.3055891694934645 9.197237369090296
4.523476640793742 -3.382275543412352 9.94494449985956
5.069700437240469 -1.5042241449376625 9.629401117010062
4.080676967963193 -2.7562932541762235 8.44307375890149
4.835221742700823 -1.5872862680696116 9.548277098527745
4.642820277739611 -1.0532620913794521 8.708158627230306
3.868533250109987 -2.0437347729123845 9.035848314255473
4.848535323447498 -2.1527309187633286 9.606258605674885
2.913017056964562 -2.193266358171735 9.151793371366582
4.645857900079771 -2.4112221789690795 9.191405157798838
3.7210587032563898 -2.4607562247987294 9.254954931719084
5.99527941340152 -1.3195069097477676 9.214802376183295
4.600143371813436 -1.8304202857136884 9.757182219798915
5.8836903553945135 -0.4672739943835888 9.460443625584887
4.509283260077605 -0.44700719025208185 8.791980366674593
5.2974081770929855 -2.7341240293973303 9.664010395514115
3.978423586694867 -1.5187774067789241 9.24240747028912
4.435998759595833 -2.3049301990201356 10.126421414715049
5.168971021174333 -2.9152833642484315 8.783635314279536
5.608376955104677 -1.13776748435705 9.730461940933342
3.855016724584209 -2.1706590010274254 8.791763400138755
4.685462964314073 -1.8589197241343487 8.894623154883183
5.042635988355986 -1.4514781342220342 8.891509173635733
4.159209363024696 -1.1961220625059092 9.934018819667514
5.730001314064129 -0.898654272920544 8.98142259707996
5.535883931177646 -1.6137415902632253 9.66668033162831
3.5769431211124036 -1.8118295930516923 10.430907774022662
4.099919554417409 -1.0598468960818763 8.601441281854818
4.820135666595423 -2.54650139816095 9.459118560541812
4.690821940395229 -2.0682652661468977 9.222437010060862
3.7073881213456574 -1.9524061399940684 10.21554604171048
4.983909983110131 -1.4071861476870868 8.24175459367823
4.001123529761844 -2.5377030820881847 10.495777011435559
4.0853386815693185 -2.567405859346169 10.069548777579799
5.612420527171661 -0.9136563705413894 9.80942109634513
4.479732312035029 -2.2722650544369105 9.422026637504151
4.55169523388154 -1.8865429758216117 9.630492044113314
4.194236272771348 -0.43099261519521165 9.494551329372582
5.367614953939288 -0.2022016886347134 9.655898734616834
4.927652084733856 -0.869320960604353 9.191968972743465
5.400479600185176 -0.2530387704107836 9.002983648826348
4.818729240798375 -2.817529470157095 9.995985532076507
5.372517867076905 -0.5998106331435593 10.631840296448075
5.306080416527767 1.296251952031146 9.191690744480216
4.9067188920142994 -0.9351557216437991 10.414259164198914
5.505479382367385 0.7788977075582719 9.71813538668012
3.740682875463725 -0.5149211553809281 9.787824045602948
4.38783724173822 0.6697337246692341 9.999856054204768
5.567280278661137 -0.7396797241855437 10.145883897613032
5.0003436284706 -1.7087859671468104 9.632649951802659
4.6963901173684555 -0.9338865476923061 8.816391956995025
4.227705772495066 -0.6203254126331602 9.723941744299877
5.100821125318157 -1.0717414857054617 10.320042061310964
3.754667913583928 -1.6495111565264948 9.74046985036449
5.416764302082813 -1.0057788483055252 9.31100298843901
4.342666933861011 -0.5619145122794138 8.368282626838287
5.64096757631462 0.25799889073963633 10.536132680880797
4.514506626204364 -0.9316499462633935 9.379811775532284
4.713593906066334 -1.683666353317001 8.683407282511233
4.5596619750188845 0.5778240491266343 9.789886676362675
4.743283261152055 -0.09901227327975079 10.300268199117696
4.930433207168088 -0.053063164423137986 9.421676247797272
4.657692977945301 -1.2432819675165518 10.895390823531331
4.6187823549158376 -0.22193721491404003 10.102321658464804
4.483749438877286 -0.03353832256732011 9.976122083856541
4.952679913764982 0.07684957144201503 9.7368487701171
5.192788890205798 0.4727205781505572 10.219920938577818
4.936452255674186 0.7015617314246154 9.659991770519285
5.262087080035248 0.8687039672706844 9.240070230582885
5.0011404708398 -0.4315935918471039 10.05150007547194
5.01100376274454 -0.9055829199896728 10.19354503303733
4.369672163793952 0.023258994633517303 9.313435866222866
5.385936431470284 0.36413780519343414 10.231022109292077
5.816663256453843 0.5541408800446953 9.679075204585343
4.860835079291743 -0.30290526028386244 10.487104314395081
4.641241954101489 -0.49225020422511345 9.69718168922029
5.532982326739306 -0.9246584858372451 9.577733698438239
4.911187908723032 -0.6084397256429694 9.925915003740458
