4.5025058313027255 0.1536811883361968 0.05242134296014884
5.50511121921735 -0.5471043421425466 -0.051554592273678736
5.048049627168123 1.248457123953967 -0.7384571104438624
5.144528885091936 -0.3481237334526478 -0.3853718372293745
4.449721329791521 -0.487082166939493 -0.510390944473273
5.228968714600872 -0.10086937818904766 0.3248529384543962
5.197534486694865 -1.0554267451519885 0.3699942715056516
4.210769192409253 0.48250716265368876 0.4215813326794309
5.494481998066487 -0.3622262169389328 0.22372483109204366
4.493169874343222 0.2684555296659294 0.36306417277554226
4.650361200094631 0.7222515134982419 -0.14923149270041275
5.15750730190545 1.1826800856911812 -0.5670720829573171
4.84350249646876 0.829109309561545 0.8219792038526503
4.3426273175597645 -0.4614602965259723 0.3550354195929631
4.109242877175449 -0.4985975699973026 -0.41051389367830315
3.517464533362359 0.11156295297351129 0.5115264444902975
4.0147885977413305 2.2709769936984836 0.8274565149333172
5.827020630192517 -0.5989019082291258 -0.7242099140782536
3.8484149396599947 -0.3309457740580188 0.0502893168818111
5.740101216146707 0.7656509202821515 0.29462260345877817
5.353439114251387 0.7925369584279958 0.5199899138328059
5.409308548661287 1.771452977362577 0.48049907570625217
5.285563314123378 0.6690542502072011 0.34100660914459047
4.760962750943031 1.5302671987139427 -0.38863571902945115
5.430076872795765 0.7377364052862913 0.20848874962608582
4.452778529123363 2.294498247763299 0.3488331944773294
5.692829034186129 0.4174937165239024 0.09238553578301545
5.541569422411511 1.8074522063942196 0.18211798876759205
4.816157980063119 -1.109509875109036 0.25886427930078043
5.085814568697189 -2.590210816430993 -0.2689386822363756
5.626314764677375 1.2226699834232242 -0.3934570493433635
4.393959152584333 1.52242256444245 0.24966511514971568
3.4366896282558006 3.1682469757879317 0.008793802777641913
3.921529726357739 1.109202512775593 0.27011577538276443
4.5156743213144175 0.44669983974231314 -0.1391678826191955
4.795598978641913 1.1553443816933509 0.517136619124233
4.897408334517377 1.6202705672365485 0.2649657584333952
4.98234785705339 -0.12395908069825504 0.18710289989640919
4.416039108054948 0.02274213901400201 -0.37741134291872225
5.18386518544926 1.5552593707286597 0.7081832243380524
4.357396168168551 1.9076406775414867 -0.7280277145637667
4.866658307919086 0.8832768087409698 0.9235524920344402
5.72957226594386 0.812042443399817 0.0012693253453677222
4.540458435714653 2.6423594596771034 -0.5006909674566419
3.8126697089434995 2.9584222661720205 0.7463200546217434
5.93564299817181 1.555284342216869 0.1810180958370034
4.955085237069015 1.8362387072178563 1.1059999962866742
4.509836901037406 1.2830890798317522 0.7300392202765966
4.8678069820175365 2.39669814287577 0.6723806441734956
3.7915764922453348 2.3580409956483175 1.1561919409031245
3.6679504011664363 2.7846784652275898 0.8320341991755951
4.528623049652205 1.9684959563337672 0.6871743853508963
5.6118802381341935 1.72224968650818 0.6799801334798279
5.482311150252344 1.971421734131584 0.7076997558172855
4.864943364872561 1.2469213071367302 1.485544489080535
5.51070508418866 0.4088937881544537 0.8959512123734339
4.51946940165078 2.3387895899271105 0.6589936264675726
4.660740157212549 -0.06955429756523641 0.1809769071880138
4.869515141507518 0.5601923886239375 0.7304640704453955
3.924498835739758 2.62803593601029 0.3100857632345016
4.6616504316847145 1.2510782048195885 0.18902887778615668
4.624255402239355 2.524185228516143 1.0517067645400986
2.71690759878109 2.771047561943781 0.6137763001031125
5.404560786192119 0.9001471748742508 0.4751093192193788
4.7983332055283805 1.211542856552057 1.0600155456009865
4.801468936116402 2.165347038292827 0.46387832341291435
3.3861273304605763 2.8467217637303524 0.6390128479510446
2.5536366700761026 3.574642374717948 0.7356858338412754
5.785711292180526 0.5428548419956626 -0.019325435925583667
4.333784476872705 1.1297340075222981 0.7516327510536559
3.8243773459697636 2.7699475267699185 0.7462561403569687
5.142582945477333 0.6520754690221063 1.0055414851136342
3.884343528540833 2.3383145074704035 0.7574475504838235
3.777508187047194 2.16408577238374 -0.05396486958709701
5.267207668136437 1.9305125090760036 1.5256365431112657
3.1889245636307053 3.132453700221114 1.0218207577409213
4.963497093047749 3.0251819663788213 1.7379009169319737
4.761782500327286 3.6999615482662485 -0.22920105594538476
4.463045043401787 2.5571537767169525 1.5749560646928487
3.538269487849001 2.967170929565317 0.7510393386568777
4.592209475953771 1.4136348920208843 0.7221137860404019
4.906755191764769 3.1393695225363984 1.0308386393747526
3.751148326118825 2.6279523316279088 1.4608859509829073
5.174122024131213 2.8523032507746455 0.15425144908023714
4.120203485533905 2.1747395130304947 1.4557000077797966
3.8823694323704636 0.7577213831157701 1.0072548837024482
3.2568405140142414 4.139234458393811 1.2245228154041834
3.686471326067875 1.1362494428221288 1.0323162129488495
4.37424597853568 1.5266770945523496 0.06722501026064043
4.97591042929727 1.482379684548313 0.7126349569048931
3.2332266189762775 3.4466144076074055 0.8408920466171232
5.123358723054389 2.7482982133555764 0.5318532613082261
4.947111889359388 0.6730313491062758 1.5118342572411332
4.782717579286936 3.9631756175049695 2.348313661357307
4.533977934512979 1.874998287015382 0.6695612359070708
4.625916705461186 2.914729980506668 0.9038248929184175
3.5974300996286326 2.448656718989232 1.0098273795151413
3.538506362398261 4.454153790747774 0.07367162376571668
4.27899868605872 2.8876703662998393 1.6566345081728082
4.200973361503563 2.0910913563040654 0.6979191989181294
4.366639091493311 2.488683886460484 1.071869554151972
4.2666635572936356 2.839496134172757 1.840853282861502
3.6210269613811885 3.9962872608063043 -0.1264682168235689
4.849373061919028 3.1518039126453017 1.667766705302689
5.9769937134586275 0.2074506015576218 0.7653029841235846
4.57101425695782 1.8045401861547232 0.31958296887043913
4.064696553880949 2.949450575063335 1.5638519949091938
3.165537516248148 3.3575785923687094 0.1715983462218491
4.11386045956499 4.110421112095215 1.1597947129262802
3.446725128794303 4.169344427742661 1.0473464819467202
3.008829560981102 2.463656701887934 0.7270784738519549
4.118045746495583 3.8739652665196167 1.7770961519383897
3.7719221730261223 3.691301050374869 1.484176070878632
3.9239418676506586 3.2668815583558626 -0.11046425270945548
4.121275302399328 3.6573626839160402 0.9321637382985075
4.309114161333786 3.000887902399037 1.485829570410707
3.921936239924847 2.315136148037584 1.2509510450638792
3.5334397673445745 2.978259064484819 1.161720214307167
4.246573426441244 1.7910674960951194 1.5777443560291884
3.2658593912026594 3.3528370877307463 1.6226914932734684
4.325053759936344 2.947421177032615 0.7770674387153056
2.3741589436200496 4.114510495902688 1.7130107566604944
3.3407807631552746 3.8338633168786136 0.6958180717303204
5.361096004382245 2.507792603100768 0.7352250498889106
3.171607248036233 3.949297685394979 1.6989852163159407
3.4809870642755874 3.259615044301087 1.0626878187309239
2.207408684917926 4.552757751022926 1.413272096406069
3.8463604371778963 2.3118320558501058 1.1805338883199004
4.017524362844026 2.4024122919484125 1.2955137666080632
3.3080742385890076 3.659411515216698 0.8623207876172834
4.78349352490054 2.32914364661516 1.480398537296813
3.7495785512207704 2.6569122841889063 1.6186304585612847
2.365353453183603 4.104810544644825 1.6283783777426601
2.2212779187625045 4.2902324079457985 1.9407982691184062
3.284404201207341 3.5404018436457982 1.259482228424144
3.6753571528435436 4.0510696734195895 2.0827867544786542
3.623644113942552 2.7419158805537656 1.002412424035704
3.0924458800520105 3.5386089687358186 1.3704636870657863
2.84623838589113 2.888721447175359 1.685952656886679
3.1617101659016096 2.298580102140714 1.3963070717009798
2.96126216186755 3.0919235047015547 1.4144262776319139
3.9215060550893077 4.5315340197762595 2.128084426431245
2.723816597737098 4.14559436884984 0.9429022187179075
2.0873012701144313 4.906704606201771 0.8833256197577628
1.6627626178819723 4.497073831579543 1.4093733105796689
2.5524716186369836 4.259530923673408 0.5408906963953558
5.037873146735387 1.2384337669007082 1.7821746806724108
1.443257764925912 3.9417827229253897 1.6251192936334664
3.611878268049605 3.3962551165170503 1.7558651854455474
2.678833443296987 4.957575021198726 1.4603255506993966
4.755010474303418 3.1995484995440937 1.3924299015221457
1.807188532336472 4.267223661957636 1.401403255311703
2.700163313051463 4.380804490805286 1.5416276693524538
3.077957855839005 3.9722344041308397 2.2898622817695884
3.794201082924786 3.1950215903299557 1.4255564180711682
2.6553854368283205 4.10252809338109 0.9680849371908478
2.851310948294896 4.578480405455567 1.4112541309304003
3.415587647262844 3.608035461933313 1.5601686888764938
3.2187815528302255 4.2168661828347425 1.199340952751811
3.1504046575580777 4.035059199541438 1.7169282071657863
2.822270262873181 3.9725196716472406 1.300562938650193
4.594649414489454 3.1231080724732383 1.1275481002915995
3.143915451980471 3.3083297580765363 1.88858324664609
2.7279740387764075 3.7799557006103064 2.104911696370161
2.03031781490606 4.340032915537604 1.2935958703590626
3.3632317912083667 4.2646523673953505 0.8038242704470959
2.068032298623038 4.485200074024646 1.74815034005738
3.339467474684 4.325432933507336 1.1768409689416495
1.7435126868408262 4.6547284797985595 1.4943924214534865
3.570568694933763 4.233761327806105 1.6193682934340834
0.7894445068298643 4.835465785260581 2.494546278147542
0.9535345734213773 4.117554222429734 2.11208743349586
2.8641243385653903 4.913368364484273 1.935431167133976
4.3535192360472115 4.045752014249696 1.5400856923420982
3.4702288470774874 3.460707160595112 2.0048318343607265
0.7846491323335312 6.199097942335562 1.960277178331715
1.990323052302885 3.6510920733171104 1.485307896816983
2.1919971180530307 4.110817935659834 2.4501824948388715
2.561814229694579 3.7719076923394113 2.5336587331983025
2.2023059705396304 3.6012731860992795 2.2235004407476135
2.6933810933844184 4.5215731201867655 1.1673327528491593
3.0650432358164155 3.7670049397707484 2.2156059615517236
2.8366513773339608 4.7689697087115785 0.9252771880332142
1.3607941900224627 5.362692883778414 1.5735409382375343
1.1579651982473127 4.792100703605465 1.755845835150794
2.018953015075257 3.998483380530815 1.6621116307117025
1.7028813678586692 3.7552087837458634 1.4275229296304865
3.647053303117624 4.701472458854696 1.6501187399734503
2.2725642977071043 4.149906825081483 2.1797315565919
2.0852569444046134 4.4237726556938926 1.8815672381725608
2.5885854788531217 3.7854221774629107 1.5063364689654088
1.3256732921872036 6.055282029170112 0.925765042910746
2.8610133978102508 3.877454536479878 2.1789910427331423
0.9106960000203672 4.592816912781366 1.2963759920220772
2.808012959161875 4.994819256019854 1.3882837660844014
2.4370763466892513 5.556615596685145 2.518204574561996
3.471585816797764 4.846655234238249 1.5470684565408375
2.341772463794919 5.228621292862005 1.74712065045245
2.965796478070057 4.5996241984801856 3.0351496566081226
0.06308555860108316 5.189937516019422 1.699092598851695
1.9034877784545783 4.401293914671738 2.1179853299131395
0.9907898947489139 4.935010149685001 2.0542444395795134
0.5929930457449544 4.24322858855755 1.9419053259052195
0.0025947627894305405 5.2211446956822325 2.1696812782143136
0.8677725134957075 4.91409872007413 2.018867724692898
1.4467137721367762 4.909274893980463 2.414686155930264
1.3858094953720548 6.00710784851471 1.3915751212541796
-0.10753591761417611 4.440126368637923 2.1032464699491737
1.5027263291283761 4.1808965278090335 1.7747537129992186
1.1259474458731493 5.290346527089582 2.211415103354966
1.2380676819724312 4.898494462036553 2.910789656280887
0.7726752570026345 5.124094296696922 1.6542632904836008
0.14729459704794956 5.112535785342638 2.8644253084286317
2.3769301053828387 4.3367136641451856 2.7735797218624576
3.5719286515304525 5.151702251301091 2.379293786971726
0.18187469701107237 5.042468151946372 2.47147281564871
1.8988089407651785 3.4778012823692057 2.6024220218433536
1.0135639991532506 4.207755883659634 1.7421138393980358
1.894845622503995 5.43584558341977 1.2324183341339492
0.5362378962153138 5.60820448306551 1.842394661131464
0.6928308941908639 5.476744610580382 3.0437994030765214
-0.6503690364589177 4.776631936906705 1.5546991343037242
1.8954377859445495 4.333551112065622 3.1191331404019165
2.1698304998980493 4.500547453337326 2.08652204415365
0.5448255618544161 5.412856228153205 1.7288889219951715
0.20044104332085338 4.4587435460931895 2.5647084966406744
-0.25680066034882415 4.832161777266833 2.2471539198828303
-0.04109314331228969 5.516285879468447 1.4590641531367041
1.5213861618217785 5.243260953358887 2.251944211884917
0.7331286234906552 5.695598359282442 2.35244389001692
1.1808797541979803 5.51382572844112 2.157493559627454
0.9217944383886514 4.271344717023348 2.6688162218165865
0.3294274917693091 4.408170657392253 3.004500935160997
0.6609261030023494 4.8978672015387525 2.842764408067736
-0.2631498633868323 4.976375655567609 2.922391805074351
1.5708745583373167 5.600847769972706 2.5649050394748945
0.5189394308012851 4.281862593415006 2.5162076245038705
2.4474485974499065 5.351363257700852 1.9021616136591275
-0.8585092512757613 5.4022364927940085 1.6178752343363179
-0.580724890162342 5.0755804252811645 2.712857592440167
0.7415608698444524 3.8883833205335683 1.6650856054175418
-0.2749731239263606 6.224435860054652 1.5594327123646037
0.6881412914697874 4.994663986653863 2.86937393040103
0.922045978244425 6.073136975720525 2.162166867097943
-0.3930734640951555 4.62379725074589 2.6580348054976453
0.9651227247350758 5.156852284788885 2.9371906455223993
1.3910941346293222 4.260692164055057 1.7254973260577675
0.38490982451574307 5.6268907589858586 2.858070716529463
-1.4538891208721807 5.12279162023208 2.773767351014594
0.1892398601532837 4.525004253491744 3.0928826656791637
0.4242468100084808 4.870939646081082 2.1887259374677126
-1.416254742427558 4.547396653133502 1.589639370669324
-0.722845673189007 4.630992908834345 3.234020702259959
0.553591797673726 5.186422642885413 2.797726659671859
1.5484774610523975 4.917315160216569 2.370874004256538
-0.5063322399052669 4.633097605708371 2.2288075099759035
0.22348772314578208 4.599494622496349 1.4193793219474036
-0.1792971323381551 4.139209800637898 2.093081589772595
-0.3846983172915984 4.949637393627256 2.099260011392211
-0.27429731103150323 5.075117148674074 3.151897743065335
-0.6490777307623398 4.8232145843581415 2.033052594538706
0.8237240631137623 5.006629849930468 3.411975172649846
-1.7071097388171041 5.2351239297616745 1.5807702345439274
-0.7319865202764014 5.464842606260269 3.8671964394434606
0.5238560271475702 5.477981783259128 3.4469856837397597
0.30396069480512317 4.284833365550611 2.213230947481241
0.9051255734286353 4.636482925579728 2.1499679441016726
0.7616478768471976 4.926442583675185 3.0594257483112557
-0.39501573219199543 5.411582217864854 3.0026180667574978
-0.4202134391130554 5.330121299303599 2.696508316514064
-1.8215019548225972 5.714079231396952 1.9947287387631802
0.3129114548409991 4.852199974096537 2.574027983883735
-2.4573319871439034 4.870098898362631 2.5595176902461523
1.2753401841555634 4.772857825084187 2.770085023041062
-0.8325302883403578 5.094659339947337 2.368509287654328
-2.945652183846599 4.413416804388895 3.2344027050131663
0.08945935911717368 5.161345059772326 2.833429652163233
0.28460980391428276 5.079300384548745 2.3348492405158203
-2.186008786346897 4.870047774852069 1.9840749678303389
-1.6009403947303351 4.881845153247588 2.8593135974907185
0.17197201531340855 4.767904403533246 2.9468621369125985
-0.5452949674831526 4.95728453785068 3.6610542696867467
-1.4050150329298763 4.597026646807302 3.148815262246871
1.1642064003727666 5.098981548608238 2.756602508003756
-1.7763781527223939 4.33462474546932 3.1972727925329023
-1.3680039024812525 5.2127016557501396 2.705043192510031
-2.12917533966361 4.190281420881242 2.4992036779587727
-2.598891877583853 5.297837055694342 3.149749284613729
-1.3488140737014975 5.0847942673169175 2.313411664318499
-0.25503961038980766 4.21450735539698 2.797814946383837
-1.5515692758413717 4.558252390214259 3.2081147782851587
-2.889855665757192 4.421891453402156 2.4716986520168622
-1.3754616932168608 5.442354699977075 4.127438959429682
-2.6411656316238137 4.3886528867190915 3.864957717544313
-2.859138764400578 4.280874229222903 2.6333339698028184
-2.910304585818251 3.724407914408805 2.757146247614362
-0.33443473629333853 4.952520127364665 2.5601937120198235
-2.7002197795162637 4.790916430746193 2.418095149676271
-1.4367892476540558 4.6660518070056 3.6613074363426197
-3.3356531151109317 3.285201804683042 2.6264415942689263
-0.16228658501016738 4.799006921503444 2.6930016766029485
-1.2213366430863706 4.6326553979947604 2.4424589513860355
-1.8848304504058382 4.343101313734983 3.4699606146837993
-0.5575588650618788 4.47103441799595 2.773954771496613
-3.5575764183162684 3.881918514821695 3.3901738923905755
-2.0484582169368286 5.24785149448805 3.2405316145444503
-1.3594927507775345 4.233444819427009 2.474248594535721
-1.2109823287873163 4.954048499959708 3.6092304617132185
-3.088195532935534 5.079158301624655 3.4410189992884694
-0.9079251641211725 5.381252021457518 3.0955995677980233
-1.4995212074260476 4.257853117787152 2.898726016801459
-1.9137887001465985 5.2081178846052785 3.9811417104879183
-3.1930779917709047 4.80248406183674 2.4485862113330317
-3.6330121944351323 3.534705183763408 3.3465739258171854
-2.249861971693269 5.248492210411008 3.9077825049513235
-1.6793139924068854 4.468366958511286 3.2092212959935003
-0.19487263346757222 4.955915346590492 3.3901925864774354
-1.8913168366869049 5.3157395309012205 3.4468532677132915
-1.0666855012854877 4.49613220382294 3.0683498628220187
-2.6583519064008225 4.663778225042851 2.871328057470597
-2.0317578873051905 5.192283000720802 2.704293457768023
-1.2435344660582157 4.506863106236778 2.728318549398699
-3.2005041203809554 4.508422558804417 3.2801482586135435
-2.0826272291834913 4.603226304388901 3.615714451120776
-1.2264190017608554 4.426184159123786 2.5463874998856912
-1.809120045464845 4.1792993267347045 3.452695447448474
-1.197851452307367 5.030670706279106 3.792284074055023
-2.572801476336166 4.446795076105834 2.625086193513776
-2.590426611069539 3.7325719213786748 3.5163042604212995
-2.1787297925551985 3.3152174653264033 3.633370059812506
-1.990843676674221 4.533330971030692 3.391688988697613
-2.275658316886784 3.9084730456172014 2.043238440604773
-2.8604822778381007 4.781008414414939 3.1500520393158102
-3.2268707148069997 4.340558326966535 3.198834405247272
-2.5345179505861863 3.6642506131618116 2.8118183090597118
-3.386672321207281 3.9248334062724215 3.0699034556767386
-1.4494374393285112 4.269082875688359 3.9675923635869896
-2.2344545596426477 4.229659135341933 3.0072958662115052
-0.9691120266822529 5.114268705088289 3.061311576981528
-3.0080795570811265 3.6284728980876966 3.278316359769051
-1.93897370715732 5.418381851918664 2.831532678542636
-3.664850571643042 3.3951062028259065 3.7246899495663794
-2.160826390298998 4.132500452640254 3.0010532743642115
-1.759748084850375 4.3426941110901875 3.4281885997789803
-3.460250957815541 4.299187383766268 3.1306347797289646
-2.177018219947734 4.178821432299467 2.7670669405853334
-2.906077195049118 4.296315912244267 3.1544814398448646
-2.879543024112821 3.8875636830206397 2.6547159943068204
-3.240492436609657 4.720284197727018 2.227695183802748
-3.3113069491954215 5.129665412204845 2.711195885218384
-3.1978116680856363 3.0511909872247767 3.0958265189501697
-3.3558061129355305 3.0319874647403697 2.7572339500077843
-2.777342597326605 4.098816713997008 3.1585549211726254
-3.3939712800140267 3.029529517946954 3.356599350007431
-3.523126141820528 3.8914266329214415 3.789410022857261
-2.8075919805293625 3.962485672103464 3.52860520516489
-4.434828296556685 3.4745982247636964 3.6158241527550663
-3.300801995557665 4.406331091219636 3.400039811349452
-3.295947679484074 4.480919327000203 2.7669688043974787
-3.4413093335664677 3.5605507799717944 3.7199942559061006
-3.2508322990071807 4.796270375607615 2.8455154278822157
-4.230915230269068 3.3825302379089344 3.0543150204113685
-3.414740189508204 3.6763135299691125 3.2092237347759993
-2.645630258515179 3.6500233993637496 2.749939861003164
-2.5969507553130255 3.8135868010822764 3.9283248615429742
-4.265846875301756 3.2056886123778474 4.080048612720734
-3.3815252911883875 3.1574976971022624 3.1237684752593284
-3.141763033472587 3.8184167662882627 4.064898013906369
-3.731545292398363 2.3014365062336526 3.6634050814708226
-3.989136778034259 3.7040022144558713 3.5938988692597147
-2.140372836874134 4.239149086630158 3.4537474269311867
-3.8037686196643596 3.2642883226466304 3.671562811037238
-3.574540744923236 3.550167795880497 4.311117757309619
-4.049624058779978 3.6260872990225175 4.561689344751484
-2.03701659130925 4.228697051306349 3.3637021323857947
-4.847755922211259 2.09210386425251 4.251386828443685
-2.846826895717041 3.8663088594012045 4.58067580660188
-2.3104920679921714 5.0494501419865925 3.8536289130700165
-4.0190262632170874 2.3012523979828585 3.7017628308475
-2.7436900936307835 5.0513016099130645 4.0214453442704094
-3.618491922612505 3.117354157169156 3.2620541893963164
-0.8256483290987089 4.750939407532666 2.3074230748812017
-3.9187590597105544 4.021319476702901 4.052470659309698
-2.8705206300706614 3.678340021902219 3.3874154275023534
-5.398896646723933 1.5114575550036702 4.243969151457486
-3.7743507907495184 4.032722844715749 3.622376802833717
-3.9753546835268527 3.909352739462477 4.043979241196007
-4.268534187477002 1.9682207160243377 3.9084931661067452
-4.312805867753659 2.0243569815911084 3.9256226872959097
-4.09961089262651 3.264098348823434 3.421579057438854
-3.45376391562645 3.4120720870304293 3.1537975855530354
-4.3326165677799215 1.3936168127860857 4.419898896849434
-4.504151398805074 1.1686954167215118 3.713682607780332
-3.547980885353675 3.3847861742294363 4.745969532431903
-4.732769163263418 1.9886989202030012 2.9914706621490854
-3.3849698162938666 3.539106437795148 3.4826332844297427
-3.6005231409728897 2.8013771398606613 4.186517994220343
-4.515236325539195 2.5461458881245336 3.777713201165526
-2.476062003091299 3.4352985661007516 3.9182066725121536
-3.526495913834256 3.1247763480102613 4.1015644832295735
-4.481311880064852 2.8917465190508422 4.28153190544726
-4.452083952344976 2.4211552025270247 3.3804244115006865
-4.039034384093553 2.226842394962216 3.825716133315452
-2.6293028857586602 3.9009963594319617 4.483443013579931
-5.109627968484807 3.059535671716259 4.184839761628616
-5.033079811573249 1.8097186440297977 4.203098186680462
-3.905223656786848 1.9248733704327217 3.9306421664317637
-4.423447360576276 3.7423052224701814 4.010431853024765
-3.5208788819047045 3.101811597067086 3.909369814669285
-3.5856062628232253 2.035972756386514 3.813985103493468
-3.181349535461011 4.54585164577648 3.828470836567379
-3.707570535257281 3.733696239874062 3.5039537544759183
-5.093943745208416 1.7383316517795087 3.4800700391532087
-4.4200904156336485 1.9275220513246247 4.209836975631484
-4.234472852573532 0.592770045199319 3.4584942151063665
-3.03140625708987 3.0461700930864364 4.870169659571356
-3.167570876540853 3.4859483407505105 4.105559798951844
-4.669951414108679 2.8482207999620592 3.7108612527287934
-4.165314666975663 2.101063875564231 4.907310955437414
-4.09548447577769 3.3305108131044965 4.906592732606142
-4.893098958968724 2.1331939139479816 3.6705824774841265
-5.4527986463253155 0.8136896050090046 4.591109890948297
-4.977520137380049 2.191345794396253 5.09492170839721
-5.469628920366845 2.1189103522506874 5.154943426369675
-4.34905218854628 2.602623611980789 4.975562986783177
-3.777487108202998 3.1954025870430915 3.75512512058149
-4.075173813499497 3.4095709783338632 3.778778430613146
-4.169872415097676 3.576815682355626 4.287332564661841
-4.313919469663176 2.7891671821887645 4.949311120484048
-4.912303429441061 1.357059886894045 4.472024692068268
-4.526545285451388 1.1128006775999826 3.9430379333004555
-4.269186268873646 2.3238400121472558 3.903939901359218
-4.7151044554150445 3.5395191313300374 4.059094495175775
-5.177527020433417 -0.06933169377558036 4.212826583050159
-4.286488214114747 0.9240509818461836 4.450714405796964
-4.59462345053806 2.1029633815419593 3.4852257008333587
-4.647133062713727 1.9738876315075575 3.8775465577103714
-3.695032166445691 1.6601455098941387 3.784534267458879
-3.7245914165868874 3.1604407854667382 4.83381687740207
-4.896100492891388 1.7130899632343242 5.223108505380006
-4.44830139425395 1.6594529713240733 4.26299612881597
-5.077094183527827 -0.19033141478436036 3.7893323085467
-4.594853595935692 1.4548053359709885 4.304319281944718
-5.8649371309313425 -0.4353602053473591 3.8797283289133313
-5.112679529266978 1.583267693024215 4.092667831605164
-5.217942522050489 1.7418759644109012 5.069257807862698
-4.343295019545765 2.0020615262077732 4.065342349534411
-3.416040157269306 2.207260837795237 4.947655296950092
-4.906151970349558 -0.3196232922331407 4.039280814044758
-5.350289878833041 0.88143926898618 4.906186648915015
-4.32519889991705 1.6011794791910676 4.273604116470327
-3.95344175168492 1.7327925824864363 4.527169342327855
-4.562213694662054 2.8385225806914653 3.9644719482059574
-3.8362574841205026 1.5421339882505707 4.773027543469987
-5.224877133332047 2.1179949171972674 5.0057616325685315
-5.669145893684113 1.4239924658911758 3.5687614390890396
-5.151724032973444 0.6276256974830403 5.689197172686441
-4.83745941763583 1.7291294392730663 4.397360360309152
-5.048010708473928 1.1616861450528049 4.780530516382259
-4.099320428466903 3.2191337449933584 4.29324146953909
-4.392878795356839 1.088176621135366 4.60242186841315
-5.325160652519063 0.7987548014764618 4.867907051798978
-4.264256432569496 2.4573785007161795 4.6498120496722235
-4.886459654790469 0.006731968664323325 5.236523552324209
-5.081592400611426 0.9840410591314104 4.231716322550917
-4.558196888054488 0.6828591509214221 4.591292307219777
-5.201328620165528 1.0026364736769282 4.43278526726987
-5.590347991199716 2.4408662274666244 4.7284917741599815
-5.245463437541002 0.39647157640905 4.381053542930856
-4.76510197833062 2.161639100240502 5.013461123065643
-4.7530853308047405 1.0451875099424757 5.367813610428365
-5.321061671768525 -0.9133982218956745 5.889402125781116
-4.400306699229629 1.5166270934200856 4.966487464684488
-4.825633763253903 0.23533394572737662 4.803257629206814
-4.478734702770661 1.0825413652345044 5.48183737034247
-5.336212059316138 0.07034157456975632 5.0721236958510305
-4.283439286294762 0.9190820390559677 5.563579015912184
-4.856015601234868 1.3668744761589706 5.133831445839277
-5.16561530071891 1.2355110671329734 5.0809144035721046
-4.776259095051011 -0.8395369612771157 3.513145496504648
-5.090926676713821 0.32632717369410486 5.14222939006495
-4.543533927224972 1.4057027608957255 4.76608235196413
-3.9920340009701403 0.7466675622157513 4.381291259141234
-4.354282570368682 1.8304613931388696 5.31171812868662
-5.09572463716908 -0.9621114027769188 4.618701189547583
-5.001997490636299 -1.1760986794994428 5.0745203675905195
-4.760572702466397 0.04529026711286402 4.423207298973088
-3.626703575471982 0.25668721888764695 4.564891682104912
-4.627704102318117 -0.5891152801196725 3.954108045128813
-5.462730206074134 -0.30519565882281047 4.504011959037492
-4.8809717729948 0.42412580733170957 5.092506109333115
-3.5698083577127147 0.37743786096051046 4.529934226875848
-4.4324882272905075 1.1378090378379733 5.044998207633366
-4.7302419516276455 2.9030977345299216 5.194900464608633
-4.572564311583651 -0.2968684485492936 5.256027467898609
-4.436457634353505 -0.24476287560950144 5.249381714046951
-5.017692455102885 1.2971489366322806 4.603017326642652
-4.830316664628002 -1.7723283591839427 4.3304176057850645
-5.2671310574431365 0.08441818064425366 4.398975799239468
-5.018681038647806 -1.099265098715799 4.538920704682778
-5.541902815333992 0.11678081810208105 4.411627325870433
-5.22587655467132 -0.689730045699079 4.948861891644617
-4.695714248357228 -0.22468757720924576 5.537213907334041
-4.635016288543385 0.3768191232310021 5.736820941108933
-5.074263495437973 1.3229674127091553 5.441464989730687
-4.9963671424082605 -0.2637836653179716 4.922246352872023
-6.079836167672551 0.947389754882154 4.850422815261465
-4.780133043734083 -0.7411107195822962 5.135222501012405
-4.590681931520611 -1.0387311478387964 4.689086679460944
-4.615931001820741 0.8276204383674182 4.428072933917955
-4.917457580392577 -2.1962106202648384 5.887352864254929
-4.627191275007117 -1.3854424784322712 4.767551551002219
-5.418656771609476 -1.4294810236373134 4.871278275550397
-5.500341633564405 0.19415140719425053 4.729988535980344
-4.929540015607883 0.898380983811215 4.707227373486618
-4.459983561096729 1.344131178313624 5.2625897540424385
-4.3239234811090155 0.029113027717834427 4.3805275240034405
-4.906799057340944 -1.0040695128056394 5.281171048562081
-3.845829726815548 -1.1006464087249144 5.227603844303381
-5.102371070201528 -1.1663984671104217 5.282632732394097
-4.900832707968736 0.13059297091765726 5.093389464686396
-4.919870012990084 -1.2781249163691053 4.33187912562894
-5.87757948815409 -0.20344146232532206 5.310670626593484
-5.221446567407664 -2.348102753210314 5.171755394840437
-5.25865109346981 -1.3419273270140877 5.646675094643773
-4.8400946536342575 -0.6179225172491631 5.4749138479139186
-5.107841060590464 -0.5546737287263779 5.939329249829285
-5.016375900279106 1.5842102641354938 6.164881752267214
-4.320986964553302 -1.5086834307385395 4.960631120336271
-5.031420633008139 -0.294197261693562 4.483536777226518
-4.011184731767492 -0.7280746883879475 5.574986965284084
-5.2423180242116 -1.4025420129926551 4.937227661127034
-4.585799609806601 -1.8134063018036488 5.781183345348958
-4.369866502197717 0.40495470009673423 5.682630941051404
-4.729086159382652 -1.173950603479355 4.709250022077848
-4.317030714010379 -2.752089012965878 4.975176357163792
-4.819974449288944 -1.0615490521603255 5.977951745601767
-5.115234224756809 -0.34500335274092464 4.885119690857048
-4.982041637092106 -2.9313180751780568 6.0469638779375945
-5.123352328744252 0.48926747604757426 5.567933793872139
-5.106836884890319 -0.19099888753760608 6.335592743035144
-4.444177055918841 -1.0633047143839236 5.997668476835799
-4.766943063092952 -0.32435888578478544 5.446811207189436
-4.561558632607188 -0.4533707695824023 6.095134794097288
-5.110491725666428 -0.3808460941288349 5.69778434818816
-4.849039816388854 -2.312057690608377 5.148304608415668
-5.803239140025597 -0.5893302634774439 4.830093344112071
-4.775184159325608 -1.1490892275548281 5.76073395335371
-4.152056413009575 -2.8368476093935007 6.197804772300258
-4.701684973427716 -0.9949306218917935 5.708315984581771
-4.602596862794549 -2.812061614163836 6.082194248947277
-3.6335398401671672 -1.9038286366476738 6.175237097151386
-5.470283251555645 0.6052355473260725 5.240882021430513
-5.693516778444304 -2.5418298211048835 5.4397212997017705
-4.820166136091057 -0.896671443569289 5.411505138448841
-4.548155879480229 -1.0706909984767792 5.086920121783913
-4.812113796741535 -1.9376684708937615 4.525727246301664
-3.8490246470162552 -2.3924328302154048 5.478080549896789
-4.303636500512425 -1.4859932238492968 6.216512946180682
-5.15099476291365 -1.27818177218486 5.935100495728762
-4.085896931855738 -2.3339332599547467 5.802841531849379
-4.7312531796710555 -1.642910815406401 5.651807905839418
-4.109501985354562 -1.480460406191485 6.0045990128102185
-5.1346092046548275 -2.5508818984485955 5.863413224933804
-5.164506791816342 -2.0279206073589857 5.44926360518581
-5.254602388528045 -0.773538458040276 5.330564970259405
-4.259523979042927 -1.8683385339001366 5.673131742789427
-4.672750952706822 -2.83205313707501 6.078883378598039
-4.864159088185944 -0.14619158392375858 4.941823195580379
-4.438993537595688 -1.9696648338324603 6.370917184160037
-4.891086991702737 -0.6452646459119743 5.552143866024818
-5.100782385055317 -2.6233825127478516 5.540208312834724
-4.781706556696015 -2.5091288490359958 5.974992908325614
-4.253317910326609 -2.324098866849155 6.485392159470467
-4.519227581311534 -2.3959459178383167 6.184403467605418
-2.995331127224605 -2.8146790696174477 4.881094838486138
-4.338760960087058 -0.5040576726172171 5.314588452170771
-3.8353347588541764 -2.5339246164928753 5.409401872575266
-4.8250782068624245 -2.898938203791851 5.620879414901654
-4.126993884718501 -1.822098918562487 4.681352980151164
-4.347770045828997 -2.433775989929669 5.674469955600839
-5.898286271339212 -1.3587286889768928 5.953219192696105
-4.064531381804451 -1.2868478889335548 5.426711843579726
-5.028865792819648 -1.5733116603465225 5.38407863727459
-4.533514901752284 -2.6499784770132893 5.943420643307705
-4.068319516834619 -2.174801973998466 5.358906739167801
-4.129045383861288 -3.0587764839990554 4.550168546200775
-4.224838949675007 -3.542335957641331 5.9895449535467895
-3.569734229988554 -3.0222892726101054 5.227436223515632
-3.9510831270559676 -2.1422603037997927 6.089824046639588
-2.6942997150259616 -3.012121527418937 6.254415372145646
-3.666107330510919 -2.696926261141094 6.109260866330517
-4.143886450856688 -2.6839779473531946 5.3089945090359
-4.340408740366437 -2.138922333551683 5.51428065287483
-4.129282194050875 -2.933786274297128 5.873252036356232
-3.0723710685621826 -3.5674296518182285 5.747665144360137
-4.000753559652408 -2.439789975807692 5.260051257866853
-4.63480862700261 -2.6249211863432826 5.1785355892607
-3.6162799810142214 -3.4428780089874937 6.206649412264269
-3.6005227286952173 -3.2118072593834106 6.644751905997507
-3.6826299673000475 -4.129515360482419 6.320416374926511
-4.357221043552586 -3.1918827070604148 5.641535880910524
-3.1085905095005 -3.2437186715973017 5.751794809930027
-2.9714925080370924 -4.524517227994341 6.064587050673745
-4.336753136814809 -2.685225495586639 5.537997547944646
-3.213744172515195 -1.3713655821511899 6.58344397009643
-4.839150645762963 -3.077044563663426 6.282690918890758
-3.8739782077410654 -2.194585339877991 5.191504932381252
-2.9558114899994 -4.195113597492049 5.855224350007997
-3.8610728447424756 -3.2573558248743537 5.158416042934542
-3.740593875151566 -4.197178860046246 6.174155161814926
-3.324383834402836 -3.893825377555671 6.663352864080247
-4.095614082255422 -2.7310820852160003 6.7558727399676926
-4.544675839469164 -3.5638113539543386 5.9474755498172645
-4.521854975493856 -1.6365811168077797 6.886451076679057
-3.475824549890421 -3.864922664460826 6.197403948597439
-3.4976077939508303 -3.1976225090121533 6.4634249085009925
-2.8172353543935817 -2.5561729447965247 6.238790712081207
-2.57816730119934 -3.400787404084057 6.133372018726128
-4.887688571804221 -2.4959172350847045 6.013666375579067
-4.653650626147649 -3.315101888586805 5.908317934712175
-3.041488521079538 -4.294206665049773 5.960414464834172
-3.5696035618118165 -4.068050666157877 6.588089527331335
-3.880931284850006 -4.0578875689691145 7.119114604577074
-2.9480784573216985 -4.328285466776022 6.566442766650862
-3.148909362661461 -4.467551845945376 6.1660230994128105
-3.7980526648320296 -2.925967720554177 6.445591785780482
-3.2672653290542546 -2.590863131069157 7.055739306704263
-3.433032309895477 -4.661084537646314 5.778024082087594
-4.863000212152837 -2.680344907637033 5.8577843928289655
-3.615678232855834 -3.520812205206239 6.348774574148216
-2.9776495091587623 -3.5811111863796925 6.072881249447679
-3.6012978330609293 -2.874201608887292 6.283852196830124
-2.602201549152528 -4.303048031817345 6.492564379667188
-2.9608270145119047 -5.173301089626976 5.824541098639116
-3.570780248123892 -4.348212630206984 5.9384368160567815
-2.8019303100838733 -3.455569860670421 6.5344634365002445
-2.9442523999056354 -4.183688342315216 6.955452003315229
-2.5253528879268954 -4.9588628947445725 6.51347856126528
-4.227938849417185 -3.3637007595498263 6.684875868674386
-3.6807485479631916 -3.372603928588271 6.104493886307236
-4.320905975314336 -1.7244380371934502 6.572234725350818
-2.9964069545711927 -4.1198312858742865 6.576016236490014
-2.999858706539489 -3.892808082563411 6.547036369933098
-3.602165325032195 -2.6317261477416682 6.506171934514779
-3.7448455544724037 -2.226194832175136 5.794238677050047
-2.5259475217492517 -4.480598247204469 7.307930430318315
-2.4156901232889787 -3.5382172286530222 6.786628650106994
-3.675708836956938 -4.0600590840994375 6.084769282785653
-3.483698475628925 -3.943126661616141 5.457020837661139
-2.60034704013922 -4.5993756706675635 6.347811209068685
-2.41822454496384 -4.361303979170449 6.1930998332447516
-3.306893368780151 -3.4983606375581466 5.320693100521055
-2.786289642828389 -3.386357501339404 6.826040824675918
-2.9929751906986057 -4.067800896380022 6.62192181857634
-3.3822949340081916 -4.078783400449216 6.374058268497522
-3.3468290614239584 -4.358109405434956 5.816693566240253
-3.7118289648470957 -2.7563891335305493 7.413286284919199
-3.3132633234455535 -4.477880761403192 5.98142124008382
-3.191576382476506 -3.9341515525691158 6.569763949042035
-2.2149939453326946 -4.1578711760395874 6.122071622511441
-4.402218585823689 -2.819836129132794 6.718263181927739
-1.239661205099889 -5.114505195444063 7.0981198049547345
-2.0157316318349 -3.3770827489049213 6.453452079071039
-2.5697176801035795 -3.6869189201871704 6.121826447549459
-4.1013519773641445 -4.105172090150032 6.646188938431523
-2.938750789531403 -3.8232044481959733 6.581086777511471
-2.2166930598283248 -4.306651471997644 6.705656965003044
-1.7774997074698582 -4.152061686076968 6.253835832742088
-3.335091571365706 -2.70059603038391 6.532769810263874
-2.26671508204366 -4.761330428108165 7.417633139484016
-2.6527317400745667 -4.5762750766087 7.037928191012566
-2.6323511792880225 -4.380809017773376 6.936281654917399
-2.7724568794973043 -4.743902263852696 5.983432573795255
-2.7516161212959696 -4.772881811432757 6.531733904075158
-1.5056958819909128 -4.079013437471879 6.318826645810059
-2.177428412073662 -4.045990418643927 6.885618326277985
-3.8557847607579405 -3.9958242520211504 7.461365723991643
-2.6076753927315304 -4.081820235720917 6.758833508308358
-1.1025843700626794 -5.0994169520395145 5.837686785675651
-0.8895090082290074 -4.639379124420654 6.616281921497719
-1.8286343922742068 -4.010342137424129 7.677653694499069
-0.6431926508626886 -4.309968171838156 6.8391119075975295
-3.650622295375351 -3.692987016603011 6.526434798564582
-0.7826108590826922 -4.138809389569234 7.082526549448845
-1.183132252382249 -4.963911321438002 6.710559424254321
-2.115870675168499 -3.692623201521683 7.493268530071385
-1.923247636177883 -4.1302011633381435 6.649174459560313
-1.6979305582573623 -5.127062255428751 6.642290576896215
-2.161120559120828 -4.245423671542843 6.6257486082157175
-1.8448927600884701 -4.4605056939600765 7.686038019260782
-1.8500320173012796 -4.852467423291886 7.352700975296664
-1.142492550794536 -4.025060317268565 7.0394414142655375
-2.981965661258149 -4.241897702954426 7.86389195784019
-2.5803091912437175 -4.682821321776449 7.148910743732654
-3.150662708368867 -4.840953696100295 6.707613820657215
-3.2735836855828158 -4.209410745539025 6.335179965954713
-2.611688644734519 -4.065870587322667 6.045875154005331
-1.4818710656110565 -5.468195676671898 8.214662457582449
-2.051365971791927 -4.581197832971059 6.895572955832258
-2.008494048430801 -4.57549503305731 6.564319485065538
-1.6680132052889793 -5.775236977249554 6.136211379583441
-1.6885687619505825 -4.858362358527753 6.961494215044402
-1.452317062682495 -5.128121713944889 7.232985484003618
-1.166926494298576 -5.220169132981855 6.765312150609371
-2.8493937636898914 -4.071672615633738 7.3795848528997405
-1.2016183123958322 -4.575817284855056 7.6639280587747995
-0.9803259933207227 -4.439816428323853 7.135226330782798
-3.0016113385499725 -4.306023585024567 6.996132688106186
-1.7496327892363823 -5.557357021873605 6.895496468454082
-2.0100487094890584 -4.575043203866138 7.2846253385438935
-3.1421998911937945 -3.765955357497322 6.873576925568613
2.2587734023429173 -4.953454137627962 6.814928730753838
0.2073756357610986 -4.867431402366629 7.103069931793137
-0.03910432589805702 -5.037036404691075 6.599400747464612
-1.0537183401613814 -4.3441584773299065 7.891911343738099
-0.30001574592248864 -5.101384455580066 7.457077464623765
-0.39918777063265987 -4.754600270009886 6.708666875855594
0.4514010538089528 -4.145316053843209 6.900628744557904
-1.539553543042275 -4.077278882818555 7.077863823244142
-1.293978455458023 -4.996815170823703 6.064450095127195
-2.6038220518286104 -3.8133689764957532 7.5643955890324435
-3.0151491269606936 -4.619823695398611 7.592539702952975
-1.1888328311826497 -4.916052594387705 6.545056579956485
-0.08766756452309502 -4.859659708848881 6.843064544300258
-1.7227522731378955 -4.1958845058217396 7.582833664215647
0.13793424757002518 -4.04169855000653 7.942115375904449
-0.8975839468024466 -4.275619184818822 6.670462483726438
0.9283091495281265 -5.15515617190343 6.7213068690979085
-1.3147603848063647 -5.170972558265816 7.872918278592164
-1.099363537777963 -5.077528495997811 7.813942288812607
-0.5328043945655738 -4.442669859871365 7.296251086602382
-0.1763501972910834 -5.531925730370386 7.68369703715468
0.5264540726130095 -4.48704898290403 7.420500400367682
-0.5911063274260234 -5.4915719891618355 6.806546222094603
-0.768231610977617 -4.73150424693797 7.122344354791989
-0.5702333865841593 -5.396515404723021 7.1675866760522
-1.4552165804392265 -4.130907246870601 6.084634422433551
0.2284451235098421 -4.968433442201298 7.207548025561599
-0.8879655974429058 -5.3305785990036165 7.237218835204897
-0.21164248166184954 -4.820145963803736 7.720547484716272
-1.247780690336118 -5.643639564536728 8.02072719203102
-0.47720373715516523 -5.102120763884253 6.6445688866392345
1.1147165998205748 -4.418520758619863 6.974391222305021
1.0543216819317853 -4.111551920150167 8.312863136206154
-2.044649142338953 -4.06293849779029 7.343000058806101
0.006481383071396413 -5.188414987743591 7.221187666311252
2.0550429952885843 -5.174867782223 7.363960673854792
-0.5390577665513948 -4.627632872929956 6.764843190617834
0.4415723201605318 -5.478135611459816 6.797027519705705
1.3656046892394604 -4.63776895367282 7.840418247460702
2.436273961207512 -5.048358377355521 7.588359837036614
1.0604393175169022 -5.542486665745263 7.569247782048249
-0.700424648940298 -5.301501658866267 8.123925374178304
1.1535534299587942 -5.65830154078836 7.147654390024382
-0.03508553328644962 -5.435536925690779 6.571117882157257
-1.9897238720416013 -4.844436028733147 7.526659585823721
1.4371591665276375 -4.158404043636396 6.92444563108275
0.5329701745684076 -4.840110290495437 8.029305670537877
1.3944014573937775 -4.789246784535736 7.918063531838223
-0.3220003430495469 -4.285732965929638 7.940650144279004
-0.07857833546292908 -5.49556806684034 7.105909262428707
-0.5050110613395781 -4.618688597195422 7.959546187815379
-1.169239406717115 -5.066270415671395 7.823908305113143
1.574369431620715 -4.4143419198654295 7.81389688639887
0.018768081380322963 -5.669110618112652 6.29984954849402
0.782312282686448 -3.771906200981242 7.729985450206552
0.6559466174698064 -5.038542296232357 6.872737365943678
1.1360406696216914 -4.310069001852651 8.19215180170729
-1.1052663731276418 -5.203228846836565 7.795921465793961
3.0603364496639225 -3.5029632197347156 8.316845176008755
2.1857068695590534 -3.82204449158664 7.050505051402979
0.7519704590129267 -5.2088391848012865 7.202044762089084
-0.21124958020829188 -5.0573870702973345 7.538565688901544
0.2570589214296456 -5.455260134683342 7.531498902828892
0.7848935306612262 -5.469234031302503 7.936685236413425
1.77456137908509 -4.855456866245781 7.691192332679964
1.0281911934959393 -4.804890869553639 7.43992244657713
0.2829649221645759 -4.286904310422597 7.1081051619679485
1.0157525610554736 -5.333380787892468 7.606599967278472
1.14921357541567 -5.501936085054851 8.136541436715055
2.3965680775112093 -4.755461921865739 7.719262828944881
0.12919470634654792 -5.248942570487502 8.085576344488773
1.0494931385665245 -4.681489463876282 7.804261835367722
0.9069449267018217 -4.58541321761663 8.882616937572584
2.325496819340842 -4.353595617225898 8.654556684024291
0.1945388251560204 -4.952237307078215 7.9110743399439025
1.2586483623351552 -5.202761769059025 7.401364710701203
2.817012991076361 -4.931236024802081 7.615605352600491
0.882595523742199 -4.526542616538845 7.850332097183025
2.048541400073305 -4.419191404018025 7.1326887261731375
0.307315743402158 -4.519456959611058 8.69028600736478
0.6428733893096593 -5.321798536655756 8.173603259920462
-0.5274228015253564 -5.893745249101887 7.769710919455573
0.7010180632186467 -5.4526803987459616 7.757121753352264
1.069177939798195 -4.744048750856882 7.682773837563669
0.49578965172859074 -3.8372620629009706 8.402131197888961
1.1255508762832873 -4.961470661467535 7.599508871859621
3.8898798383327544 -3.855663478640076 8.02779152100852
1.9192412941176298 -5.269216049439108 9.006357703782282
1.0479122897616941 -4.969924070974292 7.883636104667718
0.20773491519113343 -4.531003336016296 8.441545385494555
0.6192077423644287 -4.745648798203969 8.504112937226799
0.4543951927267662 -4.6312253567612895 8.285931748245758
1.7282248591098104 -4.544375446568361 8.03179740741493
1.8493033377611339 -4.26251000033055 8.14621108668241
2.324720101416106 -4.040587828072565 8.875267221633342
1.942641892420368 -4.537630115600122 7.9913727669406835
1.1627852631142646 -4.5922651574505915 7.8035687312044715
4.269548711241013 -4.218147839996138 7.884009299784097
0.8298678057434102 -4.783163404370676 7.539272903860054
2.3527561965161405 -4.991127999161298 7.96060843529208
2.533899657389623 -4.147001096048959 7.667212495172189
2.071530211353607 -3.6151893469743523 7.919922428914183
1.8934437385234513 -4.673288136289676 8.623570354339389
1.2369890293582924 -4.369446612138828 8.011603509580667
1.7152443805586015 -5.297561149699316 8.789007868777363
2.3541253703262917 -4.250368962925606 7.560894414340538
2.3500509020404294 -4.6467929703570805 7.409607410373045
2.988993555326715 -4.8100808331681835 8.307576729763104
3.2989284018519878 -3.697344035907829 7.697803412604008
1.3893592891282662 -3.998656141035204 7.422597881997008
0.7948060762864291 -5.436840175338967 8.352221675514386
2.7659906923473114 -4.2880901173729145 8.385545465096326
0.49795309435934076 -5.328531595547095 7.874293684574131
1.776738445869277 -5.165785230125375 8.755661803610641
0.9735798286392567 -4.589673050027392 8.521248120582364
1.7908892674381354 -3.838096410479461 7.830912169956886
2.2950985233181846 -4.021144500873889 8.916027902681346
2.097364405452295 -4.591387300299439 8.800659379969073
2.3941786520673167 -4.489808671078915 7.231715637442248
1.5153791984646021 -4.550682712257369 8.174597972335802
3.8122439658415965 -4.378379232849567 7.66681074509151
1.9946940293346553 -4.765021730009019 8.747817026603563
0.853713561293926 -4.555447337148349 8.99664556089111
2.5897117187446996 -3.9425978639143544 7.737385758456131
3.047571294982717 -3.3634678989348497 8.182970659865966
0.543113586368408 -5.379492813471872 8.310246500570207
2.6073126054256823 -3.335755489746385 8.837292441598585
2.558667606072792 -4.158110420124764 8.131538211555684
1.9417908940326585 -3.9591003651023247 8.889258927599359
2.9519754424466162 -3.7971859212951897 8.073166675687705
2.2049756966253944 -4.588830602720238 8.934960046933293
3.578882805308741 -2.21048613840167 8.152329353309462
2.829331850979808 -5.178440488231268 7.860513243703776
3.6066774654875378 -3.9111716328977923 8.451112754827694
1.9178425160015338 -5.273551242891078 9.114852818299058
3.7296449286277222 -4.2838634963620335 8.807533233420179
0.3206991004603633 -4.802688359201111 8.822630410336913
3.6184165229297913 -3.1269157926862294 7.773533154643328
2.3143586645968077 -5.206541501129774 7.033156579920606
3.498098576454517 -3.4237448427931483 8.379879501761605
3.2204952934743347 -3.0554998777190474 8.592534826030379
4.509196686899434 -2.5739100879064956 8.273091287861273
3.060775775097015 -3.708312144389344 9.095605845645785
1.8242526043270595 -3.5386636428618887 8.031861474070531
2.941470918876965 -4.037979968342053 8.611621513122904
2.736365858119746 -4.009856964419381 8.435999220759877
4.240268638253728 -3.002861184361229 8.729714512894624
3.794370033756866 -3.1032186563308684 8.810982028277511
3.3495880575480053 -3.152950270098867 9.440152459987644
4.247251796966933 -3.9520162092501305 8.312574690771772
4.525999952012174 -3.0185207637700224 8.31997301255681
2.165256553998726 -4.441985645192105 7.861415440562994
3.020703291726204 -4.540082964074436 9.011127668577673
3.6927177813344096 -3.2968329422854725 8.280791044587614
3.079929992554605 -3.7667416241073277 8.643599681969336
2.667424443160172 -3.320290020045358 7.982459658152293
2.9001790473958526 -4.511094008028301 9.21068553776438
3.7972620682545437 -3.2566113209036462 8.782769990360153
4.000645645784909 -2.514682299266652 8.962480989422474
1.3673580945111272 -4.491445847659704 8.37287391889801
2.370447822552583 -3.769201234509373 8.383309945891279
3.381524013449986 -3.3283007818098826 8.295634646282721
1.8749051534085466 -4.644437789248905 8.921058333268041
3.4274080527762645 -3.0344718806008344 9.094966683832654
3.917091979120471 -3.0182023175173254 9.531189885509733
3.2259889810933164 -3.5699387731229324 9.003911109908616
3.879784614030693 -2.2688961937076138 9.285769311778893
2.7932137905096983 -4.618536622272128 8.610501418280228
4.712946272814395 -3.2236663265557755 9.152421356649592
3.9481978022030213 -3.242697450733048 9.537335341846987
3.799503540132679 -2.7993602541998417 8.132156644985786
3.2580806919997864 -4.296157746341668 8.855733990301532
3.68768615762151 -2.8455508655980504 9.562958481445259
2.8549346985466153 -4.299853871063858 9.42247797480938
3.3013291091839454 -3.5604438814329686 8.685281557968752
4.233991067526421 -3.3567217221103838 9.223744208483689
3.1118902509401742 -4.217967887505437 7.554996581908965
3.9377706880817738 -2.2129230367787103 9.902839436691409
3.2601151326847426 -3.411420873567755 9.35350978090926
3.4089062848418634 -2.0270607951533135 8.748360627001517
4.101555514998977 -2.9593108220751003 7.64591928537609
3.638286669360108 -4.821482432232875 9.346716488537199
4.092332659696257 -3.524965105895434 8.881495461119055
2.730131598192968 -3.4496860657108672 8.463488852751311
3.8315830406433395 -2.5973257928225113 9.498656451594691
3.9443505599505717 -2.6229837349882827 8.912592643087061
3.9855358863726362 -1.6426183636954856 9.113509824078909
4.881922591087948 -2.4648252411728206 8.504666030187131
4.391472423265711 -3.3262557103421697 9.912236216258838
3.7103629262618414 -1.8362610890339388 8.196621604447781
4.087540318615478 -2.723127523182191 9.044891824281553
2.2989766691495572 -3.8236324741519976 8.764199634430575
4.3742158617537195 -1.6663774755910423 9.111121966313084
3.7730407522879417 -2.2020635332805667 8.746793741420248
3.6797454727915815 -3.641340253624011 10.269795472357657
4.14818299923495 -3.3842599459261202 8.564162841220005
4.519525295357766 -2.9672446846224125 9.85224251060223
4.291410127356789 -1.600236872976694 9.057315928526508
2.9257962022401185 -3.8105751543670476 9.392819500742107
4.773527335525329 -2.401479782091484 8.899307973174665
3.2819309940258177 -3.545233700756452 8.723545609750873
3.63636064428611 -3.3847555685460295 7.607216021747228
4.573708837651889 -2.9845241548423296 9.554025169996683
3.6656767240095722 -3.6192143809032427 9.111504037662089
4.355215829452536 -2.4647365193060584 9.488817751787115
4.670179413712586 -2.335149378363937 9.66844685675826
4.791618973967176 -1.0254070274194635 10.04892869840276
4.458217930637932 -2.6806341115714867 8.905623657134244
5.180537943712366 -2.2835787621469135 8.748110898019958
3.848237335728557 -2.8430648491784476 8.623118505107076
4.21247246936779 -0.9519648282798006 8.585772151283441
4.968471295704426 0.4684625440295888 8.804923753737896
4.691859615320193 -3.0812614954951103 9.97922240975156
3.815049098049054 -3.256412120506702 10.233512995149937
4.04484659009776 -2.216294516620892 8.97176648606338
3.967510892192176 -2.151550404747496 9.250866746437616
4.266876462200829 -3.4253984479055397 9.006039401965488
5.201684490433683 -0.924187597355197 9.393220183314966
3.2984548324794107 -3.1854948078199157 9.355046960320912
5.07356636401187 -2.4978400742195443 9.024418371850894
5.524936682165489 -1.5370366399162532 9.76976659728468
4.963596211406519 -3.3709796199672923 9.600493393189774
4.6852495814342054 -1.8301590849498068 8.125775853213579
4.860074363058774 -1.7562061829848872 10.0785354923943
4.760746343576951 -1.8167938619858157 9.495532698513024
3.689348494539411 -4.280216743640345 8.886713072488721
5.216233208493266 -3.0169255828700066 9.752197579441738
4.366214732027285 -1.9926404456185802 9.001781330754412
4.652271187612796 -2.012636535858368 10.01305879406556
4.32273660757738 -1.2509363636139044 9.32954801206214
4.3725720221523074 -2.3502002739124745 9.54589251994581
4.9512159165127265 -0.12900166841681907 9.308934764450376
4.104245326655322 -0.05165426847180297 9.002746020154046
4.309032608225149 -2.547658299436483 8.999263940478102
5.31244159804086 -1.7612153553976575 8.87400819267539
5.7363590168759115 -0.7458472409090042 8.824909660556836
4.370520398474242 -1.6874236531047881 9.292872394395594
4.407882907599508 -1.5697147815362744 10.166409999224202
4.811999061690852 -0.07284823584640257 8.822418891797863
5.331270540336392 -0.49465306688552363 10.546119265561117
4.033723578751167 -1.683353747260075 9.695333290406396
4.684837415614414 -0.7674177341480947 9.785739684255045
4.667180432874282 -1.8266849837090056 9.158887605758578
3.9523563869988894 -0.7497108866123136 9.299788716403416
4.510069604654675 -2.381044821048877 9.883616011603864
4.305029869019663 -2.625718330163906 9.228202224456977
4.889137674057432 -1.5507180928476363 9.41758111506481
5.721045711354598 -2.2103572973872736 8.795862084953665
5.08211529079624 -0.2956781579156688 8.927604983351586
4.704568386759505 -0.612212069185481 10.955038208718385
4.873665902584886 -1.1552457323684613 9.685735195243009
5.159990955623553 -1.606937742713162 9.697265219286805
5.33955464669405 -1.9620372115945321 8.214276164429723
4.8145538452188745 -1.9263496338489512 9.441746567592018
4.448544459609735 -1.7936114661493086 9.319066820899168
4.904063589416571 -2.261616962667567 8.537588905591468
4.7681328121713005 -0.17413718223928715 10.331444108147119
5.117049211855712 0.03965976825518984 8.808492964406875
3.7365776044826067 -0.17532165446182127 9.049211455716456
5.376689278750049 -0.14297076524280147 9.43529162513453
4.705033223927894 -0.9171639155628244 10.25308500894726
5.291996945329485 -1.1527612564282785 9.527489296614409
4.028787583711935 -1.9281287984848514 9.841447242491425
5.613757912518975 -0.33711317092908294 10.956726346968184
4.221628420841639 -3.035950621396763 9.45530508911105
5.261919735484415 -2.396024713019846 9.92666970710564
4.679159246554799 0.07411197292998865 9.81258690109218
4.461497356496558 0.22468505334471048 9.905356538489837
4.851748691364983 -1.0817395902101037 9.648234916655218
5.840388347945399 -0.8142031565330902 9.127573500501462
5.462320294051386 1.1694164831575946 9.90600877076094
4.6238010578967605 -1.583227799257471 10.202228666780847
5.807988336087885 1.0004633443659448 9.527684451132005
3.8149975697642873 -1.8551860038986898 9.907337264261146
5.427614119163836 0.6932873223203814 9.736033336898192
4.575615150856206 -0.3071947446975882 9.559202101859627
5.087151439388015 -0.5238408042802405 9.303990468442404
4.713178622801123 -0.1328097496225847 8.91859251859067
4.149684100971176 -0.25788372567789686 10.31175000430005
5.2414947359055315 -1.5348577656454236 11.001207215640692
4.525745751633723 -0.3957833038171426 9.729876289986668
4.247516509507663 1.5213465101884533 10.678456513850273
5.492403757773908 1.6445975469349734 9.785701585529532
4.393935158453003 -1.004942953079168 10.421912044204875
5.081471460289407 1.230885851450759 9.952511823151834
5.215331579800765 -1.8800997424257277 10.468380419305928
5.337259797225561 -0.6907433200026398 9.859256555845656
4.8649591781015475 -0.5124254290894756 10.3634650306012
