4.708769932937285 1.5054997362650206 -0.37448827399125323
5.001912806852086 -0.5852870093719277 0.459752968366638
4.450849248572681 0.15782628517489325 -0.5534837008485534
4.62336300916578 -0.5073584272940033 0.006663364151186728
4.82656417050989 -0.34605093978605833 -0.7959899233382075
5.132972248368613 2.03336477003115 0.1312997441600632
5.257574644362485 1.4572122164569354 -0.49734592814641104
4.613321529468604 -0.1663981870247744 0.8675114892350682
4.93439121015394 0.9870418013102028 -0.29095384999292706
4.422410652251035 -0.35188726593515646 -0.48331432418109765
4.973169003645068 2.2991011522999134 0.30550416991331864
4.781010704559274 -0.6399554282039541 -0.4181506711059835
5.668596909422995 0.2508040889750164 0.5796462839514385
5.123144772191292 1.4767848610464707 0.5237335718888626
4.964151952843882 0.5976819636824344 0.48593523856908766
5.604366300041237 -0.19153001358464036 0.3223667018705916
5.727089872077098 1.298372059327125 0.3664055087817353
4.724696581900466 0.2027687263533303 -0.12231213140014105
4.723781798235158 -0.09091044746214808 0.1445801620791717
4.5962346083312475 0.8796799507856545 0.38261106863526606
5.385581492303745 -0.003210604367677855 0.07745214275029114
4.171138977286457 3.228830870040025 0.3064432339059732
4.731204831912508 3.0214380963228624 0.24124464899542686
4.763133356685513 1.4568974819913008 1.7361374476762321
4.696799534783105 1.2082985514480824 0.17176599347351612
4.788149348905284 1.8845299068216748 0.2913631365228799
4.572173320145797 1.0543583488109909 1.2175375232696533
4.584383443282286 1.3354202243977797 0.8141315117318406
4.647325736371212 0.4149357107332817 1.779175888847488
4.009264510578507 -1.3117536557732012 0.46474835001721837
5.0129261028652214 -0.03897799999431071 0.15381862432337445
4.5457612163153 1.6882057724568953 -0.9296189578449607
3.26857036133544 0.7388850199608202 -0.5756923879605997
5.099591701801698 2.8461605261824348 0.167269936970437
5.366690493210497 2.05120291963014 0.44700003216865797
5.179018012841618 0.31183505971667685 1.2868922925770137
2.4222840028343597 3.4381693818618246 0.30197692082500976
4.491167410718262 -0.291103349095746 0.23409374938406458
4.630134616130439 1.9635376534625841 1.1798029676992794
4.182864909433076 1.177201993153859 0.11787217270487771
5.0441385347245316 1.672718991933008 0.32227620094114734
4.798118408216649 2.1000654004450596 0.8093321837423961
5.264899523097359 -0.17467212706775526 1.4971239464554102
4.959620969848958 0.5404203279331543 0.7101227406199456
5.455078427409367 1.170913991949818 0.4413669944125429
4.6657111504122355 2.3264210319630223 0.27216954111346003
5.162990925195594 -1.0777827467618606 -0.17968832870936646
5.828515076323463 0.47636220686031405 -0.5078459357409174
3.7802601054187615 -0.17444131920933553 0.9944839251525096
3.9277248579885966 2.22426652894404 0.713210536739948
4.398060770000814 1.8678591509331979 -0.18583702455165862
3.8529398375027437 1.574267980368429 0.42136258084434103
4.423587455626469 2.1617344784390546 1.6407439669832047
4.449539640076145 3.0411230361657835 -0.10244485876386378
5.070977782620625 2.6515839206137866 0.6689594791622148
4.760697755683958 1.9893079423296243 0.19857959832769584
4.9179575581941535 1.7361356029014885 0.6838188442924953
5.443062610452078 1.5700242690411264 0.7927851898132309
5.314688347141725 0.48055681312848325 0.03775207613709719
3.4717120548074543 3.339447324184293 0.3868858278391354
4.637831050064628 0.7357689030039873 0.9138092479326237
5.468926699893951 0.7430563335419864 0.5468732832202217
4.882228299543933 1.241055356231592 0.6161083429607962
4.414580065054275 2.1417688954876373 0.8478783242336989
4.319226760458489 0.6886403516052083 0.5258128867077153
4.275425717707323 1.65265986816979 0.6998000745912898
5.125527189866905 2.4323246354968604 1.0936513220589128
5.802128958767149 0.7537076873767553 1.4073620148721337
4.404743377508972 0.343208981763209 0.9362152511748576
4.663085133158429 2.4581360109000387 1.159465531110509
4.4781725187023325 0.7547366516964065 0.4629295834630412
5.163922370878717 1.5919289681300954 0.7631443132036774
4.82038354280125 2.2804924062308594 0.21309687870050642
3.348245764910733 2.7171618034250655 0.7794754911412414
4.0070114573811395 2.2611832922639294 -0.33665380934780176
5.236606727381578 1.3194832366292024 0.277690900608677
3.3151945528564526 3.8743686165681748 0.2100715056139968
4.937104204298289 1.567671127047261 0.2817940434191943
4.68947898508885 1.1177078632592872 0.6941183151006252
3.8385037274543223 2.1869046637951897 0.5613339798032697
3.845406495458105 3.6765424831586215 0.43667396395711466
3.604624518187882 3.1350185664679744 1.0972775996168316
3.5926665573771714 3.2709605376567708 1.1306414197374997
4.501704053210234 3.3705456988726894 0.8245492666954249
4.014929271876886 2.7471484999756024 1.0174985621661805
3.8780420913013387 3.2804304295989772 1.0115683348143962
3.692440996621647 3.1237388995897564 1.238002160196902
3.422236901639399 2.8963749212729413 0.5174794580043063
4.605114002400491 1.8447185944813869 0.7141752055445529
4.032659766732207 2.4009195001195396 0.9598269989806802
4.418917801154006 2.9241072184180132 0.45670068972637373
3.3737862166848345 4.054812088035891 1.1896836573752885
4.157674169618767 2.4587848157180208 0.15237374687823513
4.6119305882955 2.065486499155028 1.2137525435044214
4.289826286580448 3.3940641774602707 0.8114084756354254
4.976381528025806 2.5904446122218796 0.6290098337115946
4.434527974589917 3.042929697906655 1.4278253251919542
3.5169230629703825 3.695682430790533 1.130089383989393
2.0215641274011156 5.1224371127759545 0.26248930515005964
3.818015389803475 2.7106820582269044 0.7907573534009
2.8758845386418534 4.1209708702991925 0.8715027586217438
4.4037466094376745 3.492864934856096 0.7412945820651675
4.896343034529694 2.79009883158988 0.9800743764043931
4.965384584139605 1.1627878213050824 2.0018637132581034
3.6743865361825954 3.0485910420904214 0.7078606679240784
3.921486906072619 3.3123975762182116 1.8451307833773836
3.316490878649261 3.7564527185148573 0.42440104128885736
4.327264156704103 2.705574748753425 1.187607044274976
4.224588573109901 3.178127108010773 0.44398004887723364
2.3757721492616115 3.765382689231198 1.4954202700720485
4.717372165328436 2.9507680224043713 1.1321645747826365
3.6939901335130054 2.7383873596493493 1.2122913690633355
3.1632388864549585 3.4373998200188822 1.254367444643604
3.909207937769334 2.9619767834574673 0.9673678139897028
4.068045956205743 2.0885645260064045 1.4045173448222408
3.65864744308289 3.1777531502877663 1.6653246141330542
2.854637472519486 3.041488320235468 1.1054108414917896
4.534385692786898 3.2304531436223427 1.7471247125617189
4.4772400887895145 2.2400044820444527 1.896026658163418
2.639007168067043 3.829707336019822 0.8041351971640728
3.6733501602415393 2.024252440629595 0.9609680044643685
3.3377423936215402 2.9303084505572095 1.0696140124248685
5.170936477086695 3.601233022878455 1.942273839076047
3.653175261527775 3.535323181904933 0.8853614535626981
3.565777342413886 2.269941233125424 1.3951815727534589
2.58758645043223 3.4273122572720207 1.268359604672245
2.826316510664377 3.369333140390682 1.3127212500301033
2.9335162993314463 3.077807275478722 0.4521785696455374
2.9329142112035558 3.654247057942462 1.2833096687809797
3.968212329229528 3.294028286117922 0.9211921718483806
2.0680140066569996 3.248365237473695 1.6328865909076427
3.447010959559978 3.4167400932235017 0.9367938299211164
3.6147205019617226 3.0285155139047353 1.6071205717135588
4.2853775339449305 2.5774063401309117 1.5878521466474356
3.4584345632718185 2.6044132128589963 1.2617543424724817
1.7773191057186946 4.285782114467753 1.3025013808321224
3.3949809682564465 3.776278495605276 1.6041752692684454
2.340883341641275 3.5695034416983265 1.1324789908161563
2.260145500936261 4.66313808821085 0.8584342688541413
3.163996687156181 4.241512266127884 0.8234808649127473
3.8519915093560115 2.9489947627871334 1.361677669597278
2.810599336978993 4.939391097072164 1.429415275243385
3.4084739917330737 4.391165236926428 2.148555634327906
3.5650342371116652 4.04272696579699 1.7466442013584063
3.0634488648689198 2.7796152492461528 0.630117860727734
3.044054593708785 4.061125213006929 1.5888750623322037
3.678638804811891 2.8574862634969476 1.1527206817770244
2.362965550490749 3.6078326541488472 1.5572228207830474
3.456958327331084 4.544784694494097 1.608684513004205
2.795920391637151 3.3108779593099484 1.2467378118541266
3.3215354320452186 2.4904506484637303 1.9254213507581843
3.6819979710985997 4.45977046122161 1.6376707692126946
3.253049504734101 3.9353323368192537 1.3341625242622397
3.4207190138734154 3.592019166914698 2.1564786519207777
0.8406763112674241 4.221744500018264 1.3688739929680995
2.424895019357685 4.537528273223653 1.2228061014187435
0.560673737132523 5.40031691100427 1.776757540339923
3.091728752139131 4.294499072541154 1.713435801434654
2.175733734667567 4.305318140888474 0.9005796549899084
2.102612645036593 5.136491141702637 2.1778597750808175
3.3244724249837705 3.23825382673263 2.8332511763395005
3.0739934744631605 3.3060629007650078 2.151142374803508
2.598390033127773 3.8571398745866294 1.5253659498555359
2.5848475449853425 4.221869312309272 2.222591863134501
3.153308013695936 4.028801312600257 0.9730772280858861
2.784705202525317 4.023570413209689 1.9745637082400722
4.268535683313306 3.698826941699017 1.8680780536868093
1.744625987418805 4.17837493443577 2.080161751391038
2.11980728017976 3.907346108307872 1.8417962070550689
2.7651190646168464 4.095351292413052 2.2242797571263675
3.0182735323285934 4.661177388393642 1.611167013713152
2.2587317698950757 4.111654298476935 2.0194848113712234
3.2161882612361743 4.627279838394484 2.4984952481280773
2.653610570689492 3.036784416648324 2.457050408213703
2.17385232334514 4.749866741285067 2.0026267584065023
2.020382653980793 4.6178910990635265 2.2228788338961345
2.46208187703972 4.624171000914896 1.995814551013383
3.0980458533338187 4.683963089798271 1.2397325188650332
1.7106194811180797 5.112084332087321 2.6500030243906174
0.7053614595351418 5.1060298554710775 2.7149761248378925
2.6777508702209776 4.259930772517065 2.2443493677054924
2.546513258545216 4.641136929616282 2.2343429174210665
2.493884214880988 3.8517654290456163 1.1622446872794368
2.2417389369769034 3.729053779705409 1.6809634631782422
1.6053292967224182 4.095672037257621 2.4257707663665995
0.8488050011720927 3.5742965103180184 2.175364998147693
1.2293937710567213 4.595506425461118 1.3077418601288033
1.5527425658053229 3.7785773841068666 2.4142777098166737
2.8452456507168074 3.853063453650881 2.7541580775261534
3.0634749444356952 3.145770100554694 2.623127367287566
5.033034359523693 2.8914895298854817 3.277214372994507
1.1512449291243976 4.393268483733711 1.2254023765723874
2.1009930130340515 4.214337518419622 1.8593701038820039
-1.0093599534616893 4.97715849160705 1.4887682647500406
1.296727884727649 5.298324284777755 2.007891863619734
1.0933300500147223 4.815351919460024 1.3859057109933257
2.069081321189604 4.332331358149126 2.509609826737874
1.5190869091077754 4.5058088124680795 2.6412697965369065
1.2049714508125775 5.039390081151681 2.2051549917240774
2.6355834367640916 3.950854657894553 1.642667073067296
0.7946484947474434 4.799254186467014 2.247953667664715
2.028318234202317 4.6031117981409 1.4014156407561538
1.4482381869657452 4.323752767182257 1.7391065075164531
0.8768040826019367 4.436396150699999 1.9808916907454812
0.13975605025591195 4.634828856021433 1.6523472349161805
2.1276838963551152 5.716335695784549 1.8381380203037885
1.0848949670863872 4.510361884446383 1.8890156673798286
1.5244800949645005 4.323849204974288 2.4612725841426495
2.816088745947661 4.322882797276905 2.570440630594097
1.6435281021747394 5.37844795092385 2.7113685645324663
0.5406616291518777 5.636652347239222 1.3091341142732689
-2.6556721293665286 4.2151395945560255 2.8815020273095624
0.8029836573598628 4.490457319947151 2.0719409930717663
2.2255638976502223 4.46683844492786 2.345769818216546
0.42497764592456216 5.135055095367669 2.0165099588643853
0.9875045205708093 4.44530217086372 2.4386559447816047
2.224159224879645 4.881935208630604 2.027116172256673
-0.16877903780980752 4.27680389273362 1.2126026518503665
0.4543706580230968 5.432703535573601 2.068620374676269
-0.0695257646259331 4.47312366479487 1.57031005735915
0.42390629821552317 4.646223366574049 2.718407559517927
0.5870941350174361 4.455399566289543 2.7027903992157745
0.19802368040150287 5.765356618987857 2.120933317159142
0.2806442261809766 5.261826312490683 1.741275741889654
-0.6824018623777303 5.137168758835583 1.8325449609540583
0.3266282452487993 4.298687148135331 1.738819187923142
0.4370026442104466 3.87838254045216 2.1339623234102287
1.1566908171827153 4.12729032403764 1.7798752145049612
0.11844774338649394 5.632052588477403 2.6120183896849216
1.3381463949204564 5.21880688206213 2.4143186151953824
-0.12426296846340033 5.106501945184425 1.9758617545644475
-0.03821058950740642 5.500670827142598 2.1763200907974354
-0.5334954736455149 4.735386978374331 2.092875274772495
1.4037424199174533 4.412655256817775 2.666068048981909
1.0684231258122387 5.20895796113535 2.2969628985658854
0.27899631562452615 5.081760739169195 2.871764215061739
-1.0818146757847273 5.118066712143547 2.9112966118037105
-0.10519493353752073 4.47232199511104 2.36479034942538
-1.1473490362978715 4.876502193884708 2.7480862544607634
1.4292474120357679 5.407438058735473 2.5416532142025985
0.5551665868257338 4.83514275930353 2.465259754498514
0.03665025685731773 5.103885364929758 1.9616031619127785
0.09518402046400197 4.919604770373469 2.349769350174341
-0.31178634902376 4.677892761438057 2.9551107118225124
0.25555880700457334 4.482655035292623 2.071256410121048
2.1128160594337224 3.4896594401077166 2.596578613781888
-0.4953275288945993 4.720687029306497 2.371837587793097
0.411010369748522 5.29558682528566 1.918088714448953
-0.7452023347671197 5.028188479974019 2.6796428664760588
-0.4289339491034361 4.246640565730967 3.114345987124515
1.9436279106519403 5.409195987804112 2.3952300632973813
-0.18599619065752182 5.764298078737399 2.5744606460976898
-0.9337365030317982 5.610941998731258 1.9832200680423604
-0.9198177315045277 5.264145651286637 2.746592596615018
0.8040920291631256 5.372938654480922 2.4275907119707245
-0.44722081729672386 5.3216710785171575 1.8486439109461132
-0.3290998933134202 4.46342876430768 1.9410969104711238
-0.07420855503973597 5.121320663398125 2.1853909316846245
-2.412779490864484 4.344247739833032 3.348181568129091
0.3794979319349051 5.665594458262191 2.71900567586323
-1.8843705957942605 4.83295182246957 2.4873993994545383
0.18681208964979584 4.284555925327786 3.6043411785504276
-1.090323363032125 4.926406767485621 2.094708690002987
-1.3854034299508051 4.7919016712604545 2.316596327361053
0.24497609916242746 5.826848144970428 2.1823499656841006
0.24803671163031102 4.661014051531716 2.860090184011332
-0.3467968233264278 4.812295833017026 2.4701797428253442
-2.068374995990025 4.273434412318649 2.6477729620043755
1.3285989983195754 5.174848920071432 2.6422641963621527
-3.2007399660254334 5.372716671099741 3.1351427942956587
-1.6276233733493546 4.377626815452933 2.9007372503066153
-0.4415826415886165 4.980762966121391 2.3369839139149087
0.23109132978073255 4.5518124360761245 2.41235696728364
-0.21701304803361768 4.157249863549117 2.480276437935843
-1.142995652146858 4.261563592211111 2.971762612563558
0.28055624973756205 4.740670849142931 3.0164759022631737
1.477229354984553 5.175366908017883 2.6851811509847368
-1.8268057700632738 5.226216873276115 2.246270092011623
0.19931391364900716 4.858251399372876 2.2793528489012003
-2.0754865980368975 5.06762347443683 2.5662035261218183
-2.444800520612527 4.444407233966444 3.3505801396836903
-1.69509842416371 4.063726042449557 2.3655650735996536
-0.9128424367741937 4.145285270030285 2.0622181370247903
-1.8350366417910997 4.694133335026107 2.68494476594668
-0.32713956660717175 4.231641296018913 3.7486135749885943
-1.0785312400155846 4.743327372718908 2.9143939240547567
-0.3755917013270248 5.019552761020264 3.3604453375584997
-1.6990016499872596 5.049486880461092 3.4467227196745474
-3.74723695937718 3.8038144771072107 2.3709039102057528
-1.4969270471775817 4.3602379354492165 2.4388158219554703
-2.517257125171999 4.496397906382924 3.6549175412810126
-1.3387024006509058 4.529796736672184 2.884884786992446
-0.0345417989851844 4.7038377144159265 1.663777562739138
-2.7812159769137237 4.294431133893469 3.189313093453352
-3.4275705223890363 3.545067485015729 2.3830595997474227
-1.5504218819362834 3.674648551053365 2.008068595572672
-2.938213789200489 4.711598524650977 3.21413175472983
-1.0984582835065684 5.157107904740149 3.0633360446318636
-1.2140293772829183 4.799417400994209 3.229522022683883
0.06433956485968022 4.565427499912325 3.695240485303149
-2.569804270916747 3.6911550812437737 2.799913337769926
-0.5147556239531124 4.710002754549852 3.4106265631587926
-1.769979446649503 4.8111233470596 2.3156909593374815
-2.2978938182202295 4.959596685595335 3.4169015573612085
-2.7174551251694488 4.310981946777171 3.3896625047372972
-2.664981622067825 4.2121477155897145 3.062610779468312
-2.3033966362415486 5.255904141575753 2.838876370807851
-1.5101895972102413 4.197651634388913 3.2752756325459083
-1.0796812081385538 5.1210325520363424 3.19276024796497
-0.6687058237545701 4.9191849038347675 2.895508903655458
-3.1786594521675826 3.9623303699765926 2.234702023729146
-1.5637077122102543 4.173417405227022 2.4835652352985393
-2.525842215730173 4.560625642640624 3.5801671209605392
-1.9629679540736378 4.401462704912993 2.988736514305974
-1.4745726616185009 5.013550023410494 3.2669400920078715
-2.3882123035184053 4.643010454893154 3.2571882816960165
-1.424831887139688 4.802891124868444 4.157920677704727
-1.8296550861375973 3.9640222084524193 3.344221382742271
-3.6294212912020583 3.6733023411020986 2.9751016433530006
-2.263729607560138 3.766677456691164 3.017159138549514
-3.3776090042829923 4.1616659807676495 3.497852084105783
-1.8935083439507019 4.465599028860785 2.1172749611946386
-2.4174890811995517 4.586888765240845 2.232854788235811
-1.6696180020178828 3.8750483018965562 3.0135533026247048
-2.826972913990295 4.321834710066655 3.653454583461337
-3.1941424721080005 4.15437743803821 2.502348150494211
-2.1712465180463356 4.972487152560179 3.8913260728657866
-3.096866679766531 3.09879546119764 2.5282762746546887
-2.524264027344143 4.555515522517004 2.68569207967667
-2.382759597204617 3.239067766889286 2.5353418335555205
-3.4624892361506485 3.9272984944401026 2.8690688936428037
-3.0575884066112384 4.242440078759147 4.009654834135475
-1.0662220301482612 4.670012689108147 3.456971803802363
-4.006269012655944 3.409504092252898 2.9632583907166268
-1.669909922996354 4.662973190996762 4.287423149433697
-2.3985868023378796 5.115610072542748 3.215062776584454
-4.801582343695538 2.7781751534832635 3.1595899163183137
-2.658441952125165 5.263529731004138 3.965504270867697
-4.487730404598685 3.1017046103219252 3.5414373074466194
-2.786698195945498 3.7754086591333533 4.082798105896485
-1.6707257081936602 5.060375962221176 3.3281781272791484
-3.8701737448480573 3.9541716394153084 3.367330449676161
-4.1553956925977245 3.5099349935529016 3.712639692664024
-2.8021481776925885 3.990942216132186 2.6162891948836045
-2.1680958103707146 4.729852617639773 2.8947658251794643
-2.7822507028940398 5.36097204107733 3.5891171734164375
-3.262761517903236 3.9228613676426813 3.0805754893228707
-2.5284247308043537 4.473864715676114 3.5199621354258777
-1.8766244366569753 3.8903640038163894 3.353139860751831
-1.6975997903356532 5.366975656641296 3.5198177948987683
-2.115987330929582 4.366481458819458 3.347213590119104
-3.5958876700098643 3.494371073603855 4.759446810638798
-3.193606557570079 4.328866087962092 3.483179320767422
-4.7769847776597825 2.389295663262104 3.7152489068080157
-4.015520827376861 3.736950581398032 3.9808466472400483
-3.027809371305666 4.903766580863391 4.19480232037367
-1.5934658999981386 4.807339279799465 4.089713604567795
-2.690038409047797 5.131418370464322 3.358916198180605
-2.3663422654060717 4.05498237525472 3.2281217142299683
-3.2979008669846634 4.136641455104046 3.4737293314682143
-2.0681337284384202 4.200005963557923 4.328093622994514
-3.668099027413846 4.174852800419009 3.3753150003512324
-3.299876065181776 4.044308282434308 3.3828989134607093
-1.705475841940154 5.001879450029909 4.075710735997342
-3.080076958183005 4.614839042369144 4.265001401874461
-1.536363548210885 4.082897649113175 4.062564605047972
-3.9690821605699713 4.199314205569469 3.2814899324916906
-3.2949999640269474 2.595705242469658 2.573956993353055
-3.2291112118426057 4.151976285976314 3.87186402285655
-3.2047836881173226 3.2989530565909932 3.275672142904812
-2.5298008945320682 3.5047369535386723 2.9996988289764195
-3.2644654489976914 5.3508174748748605 3.1505938587446956
-3.7864823962655674 3.288458594011243 2.8844205474543347
-3.7265133594783366 3.5434502162616193 3.6633519976315334
-3.6033230190806655 4.296164656002302 3.9811992755950936
-4.38728899836637 2.689093898751501 3.4214873053075
-4.892688654269524 2.360406858918591 3.021461591963415
-3.6159709953560366 3.7025874200741686 4.011365854796681
-3.6139494125283043 3.7308947708953415 4.477958321289813
-3.2171318347943574 3.629304649989129 3.336369826170727
-2.8707462673159623 3.7287889715066624 3.7001513113879985
-3.1556910014453243 4.147143214880643 4.240221937835157
-3.6462173319289928 3.540898424336577 4.299804381114605
-2.528226380537043 4.056056091550547 3.8119679394887034
-4.391417836999508 3.7084858683873114 3.7981419670590424
-4.419914232078548 3.9139222284612964 3.658415245016465
-3.9150368422569906 4.635608296212457 3.869245927673429
-3.2879961794716803 5.303411233682676 3.2712854292393816
-3.218896111667543 3.8830675410331117 2.7914221193137045
-4.632277654525239 1.2936024048201182 4.046007413529507
-3.8021874810235943 3.2653343150196847 3.2749122247732148
-4.291792899495296 2.9913015385531567 3.9526600213708294
-2.898099525993696 2.9070789385672975 4.668301846267612
-4.709585623129223 3.0329379152153355 3.804557415210691
-2.436067257522501 4.219674744441102 4.059298652423396
-2.367108801543068 3.6100818726730255 3.9792263226679894
-3.1208399713723027 2.5501886421406437 4.234794290271538
-3.4558886220012512 3.5482702713822256 4.071818281990546
-3.655854218499138 2.049148305711739 2.6437277207512397
-4.0048122254485605 2.6303977731276222 3.345363521078423
-4.15224768450646 3.0033668793031087 4.397695452260684
-4.1950845256003655 3.0994921574165457 4.034324116300452
-3.4686965947931703 2.985950464079129 3.2653246524739816
-2.74411060668032 3.677656156969683 4.52668049022255
-3.922173300410249 2.6023167295358878 3.771214518647752
-4.572239920142716 3.628857564161258 3.89151810934936
-3.3329984220213693 3.2698669181707105 3.600673816749935
-4.210846544543322 2.4383738058647046 3.8434885119750373
-3.6563581977693076 2.6302504036460896 3.696404798729683
-3.7623049498059506 2.795269326511112 4.193635174907388
-3.6465401013401957 2.085101872197811 4.478323921129338
-3.736983356829092 3.6036441677762743 4.453696325377724
-4.047689132952401 2.020799935762063 4.892932826432403
-4.77408903561208 2.8584723674591412 3.8441678985268335
-4.277803922315078 1.8691436985820609 4.311236213265717
-4.795500011253254 2.054475653664695 4.193072115719165
-3.757715397143728 3.05772031869996 3.754731538461993
-4.5519627476225795 1.917654256950663 4.131362049706549
-4.925596274275081 2.151753244498905 4.557625843522902
-3.8000451887062296 3.4628900491449213 4.412292069817827
-4.452267276609243 1.3368010398641426 4.0829456553375385
-3.3289900462494275 2.9377312149890003 5.352743851341467
-5.088007409583731 2.3982925844050214 4.299897785274217
-4.311469154932455 2.7751371034059344 4.408433476262333
-4.0215424750399125 2.7879000416441473 4.551876895482078
-4.632454975227309 2.129083446507867 4.052534710263359
-5.27257405890775 1.6012332656229786 4.643506766736467
-4.725809788699744 2.1141073142957367 4.637344926098351
-5.532831949004241 0.8706077357848112 4.790187056661289
-4.935208803103569 0.9645820365389947 3.794251205739046
-4.327666767183905 3.1462123530503185 4.3823316766817015
-4.989239678125466 2.194488610902769 3.8870026251257634
-4.4482912112756114 2.58943758894729 4.871324902491765
-4.346040541261887 2.8355710236915237 4.116771735646996
-5.345995592026338 1.3745898484166594 4.631846158657005
-3.5313430386679103 2.836481198272918 4.221715434115517
-3.765961670249745 3.1092079623680795 4.5156186442885256
-4.727572841464971 1.960804758399338 3.9967308988877743
-4.806141086100307 1.6352915895082476 4.452601064568568
-4.848115452855389 1.5086092062403575 4.264968696679652
-3.909934203951119 2.7720521194309495 4.857180566228883
-4.718226714907744 0.793904185207827 3.906045200296299
-4.514393591027554 2.732715324431798 4.960205062570752
-4.497704562171451 2.924404732023685 4.838157726584708
-4.072301931390487 1.9366878684697038 4.581938264159012
-4.859897166352087 1.6708611381706266 4.480491986315042
-5.218495385320459 1.8477859962157857 3.860412687307601
-4.863218849064052 1.3919225288991532 3.8274828432740855
-4.505587677236405 2.2288032059183505 4.6954615307663055
-4.290327090615246 0.22739827836140997 4.13376980776545
-5.02553610528187 -0.4772649934244334 4.426064501147115
-3.6677558054763657 1.0747065012788324 4.307862152564676
-5.143852208622396 1.4244143247394074 4.6656358792831645
-5.122605978869246 0.09986326940827701 4.870375933912124
-4.465023734383861 1.2857983120254044 4.038195612677617
-5.395070103443464 -0.5473138761485908 4.1547714791071435
-5.057099187359335 3.0812740243974455 4.354297713398318
-4.606157899298412 0.4977366322725315 4.024742832053103
-4.27120000392941 2.5270370847481494 3.4553961944595804
-5.580319327608786 2.4035314623367614 5.596715417707635
-5.332927074075939 1.1185182805107814 4.170302519270487
-5.789760442396667 0.37178976003672326 4.505295036937228
-4.641171152927184 1.769346789334888 3.2503431308828827
-4.45796083026462 2.478562048999506 4.255767283163084
-5.578824613096598 0.9916416825348684 4.43788660285454
-4.37601012212827 3.238366555742639 5.189017394658018
-5.152897827424221 -0.5730274878550353 5.158335598947758
-5.572782363236029 -1.0141815125957847 4.7546726208337295
-5.8135945705080925 1.6842655633820736 4.453157382459275
-3.878762063702804 1.5106503951271943 5.394911709886672
-5.239269243648746 0.4483383718848162 4.559790075092781
-4.301901922458271 0.02176472771979339 4.174711810015506
-4.00449298219175 1.0173597088323003 4.060475282288392
-4.3650113636600105 1.3925741199054562 4.379896760600212
-5.511741811585225 1.572636828273025 5.701246170511967
-4.3446608455951266 0.9326654937430044 5.696234338804945
-4.77185351612779 0.8326515261340705 5.1674996268157045
-5.278505880842115 1.4638509823976105 4.287388143422985
-5.01721412892703 0.8431794466937685 3.9946030492411264
-4.973354945564893 -0.4211004796925289 5.3307458166587365
-5.024998507052126 0.7291790456513632 3.9426853256721297
-4.7490717336318715 1.6972813915055311 3.8499791605661042
-4.866094160989795 1.8891128052294444 4.309745857760241
-4.198651741036779 1.376251458550673 5.9372525295876
-5.024490577361596 0.14674827484894024 5.319337657432714
-4.946177947056415 0.8730230761919187 4.182691684935405
-4.794160041499301 0.3450771813848722 5.171957844789964
-4.424681478775635 -0.07276425743861631 5.524554594007115
-4.813056956652351 -0.17956014007855933 4.1152073044728255
-4.537764278391476 -0.3192801846577907 4.994612327576858
-5.2515406017571635 -0.13891920440965616 4.733033130461559
-4.725889566546671 0.8492998105009774 4.99204828393701
-4.91255201867784 1.1298491616895283 5.173358006097629
-5.9246864814012845 0.34539643532155023 4.758254495910798
-5.106691648059435 -0.40459189124624545 4.756978569325212
-5.009671016965007 2.472342493693567 5.3664264962527275
-4.916128795782264 0.3376917782092889 5.2633708788530384
-5.320390778249958 -0.2016803546254975 4.475485262929396
-5.2625804943544265 -0.3302719583998901 4.4031273825240875
-5.027595220404503 -1.1364717428904105 4.827390364404965
-5.262414155388734 0.8022372105567498 6.009253267499172
-4.381441629712557 0.2952250876035071 4.941290222678116
-5.4259861115613 -1.4823350808683835 4.43863653296799
-4.7174938508929225 0.9934025741716376 4.695932612814886
-4.674167394225971 -0.8946847794484155 4.439461898818509
-4.6527361156226 -0.12210746227878178 5.075834067889333
-4.685113698882347 0.10698505678753777 4.797286107245265
-4.961037014861949 -1.49359242406765 3.9574107715560505
-5.16104189989389 0.23669202090826588 4.783770076714907
-5.050516571858146 -0.8016425479673276 4.210155280514455
-4.97452213602371 -0.7456116396075751 5.4940261912507165
-4.930554989130489 -1.4896628961158696 5.592206600272888
-5.4315240434018985 2.063295940409626 4.661139270595725
-4.447630236372829 0.9264218163109745 4.345714469585201
-4.860411907097579 0.44199931216936156 5.283287644707977
-4.593868635968855 0.03650497188180848 4.243635200618427
-5.317041977458681 -1.0968144772375947 5.283883380036651
-4.112673233282339 -2.20960043002392 5.1223442158955
-5.1843190086896 0.16603385169522272 5.060199872461625
-3.70512977251538 -0.08492478168223168 6.117284717151081
-5.18401651436889 -1.6224052448357198 5.736788443635657
-4.465412198094402 -1.7006114781974433 6.391043859850082
-5.4864093981916815 -1.021115383056528 3.6988073701428417
-4.715390436726077 -1.059278440117611 5.349623839844285
-4.834990746271152 -0.8088524288262237 6.590335320787885
-4.5642089586336425 -0.4350604306691559 4.675600604289079
-5.321474309340719 -1.000389964015759 5.287820465191092
-5.203789775188079 -1.6453297144479906 5.9630367561996875
-5.105077666237827 -0.10781770718485713 5.310098415511453
-4.415473456768256 -3.072276008084358 5.231571534786624
-4.633015866425659 -1.5554133742662788 5.562601639778216
-5.605035524711773 0.9436996743799311 5.510280204487379
-5.6562255551749585 -0.0834747129688445 4.520398674958665
-4.556433694901884 -2.6134693647432203 5.086474759465676
-5.076526010888579 -1.5463573742848555 5.220902940705311
-4.573641109981177 0.42768530546407096 5.549728985832182
-4.538926858416889 -1.3135817772177314 5.450256606914037
-5.149881365536689 0.9656117956302838 4.825877793596442
-6.404263776488438 -0.8143887334325882 5.315526324969969
-4.952978960475221 -1.4649323010405404 5.4576346409845895
-4.37966558034744 -1.1241781098571828 5.236911138630567
-5.854835031512949 0.9409881917818167 4.894671190652609
-5.094322982226384 -0.904051886605477 5.73774934753585
-4.328344217761286 -0.42576338228617083 6.226958296241792
-4.745245122947026 -1.0304368030189104 5.896067999360163
-4.326599050865094 -1.4653775576621313 5.0450327236438754
-4.737283542419203 -0.006498999045317446 5.390371786154725
-4.555011784445935 -2.75928305719137 5.03809183629397
-3.7827811124046264 -1.6164665830473977 5.81675456397946
-3.340014157992423 -2.5021089598921433 5.671702570136878
-4.310733937273094 -1.957329977691971 6.251873780963069
-4.775459379897672 -0.7815704932671492 5.258759895139121
-3.6587069065626636 -2.024484133132339 5.943867912299371
-4.544445010298283 -3.2918095661051554 5.531290803515008
-4.290615894824423 -1.1402447427147693 5.487105515904221
-5.093455799483938 -2.311041266944184 5.295597057357833
-3.9417601969341134 -3.412481847446387 5.801490789807285
-4.440402925790938 -1.1185020837124144 5.531511715411724
-5.116073074225467 -1.9154847604902279 5.70559292459869
-3.4279415869894216 -0.7557144471410553 5.552673562120642
-4.9356080843205 -2.2227487380313717 5.765487047417987
-3.8369426843744194 -0.9176210152840647 5.805189981480064
-3.929606390786642 -0.16551680575025732 5.134651014358909
-4.25257919426513 -1.5691500231629885 6.008595661106629
-3.8081075665790802 -2.7886899479192273 6.015331590155263
-2.5789046423502233 -3.164372515071574 5.449600355723989
-4.959929659117976 -1.1937658920832868 5.615111361633196
-5.118179929381672 -1.075899142884979 5.577391897002054
-3.9019198939631954 -2.4812003743701667 6.154721999776645
-3.9344818255189926 -2.1630514240831955 6.276689472980564
-4.687979554523085 -1.3709729867382552 6.2074641229585605
-3.4302082397533034 -2.7014919014957623 6.696581684465532
-4.840350008529278 -1.8880121737536995 5.685223419512304
-4.735070383063949 -2.665652948382831 5.530631830678485
-3.9055365351807048 -2.614495272747471 5.8894879870515835
-4.961584002876993 -1.9003668298478291 5.685718031132976
-5.093873233077848 -2.174176882816294 5.244487087426776
-3.5387909996061597 -4.190809087169734 4.894865034344451
-3.8217649196503474 -2.8618148551466347 5.416308001403236
-4.5391809060747725 -0.7315880665303659 5.761442103002051
-3.9568052721127063 -2.4116496672746353 6.180771872787241
-4.2103855961624665 -2.0808623764884033 5.531073215163436
-4.2356652961109695 -1.8664647616581191 6.182645485693464
-3.4709810761718067 -3.067788964126018 6.339750153704882
-4.080934772862556 -2.6962710368212637 5.284272594958679
-4.261801842258089 -1.9963596930327099 4.774982480547821
-4.302456273558766 -2.326699536865121 5.844029590830472
-3.014770738573181 -2.6954147073454586 6.4945320087855185
-3.9691720532128176 -3.784661546365188 5.783143419512334
-3.695113602314947 -2.956271495597397 5.502818687313354
-2.8580168220561575 -3.8305159379468434 6.330306215105706
-4.215256658117862 -0.7919589513229519 6.818807961299758
-3.9974999165576603 -2.636965637804271 7.0631133387817755
-3.8027352943550823 -3.475196401109565 5.421263942849376
-4.676371607319162 -2.829351691701878 6.763106682304574
-3.8579924472148215 -2.7320400679312953 5.644336049969386
-3.9412633511473922 -2.1497692332436587 5.416320621893846
-4.17612952407017 -2.708127442946377 4.701568866972844
-5.398140099535593 -0.999585659067315 5.967878764503136
-3.762554785760393 -3.297222403163232 7.002011015958323
-4.722597710518141 -3.064797844406198 6.028886779054749
-3.806092980178225 -2.2115003831578766 6.084936370065808
-4.449966768211804 -3.137226130903625 6.436589556796973
-2.5135063535778 -3.5783816521515974 6.914907835709787
-3.287369884795817 -2.278652646593992 5.420686506032861
-2.4018362207719006 -3.294614262880662 5.401895583290112
-4.387703939409503 -2.770875278072596 5.546132835450438
-5.462746867120487 -1.7886206710058778 5.695077315591878
-3.905752894104232 -3.631840776289884 5.636448730607127
-4.468712291750959 -2.577337769501866 5.897718840977152
-4.393383271358078 -2.655924092261679 5.863038871673389
-3.8622068963962803 -2.4791272909825324 5.529637872891948
-4.982126793192319 -3.234747360786438 6.260766393226201
-2.963375889262176 -2.646142063014707 6.230067289066253
-4.322751153619155 -3.1195955793007037 7.1507505066649655
-3.421389198782544 -2.6933580340206666 6.266404335914442
-4.316968055553192 -2.8073255477131833 6.676323217556882
-3.503912939615591 -3.094331840903753 8.140504517363604
-3.623874297532486 -2.4472489740366217 5.2108714453272285
-3.5644942439111222 -3.0620520286862933 5.923072557134541
-3.855860040093849 -2.4103104156246404 6.051998945205008
-3.616399694488878 -4.183522419410743 6.190216170771057
-4.441323366148586 -3.1962790492265034 6.217762206791993
-4.123275235233283 -2.600602435272322 5.336459739763297
-2.7503435533863567 -3.4610720055810402 6.3748186333525005
-1.5310107689784114 -3.8886687061660483 5.8702355241898125
-2.191757818756327 -3.7956146811759037 6.537052527088814
-4.156252454275778 -3.450459978660902 6.146485789330181
-3.6563111618687465 -4.416715947776073 5.9206952944388345
-2.061700573790742 -5.077074494985879 6.669346969153072
-3.8016700149114078 -3.4125590111639923 6.899145639201448
-2.901541314514716 -4.987658016419705 5.7353755631553405
-3.335338411106524 -4.869472518678755 6.0758171704405886
-3.295536106172456 -3.58107816550696 6.287549480351754
-2.4719804785301074 -4.495031243614508 6.778273592452992
-3.246735227968407 -3.4684162299720573 5.546434127316987
-2.13485643182421 -4.890410520705392 5.78812599821251
-2.4790848018902527 -4.581968829155836 5.912589412006757
-4.413194198920459 -3.18986838053306 7.54508501878177
-2.8137654722716854 -3.814280598371938 6.401104909180553
-4.060377402497803 -3.846466688630028 5.950457413804525
-4.0482092636361955 -3.7092290553423464 6.550073397322706
-3.0069819609053225 -3.8078136763624357 5.896577732177356
-2.17988760916586 -4.379026755617235 6.033212334384008
-2.07424550116322 -4.313358100354186 4.913828449652052
-4.584258196384642 -2.949336357244796 6.1999506142614225
-3.0398332482776014 -2.418617048423856 6.547097769755184
-1.2762811794262556 -4.929602546098869 5.948527537530776
-1.5775514147089416 -4.576614724328494 7.1072052773577745
-3.1800136577679217 -4.056075298922392 6.826700890109395
-3.1480467088542574 -4.417696751499299 6.7808169785665955
-1.0417492625206177 -5.35135611378404 6.413795519220346
-2.6898509237574193 -4.488985490004263 7.218885172812479
-0.850502913817016 -5.183155461625673 5.431609429460126
-2.23462030161769 -4.024092542604193 6.867167072550239
-1.8687726870341321 -4.7201793750468415 5.52830407989918
-3.750794604437018 -3.5826170376961763 7.217902315723182
-2.894061338261808 -5.163824621274491 6.027585523096502
-2.720585937557689 -3.989922955199482 6.51368506769385
-1.8096324551157377 -4.312943184139209 6.092099291379357
-1.0809308631583763 -5.64096276889699 5.84447778768069
-2.2191190129180036 -3.8327919590369794 6.159701115764521
-2.51675016166939 -4.217382990163422 7.271380208314145
-3.001235855511609 -4.060326961932078 6.711807807763188
-2.3763451137570257 -4.8904573135079135 6.5272502418123075
-3.239994308740102 -4.287795751159841 6.203782307056897
-2.9931133914532664 -4.87853955641723 6.4927527349840295
-2.7811228291172214 -3.6103441618601795 7.411985921067349
-2.040323405505603 -4.082391967363741 5.983743821249871
-3.244593640856337 -4.310606799349549 6.584951909929027
-2.671623748400739 -4.75854272379411 7.244779189255846
-1.2484140802188435 -4.134219193628279 6.241242789705343
-1.9303452077800403 -4.456002498696786 6.283567981827151
-3.04362489566012 -5.144148011781332 6.812243048897926
-1.8445866170982064 -5.009700165029339 7.933768793885292
-2.7998177921544323 -4.840819028561872 6.837380797298851
-2.463800762743385 -4.672092218225605 7.486629242201252
-1.8961084415810274 -3.5648442470122075 7.6552010937648785
-2.6327703992400506 -5.396080214894281 6.86871747981864
-1.5477552261244287 -4.408034934082421 6.381637047894668
-1.8793712421360356 -5.470989895555224 7.060601634994875
-2.435283713923187 -5.02541801154966 6.670957512576521
-2.3837584296124645 -4.253588421945562 6.329157857626526
-2.4296975679527493 -4.278192143547264 6.630795233742832
-2.0594829043028007 -4.383722452679452 6.888543969483399
-1.2061082931840603 -4.264207136522028 6.869381836288181
-1.810050173657876 -4.321676081060856 6.680776891277907
-1.934211407124838 -4.350449035915526 6.570160492981416
-2.588763115807522 -4.259170704902187 6.890951033800219
-2.3974182186783186 -4.3333878156593775 6.763675735665653
-1.3496077549177035 -3.830622682864384 7.7603249278123085
-1.7188292852969085 -4.727404662995931 6.233381261931695
-2.3947247240184217 -4.703398234653887 7.177810721548037
-2.079474603298171 -5.140494031400917 6.535819236853571
0.1820668265944175 -4.627710906020474 7.067116034604888
-2.220048202893397 -3.744929914422742 6.14070860564285
-1.6568296177243262 -5.45323749414846 6.790264667034684
0.16169424708553734 -4.962601733667309 7.0555862054061365
-2.662212003467188 -4.135296165530797 6.921084834408027
-3.1994663664110767 -4.7297301955803235 6.770824941462349
-2.177317299232381 -3.9886442128178285 6.938105975366702
-2.2158131847487774 -3.891379233297923 6.751461960517322
-0.5252144623713995 -4.6697613953149215 6.861531509478208
-2.437635165479585 -4.687881040910505 6.60626860411661
-2.1564005653582856 -5.049645941929425 7.091915080744602
-2.8317081664359676 -4.285991367475634 6.964160323205265
-3.166311489982986 -2.9454050755473578 6.514944288529706
-1.8611605566309941 -5.384956006607949 7.039701111559455
-0.8954055920147104 -4.928709805422713 6.699585686790857
-1.5357245172612233 -4.657421649135665 7.136496767460268
-0.5106823147410288 -5.590976585634917 7.377108036874144
-1.7511354590233243 -4.97429236229872 7.185014589970319
-2.397968154412218 -4.381108033286483 6.711764485378854
0.6875018505578487 -4.167968092387163 7.735429094972021
0.11599255516299953 -6.199762647208939 6.31129122034832
-2.151074216778558 -5.090593165328542 6.42613739033629
0.6472735285444319 -6.06841379208306 7.042749985204448
1.611333705056138 -4.591525690052884 6.89756182034091
-2.0339468784773045 -5.463704924996315 7.226120968862396
1.2478685673815224 -5.446738348979687 7.626401764951641
-1.562429755746457 -4.948787912584998 6.945980709844826
-1.211035498063353 -4.954363458931106 7.149267686217229
-0.4242377068341109 -3.863361879298574 7.996019227335053
0.03973955981233624 -5.644172441865254 6.172520924055464
-0.4118385582719399 -4.805181454260069 6.871127245373192
-0.20902620167788136 -5.057775578572154 6.6156893184528345
-1.1757257096843061 -3.5206841911076654 7.045614806171298
-0.16224258260127625 -4.383975850548752 7.132995413558824
0.5172205994759066 -4.980599743634699 7.031359973893435
-0.9539265877301212 -5.100401279645705 6.473342076833504
-1.3938860380907185 -4.067725615982724 7.209676735458083
-1.574242706654801 -5.31103707019273 7.129317090598826
-0.3883895658357227 -4.355520038378718 7.777988656441785
0.07531538816060471 -4.718568461739775 7.077248028155822
1.021993718461467 -4.777857731637336 6.857074089141327
1.1281758474221548 -5.159244488245728 7.659514031295945
-0.5107294240675013 -4.813720252900311 7.290454950011624
0.3145736497367306 -4.61148138521613 7.429264772157404
0.48175814231000486 -4.702098098316216 7.662157552255455
-0.3014687547140471 -4.979318129222616 7.690997458435911
0.005452031220033674 -4.179729003485209 7.247816116955893
0.5519758272242657 -5.5460309024189725 7.085137009794928
-0.5132043670209221 -5.125456697373526 7.621974780612981
-0.3171558771309994 -5.303555111020846 7.79716854350798
-1.2817666141782755 -4.881158124562614 7.502422107297011
-0.1884250572657158 -4.283182976093465 7.954509361999026
-0.2125667901841343 -5.354331392579637 7.390611992527283
2.244686964335328 -4.0726279696893295 7.744236509428528
2.386765331089352 -4.296620311823363 7.749090393393301
-0.8732194792134704 -4.527879516805018 7.558398150970687
1.0161295087840605 -4.462084827319501 7.229446148489598
0.06270550619196832 -4.425193260087165 6.975616121749906
0.6635337735954893 -4.665593329581546 6.813446149138031
-0.9182931460054229 -4.331939233123831 8.370992107666872
-0.3498501011330854 -4.774142197729097 7.237472636202297
0.5415684699190344 -5.333235042031678 7.675283996217405
-2.028824937757308 -6.334646166531545 7.208352183896504
-0.3237213252522172 -5.115347578744619 8.008446722761866
-0.3871443519770594 -5.12742978552345 8.08328281252955
0.8387255428444804 -4.9365779362608775 7.8775421777419234
-0.7438323389653927 -4.766054232480007 7.183788487006586
0.36455371067057035 -4.687833673748273 7.386787734698319
-0.5918943002082829 -4.002680129342723 6.6592431407761765
-0.8028062622435453 -5.4405084748966495 7.27147317984246
0.02198668710920062 -5.003111993283204 7.976361744294553
0.11395460378763016 -4.461851190587256 7.860697990310782
0.49826279228489545 -5.921095087208355 7.17125889326825
0.6010239350438037 -5.497303398247563 7.581475372553552
-0.057505774006745516 -4.442187421746202 7.2549312348427915
2.3123246609053267 -4.451646533204021 7.053960904631791
-1.3540594050010366 -5.50174931044807 8.520055398139725
0.14178960578883287 -5.872042609889535 7.533347674082096
0.6865386890928862 -5.151261762696215 7.68980448716973
0.9038944508680768 -4.748453077461071 8.270219077125905
1.74446739911234 -5.4415072479609705 7.580491738524358
1.3837600170799533 -4.662578653595057 8.048382276084117
0.20899661768975983 -4.713883761951937 8.192666503041393
0.2278237496585747 -5.197550150784571 8.228904226171865
2.788516051438648 -5.36857853309748 7.704719143059979
2.684731910460767 -4.52954831464329 7.075258948520843
1.38028191823016 -5.4561412957351285 7.589652625362719
-0.8403853082722617 -5.386870058194591 7.937357470534589
0.6581762660365821 -3.8574188588070966 8.083047792281473
0.8260089679070072 -4.622379755927249 7.931033540397661
-0.13305616096685968 -5.305679833191702 7.509494417014234
-0.36093137151059007 -4.651366806969063 7.6319642520482995
1.4798623868829623 -5.364767792806531 7.624676858283974
2.9227492405426903 -4.367998222564989 7.997172683231531
-0.3986146979521051 -5.101604780306448 7.848900899423997
1.1681982806229614 -4.593513764825367 8.136541366677427
0.5278357365592538 -4.107182318075323 8.587973079357576
0.7084202143734262 -4.591125823372608 7.6069441403813505
-0.23429697534046634 -4.098145073721254 7.9608691197799555
0.20636519835543576 -4.345234135629027 8.326300343852983
2.217763615242949 -5.125203164746367 8.298623974729102
0.9520574519962306 -4.7782225796337405 8.285530242141084
0.9328625980592428 -5.691693200843703 8.501161640294354
1.7315652213646433 -4.701711498746152 8.129965564021857
2.0139987124366603 -5.562040103276884 7.01715092492708
1.123215508595939 -4.7429071811399375 7.499495203441731
1.2651955360323608 -4.640700347682416 7.775991246315068
1.1822050513023232 -4.594556134636967 7.30451414630441
0.7399832032321828 -4.9128919908408 8.256883031502252
0.8030316794742581 -3.6531865355830244 7.576699774366593
2.1331962153017585 -4.845944231940421 7.7031335510472045
1.4180272437581065 -5.2002716944992295 8.026514295120124
1.4417381319156426 -5.484789044742747 7.299780587057475
4.078049482916553 -4.300833634655643 8.58501292268148
0.9095409177685212 -5.3865608131996074 7.2536636130383805
0.4427568732116206 -5.711576099280664 8.33362100410262
1.6285848284220732 -4.733499099902207 7.755297425753312
0.17209978223150837 -4.959191135906458 9.70653475655724
1.5333187990288206 -5.041702658706096 7.538396473722772
1.8846437401884446 -4.812994067844119 8.071691511863751
2.13648015091929 -5.361864576658239 7.9807159332134034
1.8170128817180742 -3.44750435647909 7.4293350932346005
2.1027554029366167 -4.17890665383174 8.347269490915659
2.428004773105357 -4.382142606555066 8.723816099196645
2.176734270792624 -3.8574819065444856 7.2607547377486
2.5870290985572972 -3.757800733581025 8.1453634160915
1.8025570322625795 -5.350128342616082 7.91042312316165
2.5978816749199463 -3.694774359564103 8.505491433120973
2.136085280423435 -4.393248360491407 9.174060889562945
3.0975938080723 -4.611511339938974 7.707418638355621
2.583103516973534 -3.404808505058548 9.279935262266227
1.026823239563109 -5.289088465023841 8.412652925637566
0.6559560137736321 -5.1599496803366725 7.402413976507792
2.9199794078470673 -4.193709501391873 8.53436455157358
2.3992823757846917 -3.651395712908778 9.004576309205088
0.8210363519402585 -5.469528729640411 8.472655247336261
1.497009169895318 -4.138741445387938 8.509396971690766
3.1123929410045386 -4.079741523183036 9.219483587249004
2.7394061343375506 -4.183950389448995 7.863106832222988
2.2897411303718975 -4.755394649151486 8.443144280022892
1.9979646217829912 -4.332696492579996 7.9375042274132905
0.938458825897584 -4.3862892399978355 7.856044693156636
3.9167047050097357 -3.1009747274177486 8.194505037111153
2.4494284259809302 -4.542151086316303 8.688483344773674
0.7075205533581571 -4.932101861969875 7.864537076667624
1.2810495956548575 -3.8538663999931533 9.002442611953484
3.956713154104613 -3.964215348670051 7.396769520327924
2.9395350370905895 -2.964901962308379 8.536335083484481
2.7155165272958066 -4.5792964326739805 8.557615226930453
3.2274989037479735 -3.687615903375983 8.374409726654369
2.586251280581973 -4.08309464727621 8.17294403850804
1.6945402625336297 -4.9216606989890845 8.364875707827093
1.4433671329215376 -4.054043474648054 8.67315125312643
4.683448509766518 -2.9713100758839346 8.025921153369604
3.0054954246223544 -3.637955163929696 8.189208639616645
3.098605068582788 -3.4577727441753896 9.018430132789101
2.1824826218836666 -4.943854750065222 9.029336651092212
4.345630929569747 -2.975140508894171 8.69099365447772
2.3729444428517974 -4.364888098827093 9.161935969707825
3.2780564056268005 -3.346257885210829 8.482527518614905
3.662799895893441 -3.9526740030401473 7.75495646936821
4.16119544166036 -2.2207317843555088 8.208116543743406
3.358340532493625 -2.3748536573149135 8.515985387070998
4.181083454201839 -2.613302349773625 7.787280735902039
2.273024801390277 -3.9235628729039638 9.000146995247796
3.7010951041701987 -3.805446942485478 8.813808697673931
2.7902683003866007 -3.8715445308247247 9.080733122311413
3.0791929121726898 -3.045013060780996 8.354216961076647
3.0750786301879645 -3.939467880188511 8.909232778366642
1.7809358760938294 -3.7411906929999104 8.523515584675172
2.3557481605690076 -3.5735852485623534 8.786984983505628
2.9055236818744956 -4.069099056262485 9.47020922156979
1.17619207208547 -5.064257130053896 9.012407002266624
2.7920125890126344 -4.353925178094173 8.23277727166011
3.8160359465735003 -3.65447987645291 8.100998449410241
4.150778263453049 -2.856315826500109 8.947320055513137
4.365340857336939 -2.7921985253629007 9.156793309811787
3.111885177978293 -2.558700320513103 9.334771469949603
3.596727799380605 -3.4999902660243625 8.298631075755187
3.9224365961483647 -2.1294862696878223 9.179025451018958
2.5935685659068417 -4.047540508175104 9.037138412106849
3.0891576559910323 -3.5222568656804047 8.632168079950258
3.802385151717262 -3.7364421789244133 8.764582691321372
3.6309735564970675 -2.4275846510345622 8.74216298005803
3.349363018861696 -3.4673672292852844 8.68192234888419
3.415666815748457 -3.329112315585011 9.543779905554409
3.7493972101995627 -3.739044178441083 9.008716239757794
3.9407121411828347 -2.6734800183637137 8.450581084064854
4.995069653888469 -0.7934589544876939 8.437069341148096
4.411331023897394 -3.6793660042077048 10.186279000866467
3.7878741186751244 -2.770880543945719 8.64639018702591
4.053046782617552 -3.3880854494961414 9.247329413506993
4.567437449776268 -1.8411339841751277 8.521655088712288
3.687275429514605 -2.572243590479173 9.032117985195821
4.417531532650025 -2.165060379114619 8.50307633731071
3.444993434264736 -4.503674485635432 8.356846806080187
3.748988834010211 -3.4824070302784595 9.97596632581737
3.4708383492063395 -4.976277406202779 8.384061922293064
2.4336234059288535 -2.9736685272521597 8.506287028338917
3.492944637475616 -3.8908434650386985 8.225107703471062
4.766939166257141 -2.001125556868791 10.193365418437258
4.264587833437717 -2.1696755390575895 9.488664034633683
3.5290787961352317 -2.9348848048344403 9.317757727829315
3.7596399353948415 -3.5478478353705083 8.809009702024717
3.5988152680100094 -2.0708380228555305 8.985106128486144
4.407082571086678 -2.254704539499973 8.181789006920248
4.002586079882664 -2.8842681339731695 9.426864807696411
2.9776675006012936 -4.031448861822417 9.164821430257845
4.279407117970116 -2.8663985310295588 9.218135126960169
4.238983135107054 -1.4133046431514416 8.520330155678046
4.799825270236256 -1.8953729522354674 8.76736511907374
2.462913491718921 -3.5862321173824365 9.042189881012636
3.941254500694076 -2.4554827575644613 9.932494599214815
3.9870574476377745 -2.1077102934790632 8.551550017984194
3.8134743985990887 -2.942108481672914 8.704010282529362
3.373403219239282 -2.804889984538458 8.999252314651264
5.683948513464544 -1.024315185626713 9.842383459035249
3.773457883135632 -2.9854918420429977 10.096824200329284
4.14770112708496 -2.4807904345522527 9.074201551291726
2.0260637408456397 -4.59004044936805 8.962436161431373
4.993196235515198 -0.5331742088661552 9.127481821130917
4.7137522682308015 -1.3542821187086833 9.510543549402096
4.905582982677874 -2.462313412850832 8.516930061951985
4.8534466964740615 -2.338026636815843 8.93542181786054
4.829314413594966 -1.2953072607269343 9.446430487066324
2.9637079424891692 -3.3591052374292585 8.987707373770673
4.610828903796027 -2.1322087951324034 9.657616583022273
3.687446353088229 -3.7591321545055045 7.857446828396543
5.003117556127194 -3.0744050542415753 10.605212154647747
5.056285385195923 -2.1597438212003 9.113709245513514
4.515875846068854 -1.7054902590766783 9.69792980353986
5.194680710944782 -2.644607575677844 8.512997454536505
3.9118799624629603 -0.8654334268866057 9.852881784933285
5.104321721163393 -0.5179585490144599 9.430598807843973
4.646996694676597 -1.451554153379452 9.012909052408352
4.325333513626806 -1.4886170181481635 9.238911290966657
5.308780108685123 -1.8807030508762 9.407179697516357
4.016679745340341 -1.0864953293991837 9.324219425529513
3.9057319356863993 -3.387847306191648 9.165030531055907
4.888780171920562 -2.3310451365543035 9.200220782907932
4.318117540776567 -3.388193349129754 8.890072189365787
4.7063801173895765 -3.002717827006911 8.243393223116808
3.727578229890854 -0.8799921132696392 8.717171650107755
4.707621514571821 -1.9101420287949473 9.276185332676341
4.279024107888844 -1.945835540163146 8.772989367962602
3.8702053003451717 -2.064006593729418 10.462452832403926
4.807431192544493 -0.4367182692797807 9.701021746278112
4.0883132992474485 -0.1598319567000197 9.860333108664681
4.077626444413948 -1.8440126707153297 9.146781510059256
4.554093063056883 -2.165889828297822 9.91317236629187
4.567239140257028 -2.3889538514226683 7.619642477979694
3.685181239163093 -2.2645807991065197 9.100074852352908
4.951115223259689 0.3089426641277166 9.879159010557187
4.080562014820945 -0.45657939325674035 9.00445888097103
4.8477499974424205 -2.028794709105443 9.661050727512254
4.317757862877755 -2.177436543300011 9.56616493586194
4.728512590398401 0.46082088631065427 9.11663739865109
4.552390131205717 -0.6768046953186749 10.654824755296639
4.435865089161124 0.3558700424225816 9.718487990169086
4.1232312112162335 -1.5067507293388038 10.297315366550404
5.622248144562807 -1.8223440280713328 9.301020292661036
5.546611649598873 -1.7600273441038154 8.817140057603075
3.8837181413833566 -1.6359823040106727 9.089403704462255
4.0106151116875175 -0.33118787669849653 9.296622994204215
5.033675318824846 -1.7582833000274563 9.852457421090788
4.762934966830321 -2.2554060553767377 10.307302523531513
4.728405172540696 -0.9609169215094586 8.999097321245175
5.1130485953624705 -1.29317679500646 8.908143278392165
4.0175290692497105 -0.32684333880418764 9.894878716603971
5.383692669748577 -1.3146213443633972 10.167076864404686
4.429010351150156 0.20580494187371276 9.468046556090716
4.4481327583415835 -2.7590739404457776 9.728030360203325
4.277553672183386 -1.485371821198579 9.714665807126153
4.56475613286867 -2.9056531021728946 8.853000098282882
4.058858431563288 -0.5325630492546021 9.690476302873972
4.444299210780731 0.8216968997973572 9.726569324716568
5.055341756108319 0.89396628309614 10.2533200898112
4.937146592240413 -0.04892355420093265 10.081000119120489
5.133187581162303 -1.676750790382181 9.267231243141387
4.823644111236489 0.38837149360557294 10.424265157223763
4.300875365529633 0.05395792935725916 8.220257257667145
4.595876571979186 0.38637065460924963 10.168026119102855
5.26007596612617 0.5290825382842977 9.754127635804505
4.481396166608487 -2.108111883954048 10.234310628758902
4.980273686358428 1.243265334244114 9.794409056873876
5.423538592897148 1.9219952802848008 10.194302003887111
5.317362522536708 1.2108287987354898 10.46573572960483
4.057967171598503 0.21086437077778616 8.833966892079756
5.168320373615061 -0.019423551500167918 9.853917918519796
4.952363039758744 -0.8475088971890272 9.445800892111974
5.00165450066734 -0.596523424134518 9.733351247297605
4.723842320624718 -0.03883013912653784 9.861407792607777
4.293616079607468 -0.872833617911994 9.368480416340928
4.737529246007599 -0.8782158245011076 9.864609591744417
5.271039067383935 0.8017538696332489 10.03912669900715
4.995212236102613 0.4844248196397866 10.050537873249123
4.755949384144454 0.0359320362918865 9.544805925295664
4.738193917795243 0.5827847571613621 9.802750867717121
4.741760374120091 1.744151774465396 10.123570225414507
5.242038226960243 -1.8450894989179105 10.871620450350468
5.913692075024733 0.4027117702297939 9.850534150489278
5.283002148795102 -0.08902359968875104 10.754669919771533
4.520970703216463 -0.3958124376164825 10.420073485405306
4.965719681418856 -0.1263805000664863 10.147150227357965
5.799874437678069 0.5679536133050305 11.124587911909396
4.8069343640268976 0.07690004528202382 10.321326865105934
