4.560514989694328 1.0991107527157846 0.2598195452465033
4.943885878952657 -2.458306030612683 -0.03542654503462891
5.366511510893369 -0.2557536988827238 -0.03773889899261265
5.811424651252774 0.8885451925240555 -0.25107531774824365
5.228883950764286 0.9009272739304892 0.05863499259530168
4.7040205950191645 1.4613782966865458 -0.07607962103625891
4.440020972616607 2.2101179490747223 0.05030606567293852
4.789935314025165 -1.3771087682340553 0.4005766610293146
4.983800250032771 1.1894860319774474 -0.5174747204104161
5.0332651060070805 0.7851315249877301 0.4402730785782888
5.905456040978831 -0.8315873913008196 -0.40555622914223244
4.6636869393258635 0.8615977120822336 -0.3009828046453115
4.179098022150846 0.6212600711690021 0.20698003941196053
4.325245085022317 1.1108694024381756 0.18420704780696026
4.355377554505626 0.6941610921140535 0.19355884603231593
5.478513428730163 -0.580501837156795 0.603940775116003
4.63714153530981 -0.9110588022758938 0.8973022431108456
4.744652270543449 -0.9233424351384062 0.013346002540607693
4.801064083436202 0.38416053666434435 -0.09663957944097012
4.625728291576761 0.7533756784676285 -0.24782841072263523
4.549545941665737 0.6353976089706599 0.42892365571287894
4.725635986135006 -0.790537216956695 0.44137968616363343
4.736590440176157 1.1778256750561582 -0.6624141460957731
4.990336610590428 1.1024428801598112 0.38432286563004625
4.6603143074959 -0.707520952306796 0.20715151837088142
5.255696061227992 -0.38772519913325504 0.3563937840375681
4.614101946732071 0.30840982626689395 -0.11712333281954079
4.298579531306598 -1.6457076291007493 0.3508325795672503
5.081727138360823 1.570189236735034 0.258131827553257
4.604932899138787 0.7922710585033254 0.029276299564306052
5.087764178044793 1.5595928519790176 0.044468066304296894
4.431736336217972 0.8324760278835815 0.8470215902669869
5.132505513453096 1.3064794764706797 -0.18760421384391007
4.103199487338208 2.6585319907923735 0.24799114700986824
5.5749114686551975 0.653191503064521 0.110591871650814
5.5530393826505815 0.9977445532552988 0.719371180345989
4.990581840489483 0.10503792327471813 0.48913905355239923
5.349544491712805 0.3703004156105011 -0.18387921362884652
5.351993674859216 0.4561977611333659 1.209618076751365
4.764969936609787 0.8046574052677544 2.005829221071505
5.431993015343094 1.7306409483706444 0.3214049098208987
5.458047500928387 0.27941130922242585 0.7720451384914724
4.270838207418254 1.2536263627484459 0.3662606793874386
5.232925373524641 1.0728188559733738 -0.20315302872251428
3.9769623005360546 1.8837328180156938 0.013420705586215886
5.052902756208161 1.1921808118777149 -0.4588219398693332
5.669917382065326 1.618241754324829 0.047309059425124755
5.193436166810575 1.023087102177341 0.24765143749358462
5.913154049204457 1.6160621719764177 1.2480647566967025
4.049767720503052 1.6951324157012408 0.6188609766626088
3.675330682934738 1.9187488833981725 0.022381332676323362
4.2145605211440875 2.2203355587399116 0.1967858956946698
4.9890584492249905 -0.9317193873435097 0.22819778368014304
5.3545809891032645 1.952237598637444 0.3139328386444524
4.338943292001169 0.42461267557018834 0.13181192585509843
4.158566581399746 2.3406947757268006 -0.6616472263005138
4.678145125094117 1.845221942476776 0.7556073479071976
4.20667003299497 1.035069251720002 0.44029220987840706
3.193064817419271 1.1706528688053046 0.3074761305235764
4.050570066826282 2.0290066935834483 0.27448735902533833
4.325649088088352 1.7717660766308898 0.3605273126325578
5.264064373572686 0.9175388123823098 1.2693471986312326
5.010384751142176 1.205720310897471 0.7781730418961323
5.303278797653925 1.2820535216805358 1.135134411550205
4.564551101492997 2.366573725277565 0.853222696500721
4.516175423089819 1.788277372889742 0.22602886901417524
4.6464017145260375 0.7147066951660729 1.7285274528967007
5.1236017326464225 -0.7079561023951552 0.18848538881482935
3.90913355766213 3.9487514337216965 0.6255069071985019
4.287866337820689 2.348343955016708 0.390034356694984
5.635473597606401 1.2854224361094455 0.24719906708145833
4.6733050060303 1.7195938372810446 1.505812513513419
4.653505271881002 2.299944571275286 0.8546587392315154
4.320152948116448 2.7157541174401474 1.2847647261788304
4.9848305547427145 2.605202133893517 0.1604164830395033
4.886033802139601 2.6480762415773436 0.3721727802203428
4.181238380106152 2.1201529072959215 0.8023351194876985
4.248565524521775 2.8434136638845344 0.47016990714866497
4.4588778780750555 2.860200797356618 0.308347854730979
4.038444765966123 3.2382064787909393 1.05282248365135
3.289564988301319 1.6282327443707365 1.216907641965571
3.6491155566608784 2.720417298027553 0.945549906225042
2.6473869775625873 2.815018753762977 2.1684270868200843
3.8464264689027567 4.103043006654017 0.9760902847778173
5.5424329860327335 3.1983084718155097 0.9977291181866385
4.431840436932149 4.420266346309892 0.19195737695748827
3.362685719139576 3.408601978926148 0.5269926506166096
4.269446105474609 2.0761888678509064 0.8445330679120355
3.535619935561465 3.402963413681622 1.2694275768169363
4.219287833013199 1.5224051099412312 0.1667112362444323
3.657478181137322 3.724673464431603 0.8500350904434022
4.60802407616771 3.171265196874853 1.712745004895033
3.8905629931845818 2.0956973855613397 0.8808162372394844
3.384916988064167 2.5610321808650482 0.7162766740648495
4.106205022739796 1.578900254007231 1.5366787420174035
4.822840915831096 1.7709952048543802 1.2014308891629946
2.8338091559862177 2.8918118321716113 0.723747538187769
3.8601201120919453 3.2827536330041536 1.1914208655533132
4.662144026174159 3.2733635624872695 1.2489257060855974
2.827260422098495 4.20791050708715 0.8869444887903613
4.074683724833829 3.068585000522807 1.9055076555636856
4.278284176775567 3.2393992708779966 0.5594230793694124
4.475354803006306 1.7861795528618793 0.3200560046183303
4.60323601452378 2.5708240694264433 1.3799122754977589
3.737639462329217 3.265681324636837 0.650929028003311
4.103496262293188 2.422705838534031 1.6826800571304807
3.9927560293544144 2.893068599584995 0.8140138531682809
4.282854517726002 2.303256713977173 0.3633996301116973
4.4299712078444236 2.0023526097500106 0.6067892150805482
3.717153529749818 1.787525890670939 0.4912290803367161
4.889889744786687 2.2011236522207995 0.8683258986920923
4.494501350090206 1.6585661642527552 0.7552347929988237
4.765967765848294 2.4067786196096983 1.0670856021134283
3.477207337968214 2.3485045163275537 0.9039101276337613
4.018008220330381 2.0482738512158543 0.7055788157500065
4.008150573431725 2.65986220678388 0.4776344988172202
3.256405830720091 2.857320604555606 0.9829972071547932
2.741032595740068 3.5761447287913044 0.9403863508667266
4.5950055625075565 2.099030859014439 0.9369510454746399
5.343498291883127 2.8143506697051888 1.3510158904141525
3.238126285056696 2.833656990483471 1.9920108650660073
3.5201680624157956 2.8693562515123423 1.7916509660762416
4.370007982129635 1.8046952342332816 0.34786249178958195
3.5325129145615395 2.6701797184529714 0.7809818140910717
4.692277723619379 2.759043982725128 1.6621360289348945
1.9295611935647679 4.383361407695594 1.5343203896581383
3.7063912230366394 3.340755209098546 1.1004837897056101
2.7717622522463885 4.556871586300542 1.1965299786491874
4.441940451625393 2.9353266908497813 1.437978653621241
2.069623170526682 3.3629325720252443 2.291468944023877
3.94830980930272 2.99039537307635 1.8481349018505142
3.9185085925399408 4.2004247807929875 0.54128486639021
3.4984037738991756 1.9159711590368567 0.9741652395199175
2.6185702335331715 3.929494222396309 2.282414485143221
3.148957840171399 3.7317649531695523 1.0107896799650464
2.2539020138356776 4.554118871953115 1.2542061567251728
4.271239417343128 2.691243290630211 1.7570995967689564
2.9162951768012326 3.464346848080713 2.349255108834936
3.4977329306476346 4.580074991288481 1.498140011804142
3.0659294102682013 3.7273580006070537 1.8418325844671972
1.9700783933218624 4.589828040785159 1.8723876176809284
3.2684825188756634 4.26072329124105 1.1897863471419523
3.2469549179874457 4.122852805513442 1.792678983691077
2.3412110614250814 4.001569950727116 0.9186384106565999
3.6179000079412145 3.7794400742309033 1.962030640369326
1.7900992984064308 5.580726971505262 1.4922164771229647
3.2777818073775533 3.078579682351856 0.9408587348600266
2.5414484209050126 3.43315425916666 0.624266985595634
3.5614084429951114 3.6337190365952896 1.0053909664458076
4.045411092304023 3.116801227580903 1.602857953143592
3.8786477024925703 3.641998374725659 1.5836792164669589
3.997551101064627 3.7389854056572127 1.7997032257088283
1.9848768617027985 4.8329490898155285 1.849006705111935
1.7322689560151712 5.115471471539635 1.7435586966371874
2.0673506834434083 4.4789228210103955 1.7903780721685805
3.521152371253932 4.4016367678360595 1.3039597636544746
2.1619552947182865 5.098822884919101 1.014022026216519
1.5660363418477292 4.8235072420439025 1.4577517332409289
2.6168544067034465 4.505326936664028 1.2290986464981275
2.6546573389072576 3.6574211343402117 1.7412486007673955
2.459288877778573 4.376753729427669 0.9292401069543162
4.1539202351311815 3.6293695488157165 1.8275679348269351
2.9091890751407097 4.184981275151535 1.631879541995297
3.1336412091873136 3.7586874226710885 2.0350673640671895
1.8845559960489995 5.515520646449416 1.3258121658392759
2.3057343010242115 3.398033676615284 2.0334750895497264
2.2584169957513915 3.8257908772923632 0.7940298986703556
2.3337302699024005 4.693562883479573 2.3851725466286395
3.75733955227249 3.914669832157876 1.846912286452463
1.6845161273398697 4.52637362623387 1.2063208785070116
1.3758401739206647 4.821865910990653 1.8868819516078585
2.978608595542535 4.4203031809587925 1.6632940407024677
2.8167697036392005 4.410406656249374 1.3605157596078126
1.0198535199425238 5.478333262353973 2.0746000702443745
2.4136658244848914 4.272556984946094 2.3338968036950654
3.087794242504033 4.7699152898569706 1.8817839377980086
1.4027166437655672 4.776442561609532 1.9336243760521492
3.063020714009886 4.462131141044668 1.9446636365017658
1.4706862432508532 5.5848433644058195 2.188711949005879
2.986241684838006 3.7566255961117863 1.999473986343518
0.7154597051515255 4.519601555001113 1.8450912988284862
3.1290192956491563 4.19603075378877 2.218740431045542
2.5491253944225174 4.599335130854947 1.4902544956437689
0.6525818282607667 3.6299385585147736 1.766375747943207
1.977516617352244 4.664878602949465 2.238626458677974
1.363375230081022 4.1886677782944215 2.5746352922053553
2.4287601728870496 4.073269167325084 2.2774900882276516
3.0193416749767494 3.664738688448444 2.3005124323687
0.4737923152842039 5.314067994221819 1.7759150839154727
3.149669946838677 4.537480587818152 2.106214469920121
1.25876155811191 4.938346496318347 1.78606041917979
0.5722325506406443 4.868044298694729 2.159230308730047
-0.2675018026719736 5.631699950744168 2.6664466325251257
0.9356802538012119 5.078235167640153 1.683037846731651
0.78607042939339 4.859753641053648 1.5006148208650067
4.283539355493965 4.297665556412195 1.6691103829867793
1.4894982826572973 4.061071762009535 1.247276009586201
1.8191660517135901 4.571235813332373 2.79133917670795
2.1165607344845028 4.233392383250638 1.5312555906879446
1.2808945608895748 4.510606498732111 1.5018208184374373
1.7615762423756567 4.699348419351613 2.8742973335548836
1.1284395898635775 4.951837679083402 1.8841461644007125
1.8036549385187626 5.204643280795157 1.3533662357095806
0.8752798793095128 4.832517968918828 2.520083545624437
1.3914760707609963 4.711122047732727 2.4700879350657834
0.0035651085290233095 5.524145734133373 0.6515876111299825
0.700282560599312 4.816445579973742 2.050323847134891
2.8687451787244145 4.396257355288186 2.5375959857703627
1.3766656525618846 5.037129503336315 2.3876431733838204
1.349148535276196 4.236115532444613 2.529297033372779
1.2377139240038717 3.3777106391596385 2.808430294496162
0.2563570641229022 4.483383240963526 2.076535292036395
1.3810004222032788 5.047966667823621 1.9274463374667292
1.1009403232376824 5.415056989513484 1.7905041138980737
1.2689499907664517 4.943458990144614 3.191325776921575
2.218443269859268 4.931701548490095 2.891659760989858
0.29241771948034273 4.889116661102183 2.0470152780313184
1.4612690242821211 5.323451921421095 2.269680879117814
2.9155289499760335 3.8428594001724963 2.3116027074936776
1.6531194914225307 4.685960310059972 2.5925954432464327
0.17762225319864433 5.191397595476242 1.1672241196189228
0.5468950142417665 4.969275845728772 1.837996571291726
-0.2609325932066487 5.065040781049304 3.183113775141105
0.8343926687376644 4.046828490935036 2.2338421969567204
0.27016277430199664 4.659616084028083 2.7093723779233208
1.133688799512644 4.50644348943482 2.1913771523420813
1.149491885116974 4.425669911933913 1.9262881188059482
1.6521406959353182 4.604723914948907 1.9089717707414002
1.657765490060208 4.811395589477983 2.1768930514782623
2.006779181033123 5.401079786540248 2.295626311964802
1.7484137255727008 6.009992218812755 2.0483964421344822
1.8230335251435803 5.058103404003907 2.9018040019734515
-0.15367548843864615 5.165478844548242 2.5703032097099117
0.7255664882913798 5.381102075121686 1.638638314208168
-0.7622595400285047 4.831154565453361 2.0575242188336844
-1.268053863424676 5.652549803508192 2.6036376506672303
0.8703708326410828 4.6481871086356685 2.474193602977451
0.025866901360021104 5.114754490010937 3.0127925922540246
0.6212839403158819 4.685802499224943 3.1093091043103875
-0.30100117928311404 4.895118385193192 2.614103156833346
-1.0970221933954443 4.670329435419096 2.7170934566797493
-0.42600145999914324 4.6575488114952375 2.1444124590968165
0.4488663933993723 4.745807070083408 2.0068991753465926
-0.09985858556636622 5.450798361912552 1.8774417544065205
0.4613676319597316 5.152660742227375 1.7368589262088183
1.4979858235147425 4.369411126817115 2.9203351288055157
-0.02338941471409163 4.797918470308917 2.1051222778705214
0.592157892958771 4.343948563943348 3.4423085569726877
-0.5451701265235679 4.7540496402130294 2.242039610948194
0.14288813550250976 5.634974019174482 2.5342743967595114
-0.6139400845810613 4.81582793739199 2.684991734247051
1.4860097053074781 5.433418928178619 1.9551954016126825
-0.16854973814022273 4.986876546774328 2.0948558981614984
0.5113176936124604 3.8681594669801616 2.5959399394287073
-0.9501585915565316 5.175694158276017 2.853929355308079
-0.8501891973996544 5.5429596592878525 2.532419400433597
-0.6238892990804482 5.385148586994735 1.9021806115410471
-0.06105678613191615 4.402051581330011 2.7080671908739107
-1.7362799326833818 4.476040248986916 2.975891336768001
-1.6950133247740353 5.006080700191831 2.692709766413094
-1.7706364915649575 5.796779735177749 2.2560822441525166
-0.4444734411087645 5.155645053978746 2.850164745441254
-0.003806074101402651 3.8949369291842495 2.8955419070309727
0.09064422051334775 4.273923295415387 2.721530730149829
-0.4456293253557954 4.168291011109484 3.1589906461238884
1.5179324485077899 5.54366136619653 2.5318470689676875
0.18601593198576358 3.401453115338987 2.905477160828737
0.5612756437291672 4.374400570083963 2.707645209936978
-0.2530737953695581 5.183084727143108 2.372232890319295
0.9943315216721216 4.624659739385249 3.33914754833635
-1.2293837971517907 4.061770490770644 2.911528665112163
-0.5750141846091236 5.29833161021093 3.162284213301947
1.3188614530024572 5.277584389212136 2.926823123542519
-1.0062358826927702 5.224961118759272 2.7557432711506347
-0.7385984722028015 5.273212482970019 2.290614891088727
-1.419403475580292 5.441473892799009 2.7515928972741324
-0.44460020093778896 5.2908215125981215 2.7040035841378334
0.7576391743873889 5.7531008249489135 3.256387045076007
-1.110695014188449 3.8525998381162996 2.174950118058721
-0.751723039104465 5.567786003307605 2.6092529147815147
-0.39489502761796924 5.459731155301475 3.1534059956126375
-0.10836151693129324 4.321595140129179 1.417859476133497
-1.4697259753057548 4.693425566026265 3.6746300227658453
-0.698857694799018 5.432935156908334 2.816602345682904
-1.6986258769197218 4.280190992117722 3.2410183528699066
-3.261090952663657 4.942771440206833 2.156172595485229
-1.16770342481879 5.290434739290116 1.6099538410239016
-1.4314830512671193 4.31429948620842 2.553253263392561
-2.237129541487885 4.649412887986657 2.6635032573823767
-0.31275217867841476 4.673205592165165 2.983068760651585
-0.18898236069026944 4.325566464784735 2.7565845094344414
-0.296680477965932 3.9522712965419835 3.178038496834754
-0.6834969465822219 4.756703881824064 2.7907720307955266
-1.3378199267250133 4.734301368418405 2.9267851068904123
-2.399100502675055 4.321286480992809 3.941281842377943
-0.10978527702322358 5.236096168770955 3.5551178993615817
-1.1283599841448375 4.678472286259154 3.00435170873707
-0.8324888084600811 4.7449373513032675 2.8784929476473087
-1.275963460812468 4.1889692225096615 1.6501787870418096
-1.3014260336846384 5.345282788436244 2.5979984012727853
-0.666390215981843 5.450974603009357 2.7484390057460706
0.040909483281160855 5.2637568480084225 3.328487649585122
-2.720971770258919 4.678315791200375 3.8646148806982867
-1.8087838669609226 4.914969332190012 2.9077828368916006
-0.25787590970257573 5.287511762255593 3.6205798915296583
-1.2717698993608268 4.747102075008695 2.8444276506688864
-0.0865085357249834 5.059675439386495 3.798286092225124
-1.0102137615484028 5.187920793216288 3.0702356449725023
-1.6970350719425515 4.865145698289575 3.554404086421075
-1.6211329930318392 4.421065625204459 3.3356853627392233
-1.0235802040088076 5.152247703595018 2.8401640318742145
-3.240641905389699 4.4346853243318725 2.42682731329339
-2.5986804089071596 5.12763020394843 3.301154181194565
-1.2988823175269086 4.666741870884326 2.3653873051496315
-2.524916173433661 3.556478794441818 2.6864770649406564
-2.144066289808693 4.05919783703206 2.383427820420123
-3.5821589960622613 4.599601438865896 3.6740315393561533
-1.3432300245334212 5.457976108853041 3.32902703956579
-2.296559471643351 3.6027392996840857 3.0714776818948586
-2.7418798741789177 4.444762245439802 2.2596265963571285
-1.4796935424640378 4.280363662774147 2.8693884387394855
-3.1801385970796647 4.293782519443648 3.148948210160801
-3.345138220547292 4.122845759333949 3.5927090127892525
-2.0632539045602454 5.26763151213207 3.188480188072394
-2.4918339585424043 4.2741692060000585 2.7564495555471504
-2.0403120175696166 4.508722952663609 2.910496164727396
-1.8577877560111007 5.547083526064094 2.6767129613332954
-2.257079274240922 4.074082426732224 3.0702099695160157
-0.7181668406485772 4.719620192625065 3.1980691682899662
-2.8310014813504547 3.16898227281431 3.952988983737929
-3.4318816271446386 3.979583214559716 4.146477238938454
-2.228475010288873 5.039465502695204 3.3541101940421654
-2.411030394080766 3.9196323980786048 2.9746246057226218
-2.5531384068825798 4.405281758240686 4.043984125809777
-3.108464766044702 2.8015075560104803 3.6100860985309
-1.6621180055388949 4.5495680748650935 3.906059565175344
-2.834553893327652 3.9835834656405673 3.3002711182957554
-2.8151822351176503 4.566295554131659 2.6649180886653103
-2.1367137204690887 3.8525106699341656 3.074395767598695
-2.113041253452862 4.488628976542166 3.5922201466341646
-2.648608800974968 3.0229174428520755 3.461778681850863
-2.4718615921714817 3.9453925306836752 3.284194562952439
-0.7016564841558754 5.041003297730865 3.863762139806075
-3.793532375883222 3.715568926379798 3.7660603609242234
-2.338420410611782 4.204390018601236 2.7225345488289894
-1.9950653128251719 3.7308668732680683 3.36314107625512
-3.6728399288381373 4.262031381903679 4.067537458353948
-0.4857817395096748 4.315821804551395 3.1766680652348565
-2.6551686046171845 4.28162423857713 4.699667606264855
-1.9678048156210928 4.339520276568564 2.512739640667359
-2.6970200912647595 5.011908892005957 2.8822360144591928
-4.255526487103122 3.6441088311902066 3.492730255061577
-3.186555477465651 3.026250240466975 3.96601080170461
-3.5222025338641987 3.347995752045391 4.137434522101951
-2.954029338918707 4.284805175781712 3.3694090362620455
-3.827733778834276 3.038328360096627 2.895202281511833
-3.0104975064634942 4.853624635268505 2.900531710239916
-3.2487933096819304 3.608919283783842 3.4479757647597986
-3.363874995402518 3.2755825234211975 3.304717210439234
-3.97562354202021 2.484101584812776 3.3518793693411855
-1.6301700492342182 3.94509725801488 3.401541613391122
-3.078897193543801 4.644199177263772 3.8048057437599256
-3.074616936716137 3.199451432045832 3.146600390351748
-3.7378660695070955 3.7426898297054176 4.166507548222631
-1.8443656281586145 3.8067536179752848 3.0054960995393056
-3.2532487009021236 3.452195382053374 2.9858514690492877
-3.665089224997267 3.861270901652691 3.2289671957147568
-3.235195601084378 2.847105476970943 3.7347746161318365
-3.0986718305546104 4.0751166214279895 3.7914348364604344
-4.4002027964811266 1.329962166396309 3.798221999001125
-3.9094437553581387 3.3576558205371216 3.5746623625788145
-3.5882055907188435 4.041003177875131 3.6302498634563043
-2.7639189800163857 4.886358767727904 3.8397960128488053
-3.450450469427776 3.8472676664907457 3.530455053482337
-3.3510123139666113 3.9721396001308684 4.028846481051518
-3.2994068604569846 3.151239102366762 3.4599533646150378
-3.2870963998586453 2.971117400926828 3.461900776632539
-3.6611321234603684 3.9409943682298847 3.1696903025724867
-4.331058159098321 2.994130763260464 3.6764821308501086
-2.260517391386432 4.739078627229266 3.2378472120829564
-3.7519909514515857 4.089050374170022 3.9182322384260075
-4.362235366254579 3.1058030079915495 3.9157784332455763
-4.25424382220986 3.3615236671377926 3.351267096708355
-3.1032016229992303 3.0336335805551524 3.513114449919962
-4.160772760315915 4.137277958613139 2.9148665507131533
-3.4620208225308704 4.126612970509875 3.1570338904982997
-3.483411369425483 2.3647342713151565 3.3235340696118687
-3.495224820982401 3.567078090623011 4.334408120508122
-3.8397419782283935 3.180415498945837 4.012736311962291
-4.1944308225220635 3.0437664189846356 3.3627799193092756
-3.9662174665607277 2.994872017668292 3.6925736872060293
-3.594728490350418 2.4940236035842522 4.634241570622599
-3.847864537706364 2.9889894855578127 3.4827544302339124
-3.608559130041156 2.8481495158126298 4.114455782696335
-4.436396616386126 2.517902144539297 3.617469335671859
-2.473421440050649 2.906693988495213 4.549745636921811
-4.105959480365517 1.7970375767334712 3.5082855659783316
-3.409345222206781 3.910595391312984 4.047582667994014
-4.244554520597963 3.5106500795297517 4.334055638244635
-4.003924995632205 3.1295526703073757 3.749802952657234
-3.419593273710405 3.036741193259163 3.5197430806320007
-3.349562879074542 3.4246655154762413 3.440136504305734
-3.510028552022001 2.7630151527771045 4.358523951387216
-3.833386526994192 3.3425645253045007 4.4524375840376536
-2.9256212405447104 4.14768031367007 3.9085801702599143
-3.3330549987658826 3.5062727124876143 3.839776757173852
-4.5313299957340964 2.9447830380815043 4.387804289660159
-3.733417912887237 1.5735251678588336 3.8757948412805305
-3.289669701732512 2.715457492392072 3.8810164765699975
-4.283262568881831 2.377773594077702 3.516368510182874
-4.063722565514256 3.1824753618016053 4.912498944220399
-5.028879133397483 1.3819097110774305 4.090737182718413
-3.9903783298605133 2.7549314156925777 3.868591897254366
-4.390804326137997 2.3783188352973785 4.447450785748058
-5.141596434208845 2.810491450796961 4.038933574178113
-4.569463451264423 2.8096540972894903 3.4493308822871236
-3.312903699732662 3.5469878023686627 4.476047304350029
-4.426588419704031 2.3507581066222936 4.425480529310365
-3.4547014548847725 2.0106129881040493 4.468716874530207
-3.2408042291001222 3.468151288239402 4.193716685611209
-4.079447177200842 1.5259536670419311 4.564295642430511
-4.63563221147736 2.7641532286348185 4.042595422022038
-4.969628442590056 1.9579609590287406 4.666326329235212
-4.494432582266837 1.9901852073967858 3.255671541416096
-4.59540860744803 2.1245392158347167 4.161737449894431
-4.835129807332831 0.42000207036504367 3.9024692170618915
-3.883634159155639 1.9436605915089744 4.716040820435558
-4.351563980145162 1.5210199251506376 4.331210047089296
-4.733705800883986 3.2785035796072832 4.91293992504662
-4.615826014511957 2.2561157529613385 4.090350018297145
-4.485170280259766 2.523705834993351 4.43214244354965
-4.546513808548194 1.435270366478982 3.9964886343397774
-6.1902154921868515 0.6277531006605893 4.373204228157163
-4.592225762561932 0.8628432964393784 4.35318988004999
-3.3754067317775363 1.9882545156946863 5.050431724718124
-4.117232347238969 2.187024312600867 5.073656508206005
-5.809961207113983 0.36951742028660844 4.649601197026087
-5.846073929473441 0.9459215316816033 4.519324116660306
-5.318756320717435 0.12190199608439402 4.1125592582139925
-5.53090150939308 0.4993419077341596 5.308856403499844
-4.338155429714674 0.7240129340861708 4.861833712248114
-4.256820257560109 2.2890688638354857 3.918040921467769
-4.385972807930861 1.3161559732399823 4.336479915667055
-4.647866298988109 1.7866623564094501 4.330001634650882
-3.9181824094739635 2.3519600168595796 4.197130932517697
-5.286185966794479 1.422179775570855 5.23528751089694
-5.738275918783289 1.9145856527833407 4.303264044598384
-3.729359661970891 0.9670971917904123 4.957595597674417
-4.5162512537149935 2.3160890603589066 4.670234826288579
-4.816934898631504 0.6652014426708575 4.447228264066585
-4.192904501587822 2.223421311720391 5.049076197217067
-3.9811670668098196 2.360000073843495 4.736138032165816
-5.036160556191764 1.338024296678959 3.220404874663572
-4.978481218714581 0.4936916293079712 4.244790613022987
-4.634222290589802 1.3715076008661529 4.624424531382091
-5.147542228790511 1.5812217197845886 5.390840032256127
-4.949778600991627 1.6743756669721612 4.3657039994457465
-5.373551860880493 2.06784507386467 4.699294813596747
-5.15433625598644 0.6532312301640961 4.38525602164196
-5.305455473135453 0.2659256263225745 3.964441056091811
-4.899726573167522 0.847604899668063 4.720241770800636
-4.246816304579885 -0.6008017943849827 3.903019233437234
-4.946074271532753 1.714661498988779 5.071348309287216
-4.786036442780767 1.4457353051243922 3.9451711590152536
-3.99969044135596 0.011142881917469738 4.178344056369889
-4.478595170661143 0.8587440535857589 3.254851418532229
-4.1301373875527485 1.379496836504902 4.619110756702834
-5.072319065207631 -1.9420168076353204 4.858868207010594
-3.8194408420446924 2.0086832819461926 4.94116492220498
-4.584781531636625 0.9028407442633426 4.720809386866572
-5.475604617703603 0.9361717285946273 4.316362799037673
-4.337793288535218 1.8729170558201564 3.9848350161357042
-4.615984682825042 0.6204019384956885 4.604228013439986
-5.701510810586088 0.4192078947962695 4.137832565980593
-4.383575072540506 -0.45136076957198 4.275511511778487
-4.115731545198477 1.4486230493854986 4.196415302837244
-5.226374198024505 -0.27205492215228855 5.778484081625907
-4.770408060485436 0.6525075667249594 5.015178764013352
-3.9569316415548803 1.0847721270886999 5.728848695355035
-5.686915912501564 0.17016897759528815 4.573936986328452
-5.487980765470665 0.769529444760515 4.35308535476577
-5.363553165711595 0.5323432362332757 4.789019081543604
-4.887363687746162 0.1553686903782872 4.347797943022799
-4.908891661196098 0.04896776719607028 4.091991342786721
-4.751070141527317 -0.8058900351824793 6.074774285577391
-5.488468229075497 0.20417713677290064 5.314348983104193
-4.5709236509319835 0.6727281753661832 4.72480116600976
-5.232140404654956 1.7406092881078497 4.836152174721079
-3.8570954324683355 1.1875547422527004 5.175345750039696
-5.536987840876243 -0.5468199557777212 4.164086725011721
-4.869626707610026 -0.5260408862736052 4.600567844389983
-5.37331378738997 0.7912463079076385 3.9090872112401507
-5.577169369723014 -0.6837728295977603 4.574699810654964
-4.842127058150583 1.2393610251172444 5.207022052480331
-4.473622045101931 1.0146035122025547 4.5305509578922445
-5.572646735148807 -2.3027861322540364 4.26465647496829
-4.0406362966206935 0.16107092881220525 5.651237737572521
-6.0225759092784115 0.5433048234656717 5.715670336492
-3.8589995886780195 0.7249294591892109 4.05237532191742
-4.832436965444151 -0.6494977909475363 4.859784192252785
-5.078194755298131 0.27191995658179446 5.819317044820833
-5.092887796596153 0.13703217291156958 6.005336768077818
-4.700575847093088 1.0328254908062684 5.373831228674258
-4.784131115957434 -1.9609089744925692 5.6603884375807905
-5.408747488123484 0.782645153157292 5.106890566640552
-5.460822514546211 -0.2980109220236584 4.800992789725833
-4.672297666728461 0.3222630349719225 4.583576789042681
-4.4788063773693985 -0.24969670454692694 4.834413932414216
-5.544622778029354 0.3308375044363426 4.971810448288523
-4.956708818122066 0.9878192630987117 4.942319339100732
-5.690200131890784 -0.7346219676685684 5.562586004939804
-4.928743765479234 -0.08193880991609465 4.757600883262721
-5.5972588649750605 -0.629366710420748 5.473087071449322
-4.321474030186213 0.42081347336703195 5.01916161141915
-4.204372693604655 0.2598706450060913 4.563180628284716
-5.744246746263712 0.7682963710751446 6.079301174901678
-6.511068083515296 0.9986290833135397 5.132691278350249
-4.917353031165352 0.5684501221476533 5.435483671573231
-4.596900923184445 -0.26838501099642187 4.812117337778584
-4.54333982541425 -0.09777107041278459 5.33825299039586
-5.550669082932078 0.19043918356331815 4.867242412693744
-4.51538920509491 0.1815801862770212 4.950511457757401
-3.950160058775897 1.8465657987571467 4.410230655633165
-5.007120126919266 -1.3998904512967765 5.756292441390721
-4.45388366811622 0.6374870373573611 5.335991109067799
-5.200098746824278 -2.0839589612346945 5.358753328787627
-4.677625136934623 -0.4857593611909488 5.6138293831468635
-4.855348400105808 -0.3304396869688687 4.782416900667946
-4.853083345643712 -0.44921170282494755 5.7771856823343395
-5.529492408454668 -1.485096444755359 5.137443999610262
-5.872605967709676 -0.8681028161212231 5.7754879023797185
-4.363961694120437 -0.6255246593507466 5.319236334296183
-4.89570067307993 -0.2487619728719364 5.8758157821968275
-3.4550615282966874 -0.006289662475545902 5.662363352172603
-4.296289640900873 -2.0876778939089915 4.903960763524134
-3.722371110955718 -0.8378520004459771 5.272770901346872
-4.650171471659476 -1.0246317239022367 4.7330496810549905
-4.5696284198704475 -2.1508482314123563 5.599280914171478
-4.623180472718452 -1.3537866496503173 5.984715748242053
-4.266044126719914 -0.9350214212947217 5.554392712563887
-5.91822976541793 -1.1702607196469768 5.742176419428096
-3.896966085411549 -1.2952773697405593 5.447760302182218
-4.6436495332330345 -1.3868053587768252 5.793438116575687
-5.047066552326611 -0.239882392162924 5.0580697541047055
-5.546377729270686 -1.9840153113902956 5.633388941748998
-5.236693800323983 -0.36357073137129614 5.446195186808877
-4.650653203621734 -1.0234905595574015 5.107584712173572
-4.380880257998822 -2.5545552527858564 5.126815340456607
-4.6179235959551255 -1.2442740289252607 4.916922521418988
-4.116128795455402 -1.112633458496721 5.541101667273027
-4.310079834845252 -1.7755660521298426 5.409972489051142
-4.439480643078082 -1.696585602854709 4.387772522513542
-4.015671051778868 -1.192448871180878 5.205793364868608
-4.533161566701889 -2.351632069303658 5.482478795752995
-5.117412760595364 -1.5366533419673603 6.176691625276154
-3.8003088739626474 -2.347808373569415 6.331262882076085
-5.264701297170104 -1.1559136155367493 5.652987318622802
-4.187252177436604 -2.3407784078533647 5.253656778327288
-5.188469763485125 -0.7812309694758517 6.5865681570416115
-4.030783925436116 -3.183810760330419 6.595582399928992
-5.301093770638133 -1.207711282137012 4.972497038300153
-4.578438558187544 -1.9858596920696918 5.5548640262079925
-5.294105757714841 -2.393842522963469 5.596951317391055
-4.778721693520977 -0.33417175244834324 5.247984948962093
-3.9338512847926053 -2.4371145842052178 5.868578716832298
-3.522914135268454 -4.165061395183114 4.6607821304637485
-3.8141429612398694 -1.7305807630523578 5.808663665553252
-4.141578966968466 -2.980302750374203 6.265545465699574
-4.325537915034186 -1.3913135954534595 5.752606152784167
-4.9078777920111785 -0.774510022028095 6.120629249240453
-5.088734204909174 -0.8023439894273418 5.838755128269443
-4.747408605203316 -1.7118812587563568 6.065296796045226
-4.859670390025337 -1.3287967275922261 5.659833080210492
-4.907143732418593 -1.7678635429623093 5.826850404330114
-4.053499670613602 -2.224549390363273 5.051410204236328
-3.7292251730459185 -3.4677226726078545 5.7603722563138335
-3.283000626739944 -3.3032372523473557 5.153296497904472
-5.522750233341774 -1.663320860686901 5.278044045546614
-5.298369980394221 -0.4363390379894667 5.85172518403285
-2.4488346191246633 -2.5513152448848726 5.394982675569803
-3.2111060142906256 -4.451369129421686 6.17892248202465
-4.868233500038714 -2.550410802222888 6.108641168068821
-4.189886220123304 -2.9266548150250777 5.1753262112575555
-2.9656651972690753 -3.5608500321516887 5.992792474451401
-3.3420354972941144 -2.362679838458048 5.312009181278674
-4.410448005038613 -1.2380071549676768 6.206768973786761
-5.246352919658841 -0.8092544500737571 5.5315383884468945
-5.394804789574463 -2.0357706949735643 5.439371703222811
-3.7944334423341224 -2.5980833272656834 5.261414448849369
-4.184631601689739 -3.0454512825628908 6.49002682057687
-4.039322987293557 -2.1396257315573517 6.706809846106662
-3.520488864996501 -3.312164547501096 5.783735310076942
-3.430437576394831 -3.531838027543315 6.761256361825585
-3.96291788972656 -2.107646302727191 6.110561223535796
-4.4468980448377105 -2.513196377280905 6.177590851136181
-2.6198261835254746 -3.605802038481203 6.154691866941569
-3.2060038169024923 -3.292685069916414 5.213969491064603
-4.25153293897394 -2.069254250487318 6.466598422095427
-3.3961921942300113 -4.546564778439563 6.697810488966429
-3.9121543617970516 -2.598363002969737 5.8747950248843726
-3.8700197696355345 -3.0743083296389413 6.132653358556055
-4.1236566862768305 -1.9920489167767321 5.591302220854282
-4.216855794002357 -3.3480315522758564 4.990592732555303
-3.851560861168546 -2.8922665833208243 5.7160327375840065
-3.5946302557186347 -3.512417100463874 6.206450604154649
-3.6389312380504744 -2.891346393443623 6.038744492787862
-3.252495114513446 -2.6666017444866372 5.252488437882187
-3.2593674664765064 -3.6122859410394583 6.957757943543058
-2.5093349256885884 -3.1354714080391703 5.576645989452433
-4.387243069842305 -3.098600375162385 6.676292453321886
-3.387926144184648 -3.57577282158029 6.356226700340919
-3.9764526539762355 -3.1113697057570726 6.523762224831668
-3.5653481112058967 -3.9884318403642673 6.188721681131985
-4.75090073897293 -2.0328524663063425 5.805060490693406
-4.5239644952511044 -3.2806414207889665 5.4049669281869726
-3.413240275368881 -3.7729106840094997 6.212168787371059
-3.56425138123179 -2.5457827164503724 5.930188714355898
-3.5634262351837225 -3.2735499030875626 5.701585058449499
-3.215654468141202 -4.331459745548873 6.581371402957477
-4.195620302556997 -2.822385407600746 5.8953925668980585
-3.534334108815285 -4.594085288372913 6.309663854230807
-3.3986352267218214 -5.249330997810739 5.5706306877753535
-2.9886613476663872 -3.300814198195973 5.919105616133033
-2.8470380304681018 -4.248768994938769 6.659111649695037
-4.119056849837361 -3.2220599507468006 6.747839444191911
-3.9194217096633848 -3.7188939894412387 6.816949245431328
-3.6283362722920414 -3.6544568949122977 6.115822627545504
-2.5087206010588177 -3.7015466331326037 6.7944535352602715
-2.83157867263394 -3.667586228087465 6.785596506668768
-4.807050653364516 -1.6956960205101181 7.1289297042424575
-3.9852542052680415 -2.980186021286653 6.358047979622482
-4.864974657722777 -2.7177033945255546 5.333250702141404
-2.8804281901327196 -3.0824299893834177 5.671077384229778
-3.0645813452661295 -3.69483389363343 6.079462796218491
-3.885484548542984 -4.022969828308556 6.818640221916656
-2.082673287305427 -4.119050323028065 7.158162351322863
-3.2302383729276065 -4.109967522321563 6.487959985804689
-3.170307858015967 -3.573267497463008 6.291248055377391
-2.932454968850825 -3.6205724706279456 7.1515708007582965
-3.360437359896665 -2.9868036049217084 5.944739721532434
-3.2745797020236007 -4.410582403810167 4.945463036577912
-3.8627790147326158 -3.2313148708946526 6.8038424438032665
-2.822789816220169 -4.260500590533673 6.705872277912253
-3.3964378981723296 -4.122215147333508 6.505642463220986
-3.2939692322119645 -3.515524605018936 6.797874213061085
-4.292007912414095 -2.9724951922377674 5.976192745055242
-2.89123774459088 -4.1343461750956605 6.498680613063456
-2.663771335075845 -4.587376531185815 6.237598575212755
-3.739606655003757 -3.155976419132049 6.866752191864497
-1.9887695028522927 -4.021141443827873 6.201265132535037
-3.6232430430283937 -4.469753121549734 6.149999455311631
-4.548740730352847 -4.139288760305991 6.25501970964281
-1.2214330661495616 -5.210692702615186 6.559712451031959
-3.843738316909923 -4.426181029990461 6.593135284362407
-2.375130867158021 -4.321646039146689 5.9985975956166735
-4.304963503293019 -3.3015107551494243 5.579959084452604
-2.030536609288264 -4.3791522592033685 6.95928275892909
-2.656449307378229 -4.485162351439581 6.754455475488549
-2.0941094617825002 -4.185550589240983 6.970452796320678
-2.0911253214079384 -3.7550520776016714 7.008941842231974
-4.149941876254413 -3.1441683855673537 6.245703262425178
-3.742264191879128 -4.3670966365843755 6.784242407150381
-1.7547536640064971 -3.916471524332428 6.840690581434825
-0.14636938530849902 -4.830673252972228 6.349128220745777
-3.9082926051683566 -3.883607500402653 6.346435424015231
-1.6127860129022584 -4.8731839481969 6.980584740130384
-2.4131453446675306 -4.996105703480038 6.738562925723214
-3.4562510800604156 -4.23111462099818 6.599027049504265
-2.734955280171946 -3.659649470628576 7.465813460530539
-1.6796611217575512 -4.5528031298572165 7.798129432908501
-2.025700138190351 -4.487642480538859 6.164315001448733
-3.5814963694822404 -3.7093601700449286 6.820304647054032
-1.6565800976200904 -4.447523883035629 6.590242764634539
-3.6753851723530095 -4.020778225396731 5.854924616102774
-2.1220620477945404 -3.8476663460296265 6.634909351598682
-1.5928336137023367 -4.071684138463647 6.386297075088929
-0.899972384506773 -4.691122750124546 6.890418492943403
-1.0807410853928279 -4.856714662522703 6.867214083056426
-1.2960731622401875 -6.135918320126612 7.212123967614963
-1.4470896429359223 -4.959876070403373 6.957799393063591
-1.840438565489308 -5.110191504451236 6.642905730207356
-2.50459284296578 -5.265877357683888 5.9851484495596585
-3.016882315983329 -3.534185185876848 6.33373155092667
-1.6337072317722505 -4.940012383051151 6.39396371888359
-1.2875657596107581 -4.9139594505249065 7.33238875011563
-4.133943828812885 -2.51963892455309 6.049563880435405
-2.322506725295995 -4.292045973952392 7.573322847303102
-0.8018157334970235 -5.28015474551536 5.989707580463319
-2.070411001065198 -4.208281238308675 7.3767000995311545
-1.9871343722929977 -5.223163035525708 6.910745260636756
-1.9186512046546245 -4.141038345503475 6.658359504330024
0.03601683154502367 -4.763124815335256 6.514843160130819
-2.4090175600472175 -4.215506274603196 6.786717310434745
-1.3481483143018849 -5.057943025855268 7.711338701261575
-1.8236539505075575 -4.771404532641517 7.5978113518468735
-1.6592180635474587 -4.45693694838333 6.178421612580137
0.17520891487030918 -4.920178296564279 7.487222792346434
-2.9925917334211536 -4.411943238490826 6.957294219829941
1.0226657878479732 -5.765109339777973 7.3167535020359225
0.468432423075013 -5.181343185001081 6.699700882820021
-1.2475350094641593 -5.805953435509323 6.841368262476366
-2.013808948448184 -4.498520175178207 6.727796629957482
-1.5348323748417783 -4.621286229462786 6.820026155299146
1.3128830815477235 -4.046846051166467 6.675900249704528
-1.3873900194949353 -4.509159502679793 7.340991371138945
-0.4444276917831022 -4.527723236789928 6.793281942896317
-1.1735246025262833 -4.169617690834559 6.732098390696498
-1.4386819496391918 -5.168926310078947 7.8301558671888385
-1.4979917176130482 -4.747645442896468 6.566863677448101
-3.8213368333893407 -5.098549394239622 6.641636019297318
-0.6677269575613332 -4.928056163472444 7.3847810889720495
-1.3425241288831868 -5.451988017513362 6.286815342562336
-0.5255550452368276 -4.776046130166149 6.716805511757791
-0.784629537674267 -4.810418644115245 6.590037382803927
-1.6190702874283927 -4.125224904445038 7.257101341170223
-0.8615118230698428 -4.611871066340702 7.215909917774622
-1.0447755524401583 -4.6741287949675545 6.753844193575371
-0.3136675473653371 -5.238839575882424 6.131184644939698
0.7105114134417769 -5.2753715664608976 7.012052808904732
-3.3680362907144783 -4.434965891013399 7.8336491846554335
-3.7762214273121084 -3.487818620085996 7.666722048713464
-1.3060184349524917 -4.32175509682776 7.4540917419726345
-0.876910501880421 -5.715538008071205 7.8384965178906425
-0.02610375672398345 -5.44234518935706 7.405509944555605
-3.309055809966403 -5.368164746513336 7.643587098496327
-0.11491156740044789 -5.251750348575479 6.623762002345752
-0.29560861077699646 -4.785643128430224 7.073656347948808
-1.5687485319965455 -4.564734284712801 6.8019400689876175
-0.3113793005470339 -5.286486845088847 7.577293572249088
-2.211032912046469 -4.3434177543881525 7.415819245332641
-0.3738762934881758 -5.136073338934811 7.359014288741763
-0.6931297829269557 -5.833893007366997 7.599496766064056
-1.0153970825062897 -5.28389820556319 8.120059412461998
-1.077111028300004 -4.286108427480543 7.123666245753193
-0.050236053573050214 -5.370366521036717 6.340390567853478
-1.209261284440339 -4.915980192851946 6.390121300985914
0.02314807659896373 -4.883083301993572 7.5751922023678135
0.09238906376899651 -4.88727568444399 6.796215415885417
-2.525801594779291 -3.632006956438789 7.062439258778394
1.1032243899010914 -5.06319284165567 7.167173376047123
-0.2283648227101791 -4.736777169169163 6.95110067410468
0.05930025797352469 -4.482450049057186 7.059772190447921
-0.7905172341759309 -4.872731142619856 6.9434647138384005
-0.0007578110660614295 -5.592703414798158 7.420149257015008
-1.1263971002481596 -5.096067314686294 7.487278086377062
-0.1704999897625258 -4.8887157000341555 7.777608220169305
-0.7293060121033959 -4.9362694226408905 8.580484853181984
-0.010159603525179615 -5.358722703834945 6.863074411086689
1.6032587557007492 -4.576481132806169 7.536141880092688
-1.6336910095951258 -4.817683527224218 7.071753235916301
-1.3821013118497305 -5.177380170788322 7.81023126090142
-0.38841213042220113 -5.183352530308117 7.748248256693322
-0.27554360683565027 -5.097120503536622 6.546587998913277
-2.0739132521841026 -4.816954567709928 8.063355227676043
-0.8938937208020192 -4.30488460611372 7.710404531112381
0.8875293475938664 -4.555321241046918 6.830131720736646
0.10767765848584318 -5.037809617683053 7.6856508455810415
-0.26348639166707577 -4.948663824881436 7.465098835326872
0.5218151368221999 -4.2130521388249 7.463083670408196
-0.17036737622885062 -5.202387249111737 7.961955242460288
-0.3382275471467085 -5.109720983972168 8.101537712802049
0.1993165385866169 -5.385642783300364 7.821583723783464
0.2321263005642322 -6.383547227637661 7.579751844745123
1.092963451276882 -5.11281344155488 7.584387799632247
0.6136048415360047 -3.7701819806426027 8.395893844155832
-0.3568321474003272 -5.12445740144529 7.642902029979465
2.335577663577873 -3.6528403230764535 7.352054561051253
-0.6866744411802266 -5.119491360040112 7.596254575661429
0.04491091442258963 -4.44664132177849 8.129556818141774
-0.056573959278021675 -4.862298112285706 8.32581376959164
0.663343945985668 -5.630774608986372 7.914333030360623
2.7411483615387717 -4.8381100914631014 7.9167348770809545
1.140747378683759 -4.209692865160148 7.495525707506516
0.0019373006769478334 -4.902282026196443 8.257692496075924
-1.451004059359416 -5.490111343730855 7.870867659569424
0.4391945017691098 -4.527193475233425 8.259242015745667
0.13355113138285613 -5.144389811029834 8.010556983213682
1.3555886919501081 -5.303282969702151 8.64240250789075
0.7315806869800281 -4.6665877422154365 7.468607079545909
2.2493127523219676 -3.8990700127471976 7.864425498009708
-0.36295987824828235 -4.954034243780828 7.195185826936859
0.03466970334582192 -4.530863106877081 8.077770823990033
-0.5449438903509243 -4.856944784396053 8.389012083279987
0.7938107784214152 -4.703995533114194 7.3581029822683135
2.361673390236038 -5.002206777602538 7.5981985611062814
0.2977037655484886 -5.848725602953997 8.379980822564844
1.3434862229036135 -4.138327031923821 8.143378209938192
1.8051530610008313 -4.5684867470014074 8.72913635696322
1.9017608212044395 -4.498011291450675 8.544666403614013
0.6405322015439703 -4.908986213915833 8.363587524788555
1.4049807550937767 -4.615327482319684 7.870194114915205
0.7417579344902946 -5.524050155482114 8.167786470539902
2.3215978056157374 -5.000513755231467 8.18154148714751
2.0958486669516594 -4.408480139117754 8.206142891254931
2.06195630266285 -4.613251328762842 8.188520348942909
0.4169671268242464 -4.669308806363 8.537664343900365
-1.3470930203260103 -5.04983256366263 7.902118956799162
0.2845674033113515 -5.539767015361509 6.824961467914754
-0.7733663627874909 -4.17711725425978 7.465224745993741
0.4418320164554438 -4.356129867113968 8.214767043342436
1.6019167521950228 -4.787047237046338 7.822517317693173
1.5572457566772793 -4.290772781138404 8.359985353430563
2.2064266812628133 -5.226409111296956 8.151786549720859
1.0415960497320944 -4.9461163289136705 8.83928497079772
2.637458864373458 -5.608310034473357 8.11583303027934
-0.22267849063271036 -4.796203030379161 8.455688886698452
1.03029000585978 -4.881956958699971 8.372084582332256
2.286816089314409 -4.147126607570041 8.636291541803221
3.2463464607600123 -4.666912596983991 7.778212751914965
1.932909777862284 -4.044365203569183 7.694381542841349
1.9001304578324758 -4.595182065404791 7.109922809705192
3.4302073085759983 -4.693555937143246 8.371829170173203
1.1057534659622792 -4.412171694597315 8.669454847496908
2.463457381528001 -4.612736568706285 7.984554294929377
2.448534080124516 -4.5669735409408565 8.107338749315895
2.1403793706815484 -4.163720501385997 7.43423958683378
2.2902514633673405 -4.471652183150545 8.29076580499549
2.0827250598464326 -5.43436892867079 8.113411755586876
2.0166354217107036 -4.4882781896884385 8.173787979372731
2.3827707490912085 -4.417502890298909 8.178525146585786
1.5502959203959146 -4.961607779061624 8.157589357269794
2.135684635126021 -5.519909070469736 8.265665918002652
2.880516539855471 -3.1763714571056814 7.534909694077071
1.8695289876486862 -5.114989834190571 7.908544308777267
3.246108078343987 -4.069717983181818 7.8789274996353855
0.6381099926450915 -4.711379331573682 8.219194310119194
2.295976452324175 -5.277625666792124 8.686223986219353
1.6836258574981384 -5.002493847971499 9.690248997612802
3.009491980524105 -4.008045859786549 7.616783716642548
3.4345512560676705 -3.600680988559789 8.861511387487989
2.5098501303129437 -3.681874298954676 7.696059543117654
2.7176733412711216 -4.517781452217667 8.889129924900006
1.510718491592916 -3.9713984905102175 8.325509143655232
3.0177146224925893 -2.560844794688206 7.745117222710223
2.1900517855028228 -4.226161424611244 8.536784416062924
2.9384797020281366 -3.8544306469364757 8.347324393936178
3.231781420392922 -4.255944330251472 8.069540219470838
2.680078377444426 -4.165035012068888 8.809589332601119
1.8473723725541678 -4.295034368192963 8.211458048117713
3.2735402449975837 -3.4482521400745787 9.738056892859827
1.4423086302886912 -4.09261578406723 9.0419730775692
2.773923412212644 -4.235133507149066 9.098308264964503
2.2608637653151296 -5.402162081216927 8.896142637387749
3.4164685870971114 -4.255791239342117 8.630826749326499
3.0039048609605965 -3.3021735135650316 8.425429291792167
1.9752248570545798 -4.193995103021175 8.159112032593674
2.65284693196433 -4.136362009562478 8.352203005465265
3.6453959019885818 -3.8640681151568077 8.719245816229046
2.4612558624754257 -4.3190629639861 7.947109446746683
3.4631441919920882 -3.798589991003011 7.728856072807991
2.3761327602195155 -4.830677721439496 9.115480954489433
3.5016285282042756 -3.637835766755167 8.62683170898165
4.779311516532067 -3.3751290703270693 8.879724415164176
2.273524410312803 -3.5384649700688326 8.0193915931424
3.4160751265157745 -3.512377583473047 8.716247872424061
3.067990720667775 -4.120525803112723 8.50304492613596
3.1992387451198816 -2.806022866734258 8.580099554715334
3.307847185891899 -3.6351378331828874 7.692187771453484
2.879930605103179 -3.9020357108103285 8.793451890860439
3.358858140777525 -3.2591684016590907 8.71099751176108
3.3382588787920406 -3.5781567562590415 8.454560629542097
3.095029770402124 -3.398279002998286 8.489120064049116
2.9984755093468545 -4.58444959330331 8.253320144788436
2.5863153671033405 -3.455341698825428 9.525048081488986
5.349298158786859 -1.973016499610327 9.61329696093204
3.2798817686706663 -3.3662403507481877 9.005952478100841
2.9638102646325186 -3.199541315824869 9.219607217162778
2.188477067306979 -4.744501623187234 9.194574061607936
3.6451439804755745 -3.7863758400141063 8.867686540292436
3.0818341594839427 -3.47637936699435 9.265517060830778
3.5596865810012375 -3.7343538531428835 9.184933376856737
4.62095441467036 -1.943380934304108 8.961345103976967
3.532856482085263 -3.725743688787881 9.127620615893182
1.7700203768146991 -3.5415647985184773 9.331308122711318
3.661299016027833 -4.089939287928189 8.19347663508998
4.284972906968211 -2.6601458601030328 8.981343811058036
3.669550588633093 -3.406076000010906 9.723675002837174
3.9878469387944033 -2.952393729747286 9.219559131491604
3.8115701342966304 -2.7950817361189073 9.021130732756548
3.613283168482571 -3.17934408202965 7.980552004962115
3.76555919586514 -3.1290554132934916 8.51888920057139
4.1622084619922415 -3.1727099638951635 7.806010029229538
3.2321805322607142 -3.0260048964190327 9.833141136536337
2.3691662318129745 -3.980614766873102 9.189518727737264
3.80369295667189 -3.70080136337144 8.963778438699208
4.170640500616582 -3.7519439415864677 8.1261697403393
3.120193839021306 -3.92292312165738 9.808395360634808
4.2816481388911525 -3.3361410564405234 8.759850304406914
2.3740986632291126 -3.2983167618992515 9.025569903161246
3.6755800739223408 -2.6011311547336677 9.167601226699574
4.0327925367563635 -4.228317109940316 8.044113583060241
4.112117319944507 -3.493668711966303 8.423330986521934
2.7298148773774136 -3.7342924079463984 8.646773178461505
4.1964197567608466 -2.860725825465269 8.3766534801725
3.535053192642787 -2.9536420878921708 9.179691170893104
4.037538014684741 -3.2671393637649917 9.00251914834459
4.290412354694998 -2.87915782437811 8.978401544436394
4.397042004155704 -3.116997507783778 8.835786944036041
3.6816078210884204 -4.490831581921641 9.554632126390455
3.930693919482019 -1.7458911550662113 9.129385625056186
4.3707297486555285 -4.06264258113967 9.16905329309061
4.211762718341217 -4.12621516183719 9.070375954077267
5.567121621256093 -2.3848914137709816 8.602103481685033
2.796302270523142 -2.882753938758606 9.435658169133509
5.03385086073714 -2.302252044642204 10.031288796073714
4.733548965357423 -3.210855815249909 8.560890842135464
4.810127800863675 -2.0062761817767303 8.898061246876852
4.080136960248106 -4.567730494315609 9.06961212320653
4.005199053568672 -1.6777235395570222 9.300462372922956
2.954636392792276 -2.9545470889351755 8.906113670333498
5.058224520461099 -3.026027731196007 8.650951365281635
4.81869825446532 -2.1951125283903328 7.776633598120487
4.486752329618529 -3.3627349147152725 8.454364734159936
4.149552241104249 -3.1458637959863283 8.442042008347167
4.748272851390401 -2.70782750610761 9.052671227064419
5.454119609583672 -2.625081915485573 9.222900053674456
3.7079378643793532 -2.5006868940085236 8.90892585765981
3.9883984049761896 -3.174702071744108 8.980274597614496
4.489313035215787 -3.024932685068063 9.155641473985932
5.357789991038201 -1.7053246500785544 8.633050822587288
4.99807688559959 -0.9460494382727336 8.78290680465733
3.650404762484395 -2.7728574882055343 9.197959981356362
3.9369217382356245 -1.9335208875561938 9.789907699696847
5.899335065028338 -3.062980394323562 8.289624874741707
4.666298902994718 -0.8001838172085914 9.310317841990372
3.6486356833630897 -1.7935978707553693 8.51889940218661
4.927826202343787 -2.2865592308039155 8.932081504452364
5.310989756251965 -2.825887861028376 9.568417661896694
3.6580401736615653 -1.5202698225247853 9.556967970137958
4.446879330824167 -2.8319462047266115 9.517079618603638
4.238856116281135 -0.8538559729614105 9.114870676358793
4.036547233399243 -2.9432529805256142 9.186735712669304
3.478734492708132 -2.6463918376964033 9.206555615774617
4.467304650051053 -0.9069183292710169 9.876534777558101
3.5467931995801303 -4.002365589523451 9.960341912981052
5.141556487743575 -2.4487198695104393 9.76727332074279
3.78545685308829 -2.7456555744619777 9.529643433521144
3.9449669017535327 -0.7448825329085907 7.9520223299423165
5.123040473615378 -1.107440036282718 9.355387806978438
4.396878157644824 -1.2685856335233665 9.064000469503222
4.941479113329396 -0.7996494485707925 10.24354719568536
5.753009316400462 -0.42141526003494273 9.818679139794932
4.73167268435368 -1.9001233792108525 8.244494948912319
4.540192870824573 -1.5960957251207857 10.15347832044069
5.055051144274611 -2.5524884406861257 7.93128274942662
4.548073735582707 -0.5310909869598133 9.175443063867773
3.372858272193809 -2.0976594721033885 9.993184897514537
4.838481845084975 -1.7876770923792766 10.450553378894027
5.325392129661463 -1.0224472154400894 9.311679943420518
4.034399662115427 -1.0265994005991177 8.300054823595637
5.596997554554254 -1.1081936907785976 9.822175468462246
5.503667127902813 -0.6872140759725327 8.083009727235552
5.140570331172135 -2.1657455106171706 9.754543388020878
6.415496648482801 -1.6136836858548695 8.32518477060865
4.942280634931005 -1.6549796334450246 10.459931174955909
5.961344661768153 -0.26260755738060854 8.998842780660683
4.866057085584059 1.3440611218693295 9.675395595059754
4.492935517403198 -2.7531216910941625 10.39146829984778
5.577241788303755 0.1791333392021582 10.150322095732989
5.331811518211009 -0.8034244351381017 10.43953847012546
4.6846133097232405 -2.210071084856268 10.47202718560999
3.3079949762254026 -1.824956941947937 9.871049229610433
5.242260701515488 -0.5706228809068713 9.889832605148857
5.4119096549470385 -0.7096186568810743 10.573570469043007
4.76848715658714 -1.6769580149374788 8.969450839730122
5.376714972426102 -0.4419162756946785 9.851034215543882
4.700044343318489 -0.9995027858284552 9.912478126212244
4.428939460754473 1.5868523429348276 9.029414804509528
5.285893239868308 -1.9580425493136617 9.786375218915714
4.883119753991163 -2.9229610439985114 10.005898269937777
4.990791164808328 -1.0626517624890301 10.236642447069698
5.1149765921141 -1.7911986258391384 10.294514026948802
4.219711921116705 0.6511898368230797 9.512325043850863
5.100318318491287 -1.745312292655997 9.252288649485655
4.884809624083781 -0.7671726997400414 9.90735869341375
5.139644909879953 -0.8033477668588512 9.492130820373362
4.431469461006783 -0.9332177151101809 10.038131922090924
5.158814181062099 -1.3200421146510888 9.297279792233551
4.880819580550944 -0.9014944747840933 9.244321821505034
4.401960583518754 -0.7726854248035403 10.190978831174498
5.5374243407264645 1.2068563838869997 10.630225557601793
4.265343769470843 -1.2716890251098447 9.493793138686557
4.846099762460271 0.6522304983737847 9.988050325909299
4.9282710429804615 -1.2769081053565887 9.763919014895498
4.511104180518055 -1.1112668333660174 9.805265202165257
5.275503033985323 -0.08655542238853568 9.370103171796579
5.094785135721574 0.726887308347385 9.177482372486748
5.2228797030455745 -0.5018601385014969 9.952482215175932
5.527033501932625 -0.5567825928028092 9.608462530792728
4.608923665326511 0.4009368084636166 10.771724608126489
4.916813996615138 0.1876064112289093 9.953871555724817
5.574944891194306 0.01896079755068145 9.719996465964336
4.102202054680427 -0.11557280999947699 11.229836700054818
5.099852690482737 -0.6137723309571489 10.539855170164662
4.943639487091697 -0.43676920236085165 9.84108195868005
3.9855908395251363 1.1485387179633866 8.761653964796256
4.521155635045187 -0.39907369720570207 11.648804918082524
4.586381718758669 0.6332262426978261 9.843825899732348
4.950510570074316 -0.4764023449272293 9.983508713901248
5.942241911841916 -0.262492908402408 10.328585247715587
