4.770754107144036 -0.8828303632029552 -0.11142718303792196
3.5941419547087397 -0.07300444819807814 -0.7035182319558864
4.126850535772576 -0.5417334949792555 0.6272936761210657
5.360558453242636 -0.05071209753301047 -0.03248770097111102
5.4796387965414395 1.5011801065011354 -0.750444097926302
3.9603252049826367 -0.7018928303246741 -0.03397133657292814
4.782028241210569 -0.019216079397925294 -0.5111510492898697
4.842762267811001 1.8384619699043216 0.47008604550283367
4.796404006055578 -0.2958814111254566 0.3575984386584696
4.799658732115122 1.5563447897385942 0.11406801863645363
5.796963561386824 -0.8582229925822213 -0.10218795853897758
4.547505678983336 0.8006643642121207 -0.2555735813119575
4.53717416734791 0.9056744345173278 0.813060064924118
4.8914148806384885 -0.5446540774250587 0.31181150417973114
4.212881702584277 0.08523360194098079 0.28413372447559504
4.613339156261042 -1.7381044418176703 -0.07972300358849718
5.275607841750326 0.8438122213842192 1.628804593404237
4.302160074633594 0.21173203434228188 0.6929050870010042
5.629886628338614 0.4745523547759844 0.28396545294507475
3.9864040381936543 -0.8725563987099841 0.8199330158181155
5.120550149273682 0.6962304145709164 0.11469167372309574
4.613500230180278 1.1447329533804373 -0.14526232956909546
4.296955655465479 0.44348365383282146 0.855862859715254
4.609282994145915 -0.3715230501761153 0.9027349867102904
5.229983872731888 0.10758423703419706 0.3497594558607649
4.370983987890151 -0.01844734297222449 0.9991342342346092
4.242495452730709 2.3545939237544777 0.038939062677985276
4.575218698443386 -0.4291505117328836 0.2475681108069862
4.8234590736779674 0.4036323521885664 0.7265045146187454
5.803036165382555 0.5556173560554386 0.3190804061131122
3.799909712836797 1.7436603315348111 0.9885798595960289
5.01499260298679 0.39458718246195895 -0.36072729880258175
4.953985222273878 0.22429483364134398 1.4792712299447508
5.697941962497815 1.4288159369745996 0.28463926587746086
5.039585832182804 1.7695954375063268 0.31907871386302245
4.491385340464244 2.4213694870696796 0.5248245014637813
4.736415456433481 0.6761105270266999 0.4292832266458575
3.7065382271200544 1.5584861511011208 0.6568332086847767
5.648757446920407 0.7091750877611042 -0.3631049076261311
5.581258975880367 0.7533545741492278 -0.0069995107802806045
3.4901107079564935 1.645849017841653 0.10855290030169379
4.030069367457874 1.9381298653755887 1.2982329066537992
4.65513152918907 0.1061543634627697 0.08800742333065076
4.906767811383903 0.6983645462938511 0.762557311269515
4.937346923340938 1.8661758921455993 0.7099964056909538
4.553415842653154 2.197743867851565 0.6901776659019814
5.1870566306193115 -0.014805733454389701 0.7479136943249926
5.392612387513593 1.2008252405634754 0.2861198615794345
4.259204879018741 0.797071014466881 -0.08571673751852193
4.2419699962035935 1.0721800622015376 0.6583527032032911
5.079974982292782 1.7457352823181687 0.6281340283012995
4.683501487917963 -0.5671157090480115 0.09260611814538539
4.838278352581983 1.973519361092651 0.5115356285724113
4.8504628490573625 1.609734337439939 0.5650162412417296
4.65580239540087 1.5331596632731699 0.29700765534853124
3.3852893737743996 2.4404840138051513 0.7415509198164768
3.519333368183334 3.4258391748463226 -0.5592298801058762
5.139291966812234 2.4291161760159183 1.4188056625020957
4.606214347607613 2.42051209649356 0.013606108502307035
4.415091102846487 2.6260745791288707 1.3531891647911036
4.001981310142229 3.468470723002895 1.201325558963459
4.517538960829547 2.201210557816062 0.9470124183922243
4.2372712317853685 1.9023464778560832 0.9886012720621358
5.047526501403267 1.7256213412017076 0.8160181824832606
5.019072913869964 2.096147443941756 0.4028532752808349
5.142285730987052 2.1367731855819465 0.4902572590339056
4.694396526903084 0.6570416714853158 0.003460392389334932
4.422852115615804 2.073953086878918 -0.08653974836437417
4.948734889552599 1.793770937141037 0.6243689088917052
4.137672156789665 3.259034389461268 1.0379987490499498
3.9615820280900613 0.9620798521261882 0.5042657008019873
3.8352427403663154 1.9949317410222398 -0.19920454360117457
4.685091162174029 1.4104279375890003 0.8409073457536602
4.968300148061572 1.3549540942185305 1.4474711493739192
5.663623846824652 2.6370671626089472 1.0815675670504026
2.91477526766618 4.502732200563997 2.1767657997580248
5.00680889351154 2.209247888413543 0.6188900014313883
5.660111078160474 1.7472098048005855 0.9956336679893038
4.807634265205219 3.263197054711001 1.0164589556589392
4.034692588361689 3.482081099710921 0.14102643639483736
4.71788103639644 1.9426188737180008 0.7660767715148589
3.715997591165903 4.335991268641215 0.7177260864593192
5.199558861186977 2.1254103019237185 1.3594926692737224
4.388482698213586 3.419589630670608 0.29840427659611346
4.006808628019092 3.0759239066001767 1.217523755238503
3.2459357485972196 3.1984005475567456 0.6122658684245902
3.460053564612703 2.49608018042259 0.4206848047122486
5.008363378664396 1.9517778701451751 1.463058626603154
5.030528628223078 3.744179742947402 1.5056265600697674
4.214974286720038 2.5713892473402824 0.8537784694354089
4.888760668859326 2.9751997768206606 0.7134184046792496
4.496083580453694 2.6821011247718256 1.4809938802154932
4.6203982599960485 3.1623215018951587 1.237848280499392
2.80547441585893 2.879573344393912 0.4238375652099905
3.5038985872166446 2.360127075298681 0.09592874106770688
5.286195263080153 0.6741695190682333 0.8704994686283323
2.9921401398076957 3.1526500263502637 1.9385183289591086
4.6097817447990375 2.213468558623206 1.29013508800432
4.900964826274943 1.1393126821577566 1.2337376837998697
3.6473925883775182 2.3157321281134386 1.4206714820226132
5.274624640050829 2.3736490658447362 1.231282505835645
4.054829842121112 3.725403580313814 1.588672047015795
4.432744111361709 1.904608835729832 0.6988159191311905
2.9743557369891445 3.140914452679469 0.6877515773188979
2.9756826249428117 3.6863909894710964 0.6777498082296731
3.1713449527019146 3.8248568408127217 1.600731211064684
3.467105208575047 3.248675849048338 1.1544261826968707
2.6962522013272925 3.746535257508246 1.3824066924562852
3.630030466039911 3.3380929364738052 1.5379850764422511
4.316580902976012 1.826336886527166 1.6840998969864631
4.489915997740746 2.5405894121737447 0.893679345230999
3.5211902235568195 3.81185155173709 0.8098454854013546
2.8171939943291826 4.607885613926862 1.2562846960470964
4.4663209202596645 2.4513630417339116 0.9014093563487042
4.245072345972704 2.4862767346021672 0.7163987968559815
4.196519677305261 3.2773440848467663 0.34895395864381606
3.5876642341696945 2.618966790992699 0.6425650568666457
3.4161238135980687 3.1479013883676608 0.7567547542272446
3.44488877650305 1.5284008996461678 1.1021470552543484
3.836644563049101 3.008491451105001 -0.1571341882962396
3.507339669325383 2.6033570672302995 0.9867868635720282
3.3096649919937264 3.4890791269079156 -0.38937069441076
3.306263116173521 4.475820280778762 1.1766540301555999
3.7899863671242633 4.22104911771867 0.7255876119626866
4.113886961547767 3.5638703779471066 0.5191864033169047
2.5088094955511235 3.5510886693858636 0.692622650744193
2.4825007660631186 4.34282951793851 1.6173725732879267
3.295104193812291 2.65137814729075 1.1497541815745527
3.6177562545181914 3.2369675349757427 1.4758428200481024
2.338873843071081 3.3490197031477273 1.074955161496437
3.5278951546218265 3.8051151996392987 1.7079246267144566
3.085447964381762 4.3130461973053675 1.0223040015069695
2.5483320517116166 4.185068253385261 0.9431358957291158
2.875396853476018 3.7948616990164634 1.5304320561223612
2.7398520825902835 4.6179858601841275 0.916035291339427
3.1541512416835484 4.067695446252523 1.1393379188374413
3.274781789418465 3.789562192498913 2.031063500259599
3.2969684579464493 3.703766298414393 2.360711421553015
4.006508479638276 3.3846594109113064 1.5230698395019777
3.4211356007409526 3.7151615626558296 1.0069485768788837
2.81089910610928 2.567249497624533 1.7829048195278743
2.807987688119431 5.147036952154037 1.6100519419749442
2.5653466427021736 4.2956329225256695 1.8037900950830756
3.0155100375772586 4.014026185426591 0.7339711114323048
2.285329330265962 3.759586961924805 2.4045828244368135
2.1274940012590284 3.784093130826093 1.4979661733745975
0.7333540589045904 4.729689315221624 1.9699915028056223
3.5266335157693565 4.4535549263824326 2.2421175739745065
2.0676914811960065 5.358776878453012 1.7430750780434923
3.6992464496776942 2.585449317184014 1.4418328806314074
2.2689449706438825 4.7251496247831595 1.4085223910582463
3.7455475594321626 3.5371961733291304 2.101336174900252
3.152639691349882 4.30196524051625 0.8003458744769304
1.7107288186067133 3.9858569081475212 0.9968510716863243
4.161618443743024 4.36411839860769 1.5026682605528432
3.200222028255381 3.981826025489202 0.45275893375871235
2.6100040333914305 3.72939793140965 0.5091134313295276
1.3813315117131382 4.76349334744998 0.6075777413474348
1.8311241511658742 3.9402983758983208 2.1427895637125376
1.7922808801409418 4.781616972671814 2.272305617044162
0.5006929294460977 4.694906048272922 2.2556062690377066
1.3005708252741093 5.810714291502839 1.6897742706561025
2.522304090760241 4.205770684363811 1.5724728691367091
4.155146849985578 4.244193682619044 1.1714453071417414
1.9411905577647266 3.891913590677628 1.6722144314552505
2.4270984462122045 4.595347966407218 1.56028383634566
3.2126444261968623 3.11696784806955 1.736544637221003
2.484929461168652 4.188792739320869 0.7490976592547712
1.0302019835378406 4.202652509383685 1.319180338074693
2.93673749744059 4.70475832402973 1.4987145586927655
0.6731148024844109 5.041477316471802 2.138129128993629
2.330634296128421 5.587708600488188 2.0241198836452443
1.835243561660984 4.6143764013356225 1.923171971635782
2.3685827618899045 3.9350499879716465 1.1880837146876988
2.391894054615837 4.4684128819359 1.7974547508352732
3.041655606200645 3.6484262478996925 1.5260138637104887
1.6725951624174726 4.987560567392465 1.853949526289053
3.8863519642795157 3.777863815509117 2.294300944025344
2.822925747772956 4.410317494306407 1.3958397795262871
2.4413777697832297 4.3030540646949635 2.973171669889289
3.3941169332175396 2.327200626392072 1.8651564261049878
2.787116686279364 4.695357597097971 2.029657346790062
3.7452376251748563 2.9538960334679167 1.3810060533055641
2.8960695218073043 4.015138566405265 1.8131076867475548
0.937382302509721 4.808127624755017 2.449003384148099
1.6806608743529157 3.9044466100913744 1.8947161522822948
1.057536286017234 5.180413183327056 1.7962980750646096
0.9620564211742811 4.749869748764077 1.981770904706386
2.3794903186493697 4.962313162254271 1.4317492331367487
1.4734988996487712 4.642029743381951 1.8371838773423477
1.9366808397084756 4.8367336433383326 1.0096346228768942
3.3054552333054215 3.957356199172642 1.6996469751793124
0.488597072318069 5.2379124711739244 2.0716232809082236
0.8198666773677615 6.08300576682061 1.7264753878101646
1.3038323890888186 4.658531563175269 1.9027966354250132
0.25514616307017074 5.482047421980575 2.45302891947167
1.9373285758631673 4.493787451535186 3.162727422246785
2.3427289124743864 4.799031407464652 2.021864518206317
2.0467967710489487 5.649537003664757 1.5668215437752948
-0.10046259128104952 4.830966097550835 2.046893185239072
1.441219109731143 6.464145943716709 2.3064898692554445
2.2498837413939583 3.6185206943762154 2.0225374259669593
1.955214252829123 4.8071307343733265 1.253083001219431
2.471951839159798 4.006628691968419 1.6758921548356678
1.36447099799095 5.048522611007293 2.150886307568249
0.0729617131161077 5.167683179312926 2.1566735535221384
1.34873073934066 4.770460586422986 2.2877609984422462
1.484890993055499 4.780054111214773 1.3703501708951231
1.7451981951218711 4.67835442381012 2.243289999714263
1.0645210594513712 4.492213323400221 2.237325486948175
0.0325844141012961 4.495617419379103 1.7098405665150263
1.5893276237767313 4.865490235539131 2.516139979671471
2.041534443742374 3.985242464995567 1.6257793844318453
1.6471221749784244 4.7736955129598435 2.7876475191161942
1.6922064929445435 3.9688651000885775 2.4797708157186067
1.8835857577060184 3.684899082102994 1.7466582173193432
1.8547313607283897 5.060531857609667 2.5354584160357776
-1.303594802678886 5.336940101597675 2.283206876724125
1.4386184485692382 4.3572032311423445 1.8007912730038989
0.9524755639326354 5.202112961588018 1.9361405060537697
0.8500005232708931 4.9650945846630465 1.8103614030704331
1.6806947421785028 4.5316623652550945 2.3064256378674464
1.639471558868539 4.507466034850228 2.4026090058721015
2.912484837475068 3.4228037916129876 3.17505108208063
0.346662059019335 4.684329773759211 1.3612661985216383
1.7694264836352556 4.975424311659731 2.5958068764198954
-0.884703100487046 4.593785662449104 1.6647328439460596
-0.9377442257486 4.2689409604320305 2.341158611845162
1.1154803141585699 4.273472008232067 2.522716868271598
0.6070950819459704 4.810467730841404 2.433590394503111
-0.7479005308285886 2.8704456713286532 2.13598550253696
-0.3516467779205237 5.099223459287408 1.9767647226480858
0.6309700820695853 4.4992791896089415 2.6897344657749973
-1.183038306554686 5.701285068372275 2.0339913590103422
0.6656067615303785 4.661685508934843 2.2825791909889555
1.642065149263067 4.33166438520973 2.5131028806060227
0.731817528168926 4.794876027113879 2.2767606782652603
1.4965430414376932 5.563907190466371 3.054567538523366
-0.08080802476567873 5.434996531441105 2.478853059398414
-0.4689656487439063 6.036528493949232 2.303865991027579
-0.08707173351104261 4.434983603678852 2.3965185247001224
0.05227401782728479 4.4968420107312825 1.277161232972423
-0.09585751982970687 5.017118221456413 2.6687580171310485
-0.2838444085213296 4.923171326409077 2.6523082911941986
0.9695661363846899 3.921800302947128 2.0854977033718862
0.6055132957814412 4.708133935729916 2.5626932778243163
0.956634564495966 3.960417231157237 2.6826786723784735
-1.6819020615102573 4.1261523992860685 2.995597089038479
1.049369913595855 4.773738404757006 2.454071553579279
0.7723871306965352 4.446133683078494 2.5689487016254025
1.911584780810493 4.855611933086123 2.064159888368226
-0.4772570132845588 5.138791634764836 3.2617578105300002
-2.085219489276301 5.861414028266995 3.2065676649103247
0.6653212479422528 4.848902936527751 2.9612518075039613
-1.9977134956638396 4.254706011233811 3.1967149933106715
-0.5658089480048497 4.7241162282084845 1.8451673750651065
-0.6002290694671292 4.915277474237799 2.0564493482648167
-2.0402279120630986 4.549110817444521 3.015817547466252
-0.563035902114096 6.0502654391492365 2.1779030676484052
-1.4504604893078266 5.639728165304909 2.987049655518315
-0.09214816540088949 5.167430347105669 2.4359944087168826
-2.5614472385240514 3.8885185989910798 2.20979315491182
-1.2112664701180813 5.1587046418254365 3.804341807013496
0.11771113318414231 4.789497263452694 2.9980869880702503
0.34959031657776296 5.590142808537273 2.528049117705804
-0.9702434461673122 5.277405925483236 3.0511936803395843
-0.7529878937608914 4.319324784342345 2.603792918819079
-1.1679759722403011 4.927127456837984 3.6982720827826183
-2.235575302059368 4.923084636710698 2.858902478932385
0.18778790815302543 5.306272037964293 1.5365693957268483
-1.5450697853772968 4.136657891778635 2.4568184220440714
-2.19386478673392 4.515941044383381 2.68900030074508
0.21299563235777152 5.0160282710782 2.1199692438540114
1.2500073689151094 5.848561565709781 2.7532787777629633
-0.003951613457759817 5.142954246651155 2.941692087847853
-0.056186836719949784 4.801927408803758 3.257095456795035
-0.6641552534490787 5.0240703904598165 2.6604022152939995
-0.35009426722478515 5.335534899069995 2.34483529689398
0.29112965455577566 4.686921806593274 3.11557133469442
0.7854304422168846 4.592552399768647 3.470658532099018
-1.8485894438647963 4.107190197008631 2.962845922663931
-2.0860100664349424 5.581462130144933 3.1786091916374675
-1.0479670886028942 5.314899673440178 3.190094800178815
-1.2438719486340326 4.482396656640124 1.6622842662761554
-1.1342821848427314 5.252957126408051 2.825501217389981
-0.02024639700052238 4.549657679516743 3.568935903858489
-0.6123451034066699 4.516478776649576 2.3589402996680584
-3.0790849148993433 4.156535388576959 3.3294597920441777
-1.2925461172865154 5.414210635653672 3.4856263512044663
-1.071935313130198 5.040406595258109 2.3075339690042393
-4.326024239778386 2.3317275396646653 3.521991419469626
0.2108234717060782 4.537410801162449 2.3226303014355834
-1.4984864446126618 3.9857598778394934 3.213886664708597
-1.02381278511227 4.049028249729379 3.708356349647446
-2.126698377639797 4.70244389657328 2.603596157880343
-1.2334752607385662 5.3675420736078685 2.74941685496425
-1.5538232481176144 4.176056991218796 3.0733660315565086
-1.5053191905216141 5.37529065632753 3.933619684575728
-1.6672949606956116 4.67509130391143 3.1465329682115226
-1.8641837131827468 4.729427947719859 2.465434700015921
-3.472407811201481 4.452077182785772 3.0333934467110018
-2.100223466900818 4.726511641194658 2.7440738070331747
-1.3649371940889525 5.007986406049015 2.741373214772085
-1.313653688579078 4.453172472780354 2.014558123138114
-1.789859180132409 4.862444254645651 3.210041421958931
-3.900050787742806 4.487048897286976 2.995123370654016
-0.9429491875025472 4.25915233587852 3.162942338751065
0.27471393058160376 4.993713642999064 2.989257263538876
-2.572831446547417 4.198102592484205 3.5725297696254197
-2.8320374091509892 4.582511823067633 1.5978384453777212
-3.0625900478628463 4.444166838021233 2.869642126123548
-2.714032713640655 4.032560381775655 3.081121927565927
-0.5657039640494707 4.830077046780086 2.719662078717633
-1.0194073817035907 5.123637461532286 3.119417301815585
-0.2509739065718295 3.615067094680355 2.5948351823683398
-1.3768911574639275 5.152429921723945 3.0420771275944167
-1.6230221134772795 5.342563041504798 3.012150663200524
-3.298097404673591 4.431468288860574 2.5868142337466464
-3.4445303531139526 3.080882638416396 2.184039742799373
-1.230352418640707 5.3620414895630795 3.499338160440519
-3.0030254460253536 4.352518918677333 3.275773779430483
-0.27473830755234196 5.55531512148653 3.7654113898324963
-2.028198261265247 4.210807899085825 3.036388027464784
-2.435730783250187 4.469907868385441 3.912664751625333
-2.995453143868346 5.005285093015991 2.5064385512194765
-2.0103018299229953 3.8807495696855048 3.8241609905165945
0.18298641019865344 5.392703426217166 3.5975316623010176
-1.3721554017462432 5.313878460701089 3.3837793404261522
-3.929452272757029 4.021353109690063 4.033292947588148
-2.4071285779438436 4.170479104940506 3.496306362031223
-2.036265906173763 4.5886607377828845 3.623623768305095
-3.080006564462006 3.6167649973551037 3.322123921781744
-2.323698408774196 4.596458288918163 3.791493796050103
-1.234079514918192 4.686463784780726 3.4681471123881678
-2.8221292807507825 4.351540365314435 2.4175053526103185
-3.08527294134592 3.4098884836338623 3.8203506055767016
-2.3984489039184003 4.498843902611574 2.5309629058064087
-2.980292387029031 3.734657154319836 3.353360928049499
-2.844183463370834 4.476263665198742 2.4856466194879214
-3.417540470677285 3.987636665656175 3.880416236272284
-1.5086556787855583 4.7268001093012275 4.438681236739447
-3.735275370971041 3.9657219506562154 3.2458493314136585
-1.1850250014347943 4.601990146298078 2.961298855332882
-2.16715374468852 4.62978968985436 4.237931494194655
-2.83948878981578 4.2627965950194096 2.971152836274506
-3.6850080747063614 4.207019688498488 3.2912840079261416
-1.088771765056354 4.842587068415383 4.147274157096199
-2.88107273627756 3.981557250240324 3.48590897745097
-2.656387131947913 5.674050515637617 2.9551433380693855
-3.2303507789851342 3.5140381194118344 3.3437951401304904
-2.022357565665088 3.773956617017885 4.20127859901899
-1.8420878420739841 4.678540250414288 3.493996082614798
-2.5801286034065063 3.612091639304959 3.499355140077863
-3.6303197684346045 3.9152261655797482 3.846991946473631
-3.307390160531745 3.525357942546106 2.5035844215059306
-3.5351711215101784 4.38239802869072 3.4585007731828203
-2.3847703934394073 4.748339603322341 3.8517969373110925
-4.127655480881011 3.3487241080866146 4.078708494607562
-1.7006902208827535 4.375564382415568 3.4368005770337806
-3.329107294894269 4.973094920654515 3.287538256817237
-3.539355968387193 3.8618943935671517 3.6065791089119035
-3.897090218589146 3.266852559966323 3.222686709922031
-3.3032382707688566 2.3722703378311394 4.475163873903274
-3.819908612552018 2.830760863195177 4.179725256778815
-2.4782060316080847 3.672467261347167 2.7612101152461177
-3.631099911180137 3.4349587934203316 3.929521982350791
-3.6570218018289435 3.580132993061902 4.025933035692306
-4.067197106088227 3.703559758035998 4.655529085647954
-3.4403724538337292 4.297336954414361 3.460140613496899
-3.621024720952795 3.1033495813035814 3.3888064648759038
-4.005422762700072 3.6377586896654335 3.7172463931434545
-4.278954727602705 1.9670184148001664 4.188972887698945
-1.29855534001855 4.5855609646354365 3.3283019297949457
-4.315921555518268 3.8768785626711644 3.6562568453921354
-2.6777072559410198 3.1319407858780846 4.048781499978157
-3.688430823375173 3.243872885751044 3.9265786832744514
-2.217824168927392 3.562735220866707 3.964940056714289
-2.9089265074526565 3.929603580656638 3.0944851453953044
-2.4135590440258112 4.606159704241252 4.0724205141861445
-3.664819337621606 2.799456853932724 5.0255732292939985
-3.474957706470147 2.293506230666158 3.9342466606617874
-3.408553173190243 2.911804385301897 4.3956682853473295
-2.686363820047657 4.087040629078859 3.6231354330219565
-4.235367879417948 2.1098939818966334 3.659770774029513
-4.7652113098686835 1.3891868986944356 4.457263776569728
-3.492402065227333 3.3234239261720027 3.9867333393685773
-3.305352096066291 3.0879872971507623 3.7815578288085736
-3.2534879732750763 2.143872183653284 4.422141736377119
-4.1080090985028015 3.4179304788127878 4.131466589321258
-5.156884076073199 4.028543583867328 4.018905352095073
-5.165240823665897 2.036699948530984 3.1862825323417168
-3.9071245215312063 2.69346473835868 4.2025596368668205
-3.949135480731516 3.2834282302628854 3.2314498273433103
-3.811288379405982 2.143118091667771 3.3872457266476874
-3.197019671646264 3.667030602674953 4.01357960903721
-4.18980166445626 2.888795169113125 3.4327968101530417
-4.856563423853718 2.7435420818395695 3.8923467876787425
-4.49694842952047 2.5254848659828726 4.288818068528962
-4.024244127261302 2.3400250392050403 3.8468073084915213
-5.868772713863318 0.408307987260196 4.198527531102439
-3.644684022389084 3.685600907328111 4.1296857200292765
-3.9484657180843308 2.792823539171363 4.543837203818621
-4.032934041252099 3.4709158527873134 3.5741733220478453
-4.0315181269800435 1.855782671106899 5.296486133085299
-4.494630868139434 2.1400822332756646 4.195694358864109
-4.686592977430967 2.2014607879674974 4.9452543469660775
-3.2107519256853356 3.0959825185523724 4.368304644016409
-3.6750127222996065 3.0209987667817924 4.559179831496373
-3.733596196600374 3.1041211038274574 3.622788943812606
-4.7724923574482325 3.2737973836296783 4.4785898908305235
-4.112015814315253 2.8510030468110803 3.728643407997101
-4.076976530861455 1.414422170089637 3.346139246451859
-4.26739696453241 2.943829598575624 4.450667757607687
-3.7825860468492247 1.2784433887837825 3.8935085271344145
-3.2064199708038927 3.7935709560385145 4.272222660826065
-4.25958902493959 3.627901487127098 3.75267658945292
-3.614622888780026 2.026742740752915 3.839789478833616
-4.891673161833218 1.8619146405174039 4.713464898605766
-5.807092758014041 1.25214701606755 4.004611507233724
-3.985548243690385 1.340947138006752 4.198857176314048
-2.6240854579598984 2.6407184201699887 3.3283090357327274
-3.7736726078712306 2.8271972142596153 4.342988034768401
-4.282441474116097 2.2521878712596575 4.868745515680385
-5.049704914851452 2.254339298226467 4.729995040432522
-5.249988350726263 2.727900346930465 5.19846013434519
-4.496133290932909 3.0049791209375036 4.103397120493886
-4.929657528113754 1.9496920003929614 3.887363902492374
-5.114802111111568 1.2866764293465602 4.710420267447789
-4.358734612680027 0.9836151350898082 3.661036722020158
-4.198743077137292 0.6991700822877346 4.703992876249364
-5.146003608806953 1.0700330690314095 4.400276719184661
-4.779658426952282 2.309332879257066 4.544630357275795
-4.223658169749214 2.4236109518347675 4.490911970378639
-5.456913488286854 2.785471864209052 4.81611854265556
-4.693365803457006 1.2143230888789136 4.087363985367632
-5.053901065765436 1.8154755934039384 4.371281484159616
-5.124745947243383 1.2348634646641805 4.286414065330384
-4.83866479419918 2.6277034477814403 4.262986448063765
-4.098392822959578 2.744054718544767 4.656380205958169
-3.601942767027551 3.7624226470231608 4.525318679767596
-3.96698271979759 2.960713713948361 4.507036385499671
-2.932959120944078 3.009782508120709 5.631695493535804
-5.147306260068283 1.3688402329203342 4.388025776087208
-3.994687810149217 4.393550356595499 4.899345389385501
-3.828180600163271 0.6624970390992386 5.09638392188762
-5.012942652115673 0.017652028547859185 5.239200457199094
-4.473205065347671 2.345837445549778 4.238687947892146
-4.544125211769876 1.6083501579364852 3.89134636335786
-5.755737809079244 0.5172712784607869 5.064922370276921
-4.603273195302393 2.6963659864707052 4.184703716160152
-4.703567704739075 1.346320805626136 4.588399009651672
-3.7419112836569237 2.968707719139969 4.357741288950511
-5.390679828848444 2.437846129943451 5.504866887667459
-5.532708161318424 -0.15525073846376725 4.348846498575439
-5.069580764418291 0.480170184961407 4.5549472700818265
-5.2802386077024215 1.5381202907373441 4.35431831836215
-5.259401043855246 0.2125416730730155 4.95632249016508
-4.011706417794623 1.6837712402756955 4.40841536516153
-4.646366406526036 0.888582687393506 4.092632058491544
-4.340964256051648 1.464616043023332 4.097582472787392
-4.694353823302198 2.1353513347061304 4.860256247215236
-4.347960464777791 2.1059922811301632 5.45792485619748
-3.453202030720616 2.579109189772958 4.958689784171753
-6.018278663063753 2.0706330769864314 4.521634779822825
-4.249591375051194 2.2049903545622884 4.660180438666596
-5.122336392324199 0.34792496288845337 5.243304898952095
-5.399748241417551 1.820049759720719 4.756247381498207
-5.907101309561383 1.6543892231474147 4.528190812132948
-4.558534164647047 3.133057809628016 4.481598105490356
-4.578687023881276 1.2123590311778698 5.244169673332301
-4.675249227300622 3.2388398854597256 4.014802664705621
-5.224335750595326 1.6954402835700193 5.141690686413525
-4.9732381091149085 -0.4706763074134204 4.275151285961127
-4.789126595636639 0.22549924011051445 4.755153850219563
-5.2290740432080085 0.35773422025950696 4.559254896738607
-4.827588052177308 0.6298124878950774 4.043106891339346
-5.088515170895052 3.2131532061179806 5.083804887143428
-5.277659860828494 0.02660441620512523 5.650964378359054
-5.664420081852591 -0.36104079771390446 4.417496139896378
-5.417695155067287 1.0202261434838922 5.149171739252908
-4.569323220461065 0.8956603431986222 5.003496857108936
-4.0885811561750725 0.9978296964582438 5.4738188496081355
-5.624898238606669 0.20906169785162018 4.105375826193381
-4.931145827896084 1.2110951254287543 5.234319455675234
-4.407115009323378 0.29561122530397427 4.498127364757633
-4.569809225461561 1.666916172596142 4.762817685001809
-4.554289293165495 -0.359148228060465 5.991622998680232
-5.852014615613505 -0.9784212890407092 4.768157941279816
-4.593378075570149 -0.9158129890898261 5.356737115739385
-5.139272781605311 -0.7575849710898623 5.286976751423072
-3.578675750366043 -0.5927539404504631 4.1744514012761975
-4.820525993598511 -0.5551516493520708 3.857291759042233
-5.624221968022803 -1.5442384020374096 6.2704834974490415
-5.423873045720078 -0.3997613624830365 4.198838767367015
-4.666107442148649 -0.08159727757751192 4.601716281490895
-4.909097683567058 0.7898060178918562 3.883294921395822
-4.816639376765028 0.16382784880987672 4.821013662704151
-5.941417235158255 0.612446370757979 4.867084028426098
-5.083845636842025 0.2911127914693701 4.824911642169596
-5.066739440496111 0.008187713883159689 5.534043781193166
-5.399226845629418 -0.22413051841752155 5.904913255992183
-4.234739846484291 -0.9955856318170377 5.665459845703776
-4.873078288490415 -0.06848315954036857 4.452067102040446
-4.897244566084778 -0.11164028956284365 4.619931202528823
-5.724501103150915 1.5823936617148258 5.084615592415815
-4.808290788367528 -1.2412711166571815 6.261966819089997
-4.76737981182686 1.5649479362856882 4.434486324551404
-5.479912881977614 0.23214706987982606 5.439266012406496
-5.128807174125557 0.5938561502889599 5.32799658678122
-5.859650959979817 0.18720651861450596 4.9649521619842645
-4.534040758654119 -1.0546149826588465 4.560453806755142
-4.392725658063202 -1.7439093481623167 5.579428949764563
-4.8481107166427035 0.20634034243910784 4.818013104977172
-4.9851272117175425 -0.10899277163453021 4.45938548501042
-4.184147318919479 -0.8399049530726252 5.377727295014341
-5.47908676241132 -0.42005207357616325 5.512468204682816
-3.941326183031712 -0.17917996499481897 5.175386205606114
-4.748928718161645 1.854286646776701 5.12074902053314
-5.396909134457434 -0.5606009494830152 3.761427144443135
-5.7248789512461125 -0.8639189432995775 5.379365770934229
-5.140262117766776 -0.9169014165224854 4.813309623486917
-4.681344098325839 -2.954300512848277 5.46142107942191
-5.521197281424866 1.4639160338210964 5.196194498873096
-5.239184190598271 -0.9377710043262378 5.416448496275859
-4.482499826866132 -2.6292246036831006 4.918988367301503
-5.159190590255879 0.033806055190748745 5.083501093322741
-4.343318833641933 -1.32138385951704 5.074935271259729
-4.385711388956741 -1.3178698531285993 5.062831549332586
-4.667161658062606 -1.6967384687226192 5.863621413325159
-4.268740039445149 -0.4638909483068349 6.387750259374723
-4.807713676819685 -0.0399442600875929 6.345655582054287
-4.662197669740019 -0.9161872588910307 5.516054938832926
-4.750263410345366 -0.6350998342311802 4.326454241305434
-4.2947760276390925 -2.390566862202744 4.571247690104155
-5.046037603952791 -0.6070639271834597 4.266844895471804
-4.6425251693070155 -0.8454574728569169 5.755387356752402
-4.32720377041117 0.14076479966070254 6.153573242523402
-5.907870953227949 -1.0313273717559783 5.364304841613237
-4.325426422682905 -0.8965832450144195 4.840899562849993
-3.9941121901808914 0.5780151057643337 5.385880541682845
-5.401137134252187 -1.748466600258365 5.040835768371681
-4.581183766196134 -1.5223538272718322 5.381609183128853
-4.183721807079414 -2.98695244222106 5.102766949882112
-3.8304858248328215 -2.7862036496508003 5.287115645504117
-5.091210847477023 1.38542685838287 5.749601172155004
-3.8847311002069507 -1.3439522190515545 5.225751316846754
-4.9272191079034755 -2.242625268424629 5.762807771679954
-5.656307222853573 -0.8739724314339946 5.650319732495204
-3.9402336288884356 -1.5181719123671054 5.725960210618784
-4.808190635335522 -2.13517034872099 5.453751911420501
-5.189652423074563 -2.416260243348327 5.568345884260228
-5.444682704933515 -0.7752166682128441 5.7539066907554846
-4.4119796075767965 -1.8597860476903392 5.438285577894241
-4.75661299424427 -0.3563303377219203 4.956390294226442
-5.0663876818548195 -0.1021646323528444 5.717474977135625
-4.106948154260734 -1.139886297041308 5.342782388577496
-4.158092796754362 -2.115487011431704 5.260599150456874
-4.946747503955047 -2.318410349196242 4.939265292674625
-4.307355436362274 -2.622322913587423 6.0211912574423705
-4.553359040298344 -2.926870186581953 6.327874575291101
-3.7339380885347713 -2.5358228600804082 5.379375374700498
-4.440254278897231 -2.010024719464928 5.364240921825688
-4.465426863959925 -2.127837371322764 5.860610209023588
-5.4534801947463 0.6223525120067749 6.413915270026126
-4.425002532899648 -2.639189277471033 4.787627559215874
-5.0596131665040405 -2.731733326471307 5.632618675733968
-3.846654505676645 -2.6905211347370304 5.339621902354314
-3.814791663333147 -3.343672432605189 6.600851272748582
-4.409696553682067 -1.39840835715406 5.392924277185497
-4.1486705660822825 -2.31873546816745 6.508162984901615
-3.7464927125579846 -2.5543439810043913 5.748712561860443
-5.818902144637748 -1.3239613250564466 5.452786287853057
-4.443409937148817 -2.34387845767841 5.180957192187419
-4.110826063585089 -3.2602549242339727 6.253767172050552
-5.043136925100614 -2.2016371887342236 6.172465962229312
-5.004103187555608 -0.5048685305326895 6.454470795350244
-4.783691187786222 -2.060677665467253 5.9783062613716496
-3.9544582394455206 -2.319410145564191 5.179093331635915
-4.719819181601241 -1.8356852181792178 4.9815691369081945
-4.688444380091046 -2.1990271571519346 6.329319526189835
-3.3238637008478378 -3.740640366028386 5.972215007271152
-5.158406541156238 -2.6468862691115773 6.0804620028885195
-4.748833306461176 -2.686273217757131 5.843288813956043
-4.658098917325453 -1.6166962220029586 6.231924742242029
-3.302865211462548 -2.247021340851232 5.796123411481917
-4.036371886484305 -2.1818865587063194 6.133892955810097
-4.723281154683176 -2.470402509910232 5.816199092721326
-4.321177986220014 -2.851343953847585 6.5615457659623
-3.0780302236308374 -3.596140105492305 5.892925721318971
-4.6272948839535895 -1.1976186825937731 5.991787592135071
-4.047631260027 -1.450182510965521 6.300303326580721
-4.052482290830587 -2.9241464729788884 6.504031685545342
-3.288784094529435 -3.534538635165926 6.042532680875274
-4.685016995889218 -2.4962569806730803 5.750117284084445
-3.0745330743210326 -3.5456951020382155 6.2263274273234614
-5.01188434577498 -1.986172686519798 6.2910086084341375
-4.380771358678969 -2.644331595249088 5.394104726280248
-4.232512713617486 -1.4670102827045435 6.315707237641894
-3.945278713715206 -2.7389430894114892 5.633207668972366
-3.7395923380518887 -3.620037110110032 6.062165409607021
-4.619145092956419 -2.8880391913495633 6.383091467128966
-3.062344822547908 -3.749971111453638 5.399937062172963
-4.108653454563058 -1.5951128457180173 5.828285161324102
-3.2001797008522668 -4.631803785663943 5.8742517524824205
-5.635442296537064 -2.374408323783553 6.190847529117422
-5.488594992860929 -2.522036821932902 6.217137340501362
-3.915922938679955 -3.8740839624298857 5.578619821948315
-4.718985147049584 -3.407327313156426 6.59570748682656
-4.026847244568231 -3.1874020565561922 6.477700086491877
-4.842574222375763 -2.2663676973927185 6.098807765339526
-4.372216168691073 -3.893410326560996 6.482532805207618
-4.106985121921511 -2.552658029121051 6.079547576189798
-5.304799379555714 -2.378197366314808 5.901372076016654
-4.456796531629919 -2.2124061521973335 6.201394571866008
-4.676421180954311 -3.0725613205801667 6.691877650565191
-3.80584153124885 -3.1332640428115495 6.3507522971446715
-4.670862535573817 -1.9322191733518692 6.0748393886802425
-3.787763050448374 -2.4794587571118636 5.943650586739283
-4.4313978997574175 -3.0883806415104447 5.907941547147482
-2.8410123828989677 -3.908881452632667 6.676116637393595
-3.18919325227333 -3.1342902663622545 6.617963039041989
-4.111518588754375 -2.8209135821816593 7.044757897971828
-3.5418057815190327 -3.5915858494299564 6.380481183363871
-3.5580731642650067 -4.5803438680334 6.674914050027396
-3.5099937408055113 -4.264479199056326 6.421031123824301
-2.4912236843680744 -4.149528028491734 7.034732766421425
-3.0746124624137914 -2.853231035888097 6.711745641357618
-1.344876709310764 -4.120345121502553 5.72914481050431
-3.9143832481474563 -3.8486881958161714 5.316113377934974
-2.998390899289751 -3.707158415934783 7.238028298897475
-3.662900649769789 -3.0690573954432345 5.837836874653333
-3.701608547570983 -2.900728969014943 6.817065669728879
-3.3855041778990933 -3.6632902635770637 6.140380348298985
-3.675891887895168 -3.3399887774552717 6.146487881361796
-3.9032963763158395 -4.030087253518338 6.336391060134229
-4.000693226079617 -4.313250919396987 6.0009785633849635
-2.922810943808878 -3.977193365928901 6.367900931270721
-3.7155812051682893 -3.218795581938716 6.091127155838331
-3.0897504409121455 -3.526741736566843 6.648117945304207
-4.074765838797585 -3.641372331370286 7.0123776228452455
-3.191284073239349 -4.200492331679537 6.500428149007921
-3.905030102092636 -3.818935846606939 6.792377245409871
-3.213918231289374 -3.130995450278238 6.455254721572936
-2.7076325328061173 -4.35168485007189 7.10523447949531
-2.8740705598805936 -4.003968510520673 5.26501156580908
-3.413308838172012 -3.7884211968138435 5.855080293704659
-1.6794363564718924 -4.312008329743816 6.057913070354681
-3.453082874046143 -3.866011037737508 6.470241045202515
-3.8602557682597807 -3.6855716225450865 6.375443596619957
-2.682398205311584 -3.8711978186667477 6.541473333638668
-2.8798869048731683 -4.22042997689003 5.709968110790631
-2.883431132813876 -3.6384036852912183 7.21821889329093
-3.2473171497444775 -3.1813865308222784 5.84437533449916
-2.970891575409972 -5.614663983025336 7.264033128219783
-3.5582753536497918 -3.4431023466565374 7.13489670206611
-2.574074557163003 -3.334036836068821 6.166263938623352
-4.574804696212689 -3.428374202164151 7.168354317242747
-2.3877440555583176 -4.603130067123781 5.289540512804225
-3.874667590951899 -3.072332234037062 6.671913554456783
-1.5145050131045625 -4.755626056708861 6.248223057944902
-2.567137338565186 -4.358506358948037 6.251679375887858
-2.750691545309844 -4.178272903784173 6.881338003796641
-3.154253383298195 -3.6679277773057097 6.260831863939833
-2.7657983089740252 -4.773583748301994 6.37070359506152
-2.3987277401173093 -3.181913035427154 6.518063106511676
-2.8617092957053467 -4.34885336115119 6.546622948911949
-4.018982238274606 -3.2208821272484793 6.52767063343544
-1.637513587520808 -5.006402608903744 6.930523787882965
-3.1470596045640287 -4.439883287995709 6.678351218645092
-2.4946646437369964 -4.112094507377372 6.2349180568437585
-3.5101449572633423 -4.180461724648968 5.6368729040328
-2.5300298472398257 -3.670977410142577 7.489495446420167
-2.2852087832452423 -4.676021230104425 7.4451882217484116
-0.864691188109979 -5.215252115651352 6.558115227887229
-1.6240366129623545 -3.85219519947743 7.082805723595755
-1.6524026690064542 -4.6724840336689955 5.9031969229076084
-2.8899998237721256 -4.648424265969983 6.678291338330648
-1.3171478196632282 -4.879053358368131 6.680594203817141
-2.333446929965824 -4.161064856513036 6.22214041826125
-2.1468172339162397 -5.138267178192912 6.402167360520438
-1.7433991970818634 -5.098837461477737 6.260376834483626
-0.9682957634682524 -4.89589487370033 6.3464389481412695
-2.202950126400416 -4.082920381661558 6.737712648175812
-1.7372351979316485 -5.417075142470223 6.2802487965030025
-1.4646722195538548 -3.876555212761255 6.041506407463355
-1.4633494160233382 -4.157268000511606 5.866771748257719
-0.9640298799437091 -5.194926120070279 6.261872462209662
-1.7118527223555167 -4.187452306896133 7.688339546798871
-1.4064764174908824 -5.159102271941025 6.883865683160461
-0.20350825030057446 -5.032658925883808 8.172431398306577
-1.2708605599102742 -4.32781530632088 6.903470241631127
-1.3023941812986282 -4.949125556730032 7.1889867902236375
-1.0606560666142737 -5.336469629344318 6.721890559755892
-2.538893107295378 -4.179104913934477 6.6833704148338215
-1.7797451084754512 -4.891309854825742 6.81018012842675
-1.9299469969968168 -4.890544585460295 7.007845232314819
-2.3500968631930528 -4.588362844018989 6.889882047022957
-0.09919416818046099 -5.1746539083479925 6.304516170821455
-1.7611998346633415 -4.50900669419199 6.364673566531963
-0.9314455364871188 -5.013846669857664 6.543433023293855
-2.202023255816831 -4.39118196437493 6.758361343926664
-2.6784782496748747 -4.2491956308622685 8.052344092127237
-1.2389602706264464 -5.1850349614101 6.860915642191497
-0.7101673488507623 -4.348927113935335 7.643456397111427
-0.652403939853619 -4.756742397848107 6.170323028770457
-1.1347432008236165 -4.872244792551189 7.682427487866889
-2.1404247026736476 -4.932086070213769 7.5829590805641205
-1.228495589316406 -4.316171967361485 7.700289076830272
-0.7559368295245882 -4.595684056884358 6.648975991811773
-1.6892216389413164 -4.793955305232457 7.3137884788112695
-1.4408739458148325 -4.975430340140691 7.456004821589076
-0.5205647633776818 -4.836037316167026 7.149758609367698
-0.5839428534706186 -5.154360329351861 7.247786630646181
-1.3937555915733073 -4.590229629661129 6.8007158293177605
-0.43515406059575856 -3.971704214129939 6.386735053361829
-2.6398169894898618 -4.519179243229045 7.316547730165877
-0.8905668845506458 -5.560686852777803 6.695252698026595
-1.4110692489218426 -4.676519380126443 8.20207419320655
-2.996864993879693 -4.422426338628127 6.465366213026418
-2.874105589948239 -4.357907693154764 6.869198811028152
0.057700564427448656 -4.589207344186994 7.401464574413469
-1.2278535510859478 -3.989776524822917 7.0703306108470745
-1.954557456585451 -4.571285961850645 7.409681088322927
-0.8697713485205018 -4.819315061969602 8.227689044213927
-1.6818751897163116 -4.221060187266087 6.897286665110073
-0.5340201024534736 -4.463138080983281 8.103929908823593
-1.3716782095092215 -4.41938984542147 8.049507868024419
-0.7220172439239216 -5.483670593005902 7.54383997757358
-1.7054745632350399 -5.1739492247604275 7.574165267756926
0.3386850925837867 -5.28786105530652 8.24538948069464
-2.024321328563733 -4.308089423609155 8.045807149291853
-3.1598212522809974 -4.988499676521915 6.998194026400377
-1.1185406823288957 -4.9672136741079935 7.396235134891848
-1.4252709139870476 -4.573654366365461 7.690605929575728
-1.2141056804657988 -5.117846830189947 7.880652165070869
1.3106427242704408 -3.9064413197221537 6.897729750017418
2.4286049022888694 -4.395186309863717 7.350466016798273
0.4719129478361361 -4.249082262197031 8.318451823655774
-0.057208795223029726 -4.61494893060562 7.19297563883082
-1.6641427506835287 -4.686167225463101 7.547140608147515
0.8490154200868941 -5.19089142764831 7.489310426574289
0.288399680548539 -4.65861451462707 8.128867803892906
-0.2741046603441767 -4.358199503671802 7.782555297265242
0.05070858986653623 -5.3523086743473165 7.695321621561688
-0.7261633433210978 -4.246945309990823 6.97942751267353
-1.418829306760132 -5.899584430423166 7.213169416612269
0.1999045389055688 -4.5832218687903215 7.001294139133489
-0.5449866342260903 -6.472323806748503 7.45167299613048
1.7345641754874037 -4.55871337720301 8.22932251554291
-1.551193489885011 -4.314833424510373 8.07517974530922
-0.23925049980040808 -4.782363003897104 6.983972002904169
-0.35584750740773735 -5.2937334573032535 6.899331868386051
0.9824287227391515 -3.951178647090842 7.7563606001484615
-0.13943989611600063 -5.220636114311588 8.603765249448417
0.21754587317044868 -5.901942001265845 7.365028957531961
1.5529281386335236 -5.203496449317415 7.906563035256632
-2.914304929250578 -5.472153006869598 7.773975413317075
0.5909381523566563 -4.769522950500158 7.500670022390319
-0.20759504061726924 -3.7107502907806653 8.369129357350218
0.8842960281574738 -4.443197783106818 7.730652986975852
0.5549608625222198 -5.410365791265823 7.753551146508799
-0.15870499657984136 -4.1641410541566275 8.521049520831394
0.7725745309888684 -5.228508659317336 8.389646014597401
1.2716216206709299 -4.561324357685521 7.5313521990731545
1.106600799911592 -4.3343622745963115 7.793726211957744
0.8852571415375243 -5.294204424411646 7.6163084336821
1.4152393624570068 -5.2200613698522265 8.111619754046439
0.9329455605694814 -4.416924042300595 7.17378022141544
-0.038719708843127976 -4.284539204683669 7.454280467821143
1.347233462978495 -3.7114817216839966 7.289307924722369
0.20570361149526528 -5.124908919243805 7.363775365629266
2.1936125276254255 -4.727776824867502 7.534881855789112
0.23550309683332615 -3.4410298462827167 7.474273133286785
-0.5104996206379311 -5.20969553821492 7.662079572496935
0.47184318304652223 -4.488780618006948 8.006235005470531
1.1620032590872982 -4.936973507939332 7.772645891156383
2.1732824859034907 -4.173081133595961 7.688610068076848
0.12376569822614213 -4.614249721900055 8.198177867687908
0.09039945562622594 -5.074829724644423 7.564819113570067
0.2893659107669376 -4.376359465366571 8.1172094337283
2.4578931063505127 -4.6677493456178745 7.4459935183506625
1.1692957863920042 -5.214072126786143 6.957310873525357
1.2775203717690669 -4.696451470571825 8.198323619694792
2.239408684570904 -4.644566892105356 7.5094661142629775
2.3519850379385696 -4.92087081999434 7.2881195642949
0.5818794502280612 -4.368983830686042 7.751922097516966
0.2732131597131268 -4.703091360487958 6.9698591850757285
1.0810732442203839 -4.382844940352156 8.78592332624168
1.2205594609536337 -5.264462317761264 8.3343153804369
0.15767845925231533 -5.391052131961654 7.465098023281305
1.7186608057431567 -5.22287439509221 7.8736112045858055
1.777810887529649 -4.408593446247349 8.65925700524877
1.3673012904483508 -5.6603640062621565 8.177653873452224
0.17560845673952002 -4.68299163585598 8.252311853250298
1.100195320387524 -4.337135636128528 6.8756432447468665
3.244869750873833 -5.119391594654962 8.502697434711651
1.200904193580206 -4.83351715063145 8.155906109300728
1.323442842639164 -5.853275686336063 8.236500917407398
2.352555413297423 -5.005579582038317 7.390860800461595
1.313880285875447 -5.398946453093409 7.8885326774419156
3.2644157126004862 -4.854726926933333 8.338235516371913
2.245493247815588 -3.853318504223118 8.433285660619761
0.38773908631462634 -4.43591886489713 7.247044348062557
1.465681955326278 -4.90339048414019 7.553435695035736
1.195230480560691 -4.934774282830607 7.715602487132454
1.396418634075285 -5.0284521852158255 8.250965467647992
1.1868518455937873 -5.4374378704140724 8.086173888369414
2.0383820947108173 -4.25925367121698 8.117567932409147
1.869666712468583 -5.602959369081056 8.251863673392702
1.0490268224381172 -5.475435131377384 8.243938885632002
1.8761154248507335 -3.420688324557078 7.685161379493495
1.1906468080452264 -5.022145514339418 8.070250599098461
0.37830451253010816 -5.600649247463036 7.713347595930954
2.2157855995195304 -4.558579745348372 7.966553476953687
1.9306117282306625 -4.204841613099599 8.09732872538673
2.2584537030351086 -4.0510609523933505 7.848171319591306
1.5754596886463026 -4.494995900687955 7.7268610909636495
3.078868239774347 -3.6502370267822175 8.552163168096412
1.946588079852542 -4.372853298251826 8.026020887647078
1.8948745774406388 -4.4501159302894235 8.091662909597643
1.8942842815618581 -4.0070717860739 8.340627087295825
1.6099974713621148 -5.800339358180544 8.06688209020761
2.0154823270702877 -4.445371265145259 7.7528536609216125
0.8350151674594691 -4.547715739049903 8.687857052083176
2.0613249116659498 -5.129494779841263 8.04328812785678
1.6500140381256514 -3.7842526682130653 8.336064508958733
3.026227887408251 -5.412607996702675 8.241587566488288
1.926762735181354 -3.3595617051637956 8.572854579227954
1.8820259315941712 -4.920702077774153 8.114133595903803
3.090761040573375 -3.909358614488655 8.988081924727592
2.1436082967906276 -4.662992981462923 8.136536050609731
2.4512763984906725 -4.07488220685124 8.207680831471013
2.853414847687223 -4.523550373948351 8.790807792362239
1.0607184640867244 -5.449334492733869 8.843413202518727
3.772141052358961 -3.468252968448767 9.254911346658014
0.9982506731209111 -4.811820824363554 9.277624455557376
2.5588242659892617 -4.063235665668801 8.53765734394346
2.653860970127383 -4.2721593839850245 8.851582711374341
3.0988843751142188 -3.524203165067292 9.079128046474528
3.080075244685071 -3.9121156314309484 8.096547537467167
3.240654609023433 -4.168446571688891 7.914611659275983
2.381190951456067 -4.166210999427153 7.166570364706269
2.174024781602454 -3.7744269031030138 8.678591124712872
3.082286028209192 -4.022028363730277 9.254925320299735
2.634850621704747 -4.175590995532386 9.220508731575777
2.5780145484850543 -4.472057575074323 8.4825692853595
3.2154501747043938 -2.7037331943178096 8.935088321313213
3.3292931511919295 -3.965791690965716 8.177205718299996
2.197302507547664 -3.8832040426705934 9.492160307525856
3.4789821166494814 -4.080334534711363 7.974498727623918
3.4603659606047734 -3.508104573115182 7.46974288233888
2.482576279717044 -3.373869069544505 8.589163621328327
2.0381163983862427 -4.70073334097259 8.172392492274515
3.443272542684414 -3.745997570208417 8.246513277008267
3.1126645235712194 -3.2034914050968997 8.586998467938004
3.2328036689048267 -3.6784489798553106 9.145572644537246
2.692998214769537 -4.213378949105745 8.283939156586724
1.4913451079835514 -4.6435076729719205 8.798148879565506
2.661491308798918 -4.211231485562551 8.631817963448533
3.0055767058499008 -4.345311989761215 8.528689055624845
4.076097743549676 -2.4267930227180665 7.92237584611608
2.7208326800848672 -4.631421615610768 8.188241917760537
3.9776984042713743 -3.688406210056351 9.397347023056687
2.5539293007161468 -2.652193966300555 7.693948619982925
1.7301203422334361 -5.296090080519228 9.107655551363349
2.0027241015121637 -4.8166215331293625 7.591667364857688
3.1038379912760674 -3.805985198641253 8.2814385694332
3.173234478899525 -4.600329548904688 8.67846617149063
3.0038030892044087 -4.010694307785393 8.27324911282087
3.2708203619283007 -3.2625422398749273 7.920951494777832
4.377603762938493 -3.2795478584317386 9.558032895488324
3.7012637846166214 -2.501523808383042 9.270794273881574
4.0465383339071535 -3.504770219405642 9.001227471469477
3.2178008840624237 -2.995489983930722 9.167631822290202
2.240657197002016 -4.332733138343087 8.894870728244637
3.055314231263311 -3.2487432006372807 9.408043428898035
3.5760381358622273 -3.2456961858687077 9.330582149443845
3.756979198495962 -3.6609953214559754 7.859188844485508
3.831777830638131 -2.798108534365636 9.033829292381968
3.0987768684786787 -2.6211730751684073 8.39438937910451
3.2555473540047597 -2.8240733286191313 8.72468332513234
3.584172368734755 -3.1676537076893356 8.89960308589177
3.417392623845158 -3.205528033952353 9.231645625356514
3.510793391176814 -2.768998867506693 8.217147783449766
2.7468391816343334 -4.584666851848591 9.273564712278564
4.037116887063069 -3.352073696716263 8.293452912580726
3.9439585280322915 -1.393301668948601 8.273418794095807
1.9455442251183022 -3.8816721780298824 8.766907896471446
3.6259641906959206 -3.0784494538469347 9.04377340138089
4.030792511431001 -2.372361887191611 8.743802264799577
4.0373902102875245 -2.7117748584614887 8.398014581350111
3.7933201590663135 -3.8069361640939197 8.43354819614209
3.7525520173659346 -2.8259729490426966 8.800989346792187
2.5655294751803632 -3.576847132846815 8.802637340326156
3.809775974405634 -3.416591493607699 9.521078011417279
4.383130738789813 -3.1413555246550096 8.928761831050176
4.369960634814199 -3.1566560864511137 9.284642380090931
3.8878723291490007 -3.1834195682954416 8.38526929656806
4.34616703777654 -2.973638254521525 9.126058783437708
3.9577329556041057 -2.95716252370217 8.649358692751724
3.960404068511206 -2.917122182606276 9.839974672217611
4.610217520645454 -2.5291304373814074 8.450794558551511
4.82441175756037 -2.988317177042658 8.847956923831063
3.145171492030015 -3.040406107409741 9.072334360193981
4.3295369403338295 -3.8965628348170194 8.052711186315817
4.10282404955602 -3.9627876747221698 8.910205188979067
4.073410249496289 -2.775271527606796 8.992109441409312
4.153371125136292 -3.234906436870463 8.220453448619004
4.085772113589124 -1.602266214628879 8.939324729951084
4.6235080125687125 -2.5716229237875106 9.125721299973511
5.382154983830137 -1.1145112695734356 9.25708500985543
4.793627386216313 -2.4207456205584394 8.937893963732014
4.674100036197255 -1.0332499380283233 9.593722654279222
3.810739012280518 -0.2272762484247916 8.901394448536866
3.9232142624340614 -1.8382972213515598 9.011247095135014
5.096974045346591 -2.1401795852887133 9.58257285252046
3.8228785034431314 -2.9890990528796397 8.88711883495178
3.740515366609615 -3.2644098101889956 9.016775899594418
4.871237791506945 -1.363526387923158 8.52567383251302
3.5545169978325175 -2.777494066211809 9.048590397338877
3.8147680794873464 -2.2051343670804395 8.579144092126857
3.314843263107116 -2.790975954208179 9.262596668537801
3.73662505573245 -2.6604301955059277 9.298632780525542
4.738344033979905 -1.4973936798237815 9.502369506214825
5.5382436969520485 -1.0975070670086098 9.475202253550137
2.894389689187817 -4.009197928812108 9.925077966133685
4.738594104543543 -1.2239778579777503 8.907827690011503
4.466822966803789 -1.5850079908897279 9.05762053703175
3.6423788608310645 -2.4068518804225523 9.77579758992783
4.3030144411430005 -1.4943502300806064 8.853296058995376
4.696031486759122 -1.8600953060868326 8.249528741886508
5.038683295576415 -2.6166159810641054 8.99046327435281
4.0345266894738225 -3.008485159003453 9.420192952676334
4.823908044964581 -1.9890608928160327 9.758989428596978
4.5558544301187585 -2.6803812400391207 8.95379668606859
4.31737487184768 -1.4570775781654868 9.325328782568652
4.216648126188715 -1.1248557454402284 8.872089375557342
4.362364558485074 -2.3664670141043422 10.01181659065868
4.895456109901965 0.11850658301546614 9.62938210822505
4.46843871691019 -1.9797565563744595 9.235781006450745
4.7982554364444665 -1.6127012988892768 9.122470337054931
4.615923859396803 -1.3938673422120134 10.532866438385796
4.1812122540270575 -2.632114935263198 9.192747572358028
5.367025853568945 0.244882697364591 9.292445387058958
4.839482203406218 -1.9297888879383418 8.833280263165765
4.790449705189218 -2.5108686476542252 8.974889700744134
4.636039005206679 0.7854366645039802 9.522860464226136
5.5381452483701965 -1.3436725327558279 9.520449739093767
4.5422443531984245 -1.762429481145633 9.329299218475372
4.666797370380838 -2.3633076556216617 9.392856367971236
4.435682337959315 -1.5039899097398248 9.231396734004177
4.754708911280999 -1.739744236954372 9.387475586717015
4.057745870853473 -0.2389829432177564 9.758372981270627
4.184226904952727 -2.203327641704524 9.77336289294396
4.326495159431173 -0.245401750717907 9.20584102962179
4.436738917122287 -2.4714090009593277 9.067958881829046
5.101910831862689 -0.4680260789661633 10.065932650681875
4.509757122390373 -0.43771389460134097 9.547644322985615
5.027754831033339 -1.089705117848448 9.463506340612266
4.620358021913276 -0.8827987904620197 9.773215253807473
3.9572103177596247 -1.8184336868402085 9.497709805703456
6.149321473974145 -0.9634727517611552 9.843475411662592
5.045242013177781 -2.6295681008519867 8.75684407253788
3.939932533000622 -2.2337401843895246 9.420985257507242
5.4835657943043925 -0.15040388589630407 9.83929080209778
4.06490848456325 -1.235688951839596 10.244039725515387
4.9730044748291755 -0.6510592062669343 10.04977046359714
4.816387031038128 -0.7901382950465626 9.714777209723684
5.438393277383784 -0.9804800530742632 10.020408364121986
4.815642008609256 -2.2668153185048574 9.461145932243578
4.5374790631641035 -0.09351181754176319 10.006515247839198
5.266343975404776 -0.18036892957252312 10.359493296783773
5.360961292586129 0.8971292364764449 9.260734865339217
5.627186712793787 -1.5301232389739434 9.787405692971177
4.22072850993611 -0.05139198180202654 10.195335929511545
5.059684214652881 -0.9312000931887261 8.706250692634178
5.155156267900996 -2.7424192917495054 10.202616879527604
3.9796696950060904 -2.405491308276812 9.855979722639685
5.390225227810628 -1.3114972650593413 9.826454967587129
5.650147993065447 0.2109121725560503 9.758422025854188
4.620590885699576 -1.6333138246824535 9.573533777769537
4.934104627275746 0.7353738286509952 9.83052819947913
3.734750577185338 -0.45755397304798856 10.367439741216844
4.300868358373565 -0.35859456693762953 10.11127968185519
4.938624591602341 -0.966409534755504 9.644721943441763
4.205963241039834 -1.4475453734658073 9.177350359064913
5.71765719441579 -1.6531879372774847 10.381334147147836
4.24113116425657 -0.5052385310902044 10.313348110948596
5.126886810961673 0.6601776449004603 10.13972386031534
5.099440845528623 -0.7936903603401632 9.30137003129082
5.844404432408546 -1.4692908926586756 10.237330640040273
4.333380660124754 -0.5111990095768932 10.243384765537114
5.240715531584053 -0.6487135005206092 9.350665296071345
5.31222177444849 0.5132856994449558 9.138763579218233
4.304989225551667 -0.44005345084250896 11.275309144740827
4.98717986107963 -0.5937184993804512 9.540974320833191
5.121754005189769 0.033056265129436074 10.540749293273706
5.1361828170617025 -0.1913458786100995 9.867553710819925
5.8593268504217955 -0.1344856280273891 10.490131414252813
4.716488448374929 -0.573350331902183 10.313305139259171
