4.8276118145010765 0.46626550075118744 0.8347900949391546
4.739964970959576 -1.6460006091889634 -0.2951890410896789
5.0303125866366925 -0.8969791306869709 -0.07050779233896275
5.9109515696258175 -0.561322012097373 -0.5804566357782094
4.53302707647466 -0.45174760796386626 -0.19789352124130624
5.669665366961899 0.9470988277396768 0.061720561534636995
4.953083454635309 -0.19932674235225617 1.122763124253143
5.208233234136611 0.5276169752220333 -0.019162231357892245
5.438869087380697 0.7657432040984847 -0.7159821014712734
4.422651709697331 1.2955363265885795 -0.3487756982883984
4.884947498536309 0.3354228918964877 0.6122276195264978
4.824938822238652 -0.04423617270481748 -0.15838625957135277
4.508024992062634 -2.609151559063053 0.15015513525845486
4.3585079321558355 1.7218388479224969 -0.3833644205583009
4.7013134855161 0.6425266581045589 0.2747420538440575
5.640404550773024 0.2628520053766459 0.3508392062200056
4.658982262079954 -0.03283342494312777 0.6055971468724528
4.754017782769237 -0.43422871454461864 -0.28425918648679493
4.849517507950407 1.4335948363803905 -0.4904957811690414
4.415547023559994 2.4472012601240656 -0.1739702609368331
4.543580810514152 1.1264585903652815 0.8852043723406513
4.967776842712929 0.5578758375595018 0.6073337930059244
5.514369071593538 -0.1765370896657673 0.34010111969949774
5.319536960120522 0.576174447597735 0.9287113170148802
5.6323210157437416 0.6755107694848361 0.06121439383102745
4.270710394347718 1.3546510620618275 0.4857019646025077
4.606788412249152 -0.8986228447150234 0.4580690266974511
4.3119206847389515 -0.03276646012838074 -0.6867053501679723
5.268502329215834 0.5066824046802996 -0.3069738570523425
4.963764634132395 1.1123407191266133 -0.0506283487007127
4.778663732136863 1.045523589427269 0.0026398885011250095
4.76424036032688 1.9176540861103946 1.218848942610158
4.410306387323654 0.8760795090086262 0.7321925167448482
5.307680557142431 0.0016511546119832561 0.7098911081762018
5.0347913363614705 1.6438597251135219 0.6589749620483902
5.493821236076597 0.9001740732101631 1.0440977854503934
5.119301237452102 0.7498244557664498 0.4968426573828672
5.6747253096782595 0.338791877423648 1.6972369713438815
4.819971272089912 0.8381535026874714 0.3502230224959314
5.829647593616253 0.7559131007702938 0.15635334970235026
4.412799045615937 1.9170380331551198 -0.09466445767064607
5.425488551835122 1.3113829368757162 0.012456443313801635
4.076034482721794 1.8122095076855154 0.5359700607569722
4.750256668794864 1.0257535421909605 -0.3743242770588425
4.628738246791516 0.5879673902679389 0.34716062907291234
5.1439413609762665 1.590413686261663 0.6908573230774108
4.853331656438135 2.129845077092521 0.8348524284474351
4.799060669109182 1.8756058274364076 0.4273787831314827
4.251021516283422 2.8916709637680893 1.1837336073365088
5.249120194087368 -0.2678914828967065 0.06613334586258846
5.052751043352995 0.3060100040585302 0.8151492366836741
4.375701225990532 2.728069883863538 0.8695769882969894
4.310539689653137 0.5485365230540087 0.2354950581440875
4.206342636117206 2.20192490628479 0.09938351881337659
5.024039113891556 2.261092021141425 0.9651918016302716
5.196366209805898 1.3506040474013132 1.075606780330994
2.171889855167036 3.8760857769506654 0.4329773805944464
4.952609261334465 1.8649964482849948 0.6636649434967192
3.929074917219601 1.3629596335194396 0.531426715396516
3.0007753516364755 3.591247065787599 0.7067213885636884
4.427758471804978 1.3924234619032692 0.46984465332989234
4.149825176414835 1.6816558393002057 0.23017264906116802
5.288447262276842 2.537702474948258 1.3446148938869
4.354200227519221 1.3054562744350044 1.7177113815913994
2.7026845734804787 3.488415715320936 0.9627466125698545
4.605480968004818 2.945960707761175 1.3022837850677091
3.7376688690346636 2.4449392270722385 0.49926062005162314
3.828988649490334 3.248550443053003 0.681288144303459
4.648336522766832 1.5962077120743565 1.125224262107674
5.327738299875141 0.5560026940611789 0.24731061872368632
4.711179171026401 3.0057509079452442 0.3226860087017081
5.126866943172413 2.0498299724341047 0.39494905621265075
4.734233561851494 0.05837830140102747 1.2162072506536066
4.518737519236733 2.232292109877543 1.1154167583228576
4.24906991763349 3.8131711474072847 0.33778625005098567
4.312898585544028 2.0774698573261405 0.5951909737857248
5.269462430598073 1.9325156878589431 1.003356481437477
3.102657264134252 3.814858558420053 -0.15391633689924789
3.7947818198039984 1.2930374685222563 0.5218549920592226
3.7798981606684467 2.149381119408605 0.35973571556817463
3.814246779352575 3.0845263987619993 -0.3664117516331975
4.611710857916062 1.8570582601019412 0.13699419638399046
3.999568415336837 2.392318182963209 1.2455758888974107
4.48791329108576 1.9436327266719406 0.8339950713227461
4.772707806223594 2.5667595646376324 1.149021047224715
4.680497154153163 2.025421767130523 1.088445887520785
5.421811546230504 1.2322147015590632 1.363502060020075
4.258614663963126 2.4494810593175633 1.6877730744337631
4.1362941595631115 2.3822757382156863 0.7685685886973971
3.6382436591667067 3.6783260268600113 0.7630628770189689
3.6051966174405266 2.8949545599392357 0.9050671217021051
4.439069210297127 1.9888086023874891 1.1886977218713244
1.8122180302675963 3.722866308420148 0.6185840040768864
4.385969497077312 2.9713122268366754 1.0325304236238242
4.170048869760639 2.4572774462225424 1.9719635070313908
4.263851297245906 3.4603127617616813 1.3722893092146071
4.564704896847647 3.396444187507367 -0.009525341665182152
3.3915980780434616 2.867373572881071 1.2075691683434155
4.50101877054702 2.0955944394239823 1.452039263649866
3.468325126467608 3.6933788169569803 1.1043344551487086
4.4519943417397805 3.4073910292197938 0.912746624523951
2.415314528110435 3.585628112577642 0.5580828887177844
4.8579577362526685 1.8259615864511753 0.8571069633910892
4.831906082130652 2.5279883464374597 1.3047011614702888
3.7656703159650187 2.898905603136684 1.3703098197826342
4.260295172598784 2.360231419017614 1.0914372656474938
4.499015855731034 4.5633019857110915 1.0192228350924581
3.356182947066367 2.799322478469978 0.8539799798852896
5.134662583771386 3.0750082085878385 0.6798244327432257
3.475015252346955 4.4034091106932856 1.428654536472277
3.4331574108742258 3.3764286633934804 0.78404006350785
4.202013207683274 2.8670561366503238 0.48059579512560935
3.8317013462941394 2.9692032170236806 0.3440669132376437
4.105936378389218 3.405708187308777 1.070204060036462
2.3742159649162367 4.5361306139496325 0.6989435281304515
3.3146831791716984 3.0200047287412795 0.9925634543521819
3.9028388887597956 4.166899573552463 1.624282380987003
2.1192075327642557 3.763449969062412 2.097025484540871
4.1403172269693576 1.941274348447434 2.040401310674976
3.503215152806787 4.381631957994539 0.715879998682069
4.418111788146431 2.510177746615584 1.068225080401107
3.9843190049457844 4.003693790682335 1.235346976974946
4.4844868985673605 3.1785261404641534 1.725677789606899
3.4674379672800644 3.1879899106019516 0.9883893178003486
2.864632858729429 3.8898587494426007 1.5133095562063064
2.467016408360433 4.462583658556507 2.0162098719831207
3.729036069691262 2.501189262488132 0.13905804795558296
4.776909946889531 3.6365781642690713 1.4092425363679713
3.7318053298402267 3.422697248114623 1.5721679095312395
2.959229422494415 3.0204730737608743 0.8782192664845969
3.975491787231182 2.677469766546078 1.0716116277446828
3.5421010356214286 4.1927634474528075 1.5196559259453046
3.1518531716028138 2.575843463074395 1.6486294950347218
2.469886669692651 3.2500824958976375 1.062932366300875
3.0062213810917107 3.4536608288980823 0.9700886980349595
3.3395660739875317 3.569938038146857 1.7029403640787004
3.2020461868476877 5.062003229831511 1.7272540847534836
2.268556262425506 3.921449945193049 1.9497185503769412
3.591258042685027 4.594520226629545 0.7601516021891687
2.4262763469012425 4.719806644411578 1.3495784485877407
3.1714539256501917 1.9620073674348897 1.1605367631602777
2.2867516723552095 4.13211710682133 0.7147789028550421
2.369026037060256 4.27144820323575 0.0011210070432094987
2.6365460213614273 3.511313247321477 0.9859620045393057
2.7036634039994483 3.788584773343555 1.8080416887825006
3.7926325358800566 3.543076692551783 0.838797308564327
0.29594029407227007 5.4355162330443365 0.7584530560730002
3.320264597822958 3.469921168580145 1.567051558882338
2.60625682396362 4.064270721719528 1.5824792140121586
3.771447033360125 3.39188437075834 1.52354713639263
3.0220699843304635 4.541498105200073 1.3777270439792448
2.534987876807042 4.433459737096093 1.6522462621555
2.0318175185924647 4.032876950192713 2.208795124383996
3.649164920733482 4.526185788266534 1.8390765283756156
4.698673480128891 3.2282977912246436 1.2260116494198066
2.5802239694606626 4.244872793040127 2.6542016377625517
2.8463148357765236 4.308829762802901 1.2101145208860546
1.8979536302625215 5.176006884554172 1.721439455179209
3.005326960411493 2.8465725511274793 2.0623726189546536
3.5942585125337145 3.03303377433702 2.1237383206757965
3.407264407571604 3.4245747021297124 1.739648383175482
2.3911644797048806 5.15688324958334 2.3626295581981624
4.0365005623841155 3.8728861420686886 2.2788687956489766
2.846832565787807 4.1604684492789055 2.0577837363095672
1.7803750093303208 4.323234448971745 2.23337257129285
2.0115200391928973 4.697880796905723 1.7235242146498284
1.882994310956399 4.104237472566009 0.955076115192928
1.384205542530716 3.9695141210976215 1.654632997019442
2.2495187656822373 5.333518663292076 1.7491333696168332
3.158387114255519 3.8847999067984844 2.2501973780445303
1.7471328684651812 4.900432727469985 2.043773679676793
2.432285980469896 4.48114482760471 0.6145184568305242
1.8891845806554628 4.501066427627047 0.9181445981724075
1.0189015929223433 5.121725887291935 2.08259520989324
1.3321996573985466 4.927022050775588 1.6499944771908774
1.772422928042326 4.711469390144066 1.9554763788061398
0.6416769057340598 4.772035150758847 1.442619259927779
2.6008989295393197 3.9588951412789597 3.2565551328854636
2.2653606921906952 3.9280150960892306 1.3502426734102757
2.356221016837463 3.741835548690346 2.16925015645073
1.4252955507810123 5.005384641024355 2.5164639783596976
1.934391259950395 3.7028732253076067 2.697688544948946
2.5925538851721894 3.8891008561105007 1.593116066132231
1.8996434267716515 4.347761987418687 1.5507489638060485
3.0519075984772814 4.006409757269962 1.2957609779769723
0.9632487659640542 4.524896817711092 1.7754734360503002
2.356706945306678 4.23407050729164 2.793422402273994
2.5789923211214387 4.071269011526356 1.8527372676547265
0.6182505772421415 4.58717924972162 2.608578817858162
1.5199069309805393 4.122006542803164 2.3203711387566477
1.63022123254345 4.178604859722316 2.1196814872538834
2.9791202584140923 4.509694665717608 2.145120505906612
3.067866187139007 3.7441091494879646 1.809815402461255
1.7539860918147585 4.86048070933521 1.5966656714054221
-0.14266235145928446 4.546159661409102 1.527720134323402
1.6211738098488706 4.389069730018532 2.0138798471979933
1.2662550479276207 5.545129478488222 1.4388523627313081
0.11052003368650311 5.566647512084274 1.2140337510406978
1.464726500120866 5.3982232489694555 1.6492588408953004
1.6236257263526392 4.705926600687893 2.1484905145026443
0.7496799188206926 4.077297833231201 1.9704552066909888
1.2916223647665346 5.279112821325487 1.8881726065064348
1.073584636810189 5.128255524179103 2.0946161425459615
1.764799247634884 5.094527447874276 2.106140726333849
1.944160485991723 4.716880567178349 2.4343055235382467
1.796530180649944 5.143753481594387 2.491362097531895
1.9587041289006402 4.887340842932037 1.5827122822339241
1.7140517530649293 5.068142123853271 2.3648031865941843
2.399610417388487 4.387551020187506 1.318976614924557
1.49784160587352 4.831623403510822 1.9540278824813118
0.8224594945150603 4.9238131841354695 2.0269052860898698
0.6498234438031663 5.205719086393045 2.1748891243281046
0.8522377891051124 4.6651058232422775 1.87412535464874
0.4784207554373589 4.5780822621616775 2.4475916748212754
0.05054741035981187 5.190006410652421 2.3638337260299425
0.8811637121854067 4.715704389130602 2.410295315425288
-0.3077163328679967 5.1246179696688925 1.8922073252057214
0.6210309906777202 5.028074632393239 1.6125872383833966
1.678838280861856 5.5783374295197286 2.4263615588020824
2.961992232095076 3.905999373658349 1.4365347439523868
0.9843469501507948 5.098977387169867 2.6406167638815368
2.3437237902549115 4.557831480775013 2.518696077615096
0.33990380613159343 5.463299472401295 2.552708689562453
0.7696977649252065 5.918005196254632 2.0317403265957408
1.1832110644568326 5.3834502910424105 2.6943847040187836
0.1220743166870542 4.596151278298761 2.2875464387421567
1.871933690023004 4.10951976273574 2.546881631965946
1.3365095033504273 4.946494362619482 2.0899662761388083
1.8259822599836926 4.762900719999971 1.068109508746864
-0.24171003954782716 4.519268572721324 1.9102551739789215
2.529945356755313 4.052795132590315 2.4338833549822656
1.4643868643818947 4.692488602024815 2.916607925227113
-0.8495650422638994 4.847247573276975 2.9946733069529405
0.22884197655938263 4.655207923091715 1.605119498275018
-0.6631482568314894 4.518478408963169 2.905249466976746
-1.5943629934025925 5.253453049921723 3.036067957398707
2.3615869389836126 4.080101947262736 2.672975924941719
1.7674213110681352 4.82797714829507 2.6513384364361787
1.4170107073221065 4.787803522278904 1.9781104090540151
0.5922683233344989 4.664056377179733 2.6207299006913756
-0.3119303047883532 5.070102025713704 2.310036409185672
1.1886311404987728 4.324979946877431 2.5625898277329218
-0.01322445071083744 4.43571503381209 2.3982333797584503
0.5113980235869564 5.02052855642345 2.1382059014952244
-1.4709224073179579 5.803938906631078 2.54740026508029
-0.36401415233616136 4.551659266254958 2.226552872109218
-0.18617632569084516 2.9885193238234624 2.9602462341563425
0.8698541283206822 5.111333050736523 2.902422382679236
-0.11326656592548187 4.403718516776138 3.209216067217927
0.9686666644246456 4.3920786126791995 2.4922881772533456
1.6696673061746394 4.895504957988052 2.874949207085872
-1.060588947748119 4.9629254111485075 3.1485711203314657
-1.0512959509202706 4.746832845426323 1.8932248007331665
-1.475096637893177 4.617143128339984 2.0227235774154253
-1.2244416338659432 5.688028076011954 3.4101176512234472
0.9126932651771216 5.236314218586596 2.697645759283109
1.5814657702053152 3.9914244487953856 2.039271490057182
-1.2676121238537092 4.696443804061983 2.9124093003021896
-0.5090233949605011 5.530053649959368 2.0794094465128468
-0.5281012305598328 4.8572415876505906 2.6974648303019615
-0.7914820592083347 4.698127596672795 3.031887164519538
-0.7110162543391612 4.936940898902047 1.3796189417079385
1.4841897196364227 4.272348197583524 2.861347301759064
-0.6814586066003384 4.231953127656939 2.00552753705882
-0.2847817513768759 3.9573686491304065 3.582328616874162
-1.1932043080469343 5.396445736613283 2.802620987571146
0.11568203353522978 4.806699195510669 2.343011427118486
-1.0277076933808755 4.857984776650255 3.520184101815609
-1.7607480934755224 6.064474867643243 1.9865634421750284
-1.8003347444356845 4.444378838850517 2.0235944561266668
0.1861298521421706 4.995983993898745 3.0671233696567706
-1.9486078975900993 5.102979457871656 3.374772977912516
0.002104563897237506 4.470299761062845 2.4816150916131225
-2.3312640641563713 5.132809786536382 2.826438699894154
-0.5475394789764385 4.986756754167894 2.681076382249022
-0.4456774280040887 4.467490002245191 3.867836780913553
-1.8504653449428876 4.7658406849961406 3.132939193109504
0.3331163037673986 4.513129299261049 2.555220141440871
-0.3994875885312027 4.804565527231207 2.5030247586822307
-1.1685047906123942 4.538221431976176 2.091432350381051
-2.5380755956539223 3.655328057893606 2.7393210761398277
-0.8503208589662984 4.966838541054225 2.7781271845490414
-0.8874372597940955 4.9969860861442665 2.9666655329897234
-0.7699745378725911 4.744539999752799 1.763849964095495
-1.2721321741788179 5.121668241731479 1.5980901398761698
-1.5991001328161711 5.175660855650171 3.0113825075851897
1.1448340401682406 5.492843373607055 2.744129572326516
-0.31286444287135257 5.017027548839187 3.203413591596201
-2.9488248868628997 4.39905816932325 3.281513937263206
-0.3628996063040584 4.814737076195915 4.1853490421692605
-1.9277448721832973 3.863725149752968 2.9133402041050886
-2.4611484670029897 4.272456656527822 3.523133669120158
-0.830615066621434 4.931971935474356 2.715228590347561
-0.8955609898591452 4.158143227549782 2.8018579370248964
-0.5029546376087428 5.140535573405063 3.183342247383397
-1.3591311108856712 4.514134970828056 3.145698401711922
-2.2054105949738045 4.733323638708092 3.298835721551238
-0.41932138103696 4.711678085166146 3.7121916877464542
-1.7469908792410578 3.9522885206011775 4.044801160955438
-1.538640128462023 5.122560885054012 3.842736698643812
-1.1581748716163973 5.129524979074162 2.1706843359269037
-0.8407281989899207 4.620074826446272 3.4557351365005795
-1.9956827426739747 4.470165600081868 3.1452463156614034
-2.3448052213296586 4.304448021060168 2.7994134574757195
0.16552846430701185 4.717074957067338 2.375512561551125
-2.189707655886423 3.599063679568394 2.9365066834929667
-0.05502528858319084 4.645354302319191 3.431960954927897
-2.1960837483527786 4.449040932495219 2.785743579936506
-1.1468861755215802 4.007237493931147 3.618831832724727
-0.6268116416051007 4.949431505887892 3.492727859514338
-1.6632242628123033 3.8039627369491624 3.0606878000053883
-2.956209478211686 4.070030854434763 2.8285514729517125
-1.9695875366880655 4.381897184000477 2.552815852000674
-2.039041699741025 4.08973007001653 3.4345876909479998
-1.6304800991942916 4.134634578799083 2.8514619857222843
-2.9160763234236255 3.9723847476846488 3.5663173566256448
-3.038873125066356 3.9171470403594637 3.1240953968836327
-2.292411771525699 4.16108447348206 3.277075974835495
-2.5489280252364637 5.12736133840567 4.100164159888278
-3.8292866154592073 4.749837959037669 2.691335471762323
-1.1716088307925006 4.4299468714560435 4.1931393533334305
-2.57333998670413 4.87049100402781 3.3134530667892808
-1.7487340809071297 5.453292204716972 3.7216253653627533
-2.752893479864752 5.141183164068029 3.3593585212562576
-2.498034445161808 3.69064891197183 3.1756359820719604
-1.5308557257949473 4.941929678454877 3.4456018838909594
-3.6945142521555647 3.6037285502378813 3.6012873470684754
-1.3581121343560698 4.415191479867071 2.8273388917191977
-2.6022811195029933 3.50338859399524 3.857521448494738
-1.883561800377916 5.123118517347093 2.62866016033042
-2.6343860405573634 4.634043797189048 2.901034856286525
-3.1441912680470634 2.8137308481953816 2.8780450280756784
-2.91500225007659 4.18964067035448 2.92347283352535
-1.3889230857284567 5.499960998272422 2.8787095106173215
-0.9940312395578886 5.767470131940208 2.8182669393639674
-1.4090003739408348 3.0580517188986107 1.973312580813912
-1.6926575041814813 3.72161362905141 3.9077505216920194
-3.5257763577550834 4.010406880937348 4.033143415008402
-1.9082118292465322 4.478024673510756 3.127461429574116
-2.929327271581833 4.090217868383568 3.784759396377818
-3.0255419350745423 5.474533536772996 2.2107740089511507
0.25988854107859694 5.106237062336027 3.5492713691918554
-3.2207928579339313 3.6237158107813663 3.3477814983585747
-2.9192326165080846 3.9058127301620322 3.739387938542625
-2.7533666918257182 3.487700180689847 3.793921762778563
-4.162564058080239 3.2215479318639417 3.3891571643237763
-4.01949753712097 2.5943767176946215 3.672046041242754
-0.9475923441873685 4.397454496254715 2.0882440247015586
-4.26775693885672 3.6578488687970148 4.727310580007226
-3.0587800758422885 3.8235972992084126 3.5686113298369335
-3.7858650293895915 2.614894747809485 3.89869986383323
-1.88892495034473 4.356231807808513 3.0849433538979807
-1.10351146897362 5.033679594749029 3.2469087103233747
-3.40940228125355 2.380498908807392 3.2151045830206857
-2.373989568329456 3.633185122963605 3.8645376351060574
-2.0135953207684834 4.067063511642195 3.322161696196565
-3.966409800087317 3.783378658209586 3.6275574042223626
-3.2422811085665653 3.9843539579330525 2.98290405412068
-3.5779641658947265 4.314219347987742 3.575573662929349
-3.4338005079286726 3.4172651568471406 4.079341324637337
-2.894364111796941 3.1218498029476853 3.51669112509669
-3.244868291073231 3.7085236395485484 4.1974945053051735
-1.1289681851807738 5.244281015372017 4.164477001805518
-3.654468952642328 4.000205797042873 3.548346088262997
-3.721237545588952 2.6020309790124716 3.8531323360185863
-3.5270194964072092 3.9027649199574754 4.551521735876675
-2.8090673725230455 4.044616108705839 3.448350332709829
-1.321915066248273 4.66402881282905 3.3892733440835916
-4.523537942047854 2.86240030931069 3.6893153722245824
-3.4848679064594528 3.2618066324457295 3.9429343674646256
-2.9368452313858815 4.190759124621546 3.902349818225262
-3.7921194637377096 3.834231460382833 3.7312676438010954
-2.6639704178683137 2.9257498974244958 3.1829957238494515
-2.988419416832277 4.186504068610488 3.2221266183276147
-3.544581223713302 3.5854357385812268 3.624463242261376
-2.725534000144821 4.6108737486761004 3.419355099310972
-4.748592638638317 3.102194846364063 3.472550687210957
-3.8863390731095073 3.304601177942678 1.9521427412661188
-4.796052734237127 2.3873355476158764 4.097099996510771
-4.804300621532142 2.9910550888513856 4.423548611305498
-3.8951893792209864 3.0769525423824295 4.428845861869244
-4.45171931187126 3.907206009165051 3.881950279887929
-4.0130432379946575 4.098881834756434 2.6415353355260214
-4.502440852865342 3.430141049391018 3.6559745807318005
-3.8302187740109246 3.7646740277698885 3.9423171169416507
-2.660178782227761 4.608233718212687 3.213195917336933
-3.6663106667040264 3.8238128026585607 4.052514454375394
-3.4572986093024127 3.3500876127674504 3.8268110642933437
-4.62070269596284 2.1145966128896125 3.6387362906894936
-2.6310033518304476 4.2562472512686815 3.8011809982480793
-4.729775258594797 1.781899276985418 4.539357368224831
-3.062667162968165 5.199086908284008 4.825453869123388
-3.2909283374835168 2.20174142910612 4.503835969600418
-2.7377404315267087 4.4726374265875934 3.3971722389253065
-4.659861613459506 1.0296386947746379 4.858828815805611
-4.529390123487407 1.3690584723663328 4.122558367531654
-3.9579417679365294 2.576809226493213 3.7447046030591986
-3.1536978552327057 3.17717192016669 4.403800032118369
-3.839236865712735 3.870124318741617 4.342138148235408
-3.360042580701245 2.67309048794275 4.147203883143271
-4.5415171002145085 2.5897528186529795 3.814957405046829
-2.8911035598161927 3.3633487459709244 4.1570978958870155
-3.8042192439966054 3.532502634783838 4.150429652794089
-3.3438327274867863 4.076032503794166 3.996624259513789
-4.014277058657025 2.3978825654048848 3.16820284550343
-3.5982949801206843 3.398008757789853 4.661128129297637
-4.533855057450177 2.2802080392437194 3.92222337834031
-3.432663459682381 3.9261701957549233 5.043426471766414
-4.455032038985291 3.630633511975438 4.070746056314056
-4.444951275781328 2.914529370582454 3.511379623622962
-4.06524693482598 2.45254152104813 3.554064384623019
-4.444267841650803 1.343974170492194 4.1105839441825
-5.096550744662528 1.8130809658909384 5.362345905012255
-5.469007750916491 1.7883914302665695 4.708601564425877
-3.931943383848625 3.5962727425003105 3.757348131288054
-4.207576224783639 2.3952920621173175 3.4646758283237507
-4.204790402198589 2.4325774642840976 4.064498531115431
-4.232497380768549 2.3214156534061967 4.457159798434276
-4.885474887991499 2.7059314108837307 3.9274859656379455
-3.3822780902332448 2.991884129227761 3.9243474604557926
-3.333195527149056 1.9579755916121802 3.691092389946588
-3.3361483474592633 3.049893072207344 3.812994672552406
-4.596268681649088 3.0285259997448004 4.234995161657191
-3.809326209349603 2.15638527880784 4.613473530670496
-3.2915160076465666 3.3264281215713547 3.9970192891696823
-4.489588534307138 3.3730733091184755 3.2820732490390756
-5.09462137204613 1.4136081889466903 4.803166986875663
-4.241616244247888 2.719920375825527 4.421896406390505
-3.155003193397665 3.3410676597445077 5.533106163682622
-3.2672032108182916 2.742781997279206 3.605032208153029
-5.523393461718913 -0.4614390469291783 4.562932458823559
-4.706669818200452 2.087352403415639 4.510974341315618
-4.35295163035869 2.565267451194563 3.9998325756827784
-5.128681952219054 1.743574334861443 4.046094342810732
-3.884966509186349 2.5377722805213505 4.8948248204779485
-4.321361188930286 2.0657154442496055 4.838156764794996
-5.275745891310026 1.2818672777422957 4.683246481045038
-4.214450887143559 2.3253598768054835 4.637334295972623
-4.665107491157771 -0.1304281723032219 5.09035726169161
-4.302709695092938 0.9105311510088393 4.450492117986684
-4.465637247491525 2.773017477482679 3.741279558072597
-4.823383738299553 1.7006639204393077 4.355597237912618
-4.916753279716997 1.1285789127303296 4.622917625118378
-5.972442592926597 1.2178987813041666 4.103122675889846
-4.163051060658009 1.1373798773865158 4.72925727372559
-4.000190072581263 2.016513598678876 4.834188752743903
-4.353534055875535 2.3108625616996186 4.845203563500505
-4.415537031448788 2.3198374083333615 4.62387712832306
-4.23514596302175 -0.28999539198366503 4.8684825708163135
-4.7497134457204675 2.495827540684361 5.288921573068594
-5.532082860592179 0.37546424234715753 4.737049852810445
-4.117773513004529 2.3567556751711414 4.603753982197323
-4.7984878016468535 2.148742521515676 4.531827633563814
-5.1905551747792344 2.0096426705365342 4.156568334741125
-4.6686272893535 0.8797463209039427 4.825051986787127
-4.781241078778528 -0.0677032025045267 3.4756963416775015
-4.478513773567464 1.8393184470280761 4.3107052904256475
-4.734533856395518 2.183756828477812 5.117193811805821
-5.528587970347733 -0.2605162498549773 4.285000439523616
-4.664184883914854 0.46539470667479493 4.706112370654437
-4.6308360653018825 1.0357074305984033 4.496992466444193
-6.366293467120186 0.12682970763546517 5.000016230363856
-4.515031925513521 -1.4719376482475048 5.349200960324735
-4.7034820797595565 1.6539601499820018 4.451645147073967
-4.468492757712282 0.02921457238358125 4.377789828479108
-4.035510190341701 2.4112694133153165 4.353414914707665
-6.2673521739924265 -0.3604446226511095 5.3249357247935505
-4.59544276051553 1.3924830620259678 4.7755836137005945
-5.3544520542329055 1.6909298465511973 4.139230586150393
-5.5751529671946525 0.41942320814550266 3.863178624077806
-4.1156986200407895 1.1360651136597526 4.165195646767382
-4.96664016958822 1.5376227346732727 4.5663780794682065
-4.64309875280318 0.256850383610928 4.945006603650322
-4.250771688836271 1.1610116287006131 4.764934425356041
-5.801571441345588 -1.4201782358342676 4.6783809377216095
-5.303301995861133 0.0696372941373189 5.458204258024496
-4.526689444952849 1.6985825680276023 5.170525722794842
-5.009787463074483 1.9134899077072498 4.125373678243054
-5.372268772356315 1.1076797315531672 5.387469417889081
-5.285265599114103 1.1556287585030904 4.629724134009607
-5.385732167224391 1.2545459756000628 5.689322605026109
-4.795044967021902 2.9146317255614305 4.218786129836841
-4.287013732564637 -0.5930359889441627 4.9013070884957814
-4.642008940502403 0.8160769916408516 4.768878182096636
-5.163953137420182 0.7135298432516134 5.337812629829682
-4.359864769502617 2.6814816248819535 4.332232362439741
-5.06744985560057 1.5009739671138191 4.927337282817626
-5.754231301112529 0.774804525882527 5.448924478426191
-4.958925576654974 0.02829243270464715 4.818554506073745
-4.503882759675966 -0.8038877808996702 5.615808398165566
-4.344513645209999 -0.7427849203180592 5.2417477634674245
-5.085187381941986 1.1497176575886812 5.299748158705384
-4.953923086622389 1.4656507102044527 5.455775222882892
-4.355651790472656 1.851616124430267 4.1790543731879595
-4.087155875405183 0.1760427555254552 5.170395807518192
-4.962459534523304 -0.47422506023772504 5.081524169473268
-4.317508444608692 -0.8475972143761706 3.5839859552432562
-4.294959816066192 0.13916652186165493 5.242934788296816
-4.481004869380121 -0.74995139880582 4.859294839448293
-4.370791107253851 -0.7900872902218182 4.696886337156535
-4.928023322476729 -1.385538317730407 4.857202340864618
-5.2172057293583185 0.08977359252948959 4.941977815397948
-3.850607981687432 -0.6848441733960775 4.6766900095586506
-4.777203644984998 0.617208010665116 4.994017780004006
-4.5270784759475395 0.42978495072182216 4.983563278723144
-5.3217647568651545 0.38965882511530164 5.272671014237892
-5.017808739810005 0.14544866769525444 5.431342743573365
-5.554795993958467 -0.6106418029558476 5.465059594818458
-4.9924341632851 0.21454221253400185 5.229476168929742
-4.462786251788127 -0.436866105752182 5.6710631564806375
-4.934303437254637 -0.8050086230079841 5.419984687921628
-4.8282688184786675 -1.6861233124143038 4.690019664480797
-4.656713668533886 1.9410711935699856 5.227647889618255
-5.1021843791435275 -0.6665877122840841 5.1289555753292335
-5.206896208830411 -0.6933738373075322 5.350685976259154
-5.800865763592727 -0.4450231097067698 5.7158690726155355
-4.91842186681141 -1.5972156571798635 4.533708726014898
-5.4646471183513965 0.004590906149147481 4.296212943858784
-4.542567897239174 -1.0737936072893721 5.364622042423293
-5.086381403357992 -0.5001293483639843 5.454663994731303
-4.283707718952191 -1.3599630761812596 5.029916652984541
-4.571064999671972 0.22971589905591203 4.232940683926914
-5.217391014833956 1.0559934511937479 5.910525555858703
-5.038336093045158 0.3730696975770121 4.974281461479405
-4.894301199884572 -0.9611966530859251 5.549966356925314
-5.634701212448538 -1.5263594530174958 3.705205632739947
-5.3198711573234325 -0.6002366921018653 4.984771584343482
-4.987964847084496 -1.0859356923249852 5.603564569590158
-3.8546522957827363 -1.176898180965282 5.640861455199082
-4.692909401666369 -2.0258932011198363 4.6019868542975155
-4.6104467574161285 -1.7777622337092596 5.590204528649662
-4.100573295814028 -1.6304551480386087 5.464337246752452
-4.907493288674294 -1.0609761557065767 5.126751953168081
-3.9303161676717786 -2.280864516079739 5.860825636217634
-4.758394697248761 -1.3713057496863663 5.693328375532035
-5.009008450586762 0.5861415092900715 5.541605157186502
-5.209593483635705 -0.8276248004913875 4.84326345698047
-4.746001830899769 -1.6240765262863512 3.9270005839553095
-4.932059902741733 -1.029790780910134 5.296288759068281
-4.4552287295197495 -1.9974004050822356 5.07252763631886
-4.947152642404371 0.9735032065822941 4.358238764053242
-4.64215551861131 -0.9805025184767304 5.650791108429866
-4.744097437769475 -2.3431651849482855 5.368494501212645
-5.425456297724676 -0.6194435952095023 5.868389359483193
-4.718142876473128 -2.6923108592437135 5.520139635188098
-4.138623486337741 -1.0694604170088788 5.450868080943595
-4.469637817489431 -1.103618378533114 4.786757031443387
-4.297328203610443 -1.542949888434768 4.537311742500112
-4.389365247010092 -1.7998639986424294 6.091533271404418
-4.5154250593304495 -2.7872406064740516 5.386596800585729
-3.728723710453673 -1.2657070276356153 5.913324921036653
-5.309970410502571 -2.148648067461246 5.196894947418922
-4.8335767394853795 -2.532831815400472 6.6198344532154465
-5.1534455682086815 -1.94616499665062 5.329938304614212
-4.46032584746997 -1.928542751188033 4.557448258148239
-5.390857514085546 -2.2271456808196133 5.050942195622275
-4.3800132576056345 -2.3288427006259353 4.845224538458253
-4.067661673362204 -2.183531385601404 6.297956940991889
-3.8999074231816224 -1.69946483877013 4.486555185688314
-5.16812718895055 -1.0213321908870263 4.590295788380464
-4.3222414836810366 -1.7179913884971427 5.34825263153025
-4.973234606479662 -2.586589634574458 6.973007254803528
-4.789281667990402 -2.339524628849329 5.726801318593368
-4.953283190685433 -1.2137872359824722 5.084437607183658
-5.308033364342817 -3.04451796733876 5.6814482264851245
-4.860442431523816 -1.1448450744468743 5.7313095321146035
-3.728766536663276 -3.77041373107905 5.5175112064473755
-4.914541764286876 -3.58428921263408 5.4714243462376535
-5.356610646050858 -1.1436071507749703 4.88658988495661
-4.806282294122257 -1.6363680560090508 5.372160553576715
-4.5433549261224435 -1.85336153535252 5.2636978399833865
-4.833800062272863 -3.1661301213488673 5.9002674561945
-5.0594741008957795 -1.0081133287545145 5.7765567932226185
-3.642030219742673 -2.927505649693806 5.301233314285929
-4.214953889021091 -1.530567820234493 6.103257243370905
-3.829823361578583 -2.632717928981943 5.258401551726504
-3.6134776143950984 -2.173192870779822 5.761896453393644
-4.7241933537842264 -2.7109221586027488 5.833181799069921
-3.467123490130704 -2.2396219331100835 5.559285056495538
-5.117335119935107 -1.6686182890670258 5.370188264415036
-4.200362514445035 -1.694369675960883 5.070843609923567
-5.680601611422393 -1.629160566347016 5.936819850971122
-4.213092811718428 -2.4435703204865096 6.116072264187552
-4.435925511279025 -3.254071683672068 4.922629834151499
-5.108472576536341 -3.0070230682344206 5.691228155507545
-3.7397290110973063 -3.446402256855598 5.108901564545284
-4.207173859707463 -2.4355721609076286 5.811402716537758
-5.040017544651131 -1.9613590869446849 5.712493076438653
-4.540722804392476 -3.0778920680452573 5.421691405389251
-3.7538495171206447 -2.6289042474747637 5.621612216890177
-4.813766193756501 -1.7356406558387756 6.222872598199683
-4.484393477667257 -2.990257377824185 5.9184620570768365
-3.834862688354302 -2.8222479301008736 6.292774404751429
-3.3387022381834637 -3.2221937325477414 6.501571923087335
-4.792935586356133 -1.4466605675907 5.635724543472395
-4.464015291956736 -0.8710701661134104 5.902209780852333
-4.45692868632148 -1.353283290430468 5.988316943211329
-4.552662642884807 -1.5793125134602828 6.264290725877728
-4.075827064794361 -3.782341689589906 5.885482873475683
-3.5816513492909006 -2.8853913818537937 5.740752617329239
-4.0915716754773355 -2.5383188099177665 5.411493759687872
-4.022366418113116 -3.106897906858546 5.881057714161887
-6.158248788703027 -2.7228333951499217 6.545821848268668
-4.224445661948144 -2.7420692998899066 6.51497820722344
-4.5345271488718355 -2.7927847279022697 6.375680479285288
-3.352408931879073 -2.9681159097322323 5.551390388700632
-4.4767264571989465 -2.8770508510009143 5.626510687882806
-4.5742735351590404 -3.0998052885579614 5.9728474800722395
-5.012491619435498 -2.3091469784572176 6.625741588524306
-3.796599209019114 -4.197623707930044 5.8014812636527315
-3.426123304967879 -3.7125935074126124 5.941883017770743
-2.090647412741947 -4.0577310823996795 5.557573265459611
-4.639263703996402 -2.6651964262365366 6.767947360507575
-4.522905791455454 -2.9427795501119296 7.409728249746229
-3.8340356401494406 -3.686652929126493 6.833862593545325
-4.5735234768746515 -3.542866861214823 6.581015998176562
-3.990247498531502 -3.6017038464124322 5.560619030156236
-3.398108590846064 -3.141050071710067 6.116068542697729
-4.007455814245154 -3.1226901782107084 6.058308626943306
-3.9545294742955215 -3.0548675358986332 5.637760539738525
-3.2618039611891625 -4.062393344747501 5.765709032673035
-2.9982305796959143 -3.31218243055247 6.917213519757984
-2.7058889655085157 -4.694434848662552 6.728073652544836
-2.574468347711471 -4.044849237182329 5.305730622984875
-3.2578815557293095 -3.2716776021255356 6.418603857966404
-3.9086261633693664 -3.5133178523124573 5.358951395633878
-3.051052824219056 -2.947531044672264 6.352634020702008
-1.5170658233086387 -4.50266213396941 6.280732130683382
-3.9826099116891958 -1.3512695296761912 6.391529238452885
-2.2096338377419746 -4.531211122501502 5.831019588188731
-2.6804999387770727 -4.905890189708849 6.531188968443876
-3.1211506122106782 -2.895943822975354 6.49011122718636
-3.4493085367357046 -3.8676705348668428 5.520288183492582
-3.5583947858471343 -3.5044883184693303 5.522148456698919
-3.2259803352761676 -3.105852922440518 6.669586176395256
-3.084647908441165 -4.042507886799811 6.6640775503299645
-3.003583210245614 -3.6239244664939885 5.004950782308036
-2.3899243980469387 -3.875566946752221 5.662584273757071
-3.346081377399057 -3.890890227708273 7.092370627292166
-4.650208036794071 -2.133953178223035 6.476727882982129
-4.38594063860021 -2.105416726531444 6.374136715866946
-3.2207233160058455 -3.8085354384725663 6.0140431693501215
-2.205958846654513 -3.9948721768781565 6.177110662970455
-1.8290584434743382 -4.046799356689114 6.399677205497981
-4.017187914967197 -4.285220410839942 6.512993710054929
-2.7733348744874964 -4.772853794100313 6.898817492083513
-3.581794106421226 -4.1544672602018435 5.1847950151088416
-2.150240064771739 -4.016480158809282 6.431425276493276
-2.06454103718408 -4.779684998324402 6.931641698678728
-1.1701960841147674 -4.246975973928951 6.391307001130781
-3.8648643912171905 -4.703881844239655 5.790225786366724
-3.5843622799459562 -4.548737137971172 6.393604516942945
-2.6593048607316687 -3.4263004690055756 6.863935677730989
-2.0507073867679906 -5.207660137497863 6.268322073551534
-2.7344402102297556 -4.413487644125783 5.225167492618743
-2.17498510380145 -4.334563653449597 7.1268652361906035
-2.046561237361945 -4.839120014321908 6.697220170875818
-3.4080051371936086 -3.1885889294714898 5.720996029925541
-2.0160881144003184 -4.231142054304886 5.332854839431361
-2.569646851606655 -4.03586630532823 6.320811014278999
-1.487625868572255 -5.836554518139691 6.9651058458463915
-1.6040713568632958 -4.0243327430703095 6.579900451483762
-3.5044927214673627 -3.220809730355597 6.372563756922613
-3.439804861413674 -4.704281730964537 6.749230424557387
-1.3071419285796586 -4.540347130428326 7.151923690973484
-3.0019415228180923 -4.597975746256314 7.13556226003346
-1.4939493083887097 -5.158953522948531 6.507616436851121
-3.6951768599475097 -3.7272505772082503 5.892251556178067
-1.937208089088813 -3.638652158161456 7.006367732863046
-2.5663755294138766 -4.706788123472785 6.696943611111492
-1.5527829688022572 -4.71279469730657 6.619526831628084
-3.3593178638479984 -4.5206306368416485 7.521162587083584
-1.335179994465745 -4.692539471954953 6.694066011708509
-1.0339937258741891 -5.278171529685474 6.948458721856769
-2.2475709461956352 -4.823854943175668 6.6894485980397835
-1.1989138914708672 -4.0561915694261925 7.135337460660777
-2.3757045002044572 -5.5834324113664096 7.120924046306874
-0.6960942673618589 -4.271072574548138 6.276516457078228
-2.919873472868807 -3.3181937008903835 6.3745472437836765
-2.277493601183079 -4.081282823647205 6.936929148235457
-1.2565826258009076 -4.715954268830239 5.6829572814111025
-1.6393315758094058 -5.228494095630266 7.395422817798067
-2.5571731812647087 -4.733853947318716 6.682941205797226
-3.096536353084957 -4.416866049322574 6.975927640131846
-0.3022616069540136 -4.630507392311034 7.52449187749286
-2.1645953458353246 -4.835220713094164 6.8836488720989815
-1.4028194926182178 -4.72371792152836 7.0358355598004145
-3.2983015643682165 -4.196263033027674 6.5967438171461215
-1.8900002173966775 -4.8693898772001 6.668472498786845
-2.1228369836526144 -5.118217395475382 6.727140581793852
-1.267629369297848 -4.406943361989248 6.690289852841514
-2.980772025285571 -3.4549818394536205 6.112522043352392
-1.9334653890899107 -4.418255570054296 6.732377763066939
-2.0555369769077942 -4.547698146797916 7.073340757008375
-3.7952757097499794 -3.3488283188938723 6.775363074878868
-1.9629517711031048 -4.445076913485577 7.347022249377334
-1.3099537236009473 -4.837865513025772 7.352895461307387
-0.6595254270102004 -4.8262033457746485 6.918941074717433
-0.08888781584455775 -5.27699526994634 6.582307955369599
-0.7527646141861837 -3.674416850453543 7.240175487010739
-1.1067618243869617 -4.992311754409714 7.0928804443444236
-0.6599286017321333 -4.933242837448116 7.101582408219482
-1.5849579927790591 -4.281868935326263 7.392287335304991
-2.4957359841499294 -5.349179284406553 8.205919032055629
-0.6907266302896665 -5.34735612105258 6.985487178194554
0.15655166236728624 -5.660052077872756 7.536311793431439
-0.7058147071063868 -5.098637069658568 7.172002293127053
-1.2384017305410742 -4.316760815133085 7.63188539537969
-2.2349842550920003 -5.222496278833891 6.714290847689288
-0.7269876077204688 -5.656744850255627 6.990622841479748
0.38750354838360934 -5.486017628263944 7.294612410879739
-0.8015096416138027 -4.792715666616938 7.59982349554311
-1.856881391588117 -4.16018778350722 7.7652667964080795
-0.7480649353488801 -3.983071956645717 7.965206961043019
-1.8596503432459288 -5.59269573499007 7.889784246871935
-1.6037442094371765 -5.261875499955414 7.536671754098672
0.6233236662265013 -5.3892309501385585 7.717627991698439
-1.627699416630724 -4.79817797261844 6.6772269455346445
-2.151886560765356 -4.783267035647275 7.6601410407881705
-1.26930801685924 -4.4932630171226595 6.754576996738952
-2.629550794616377 -4.191554249878499 8.259564348330777
-2.2478299187551944 -3.731446462417272 7.356824491609037
-0.6353348189616536 -5.114823411711764 8.086222706875033
-0.9126734269557274 -4.030540776964031 7.4067599534739665
0.07450541634757453 -4.599668769325052 7.160674017297118
-0.567601142975628 -4.632303734499313 7.699155937996247
-1.9295499744728883 -4.802643450137206 7.746687864853829
0.6721856912616992 -4.4755447723522 7.667897866340836
0.08031704600076885 -4.767424613045659 7.3026280787490325
-1.3979723148691525 -4.515021771352135 8.709434033487755
-0.12377692880444885 -4.926094960580296 6.757125126411886
1.0237059509145336 -5.183431201743357 7.108634450091691
-2.015074378194021 -4.755439279560536 7.595582581301717
-0.7400046835853636 -5.022650550003501 6.7041735623874485
-0.5298099743086649 -5.072992340709515 7.501981127744405
0.053187561444135514 -4.088126813483132 8.059074432341049
0.3006709661318169 -5.13275176399637 6.506490186403982
0.588334858877846 -5.641077944780508 7.371963834083101
-1.1163812215354687 -5.072673440802361 6.7162855906098695
-0.14340172231835224 -4.293643325739363 7.47532790434895
-0.9012153075414154 -4.734485510243779 7.153146463105133
-1.7135930104328083 -4.3137607206537245 7.149184235607368
-0.6715993689474522 -4.677150578944733 7.646223688570301
-2.0379846397209134 -4.423972636846331 6.89762307253444
-0.5952151359614088 -4.9617779844500545 8.123746859129122
-0.1506478422491797 -4.783830805942656 7.265942157210433
0.007818000622149653 -5.804753851394259 6.842117711081619
0.5559948546742328 -4.930193289145483 7.901566986978577
0.7818037477567958 -4.998430558828061 8.041919263781526
0.8996865556414353 -5.765030831949221 7.677172368533028
0.04060425153138604 -3.766932243036898 7.459396136293008
0.0886359335625669 -5.373073420707119 7.220372042760534
-0.5475565962434578 -5.083128208398674 7.870868287646391
1.0715481906034385 -4.973068023457651 7.578806676015465
0.5180093615513794 -5.363448420554396 7.572299219151628
0.5036688223812883 -5.877999795714307 6.332321734813958
0.2757010939103656 -5.493024598951126 7.2293229791338245
0.9799234432836544 -5.186284881232171 6.614328932432166
1.0667790883455448 -5.487400540514469 8.141821287774558
1.9811586918106574 -5.166132012489571 6.5520591949429425
1.4826025307021244 -5.364481795842017 7.531296551616422
-0.12897633113010376 -4.654754711504282 7.921309378164257
-1.1215565678245796 -3.788926694489706 7.7685686284538615
-0.13110838829558238 -5.011260553035705 7.88966210038905
0.07391695157793131 -5.209515865261428 8.08338414831618
-0.5997666833934964 -4.04784894195871 7.770762070067249
1.4191389009263269 -4.749981224112884 7.814686472131807
-0.8942324724258628 -5.314904310819698 6.828267484829298
-0.08191802837663027 -4.871216575643261 7.765322960422555
0.4217124274679779 -4.962020500000682 7.043962378261005
1.48969164790156 -4.7410282123282785 7.147631321047445
0.0784770985892461 -4.800126055961604 8.161096806618055
0.5701773516000586 -5.056310316294909 7.337759791695929
1.3652237459867786 -5.373808033910518 7.060492694361842
2.005250556385463 -4.174939264558147 8.858222941009105
1.236261706995408 -5.085683037316927 8.276852984706803
-0.960374642466238 -5.432996748397932 7.415279921346102
2.417156475553218 -5.006927471139639 8.622380636356793
0.2737423133776674 -5.056016251175257 7.021881945144454
0.4275502180785341 -5.0836689678910165 7.728204750788213
1.0976604176435631 -5.074103651165481 7.8600478128325
0.8973786088917926 -3.9535671744012015 7.37715343628776
1.3465584230164134 -4.782626338910329 8.239731748654453
0.8108061007967701 -4.86049850226138 8.047880327056873
0.5964776893844754 -5.247699557563088 7.924611760948818
1.0622574741022737 -4.955076388398445 7.67915012867041
0.7083585086799654 -4.674394534354823 8.325282112390221
1.5532061068432088 -5.141289048529926 7.215433566464124
2.286621884237744 -4.74023958372773 7.209960609224476
0.9680079640249284 -4.730230255047495 7.355744225707319
1.3901694301807277 -4.021173039950202 7.630447833178843
2.639257089812721 -5.192930082829884 7.824048844978814
0.9378638854479652 -3.8017150900923347 8.496446093670762
3.074107239584635 -4.239420114851484 7.3947272100307355
2.594202673820294 -3.9379943625346763 8.012350213759277
1.6556140043758674 -5.140066682199093 6.845717031037184
1.642054493879637 -4.5407839023128185 7.981366327477232
1.5669307458462143 -4.579238403135081 7.210585832737934
1.5209398746574556 -4.6643995522218304 7.759377513843401
0.26941768712557485 -5.740029721650991 7.660144040204974
2.071509096280802 -4.7620581448156685 8.602241956158737
1.5464941431415933 -4.9563789209653475 8.272696242953765
2.5113971088755322 -3.8497092390152154 7.929404625379085
1.353798823718402 -5.275784416310275 7.12052423874574
1.9859690213448127 -5.260564481035843 7.69401104066898
2.1384769823354373 -4.359054913591223 8.35601274800621
2.875822454649606 -4.812452590720823 8.180153582307648
2.3774228398171275 -4.588716404143349 8.291099959463752
1.4199615105677348 -3.51034155767952 7.785819432401271
2.582478620749732 -3.8452317899648127 8.011965847312714
1.7831673366830605 -4.837122924050626 8.96146789323846
1.4365523193606813 -4.000894861384717 8.979265940012569
2.0489739884772264 -4.655178673222409 7.936787045559367
1.3460396264142789 -5.045855123190963 7.931089335024137
-0.05312194804268391 -4.1982032502045445 8.697039578068676
1.3806238216199758 -5.893256082116686 7.614601491221958
2.218835369865047 -4.620444469652915 7.863746023486596
2.6215008856564443 -4.705568972358259 8.741929711569895
1.526389085856972 -4.55898343986717 7.73897905886701
2.940400133323932 -4.375131025571879 7.981315954986563
1.3664565515940519 -5.987429890294997 7.095021658706274
2.2082707524944034 -4.927809151662057 7.404122429056022
2.195454516420826 -3.411815805504795 7.184190527656959
2.5557830455931376 -4.0589183194813305 8.504914499165002
2.0798341848692306 -5.071460305680293 7.699990536759679
3.2733970004089388 -4.607932296290492 8.010300116031491
2.2218635872648145 -5.2838030020402496 9.785478137732259
0.38035883124518816 -5.451042216042495 7.851555619011242
0.1383751462313101 -4.55722588246198 8.875396798715023
1.847132196094401 -5.198671141847282 8.195697651448551
2.766818557276337 -4.260322105829609 8.500303360300707
1.7541275050312701 -4.024693453681212 8.639764202658252
2.6057736823444815 -5.006499774828478 8.650030688171453
3.1286285759677837 -3.04566460548453 8.46743940375517
2.551815350217168 -3.6680044708973782 7.631765297080737
1.7130646881117952 -4.181432917235126 8.23440831311368
1.1197018155450396 -4.573836004960985 8.778499308609717
3.5358889592440943 -3.015455363877858 8.092949186307697
2.853071793228143 -3.352955668573622 9.309860670135516
2.2103159875078777 -3.643374895047905 7.805319664410342
2.5301507488480386 -5.091178585305022 8.488723608838988
3.4228875271191637 -2.959667691124465 8.282774594854024
3.535281519904657 -3.527497404745277 7.9055308038933365
1.8469947658430539 -4.152119347951679 9.745385289529057
2.8445594351976613 -4.367459379991299 7.4355615762406515
1.0649917973889855 -4.844799999844243 8.08128051232622
1.9552668583571027 -4.015933379199909 8.284407809523179
3.642738780508064 -3.291559965321745 8.361876126228356
4.151253629734351 -3.0763197272723 8.023665700129373
2.704205048883911 -4.380880047516294 8.166467460842073
3.385328390805621 -4.543545984759427 8.907361182678855
4.192263877506267 -3.4764020571083956 8.613677180513054
4.421030156400913 -3.827684700411472 8.39247960890804
2.500620020629186 -4.367245224693215 8.264042137613716
3.391195740029594 -3.584793680471404 8.696429489484048
2.767944454090609 -4.050978885840021 7.783377973407714
3.453265914337738 -3.5831936782257037 9.006123317733882
3.1595888936590137 -3.1710591295044814 8.436280902189106
3.386301337114825 -3.076152665523169 9.413489627537057
2.9742929561910745 -3.3717539205336964 8.624266862201477
2.282696764495548 -4.105998067505687 8.759140471356904
2.5783306831241353 -4.451468601140522 8.505373250892754
3.244703243726031 -3.1973750576680424 8.72377120001413
4.35845751349937 -3.451203338631541 8.096321149287343
3.861314789472455 -3.410999969403611 8.720799977152243
3.296894740476157 -4.079703562030807 8.621920277966579
2.872467411167577 -3.1532428134317283 8.430789295522786
3.143380893549344 -4.810537128662202 8.32555967179494
2.5387214708819927 -3.8897924250064837 8.68172161182528
3.9255354153744766 -2.7102990202671347 8.519193384045218
2.9265652254138783 -4.123869420873897 7.480196619911929
3.4462249844000774 -2.764776330319772 8.54686152539936
2.6550522482112933 -3.470212767375733 9.060477991929494
3.612616765399357 -2.723887599155663 9.335368417423915
4.8178957116846215 -1.9556578542983116 8.590753984703312
4.525487535160074 -3.3555163188492987 8.193045668639941
2.517035081875594 -3.950840208344455 8.784991546710108
2.4393828281545167 -3.9638870046840666 9.381758883281725
3.8956189941683395 -3.90378976523927 8.458394168775834
3.837471056696873 -3.3195934194076853 8.188054489509346
2.4204408886167705 -3.7273391882563813 9.00115440474007
2.8640525569740007 -4.074466842050566 8.614021388302287
2.6178113875991915 -3.141885396131059 8.612549191917008
3.487371622182649 -2.781000489613178 8.843658282813111
3.5480578960547304 -3.202315688119195 9.093739031044812
4.6652890582261515 -2.184103933753824 8.056035754469344
4.353283273995198 -2.9405641130714484 8.40058533856778
1.2102696994617812 -4.696089878836603 8.227464042924293
4.127855585455721 -2.8849049116669794 8.550519753301906
3.079053928945845 -2.6075550081356234 8.948311687105758
4.3588119455635725 -1.4436384549778851 8.604971739933694
4.676762718704926 -3.0519523153550154 8.755707859120497
4.161553592625137 -3.0214855079579883 9.2076032007901
3.5485893686811063 -1.9670247381360284 9.075809331919546
4.613443561691797 -1.9449363281922014 9.725514452665978
3.8453306195820143 -1.0388264014080053 9.174456780062124
2.1195918682365633 -3.79026056741011 8.860489203754685
3.7704509105408612 -3.4377374022403253 9.372048262673735
3.872373304760483 -2.3574606844552637 9.01848081973721
3.928337230965069 -2.1137488089879066 9.378808220182833
4.580116634409886 -3.5802729295509175 8.708982007012477
4.033428009991695 -4.741322217646056 8.711091178046678
3.03432555196727 -4.168511300269953 9.338030227251936
3.9889438399816255 -4.792357466705695 9.301662330561225
5.091792428413835 -1.6454410222547662 8.611866585423334
3.919421736278149 -3.44804996803062 8.545748707220012
3.585781638079316 -3.6928111660408747 7.692388595413661
5.049155053803803 -3.386589092902978 9.735009953973211
4.260699284626496 -4.3764103485401025 8.788774388412945
5.326999952837189 -2.0283629240589067 9.110390571369411
3.314463124427273 -3.322275075789612 8.544317268463796
3.9814273848311323 -3.2093512201144416 9.603819567320121
4.959384656136029 -2.886168619170138 9.141835287327288
5.700859988349927 -0.9686453948741165 9.689917766455023
4.876619271233823 -0.023089966593170332 8.582705197271618
4.614984578203062 -1.3592010727223869 8.719214009630969
3.1808420387840415 -3.302594146708791 9.564500942707701
4.144216351965311 -2.3291087133893424 10.115255706051798
2.2511382076555564 -4.105388833376049 8.706153599543391
4.376758885169169 -2.4933267123279492 10.014452650721903
4.992369411556532 -2.147338764359758 8.654892322690708
4.2784108193961305 -1.6899348254095856 9.580945531543428
5.008200160739053 -1.4942543095263094 9.186774833487998
5.099814595389051 -1.6674684170083216 8.958550703181473
3.7125727590535407 -2.9252665329865715 9.220597020164382
3.7073172794195 -1.9252282176356061 9.884925197777399
4.743420660927552 -1.5584820099511363 9.560394445035719
5.103341787515579 -1.9559329498654114 8.741543897979701
5.097752165590255 -0.9604439130596506 8.73637320099326
4.267751447731121 -2.1778876626070893 9.678253528235647
3.7436930071509997 -2.8739946105771756 9.19035753437104
4.7577581536167175 -1.8070161137714928 8.85029943767484
5.0048005940800095 -0.8114246609840532 9.503800580307166
3.81005865879546 -2.7736313172185967 10.385773032275317
4.608186715156277 -2.0353484263274733 9.383636102538764
3.9642621990762374 -2.472948088211914 8.840608744321361
4.9269425173677615 -1.003550445757859 8.65593954976367
4.486588188493485 -1.020367139029366 9.99697402876547
4.825797380504438 -2.633234005487589 9.885477643189544
4.6020895800201655 -0.40873829711699106 10.115076787753534
3.8283298355999142 -2.217538321006389 9.199481844315821
5.027443001144526 -2.03077176171317 10.575915051058384
4.071823046753278 -2.7251732980218626 9.040957832500949
3.5483327581565103 -2.9590901774456606 9.049348921508713
5.205314491421694 -0.6652781232396888 8.393311463142783
4.750551239905264 -0.858487987661133 9.859172479873138
4.423826848968448 -0.19408631021686093 10.718019263016721
3.9743629274574976 -2.9998069276856483 9.579479007220579
4.177627831455923 -1.9224964718066648 9.96831973813024
4.0596056767847255 -2.574522189156981 9.377241542354978
5.185221347335359 0.47973585104214034 9.681734808241739
3.6410752954312087 -1.1885646876980975 9.693563834612107
4.891365604196037 -1.180003505637049 10.114351157834543
4.1894600186652395 -1.0533027560111614 10.0939831139954
4.233294550906098 -1.2076807120111288 9.282024094260608
3.7232518079801067 -0.5725965394852565 9.607937262186793
5.607935064296645 -1.6120275722706237 9.456458809565769
5.016397464021823 -0.4116190059141574 8.931611488242504
5.184955901904442 -1.94662557668449 10.175873766509085
4.146548546020541 -2.1864736047889877 10.013446919397872
4.517671761069095 -3.8027501925342504 8.619130328559297
3.9895157904081207 -0.07621214494333009 9.573196064235322
5.2197157975968596 -0.5489632849624484 9.277505071798494
4.362787595394524 -3.2546284658341054 9.289150449608588
3.9392488870947417 -1.773180114441313 9.46377102838694
5.336087195703556 0.3306485461940017 10.264805430251183
3.7550356993343095 -1.6296592044301763 9.053275013465846
5.076187694029941 -1.0553957323750196 10.108878035673813
4.946862294167246 -1.347919376008162 9.35622206574501
5.327096590077992 0.2177759913473837 9.379815760497111
4.616864780432731 -1.2227406050788767 9.848488229086712
5.673830412942006 -0.6217844471216977 9.87266976243437
4.887457105625343 -1.2276722707584535 9.51597659305589
4.755647096344436 -2.0240903912506814 10.044459678122884
4.168029321459764 -2.7422210825173337 9.689882829110582
5.049499286134916 0.2049574508278422 9.826508297388079
4.812845511139585 -0.01353366269935765 9.140410572753167
4.506017109362481 0.23389165835706058 9.906387498122323
4.653157303362628 0.7012597147467738 9.014458589515206
4.908708571591192 -0.8269687227813244 9.552963646180633
5.109803348389036 1.5196802522904274 9.477145421037251
4.3593620013288295 -0.4956542930621517 10.571691845504752
4.325437491755431 -2.2884186585675654 9.403733506485988
5.0986631010577295 0.114729557059807 10.724403978628501
4.686749096222409 1.1643847409419765 9.437640077342504
4.203676828631334 -1.2434741457727503 9.599420925661066
4.717071324816092 -1.253743883809992 8.737404847750625
4.7374631832909815 -0.5980383275328405 10.777014958054634
5.060805592046293 0.066321803345323 9.809257048129815
5.971010873343551 -0.26293440770565973 10.12594465546335
4.931089155104372 -0.6592997923931531 10.62557422766114
4.723690752803683 -0.5629745539877292 9.905614371815496
4.227530317072456 0.27117046813676265 9.924476855155172
5.4378355010576165 1.8999510237927077 9.669549183757162
4.875669733716159 -0.032296590646113316 9.894312842821645
5.231053528535561 -1.119042012589352 9.521691336144068
5.438324008177949 -1.505093728010348 10.338630882194687
5.071126091328317 1.6114922450789522 10.122335030127674
5.338461695690082 -2.069151433418323 10.181504689975231
5.470538920522651 -0.9632315156820248 9.76334604129893
