5.124689679041968 -0.6908919401226663 0.048613374938062996
4.8403773688098894 0.4049330735514617 0.34208405450047213
4.528214664427991 0.5251465953307368 0.39449809569682637
5.100654632206566 -1.0731819600905543 -0.7463893741812954
4.657401151703112 -0.6219347895084912 -0.053810241811274175
5.233179760690705 0.32784712898459656 0.33625654682114436
4.732131746645932 1.4313700210993312 0.21181939077594134
4.63881987684817 -0.637995625299318 -0.1374782633853809
4.846295225981293 0.7316692181852648 -0.23817799965699593
4.953168143723569 -2.4516740335510705 0.3643243454860058
4.710353912296078 2.281221457692396 0.12208545029154123
4.332233894457695 -0.8019778930509395 0.08523307692441098
4.589220897078192 0.8040604184405878 -0.12250908396168603
5.288090489303659 0.04830080893770278 0.005487321462856867
4.933298081930989 0.06626957327397207 0.05197192901986539
4.830574497731035 0.7647342730967323 -0.2768410711998561
4.190725438532379 -1.0490691318498921 0.5664380017129027
5.120320147441874 0.3734992947705574 0.7880929000970596
4.844054591609047 -0.4289727713615531 -0.9488006384819367
4.790136841252768 2.5223837770475797 0.20810493784723363
5.201360046952491 -0.7050962158391604 -0.3658805954189002
4.5632650434101505 1.286816556754954 0.32689452762271715
3.8661332531713017 0.5642912707520928 0.2923639361440868
4.685320163928519 0.6837306776557857 -0.02077933166752094
3.8231311835624524 0.3085729082513012 0.12016275527062513
5.70747077269157 1.5207097148877793 -0.651711625954406
4.906412088755305 0.015455905824756346 -0.07553971695668493
6.102120587068515 -0.2848859582004447 -0.18585943650880649
4.231998887192634 1.6755102592367306 -0.8301491651920268
4.6780126364633166 0.10773344288237909 0.1283571609201399
5.08705856653027 0.588507947811967 -0.729097305332798
4.962634161652923 0.5922758126369622 0.42807847962187684
4.952204806110162 1.2406019732527742 0.4752074527240808
4.83062708561829 0.43519312475978666 -0.10663767689149439
4.64571855795519 1.5996487506628179 1.489605482195947
6.156203090292483 0.7143658843886299 -0.022214481688334786
4.342582918843128 2.2882598875393825 0.2923299912725438
3.652683945754516 2.267649889899847 0.4185622402506109
4.4184960905928525 1.354593750611788 0.5787725921509532
4.808305768776103 1.915091987047434 0.7844809995005431
4.804555984927386 2.7186792685219534 0.7452088678319246
4.681566898111801 -0.2665717676754491 0.33252681566768905
4.247940758813289 0.5568378097616599 -0.3283306980607893
4.7797877494652505 1.646251326919536 0.9440867721938411
5.0133783393396945 0.16090295096314894 0.35837794354367836
5.360706612919035 0.3238040181080968 0.5860375227459409
4.307777872187435 2.3030399342457795 0.12214375960921547
4.074162020052684 1.22314043199781 0.2850190401088236
5.285425724086842 1.5374631036653572 0.1927254631636675
4.048294891933549 1.342898681048614 1.0303064067729575
4.209576400476264 2.5732133581648955 0.6769337524648193
4.697102939081756 0.9327362091784299 0.6279903003654485
4.928945593078402 2.016823341000026 0.5792626645358044
4.197147278193151 1.4762948569551333 0.37728807168570727
5.470926440028914 1.0489473384961276 0.1892811286476655
4.888081460483265 2.5243503875008253 0.9752416474950028
4.871564661862558 1.7325500961936506 0.354538555710464
4.23977266406561 1.8682301675426187 1.5096045785084358
5.234887468341231 0.3516564796936994 1.6212712820292214
4.653658212115273 1.2910310424134988 0.5614735427680989
4.246248535521963 1.4766973561531938 0.6936019668173271
4.924165648190837 2.12790657877132 1.0094770759903589
4.695758379299615 0.9730494036032711 -0.07326233614071176
3.446671840486781 2.737310458673218 0.9637109805534901
4.6770581294660625 1.5901566146227377 1.6442106317483391
5.220433025726838 2.10997592734384 0.17802807806359605
4.21565433069691 2.494836424174562 0.7778457601670447
3.969900925681095 2.1325197683624832 0.7205162419994386
4.730247293321096 0.8923104165663673 1.4593949977331293
5.033203472872825 2.2700864878691 0.660977274561226
4.655101375622389 1.0128674335232573 0.702556693790676
4.550097814490661 2.3059050297961607 1.2272857968024855
5.046982995362186 1.350591062638551 0.3168104216262203
4.4545535324594665 2.0819494648610775 1.2234771633790866
5.362933978285459 1.326782368280679 0.5085155236335687
3.744623815485259 3.3500955107111303 0.8975805594959931
3.927734438410295 3.475242714462089 1.0281141512041843
4.547924307820726 3.8829946809040896 1.6868846007636598
3.8177664944917327 2.945982198797522 0.8811367882392827
3.743411514154432 3.6040861622584552 0.04790227913997036
5.171392350643927 1.819003818123555 0.40135404226526017
4.187975196691296 2.4251001896140227 0.6210352500272621
4.789255675006308 3.3259602371363353 0.857309929876698
4.506613795426838 1.875392017372945 0.095928179774325
4.037085639826091 2.322353845824936 0.3473557691608632
4.229617285271489 2.6140980040454083 0.2201947541976914
5.788581294616535 1.859420117522723 -0.0906888868600999
3.670918476447153 3.0897943184042136 1.24575749126346
4.219522523856754 2.0286967996515255 0.42230033287824326
3.329550431643029 1.2224149469350596 1.786139189705236
4.586349333128587 1.3791962679896146 1.5212346785891548
4.032040990996987 3.7585324551932926 0.39843343704109513
3.2136685099508417 4.826515029026173 1.5563157294581835
3.770245011603722 3.290444417165742 0.4315730510489909
5.142046303957845 2.366112978600599 0.8810368382880936
3.2411305048013763 4.357352543470051 1.1897364203072427
4.752064942462978 1.6358050426516022 0.7936379938257576
3.3140152554245654 3.1672202483625473 1.0707398060048
4.131219327687278 4.439628909642433 1.6560776726471544
3.646478817976577 1.9367675026059568 0.8471586065263321
4.165706385916241 3.586557686781917 1.0179140958622406
5.304144428186496 2.006961851553512 1.7327811961238613
2.495997751206795 2.5991977388381087 1.2054114038330384
4.763129546400901 1.802979583073369 1.326727114751204
2.673691402198765 3.3094573796338667 1.426083174208015
4.281055299349852 1.8148323664853676 1.1721515564551879
3.100010899817127 3.1681186480212675 0.8564024092053636
3.4821273011648914 3.95090908961898 1.091330321958246
3.1558790870577607 3.707562314472173 0.9790225031237485
4.946094113976556 2.8391000401691096 1.0382118110542073
2.9525850217285368 3.5672907382712844 1.4534365201467518
3.923459843363472 1.7915069405177781 1.2153810287912672
2.8376630471385593 3.5475166444466177 1.7146252099155088
4.215690792514842 3.132196116160686 1.0374924525039
3.398230494331182 4.216323476200193 0.3787661124467413
3.1704745606098648 4.024501611033103 0.8307133231065522
3.544076258913667 3.7329958190869097 1.1768612973325427
3.8684247060979358 3.9317422754309224 1.609192662280383
3.4013191461072685 2.418197673615666 1.3922158052477447
4.397576607574985 3.344511188370988 1.0389611102262557
3.7527797821873436 3.3923440809412595 0.47883017777476466
3.032235036160227 3.8207078145536726 1.0814302707185148
2.785633812475602 2.9950757772944403 1.031958668989625
1.989754806553505 3.6858268829803493 1.2919827200067104
3.268641458516515 4.814212617228684 0.7216927003994148
3.0169072879868546 2.5711467556069594 0.5857316811137906
3.2895782619159406 3.0925779781729026 1.4567263570844935
4.132131780494518 2.1755796466754482 0.8107406625520814
4.223684286292263 4.025783897875982 1.0961534487887952
4.616645614803345 2.809350243323822 1.708671554488875
2.3949389742618252 4.097589529721255 1.7513186106248706
3.2771142580041053 4.037004401016307 1.4663512483962586
1.5692313158621594 5.247675240625777 1.2426031756264806
3.3960689383988636 3.931403653097242 1.397774795829647
3.2289963734207405 3.795042422038285 1.0581755747584658
3.9448203876333157 3.35413879323294 1.5341616287743114
3.1917218584799785 3.4494059578911767 0.6845037271120692
3.1137857616345483 3.7753451564307206 0.6160850936424753
2.7964824245472246 4.420065528946492 1.4915889502853559
3.3669953380557267 3.5685984969901354 1.3807318377457083
2.8931707180285127 4.358239312822583 1.016717690068138
2.2503460135863755 4.338518655722816 0.7725310160295229
3.4560293088184757 3.4475901865967495 1.6369979285121157
3.3064655232001146 3.9576757930107953 1.3153346789589597
3.076183552084618 3.6530631568504375 0.8469373694696892
3.532089467889402 3.3474823111075653 1.4688923357293058
3.8341337319466904 4.076002980916468 1.8389300213911528
3.8195342944245625 4.068783811938865 2.059570974649273
4.1712441535228475 3.3480426408757396 0.787287711066911
1.4185628510276227 4.623489866389058 0.8202859762337416
3.946250046044388 3.018863251191574 1.323493755352618
4.122226993037055 3.070731985471275 2.255628902552356
2.7861262732105456 3.7840869512556536 2.183677365724374
1.9435242100126782 3.851759477801202 1.3722247110580077
2.371805794353038 3.3320385927941456 1.4682803192346874
2.6426042968603687 3.7738016949224304 1.0573265328439105
2.3465481161908825 3.791814500549837 1.6752654218174652
2.7955590537031476 3.2623035392617714 1.5141102973641536
2.914321418151264 3.4510218206452583 1.9001497236795937
1.4832144928817663 5.085652805943722 1.0646002287472391
3.388014801479283 3.1229007797157182 1.4354729338991872
4.346605888852254 4.137981052547233 2.7357708098863367
1.5514826209448815 3.4320117620834147 1.874989827967394
3.2306114597076196 3.7992855555792 1.6179323959409762
2.242101611223656 4.167714134197394 1.2456611080329363
1.0423460022185607 3.9581156067490806 1.4514425738180439
3.2989087711986818 4.6258035875043335 2.5817984887702945
4.4259250047724 2.293865056021232 1.9150425771668065
3.5792417533675764 3.6917391583057957 2.0620627069169273
2.7809914678584255 3.9662537369594415 0.14586312311701888
2.3906771601423262 4.836173824795645 1.1546896481411475
2.192867445153401 4.912354142153171 1.744260360434455
1.3560478743445519 5.077418215004356 1.8101427681465005
2.1513718290568216 3.947220548577134 1.4245302567204636
2.4358334206646073 4.893733237482104 1.9091343531748899
2.5530434183987443 4.311460704709404 1.0229838596630931
1.444607158362201 5.014163521090238 1.0442245441307783
1.4817602241051269 4.80076301224255 1.2617380275519727
2.3069698724740273 5.567049200527877 1.8193740990676581
1.1244763184227538 3.948931917575276 2.8404265920445
2.8039759983269774 3.8102233387160704 2.43019690447274
1.2451027618227217 4.551996070738308 1.9886579998163414
2.8160958349443708 4.276549802383527 1.8969229937356618
1.6975956318668988 4.237490156888361 2.1872870805356657
2.98893014532511 4.861761737908625 1.7155368231920043
3.1842869924568804 4.185706587808607 1.5784111322579903
0.3582207422564684 4.819453818909822 3.5849169628357687
2.2273923115598078 4.848545071231231 2.970745997902572
1.0162798795197179 5.1464049303801 0.9369537158116665
0.9823725128634007 4.309751899364629 1.489096368594506
1.5435681179114342 4.792512097662499 1.5747516661442453
2.721445486559627 3.8397305702277333 0.9875929210811498
1.2724518723054448 4.98843516804016 1.8332586315549624
1.2050377337906828 5.3016244439422895 1.8548698954128229
1.2761526490174178 3.807239769008299 2.816581755520278
1.8280238170235386 4.423594135270303 1.9990285875870515
1.1334589040554468 5.367267922184734 0.8724184596836253
1.4530378677374403 4.643539290894214 2.8793193829576738
3.1301573233397098 2.9055957221692297 1.6225152526087543
2.6996143368581844 4.001340017556191 2.696168623012883
-0.5805713048579269 3.9905079258536205 1.6732987615171906
1.6247830710968367 2.8587302162134725 1.4592275818002256
2.2363686409148587 4.688133073654403 1.704326849109298
1.8600257592259954 4.940233897825929 1.4849730021689567
0.8386223641152719 5.045163170952451 1.728252247388645
0.8217309412475471 4.6743584210925935 2.0705379222808453
2.3313060744445586 5.147272659264062 1.8206589378681102
1.2067947958046825 5.320802430039017 2.4013766173613655
0.9830134336561437 5.288957404817896 1.6231831969977009
1.3889553124076133 4.992014339197048 1.4663770368790647
2.1443396001799764 4.613980908180476 1.2325309906668238
-0.40564237871235553 4.318155667492663 2.7968262571541045
2.8839542175434016 5.5603431796439 1.603424472528681
1.4901659685183624 4.196681070613149 2.164170847716538
1.1623372610227836 4.4160495310405965 2.243388563481679
2.7913407704792044 4.0721181496960925 2.5471132183534744
1.4248691431567861 4.891203520636467 2.3988453253696473
0.84836140186053 5.431895135443606 2.374537145455645
0.0932436262315989 4.982539291181825 2.009132639747442
0.47718703024539677 5.794775454189272 2.187876551216382
-0.37186695001828235 4.802736961141455 2.1939259485501257
2.4997697800857264 4.591712173526976 1.0868817267068367
2.2777296575672126 4.424903430029796 1.6713327430293368
-0.9316232405298052 5.625943660994819 2.140342937991852
1.224117567453653 4.838113889062027 1.7339038343364717
0.9935854311719429 5.767382816869165 3.146523467077891
1.0321975562721724 4.187859187764656 2.4138753890032945
0.01910109481706429 5.119308222516581 1.2968131239269751
-0.2617021864912041 5.5803519756696565 2.098207765547443
1.347464433977203 5.335006112132333 3.445553820160419
-0.20997325994684385 3.3772162070226353 1.836881295591677
0.7588391686545088 5.550500197769513 2.4791673713395093
-0.028011062219184483 4.961452048133952 1.701484481063539
1.237387627599423 4.8725331392555 2.9369753525164946
-1.1458398576546844 5.955323038278606 2.3517956381465046
-0.2673006432800605 5.384569761887054 2.027402157166928
-0.2984448692139509 4.329049151123329 1.2256025165960485
-1.7302657435829552 5.177059135096325 2.2613119250289113
2.140930473820959 3.840242404069248 1.6402315786522736
1.2886939385099119 4.171808572008317 2.2877500229610477
1.8204590669397818 4.031518792303905 2.702896634182333
0.7299208413433081 4.615480463344695 2.3461201885092366
-0.3465012955730007 4.918071381922347 2.729273091631712
-0.6478228142295022 5.270445355093191 2.4365043936401385
-0.20850957554288665 5.180668973762142 2.7994814992880173
1.3030588689757174 5.274565833623519 2.318600985045082
0.47676196337797117 5.610678478829261 2.5397126146121978
-0.43377885744053046 5.332576063123949 2.334875943162478
-0.36215091282678197 5.319059751348869 2.1897854462832256
-1.717718773950782 5.315329572483383 2.792820911853165
0.450629614398431 5.026710494118423 3.061270219662365
0.5148276380796158 4.3566686950583176 2.554392389083694
0.3141771455979666 4.738083009240694 3.0171641510070555
-1.3986078827678046 5.246511095389748 2.099437206317821
-0.941616405847677 5.6368849625566595 3.399674163762442
0.45618127940574815 6.0127115226535865 3.317283871157663
-1.135547203310985 5.3031233544100935 2.6292512283272873
-1.259729750655466 5.217581081705165 2.4476356453101107
-0.6400340969703446 5.34187147827414 3.3955442858923712
-1.4582119216863314 5.07897645763896 2.6421576166257714
-0.7881197316019267 5.692654665707967 2.6183756224505967
0.45028170794590955 4.74768598529736 2.711415455522678
-1.7616912883479665 4.215165093123211 3.2554789577987844
-1.0285019978925276 4.423253056332666 2.2936783796719347
-1.927548194002554 4.905080846883423 2.255659683856885
-1.683746194133013 3.1208090372947246 2.779039567867934
-0.11341116890146455 4.821392756587874 2.9157438900489785
-1.1451624500788484 5.05125202925477 2.908435478242106
0.2779232229622043 5.570104945189861 2.7509829209415533
-0.04353573198155673 5.040715807483952 1.8599518741711378
-1.2948122688998958 4.4559876949644694 3.7862270915601233
-1.8248488020450058 4.424235323159119 4.015898017566002
-0.47668957647244214 4.855459808593896 2.29689682481485
0.5415779063117317 3.7952456966502615 3.342522781856349
0.27448980337461226 5.5476402054475935 3.030228643887754
-0.45054817521227547 4.989207708670838 2.3379427571202553
1.1049199491334716 4.663568822957526 3.1580765237844117
-0.024205789481673286 4.128692773807168 3.3983413820136836
-0.09730068567840502 4.255953968619969 2.960505064983805
0.5539038091405861 4.799542901100288 2.5784302369319065
0.9709572919095169 5.906532429715398 3.0432020671591533
1.061760095352211 4.645688568046971 2.4099456240199815
-1.4218246392147755 5.294385320833067 3.471458755863065
-2.083608800440531 4.123477220448599 2.6181360444422466
-0.9047179026234353 4.731522372890578 2.7548676600046886
-0.27382631868024604 5.13386462425416 3.0190725925301556
-0.18984610592875908 3.9439891866028707 3.1771949372193484
-1.6190145445168416 3.9703303005571167 3.18253177390377
-1.2382224112005213 3.7092986894052555 2.983215907979207
-0.3624331584629329 4.84211191546533 3.676411809403681
0.5425617843868047 4.825375414443689 3.875886376457417
-1.2061712799348967 4.723749264585507 2.7007674042834124
-0.5747734504116895 4.952375853605558 2.8900415440205878
-0.41109090663109543 4.946654130097397 3.163652437843738
-0.7668675895200169 4.88381303090252 3.3959075462009918
-2.1067224318351867 4.860796652395765 2.9319151294447
-1.4791054365225418 4.7227784816261495 3.6680397431255773
-3.1715320440069377 4.806821384353079 2.8356030335060116
-0.04292109834616931 5.0511954639327445 2.815859600093447
-0.7486550424161122 4.617140511812089 2.4727186328305963
-0.950824989759573 5.212264120054434 3.699469717062044
-1.874678595732144 3.6534742670370632 3.237106873194708
-0.6256515706734024 4.518797079975735 3.1948436780525946
-1.4602659807618676 4.302175998462585 3.4701269703000452
-0.6260716199196404 4.355665864724846 2.3838577698905032
-2.4383230824724573 5.197125823831838 3.194888196909999
-2.3371980537374144 4.894031684117608 3.3153950112608577
-1.7553485398332813 5.311585208067373 2.610860552495399
-2.403549699333077 3.70750099556441 3.1763248528255303
-2.1155700562413555 3.5842116505679624 3.764156865796329
-2.163692721052477 4.3251411983580486 2.9829867270027437
-1.9528593225596311 4.804115920025044 3.0030261124382145
-2.2223884820861195 4.002628872626542 2.0221661083117795
-2.1993620151597804 4.7413472316738545 3.7910897201741873
-1.6609300954585817 4.39238180843037 3.789730290023081
-1.2010702220375926 4.763215257017571 2.732660246978689
-2.431635158390258 4.407207261180228 3.3305881175041487
-2.896660368827347 4.272921613637444 2.7955790450842803
-2.4332915062515146 5.543257600094892 2.6183885303398307
-2.2930256480392357 4.8438072284031 3.7016922333875923
-1.8919071721055631 4.553232373930494 3.9696760523403603
-2.6847518404851507 4.750713712057888 3.3853917014832327
-3.0744485033933215 4.277014253476238 3.9428960516877662
-1.484274671259165 4.905194888227015 3.0889526351626553
-3.7786314394865324 4.275226968652079 2.9918279587648478
-2.4353436601123426 4.25163409462638 2.831766940588342
-2.317307590284906 3.8908508343676274 2.9366291243789244
-1.5464093070712328 3.644916099442125 3.3027910228441097
-3.182576136192851 3.9450524190971517 3.119610458083981
-2.550704218369501 4.38115194949621 4.392437197297581
-2.6443572818519074 3.6331742804089457 2.6656581424276027
-2.065139245291838 4.5002693159746325 3.959146951709955
-3.1491715424053224 3.827121742409194 2.70209982532812
-2.4235340283464017 4.284116081879391 4.014421169880105
-2.1402596208678335 5.041739775499234 3.2927956581600477
-1.9271396921308908 4.6740614163205905 3.85918264540506
-2.593725588679295 4.225780406632561 2.5211556407815063
-4.4769708084711235 3.746024343678141 3.7755023824297282
-3.651069713566945 4.27045864430416 3.841200259971576
-3.6800442869434438 3.9082859793231397 2.2721549977057793
-2.5693907634543525 4.162029121269737 4.052513503836292
-1.8202935755123526 4.4694422252984465 3.990884767444936
-1.831298967632793 4.920928047507643 3.7401274560692754
-3.1892059983866 3.851066809746947 2.874616971737095
-2.7194860229431104 3.815132702271331 4.935852806284093
-2.299970923079352 4.476278214074106 4.152796974429298
-2.92745422143056 4.225285891174104 3.2867720884094713
-2.5728829220513436 4.732262747262106 3.2416068789303707
-3.747407131564797 3.9849345031652277 4.084289135970928
-2.5184348426311085 4.074158126960077 3.19362152278139
-2.628905587349331 3.6529512097959023 3.376832494913917
-2.6970030222686208 4.120962463149196 3.944675967550353
-2.4570560813212126 3.7071550610193755 3.361779086653679
-0.8459958258418674 3.8053678801982285 4.020502403465771
-3.400836268874999 3.582053539268893 3.6411881435300293
-1.9212454840260889 3.9618239473559167 3.651399442904843
-3.510685756290661 3.3875722431653514 3.2785044625651407
-2.774790575563682 5.582295192675559 3.315091409340445
-2.7425931914953114 3.3865631977882455 4.141389947672644
-2.982359659475898 3.300557478850966 3.6730963765004985
-2.0243477153990126 4.401481266187485 3.0390995707506425
-2.6421813079893246 3.235506292366677 3.927934535031631
-2.7310700684754186 3.408041701077923 3.3371442771502875
-4.517471422611875 3.608614919865865 4.408001150278202
-4.177554158361345 2.921290996925214 3.2320013833457724
-1.6381485931299176 5.149110568252167 4.072249696596562
-3.808678177327594 4.16274963167727 4.138298838282096
-3.874014057567142 3.47309848206587 4.314609856993892
-2.89863313110419 3.2094749670754426 3.9395296991525415
-4.041461042493299 3.567535992105352 3.115439583946306
-4.221195768084724 2.7662589757344236 3.9523871946325677
-3.5827148616497153 3.8771066978431348 3.267846590612061
-2.8594337309733726 4.846304070523881 3.7509184422947577
-5.3736693614010544 2.8398388149131173 3.738654944565285
-2.7818027879678353 3.8739822049506714 4.408390292683496
-4.30328141183366 3.1308519655252143 3.8910906595983272
-3.35115689229006 3.986510632102528 2.9899126060435166
-3.225407766540908 4.382525908939837 3.8628275389061444
-4.115162800041666 3.565916952001843 3.7367271860290274
-2.6909791650501966 3.7967067470368767 3.598562185340403
-3.2918646115763055 3.2113372495301706 3.7149410862210637
-2.119740278853745 3.2263477082061565 4.048064895433267
-4.3502593291111 4.069308086107922 3.5531695250882045
-3.2100990297815963 3.115987655175914 3.771003592514557
-3.4170174032773497 2.492447452125629 3.8304295176219414
-3.9449349893248002 3.7051041690694646 3.9670241811898324
-3.5980592584227287 2.2728842845510573 4.220028181760045
-4.35661845515016 2.453406350100594 4.194472704153332
-4.511616189631221 2.061090244375911 3.2380965686718004
-3.962345259659571 3.017936940574845 3.657914726739465
-4.663781090622271 2.288480618081198 4.2604222207257525
-4.634543896724737 2.2344689621421545 4.1030583687479165
-3.5284433497704955 3.3035919316875257 4.119668064976348
-4.73638785920655 1.7842441066851358 4.100747181497306
-3.5601421595587146 2.517413214842713 3.930187357863538
-4.634111201647479 2.2151254214907135 3.343862651946035
-3.8120381750760832 3.017664766171223 3.711297913103843
-3.994385591982228 2.664579661042295 3.722255163612966
-4.815874496783414 3.174991500112669 3.6578957286354505
-4.6749659824913925 2.1027329280282716 4.702982219182409
-3.501931242791299 1.66916883381316 4.506935033095125
-2.076591217532091 4.239628517328524 4.406287219371316
-2.999140542490171 4.309974328232693 3.94565732585067
-3.646449237128101 4.374518157645927 3.9118615992802064
-3.9792027678012794 2.871858132341402 4.095134924704523
-3.928991161305619 2.3641994585424997 2.7440936734551777
-3.4471431920942344 2.629375840904903 3.9801484606687625
-4.5878099151565275 1.9988595668092397 3.8564386344765285
-4.492324962198372 3.2015584164866544 3.6036129315688594
-3.2041620758125235 2.6706885286598414 4.558078714530986
-4.2100363989336325 3.133987710727982 3.9978627763109156
-3.346066259934059 3.0262337360803646 3.925310553487054
-3.9052527834468655 3.1241590053051165 4.347146338078516
-4.7816614009406 2.779136060793011 3.094791699832526
-3.473322121871273 3.8918298455732403 3.913527312786177
-3.6865018411159522 1.7042091482073898 4.7071322380377465
-4.90264899504748 2.4729110501950577 4.25451665400457
-3.5817357531924334 3.7777925519324875 4.426312133403188
-4.858950389285548 2.2312406236474964 3.7814968157571585
-3.140799128131493 4.013191610394375 4.082466165377842
-4.313275300020544 2.646545096208341 3.7338586902523976
-3.523958080197692 2.6088981847572907 4.196365226966799
-3.469336646513024 3.321018045593214 4.118786447688692
-4.799417153685972 2.8550078964720575 4.0819551793729785
-5.125200189679787 2.5728162565295873 3.620291967164812
-4.09951187618655 1.2101047582870448 4.590593986208952
-5.570497736037744 0.9060715687379539 4.535512855145798
-4.619639144752549 2.0618767643621627 3.9019817647635477
-4.233714687572125 1.654092347027049 4.186872908538182
-4.803736491304857 2.445715956673488 4.213273642257539
-3.2748087393029923 4.407227774545003 4.078494969345814
-5.1746867088657265 0.9981162342413603 3.7440761664247106
-5.485218848335314 1.2547428432038583 5.2526014273128165
-5.407063804412723 1.767039444243915 4.73230361218017
-4.9179435481329135 1.9485526942756914 3.6607386685624683
-4.472252834260529 0.9722356858198806 4.426573907891506
-4.82867737940297 1.5054128547572485 4.956740738363148
-3.946284309128292 1.4219315588359311 5.155202835395231
-4.604964066455343 0.9001094055498227 4.405673555161354
-4.154999020187357 2.12613205934718 4.209895060516209
-4.907995355606009 2.1733409055505932 4.581648974258123
-4.70689117305094 0.9384391125629761 4.412426506585275
-4.084494810508298 1.1628705256305063 3.196710771385676
-5.920047585767743 0.13851060913199711 3.823021893497603
-4.305813207352388 0.9024480669815955 4.6333043183808975
-4.668570876523866 1.3156178216962833 4.748261127661087
-4.25083889396908 3.0702721714096484 4.392668926211815
-4.675384809593969 1.5441579471181754 5.231734221353149
-4.601144845853437 0.21157620727581625 5.386385602466871
-5.23192563097543 0.8673769012759617 3.730505905613998
-3.9886320502381314 1.2948961678295596 4.284864667204346
-4.056279357939968 0.6238449604312266 3.6226819800401753
-4.664887387781065 1.0153959448826642 4.236647175195436
-2.9851597615064374 2.6618199193124448 5.096383021860998
-4.542176637925883 0.6971423992307398 3.734048727392852
-4.9551939356061245 1.926155944333406 4.31438545634162
-5.770828894740471 1.2474029407887137 4.99873456523376
-4.843787415816823 1.3498000582357632 5.197655922519388
-4.84104601403007 -0.9388205304017172 5.403589479245294
-6.1490087861174585 1.7906711214965327 4.264940064040644
-4.2826753521713 0.17733406357773984 4.4104733342327584
-4.935645187323734 1.1459433312719458 4.526207723189981
-4.443775185406974 0.6689605750918712 4.942806807778723
-4.699855985163478 2.0934616547057114 4.371597687933158
-4.5025926640433385 0.9175433333502443 4.767251097904298
-4.817130916260132 0.42349501397974953 4.371421203231001
-4.726757963532534 0.8127082583119067 4.457381554516848
-5.492610312552537 0.046417382004736725 4.771341006768879
-4.631593599819857 2.0668876963800247 3.783810702215858
-4.533325912265556 -0.18367805724942768 4.50585036315351
-4.74668612176065 1.1434988779160813 5.584411953015369
-5.1057079270833485 1.0639035691963208 4.246779096848092
-5.096733068621994 0.37737174194908785 4.935893653957883
-5.261275638612705 -0.5784972017314393 4.662516163895419
-3.5630998774831615 3.0246630210230956 4.055555557497133
-5.2657891197888365 0.023664404482201293 5.085881397279139
-5.198359452002984 0.6844229090928123 5.039979017586338
-4.3465382807966035 1.3025456276626313 4.62813174907826
-5.32433337652224 -1.0630310146935418 5.5624153640894916
-5.008992117033951 1.0559815337362257 3.943229170105396
-5.121119867285864 1.7480453018571036 5.973921226907302
-4.391073429718809 -0.24327070128870806 5.165960727780873
-5.625449611556843 0.09441374311766358 4.374149867416393
-4.72245974514232 -2.1591868114274986 4.215201657825123
-4.38573517136801 0.866215326432505 4.258277824321417
-4.67664684666133 2.0747761760632266 4.931526324114487
-4.793246791452352 0.18005432543460517 4.628895710980848
-4.297266250228542 1.0591006228128466 3.977530236841515
-5.098443841245992 -0.81732396115464 5.12411219967083
-4.393527799713018 -0.2307922295017891 5.312248749534413
-5.529184787691564 0.5974632720547172 5.036146445123697
-4.443620404116646 0.8555308340311834 5.63005032326812
-5.6331683709216485 -0.4285894682842061 5.522374916680999
-5.645060030843794 -1.6608394679597018 5.627943530622594
-5.335016759365163 0.33381348949432915 4.954224448363776
-4.533412168516894 1.613938318122591 6.227031515305549
-5.824701600226452 0.28171381262219725 4.866323886054612
-5.815537230574499 -0.9103574682197992 5.221551556321511
-5.163892736121519 1.0026105536227174 5.164629488541236
-4.415436836544587 -1.2778495486985284 4.482395824193595
-4.664901837105364 0.7650389095145015 4.2524931024607175
-4.623383463810527 -0.4033126542360462 4.459766852280591
-4.537045209226916 -0.10486827005111388 4.907362229310684
-6.125611002935679 -0.2584488665711638 4.598853482053922
-4.480027000510045 -0.8875021744928961 4.689341430299712
-4.419912959402368 0.5424997294593946 4.900381762835915
-4.541634350391746 -0.7468642245729221 5.0538239878719935
-4.993894980569455 -1.5479099131418876 4.874441121108076
-4.531725028937776 -1.9500761805113302 5.3937512699588845
-4.671084548638654 -0.005748369312853046 4.829612761572427
-4.866421374926314 -1.1584932231052036 5.211868863149794
-4.433519367132651 -1.226376912580702 4.708513783546229
-5.071203204898564 0.7054898610006461 4.962107058653844
-4.01089548889753 -0.12095564731387291 5.479615499225645
-5.368799062247501 -0.2589983532428661 5.086722045575429
-4.708643591833553 -0.5169092173504841 4.939095485500563
-4.78101018779177 -0.27406347799042396 5.838508303799516
-5.399371306908487 -1.9675790642758357 5.0678759336246255
-4.928076099176049 -1.2497830845531623 4.988289621867213
-5.066897235736603 0.24317034397774878 5.33084974557188
-5.133316829451035 -0.2415898116741544 4.594994508342993
-4.9195709963232535 -0.47637131293024565 5.012984744711624
-5.128962696904662 -1.2433594816365825 4.73904222713372
-5.133822674233873 -0.10504710859105143 4.917730574534148
-4.296661441973673 -0.17798525974821403 5.103744158859785
-4.8579461518887985 -0.09150502043831212 4.678401294169695
-4.679176073537458 -0.5980822638791359 5.3248925093482145
-4.583113962352553 -1.883150974127231 5.280203551078562
-4.480939899924998 -2.038392394123083 5.105271984801764
-4.723936177328881 -1.2538263434179004 5.689617458534668
-5.069651036251612 -0.8737908485629867 5.573119327058148
-4.734504713022165 -2.2843889809749447 4.701313350645713
-4.9437474941923005 0.8614818297403859 5.310864100403226
-4.992039450503743 -0.7404161535540993 4.767799542330245
-5.539329299495443 -1.3889660317985426 5.9649445077359
-4.847611016212269 0.1753427106848455 5.018975150028033
-4.4243912911371055 -1.929073910401524 5.1023577147552
-4.089721760877836 -1.6961638180333127 5.904181950976196
-4.650976965094809 -1.6738024623565761 5.122476778899304
-4.618406441096422 -2.2265164902357073 4.839133794191668
-5.098911029784923 -0.18468084292887688 5.3929798681389265
-3.951587215317686 -2.8911241586294167 5.901270395920528
-4.108023819312591 -0.6786648972031722 5.177337858786494
-5.55298943553518 -2.25448553305878 5.944421583002592
-4.850369486497312 -0.35513710057165915 5.972719544406388
-3.862275656049685 -1.4491292711619324 5.438442847935013
-5.179382367424671 -1.6455295183764131 5.962229595694611
-4.370193691945361 -0.6961207959826905 4.612599720668687
-4.7275182221645204 -1.4650507158602777 5.1083331169559045
-5.190730633847268 -1.0536971173020424 5.83005725292049
-4.639808443960842 -1.1868288001170075 5.6647299507413065
-3.7959780377788954 -1.9167150264179462 5.694690376511853
-4.0610243568255955 -1.3304246988092105 6.18609058372537
-5.36354456418022 -1.0998410008509265 6.100738219442143
-4.511325539358637 -1.801347461831403 4.648756052274607
-5.131286938011913 -1.6400234856761897 5.712480558962268
-4.717296538641222 -1.6781845623431666 5.075098584587347
-4.5152270905366265 -1.6783363373079492 5.942205451213674
-4.6889025005569245 -1.9473027067244337 5.462697967068433
-4.799880465848465 -2.0709761141970824 5.470289846016746
-3.9800038115532774 -2.1397438963747892 5.053464732017156
-4.346815037184689 -2.9132689226066044 5.62845876922938
-5.978305362513183 -0.7509797399156724 5.666140493644253
-6.111574704598804 0.007885510090146366 5.183745419052844
-4.17543688262529 -2.357578512800638 5.614627516971318
-5.083013413974855 -1.2005348369963262 5.767662207573727
-4.094902468510846 -1.789805198972036 5.67372498725344
-3.855415900105313 -2.7065338270880606 5.257393581591633
-3.536770570720932 -3.034251134280053 5.246329232707799
-4.861887567708974 -0.4005594723851416 5.938183083605017
-3.867186379436185 -2.5228878799507113 5.516911199700862
-4.329012091977234 -2.3758832329710198 5.9174661757469265
-3.949271049859801 -1.7416425484269833 5.7719910021945156
-4.404718370910147 -3.2465846011540647 4.801020104389282
-4.645467463610152 -2.5392746875334424 6.075961917956585
-4.42582683636839 -2.4330024609340812 6.1406860112354575
-3.949478678488192 -4.274117446471897 5.845353212444652
-5.532718982116541 -1.197716482381965 5.857870828255251
-4.61803784159487 -0.1293999028168833 5.292710124666639
-4.501171094908684 -2.557487502374955 5.644519342897471
-4.3082901260435875 -2.522227659299378 6.034623643039714
-4.142052616479848 -1.9834004037334239 5.551597922376361
-3.9178405714169386 -2.1876197868976797 5.064304808517832
-4.505843993746396 -1.4256771308533496 6.428931540702816
-2.397646370514805 -3.5555046592960275 5.7914284151481485
-3.2665328104173836 -2.534714500433588 5.999789124527119
-3.9654162002535056 -2.0041105766034746 6.691527356806857
-3.9880762997538075 -2.344699125660332 5.579193480689446
-3.0323337404844484 -2.4449362633884637 5.474504716512609
-5.2610966999421995 -1.0182335814982453 5.52170044140747
-4.248679435344833 -2.2775478565488783 5.498006814729067
-3.72849593305307 -2.886115485950805 5.610200989459934
-3.221202378406752 -3.321158278003159 5.2658585868059635
-2.7062616299442546 -4.272049416748272 5.510686613967661
-3.398752762019302 -2.6923891310738677 6.169436338874863
-4.264360133086445 -2.5703604860647653 6.693623317791729
-2.893811533753116 -3.749762039662729 6.758265791482491
-3.610459544824522 -2.315499114055099 5.627728362319474
-5.062894803936702 -2.9019954765308036 5.265961052793085
-5.596038802048846 -1.4915920561875151 6.157678338709069
-3.880094902340773 -2.325720162035767 5.8506514738810775
-4.568006121939695 -2.750700651974176 5.539421697670702
-4.836568274958607 -1.6295687325083623 6.6831302727337585
-3.674558120300154 -3.5318506729822046 6.122812704739284
-3.8497806462570177 -3.4685803666538426 6.369532045952172
-3.8174877111564456 -1.9567262497819657 6.340357835574328
-3.5368697407396015 -3.7964015135729587 6.39564100130638
-3.4339044533233545 -2.2264099482028676 5.815282709278449
-4.62372265520362 -3.045481334589353 7.084778900267173
-5.155463963653761 -1.6524205862869323 5.719071139065964
-3.99456455458967 -3.0084972158658134 6.609375227736935
-4.37937501745655 -3.3392830645976974 5.1059383051872285
-3.4217367174912807 -3.7066185211479863 6.0134642158313785
-3.857233996771477 -2.5574027101360506 5.87112716897773
-3.971071875922053 -2.7161675478420606 6.4628262449544005
-4.395078164324236 -3.349700916382433 6.473149869592481
-4.038100908929838 -2.662448496194348 6.49977412299045
-4.124025026253056 -2.7964988575608776 6.090161836547686
-3.743330403123161 -2.592898852981421 5.671500867601682
-3.601549658159268 -3.7579034242375062 5.886952562497124
-3.5085425317657792 -4.393387505405519 6.139359415970043
-3.1915546781313426 -4.011200762692552 5.79436658104877
-4.014267422420473 -2.5159506436161356 6.324048476221283
-2.44301684469229 -3.5953301008845084 6.708122693828928
-4.329829253794716 -2.5468907737629127 5.916984203152402
-4.234183802910598 -3.2799468229034825 6.079622455622905
-3.3533811381205205 -3.252135126322843 6.342793590487087
-2.7320733970654763 -3.63219221630158 6.3422116540599465
-3.3116777178869445 -3.254819667586993 5.9625486864918615
-2.485134761548361 -2.486865467674559 6.40052048860851
-3.4625192251731116 -3.5114370155927004 6.406314573797175
-3.02311081924767 -2.4336525023614217 6.832521445982931
-3.3911385854783185 -2.6428965633776595 6.725766805424548
-4.5573500504318 -2.4543058552040824 7.009472710394533
-4.061849823123228 -3.95223890308488 6.59978248413802
-5.0581049078303675 -1.5165553857544065 7.041150250033532
-3.4518401350711545 -4.4118461419813375 6.984004812766004
-3.6105030062001786 -5.272494845370766 6.040987187421622
-2.4620166970353794 -4.016755913903172 5.835279864733631
-2.9870330002178522 -3.9301551261640473 6.484145893369692
-3.8395585412415425 -2.8370253201162563 6.905909678724328
-4.10134788671411 -4.051704395400349 6.478841062603982
-2.20707835875588 -3.7342927651836466 6.02509327475614
-3.6972433649103373 -2.6985389475663606 5.779772071625458
-2.5425341812398994 -4.095430476570052 6.912300378687447
-3.2685677760457836 -4.346251972167011 6.5897368356798145
-3.462792619087851 -3.88168710644412 6.24786208260124
-3.821525273224008 -4.484104030721495 6.331471047455845
-1.6049719288549444 -4.838200084921091 6.12692374040712
-3.6536065066057293 -3.089577652350423 7.108126477289503
-3.350876822690352 -3.2810254975124664 7.355837917505841
-0.9333395032660334 -4.853473168489904 5.899683653466608
-3.0212326279575623 -4.173315589384 6.332184685664307
-2.598214398656799 -3.6038350322260393 6.830175871227552
-4.062090751958268 -3.0412007131747965 6.315732813651293
-3.2517711289461095 -3.973889858286481 5.864228363241804
-3.5432119862290965 -3.773275988659535 5.463249030357126
-3.750477346192395 -2.6749883029454398 6.692862855864051
-2.7043665641301247 -4.391277844365845 6.1767877434225325
-3.7376348217095097 -4.183801900199735 6.449314352240516
-1.5266453424545923 -4.008986511486189 6.384940426836133
-3.345478605692876 -2.9609967622788216 6.102733581381629
-3.113635136539559 -4.42488810918139 6.25483989505973
-2.823761237870818 -4.314224427795444 6.774137230416521
-3.4278171680217535 -2.769862511081841 6.464935790229204
-2.925172257964056 -4.381842888782389 6.993361937349266
-2.9060679020515674 -3.2874501305086303 7.228105214270921
-2.517962795463819 -5.277004015005121 7.145483174039336
-1.7628445197669915 -4.393158998489034 6.189459295612512
-1.8264969849551669 -5.235423805012369 7.129991580629915
-2.7383394428570345 -3.2484777913193557 6.2565550912630705
-2.2987770049731444 -5.001717548038864 6.503097508041125
-1.189670219956274 -3.676828712563212 7.087670474915089
-2.7833793699047606 -4.8004437742408435 6.5760818913103565
-2.5353422532823613 -4.67097509763639 5.777947468208269
-1.8654172981335673 -5.054261137085269 6.459688663559541
-0.9187450187710665 -4.318711371114377 6.330812932310432
-2.8816796411994434 -4.3691179253186245 6.679824319282516
-2.297832173639107 -5.031234120561103 6.157509368863877
-2.4642358225162138 -4.15087422825813 7.099784491338607
-4.094092190877992 -3.0143172363220985 6.265617461097598
-2.5811605101909043 -4.344955673941932 6.396244985511885
-2.3420908831156235 -4.63392083295041 7.526706114209117
-0.9661853075757705 -3.951834180166054 7.143575625976432
-2.111745996941135 -4.278739256921002 5.979975980126661
-0.5227530564057525 -5.363559916854126 6.701392814585597
-1.8661064755467338 -5.073569626646746 6.446901759517369
-1.3829858689912533 -5.260474675557665 7.0256149529817575
-2.6327116028724307 -4.344560051020036 6.278962606664457
-2.494135031530163 -4.2734673160970535 6.796614390337009
-0.41632116871861147 -4.893917367553503 7.578392116667418
-0.9128895781854786 -4.8195834292713275 8.026358607971003
-1.842666959809874 -4.412125130596869 6.573869225085457
-0.4921338067084996 -5.389018800998031 7.359421861669294
-2.1000317258604793 -5.1324010477624356 6.872487057693022
-2.059046642684061 -4.366692016928228 6.079082372343483
-2.0465946683800937 -4.700422677694036 5.801421119247765
-2.1196135938459633 -5.011627723688094 7.524533871601878
-2.6345443006747584 -4.59806122743954 6.5998384792167055
-2.288492999041408 -3.779311961847094 7.5032541795992564
-0.10448453153349532 -4.867182744815167 7.364806631482749
-1.8940430630571388 -4.216218821052407 7.0332478724533765
-1.4534291745651013 -3.5439166052997253 7.718969361158657
-0.503583627845483 -4.704024592525133 6.923920444213346
-0.8766957447299459 -4.948666607641567 7.186159266662998
-2.80091435837114 -4.543096339572262 6.80672409063976
-0.8615674724897199 -4.769986580079204 8.160210137546898
-0.8268356217169994 -5.2150041872824735 6.322375665874188
-2.2296720974583666 -4.734115859196667 7.297699070335078
0.0857496165320187 -4.988638504636026 6.825010098032099
-3.6279691085230734 -3.5169168246638094 6.740669081764803
-1.1755825313884076 -4.115942522436886 7.379877777973635
-2.408973118172465 -4.6726707539062655 7.929872028874772
-1.7460227438901896 -3.542651626735781 7.140156025548813
-2.478288791395459 -4.807807902075147 6.641122519229768
-3.0344655246115013 -4.430705330304154 7.931875669960962
0.16573130737829875 -4.419251588483111 6.7204726559467804
0.14254278794652303 -4.787775772920523 8.019107198377785
-1.9838638377366034 -4.5956968197148935 7.401034567149367
-0.2625790028024187 -4.933006679313763 6.713110124245159
-1.2853018248749752 -4.8075687339749935 7.117585086630452
-0.8413312838353072 -4.77910208626079 7.5958852683428
-2.281846474163797 -3.223801536242702 7.6398089221799035
0.09465969661609294 -4.857008667353383 7.54207700562287
-1.118164261376423 -5.4935092869643025 8.016772066866332
0.27620251224507725 -4.4500553265392 6.609078438471345
-0.5755013583730038 -5.605215526747311 7.380801640224353
-1.2604649432768384 -5.806097724936088 6.996615999326352
0.2730798564618502 -4.818373517997347 7.402834153500211
-2.4069750033170303 -4.96924003599465 7.791099764924849
-0.8456095982170864 -5.629490278346094 7.683919688800759
0.3729822685482431 -5.7335604955513 6.533592680877763
0.8739060479876792 -4.653731190862203 7.871128925393906
1.6977948157110625 -5.161043446123232 7.539285280892999
-1.4541251734565503 -3.2109016893869695 6.292689329001218
0.06634644884743318 -4.991516895756762 6.903339123255266
-0.4149627089960847 -4.504951172092083 7.422532784657548
-0.6240812972580607 -5.194739030964494 7.767930104837703
-0.6475066600184507 -3.7582182624034126 7.355446916122078
0.9707384698670498 -5.344568005163892 7.721418279232438
-0.38131112114718074 -4.867021409750111 8.344921307414202
-1.8654642739036809 -4.880460447269427 7.544462266357507
-0.46887651356423937 -4.552702478099856 6.294399226483874
-1.100381760676434 -4.239440071899693 6.64146865764781
0.35869910767511876 -5.91939211799721 7.943032357129235
1.419738001000281 -4.634092233956621 7.6926757044817515
0.24558779404095052 -5.72829828442164 8.535394728613742
0.7882194834642813 -4.475675384559612 7.147087358075113
0.10522914123769166 -5.228113241627524 7.860799810425546
-1.7609731651506235 -3.705608280465203 7.61669648281237
1.9104231993251979 -5.060831065641259 7.777018793000213
0.7137835399234036 -4.177968330629681 7.6262752679583965
0.3404606800495776 -4.580484102551018 7.95877168556448
-0.9654236622094483 -4.425991642908518 6.888620557641121
0.8922202011614581 -4.023777942050051 6.958692584916817
1.6486296124079098 -4.951860598436973 6.845482681943255
0.10118101294710666 -4.993202433747344 7.599411438040054
-0.044049141856693896 -5.041112670579116 7.084875475038208
0.3860665829406499 -4.80686232883187 7.44998714425124
1.2393964731425084 -4.634914520680664 7.841742849144144
0.1945239357578853 -4.8888336383298405 7.444249314727582
2.31064798010324 -3.6254403879633696 7.588425340450371
-1.6028719033666048 -5.457561801144767 8.126252303742394
0.6307387848809595 -5.0629180214375475 7.259313709857482
-1.4005101909711493 -4.5100992433922595 8.587792081404249
-0.6535332452444457 -5.007867710634598 8.117716341405755
1.244864361602402 -5.46659602429758 7.1686897398325735
-0.29921480698096925 -4.946650183524191 7.512757373188295
1.0050989962842547 -5.066771325865624 7.425619173448832
0.05451230467054281 -4.696554808798422 8.69949765128536
2.2207810506399035 -4.632649462729385 7.2146109342662665
1.7611209937333259 -4.441901043555258 6.988051625127029
1.282468785714308 -5.220740107895113 7.4170428689419365
-0.5190693671987847 -4.439585575980125 7.751126083429691
0.10345529106069198 -5.277262609513352 8.044307212656431
2.3769697392213955 -3.891205228796577 7.882422991696825
0.5397419340288084 -4.737820768541413 7.85774307925826
0.48716293061745997 -5.164652443872768 8.11036245191579
-0.854665255755102 -4.699378118890808 7.708960479190318
-0.1850472259468363 -4.631604127914071 8.128110027117911
0.8841929056197052 -5.298117643365775 7.480698448380573
-0.4609004286758649 -5.569320207358782 7.937715670975033
2.0109291236768 -4.848133870080279 8.869834666929307
1.1831235666653017 -4.47942313677713 8.127423328377613
1.53732452522678 -4.771592582954792 7.887691001069454
1.2036618655892555 -5.944123641619959 8.336463691144882
1.0088538834874765 -4.326369631021524 7.981941823028959
1.515749756401396 -4.134780808932069 8.812738172594418
0.8173398985427246 -4.736762014128746 7.873635053685004
2.0846944150218873 -4.6327142453737675 7.599868694693313
-0.9078426986681105 -5.648923209224495 8.262840356562913
2.0021540137564284 -4.059727651290305 8.135068384370522
2.0309700953931458 -4.017103399182804 7.411597118365697
1.6556080433482634 -4.828510375102022 7.952689053503144
2.7115388530265405 -4.374401855724514 8.095202519265403
-0.7746821623606469 -5.950849070566474 8.224556027691065
0.7784168291139246 -4.756321362151283 7.979838950846956
0.655548998717743 -4.869312826898088 8.217352228953745
2.125535278520696 -4.088905939431145 8.170006728823642
1.7871195429649551 -3.9534696251682613 8.177119792501342
1.1175691924743445 -5.065376122902704 8.07656995498313
0.509642458510159 -5.222746652937038 7.947982546096742
1.62067731898961 -5.410489504223677 8.042591013764362
2.0948538124563116 -4.144130121944803 8.837888446467252
3.8413922768383357 -2.707798628771816 7.86788320019736
2.604681330400953 -3.891345649911153 8.26243538684026
0.4950857974981746 -4.530853879826201 8.032113587117493
2.972887730099181 -3.810195325451117 8.034499465415045
1.24644512456228 -5.712468795674194 7.889837096671317
0.6757035113910383 -5.436775129043174 7.738841359090685
3.9983483406236298 -4.21323780149561 8.376969518556626
2.012893983062188 -4.306094074841103 7.318965724485515
1.2691713236837447 -4.810344494491344 8.427965957726629
0.8002309526087283 -4.961464592116088 7.861145049681469
3.065920674844427 -3.2992776391474834 9.211347646563425
2.26812237400232 -4.113739969246793 7.9972766327653915
1.6522533154969243 -4.100189846486389 8.115840663736508
2.639613892957317 -4.158725165863206 8.43956603419307
3.119497823232486 -4.915272464491144 8.149232518512738
1.1336139222008181 -5.407674243451501 8.230732486668412
0.7163798144080825 -4.459826609348304 7.570665920104226
1.3714818122102732 -3.420894145125633 8.269738851864162
1.943982040624855 -3.8319546329181757 7.99664209369905
1.7059102880206682 -3.6457435083761776 8.58264212653316
2.20818841428249 -4.023825814124775 7.90389430065768
2.96826831810591 -3.5117704528525704 8.64881599360795
1.323098512610413 -4.528251128380717 8.172104765033575
2.129129284385217 -3.8147294089242507 8.176034518742826
3.223369825107522 -4.517539523820341 7.922711875712015
2.5735666539220636 -5.06576507497465 8.02738008296241
2.0843903043301863 -4.8336386871005645 8.595916433336223
0.8864297122673681 -5.028667568703652 8.947898660374431
2.7996116891834633 -4.616743191276531 9.078255945197794
2.911204578469446 -3.951421742121181 8.520023216295888
2.6972526369473924 -3.8745626624735103 8.109241853306132
2.561146794401965 -3.888688706106708 8.67640369366863
3.5757253000524645 -3.1523257433903162 7.892524944613389
2.4004712757152658 -4.05507629218773 7.402068827064981
3.0313936333113918 -4.967101243948337 8.364149684209599
3.056141476768658 -4.077024377700152 7.708510401111373
1.983221400951444 -3.2941245486789197 8.572544867680898
1.8691935549139438 -5.459015322746324 8.113130662306833
3.5510688252865017 -3.091962128673043 8.827554065892501
2.954394895521675 -4.160602361751278 8.257258807353743
2.75931341346027 -4.503780688366269 8.431678416718107
2.878826545794736 -3.7554448679165646 8.541984510806763
2.5546491763192454 -4.00059238587656 7.987564840823459
2.1552531677114586 -4.201286160951483 8.574924380772389
2.6788831801779747 -3.734654941809889 8.31083754882714
3.9039277436124245 -3.5792941461042305 8.621403199230814
3.516019602925921 -3.3147198980831187 8.882035380069825
4.27322035690751 -3.784168398179373 8.197741631449448
2.630598355422632 -2.2905784490592653 8.389702574738068
1.8171915242028729 -4.869271513105679 8.514189995269556
2.917945776115285 -3.366869854695496 8.1888559709809
2.527311803477409 -4.54250040991187 8.153528082366604
2.2217395805464424 -4.843545403236724 9.205716496497681
2.2493181691081254 -4.331741424653003 7.531665031360099
1.907292495701785 -4.542237979681818 8.427547226496596
3.0921002483758007 -4.950441741286747 9.347839323107113
2.061215981678376 -5.211586129121788 8.799463401706726
2.6445546817529317 -3.4343434209162775 9.133428379500542
2.599385283940809 -4.292589631886644 8.974286069708665
0.6477897727091885 -4.056985316550179 8.509203142898995
4.011965776962567 -2.7552556673009954 8.648497772770835
2.9809058321942827 -3.8679083801975325 8.31641773993886
2.8428746683944612 -3.5029783384457356 10.090268223079462
3.176378414660308 -4.027954856981441 8.98502845097835
3.085926549868082 -3.7586273629980496 8.509148308072623
3.584191411373101 -4.036230402550244 9.044432964876345
3.993663687218537 -3.5319099192450594 8.097549577168852
3.05683224895478 -4.5581372735659285 8.03288260317664
2.923676246128714 -4.375505463802717 8.820277962278176
3.5884162135012025 -2.861874372422376 9.166128208080078
3.6591378265217984 -3.406926281444684 9.01475104638035
2.957168603111113 -3.2645822939619302 8.953494301490691
3.7393213805283816 -4.61034519877684 8.93651697280731
4.578878123966537 -2.3967116445375325 9.151781281775861
3.749795045070263 -2.5463907987940595 7.16721007729859
2.8882134403015622 -3.370309784571962 8.19780371999453
2.0657264348938473 -4.08560077201247 8.899431979155548
2.2322889378915587 -4.087338068912811 8.887690513668929
3.3756771681248177 -4.367930470935205 8.91904348697558
4.416784811780039 -3.2534745914453005 8.505323303433261
2.8965398579384956 -4.116511545474923 8.222221704797585
3.733759034859485 -2.587522217997817 8.23861269532859
3.658925602525091 -3.2110292249760017 7.762374263891468
3.2562679428607133 -4.851744311101969 8.844618164746532
2.1247524105953812 -4.01214786233679 8.809457074097347
2.442577219934272 -4.624955532545304 8.246225888608292
2.7950763319231373 -3.3599452395532503 8.936253344625918
4.609765495770769 -2.8442710151401545 9.242154859394713
4.793225010132759 -3.9408759182941733 8.449836720294272
4.350316757550114 -3.483099258892671 9.900932367130437
3.6598649730890345 -3.625335643122212 8.89809818944768
3.657467945872397 -2.624042949910207 9.273749445239469
4.0913109917784345 -2.982549441469423 9.35084826686862
4.283126311953818 -3.060954225556293 8.530447389653725
4.359483977957279 -3.944019496563802 9.298262711382451
3.7480542839462707 -2.17398652818231 9.208828800944106
3.647093642565004 -2.095590198855063 8.234118101913646
3.2696663486267754 -2.642397576599302 9.771602710977614
4.426984901199305 -3.743815243454851 9.388933617306368
3.87868713495558 -3.8680090902384037 9.126596015961653
4.136279587369791 -2.9657070514437587 8.82086363081517
4.473236329644288 -0.13483122387924928 8.887747113281085
2.9022213380268402 -4.338254115928323 8.826114173289747
3.1050365863773304 -2.848988939555237 9.579333705010646
4.723492271913181 -2.6382465411550506 9.032708437887468
4.455396831477709 -1.4537241880576734 8.972320581110171
4.301751987352004 -3.183543477613729 8.866607522428488
3.7589284758549812 -2.605259871742472 8.596827839169128
4.181368291993106 -1.5542345267275048 8.989541954418018
3.8926543996219545 -2.4572888396216683 8.97784933225496
3.8139218321475448 -3.8153479368150203 9.005805848557618
4.929679716487088 -1.0087915314656615 8.966273259994967
4.5757438927101965 -2.226500360968269 9.237513644501357
3.478666886353303 -3.870209764724383 9.47602404900237
5.092775350954154 -0.6370298291443423 9.341323627402005
4.0940767065422845 -1.9777164636878573 9.139557864334826
4.907804005709781 -2.1988110561953245 8.685214302185907
4.893715895690582 -1.3911247083336997 9.412155317126693
3.754287997306262 -1.8178551954627624 8.624787883640016
3.5280323950725148 -2.9443712694267967 9.339181475336758
5.207727037887974 -2.744157153486844 10.420448594969232
4.99762502261762 -1.7947928525496586 9.407948285570146
3.898680631249386 -2.282451792873475 8.993662022931234
4.475703498391189 -2.0195576685806245 9.269016691363458
4.9648718603154185 -1.8640472076176424 9.731627465762356
5.058753346278003 -1.1931812893404496 9.18183635223808
5.206610749734205 -1.836444927586 8.786222725261878
5.668916190123654 -1.9365893098458398 9.494394633068495
4.91996943840091 -2.799666621465714 8.908871063187261
4.449206249464104 -2.5612683512215173 9.91358487922652
3.6280017610735733 -2.2328616434327127 9.587630308883892
5.0158906699351995 -0.9485823257514957 9.145134524225012
4.608887560087745 -1.6554026790773606 10.59001993234287
3.7609351610607473 -3.838728871769744 9.3219471491335
3.6504907099866717 -3.5553075504022273 9.0516577043513
5.849511952036724 -1.3712172027056342 9.854206936717802
4.393882375212881 -0.824378975084005 9.14655688790052
5.216371627743058 -1.6194976070453195 8.974844906948624
4.218954626853826 -0.65019866915021 9.765682846403648
4.3231479153803445 -2.487413507925939 9.64808860271395
4.923211017856134 -1.1425350251684723 8.903402331708513
4.822333843001723 -1.6149516458238558 9.030263564942464
3.6365522599553715 -1.8467194719290698 9.761587568119712
4.9227093560354565 -0.8069230111070396 9.298596230068664
3.734099571672544 -3.190444173196067 9.807216482940772
4.235682720324465 -2.409794770101806 10.034319221698018
4.994244260791868 -2.086238931564375 10.20544079931576
5.54208437871823 -0.9763490416610223 9.262150420074743
5.227609298440192 -1.270903476844705 9.635689654161972
5.750323054218387 -0.11764979889011155 9.665820431244363
4.269614219711703 -2.6793266616000686 9.613332381197239
4.066782920393812 -1.5013462004269058 9.518980857945246
5.330158386240647 -1.8529951342039002 9.028442926875567
4.725408456935379 -2.228778994211588 9.750886354045878
4.657460259632508 -1.6485987604856627 8.888880490104132
4.092251181867887 -2.794967875016808 8.694082651738382
4.455287104435734 -1.8675885992261474 9.415940671842915
4.469413693657827 -1.506060528494949 10.023096962547864
5.617521641017834 -0.9399118862823153 9.479293998503495
5.934478215514729 -0.8039691973584853 10.138101602484852
4.125536459551794 -1.2847858186082983 9.241526682454396
5.5438251555931215 -2.442994918232073 9.951455649715012
4.840121979354378 -0.35121083058998265 9.855206222359595
5.745701264648775 -0.6806154993622432 9.41880247541077
4.9790746116078735 -1.235529386807168 9.734900602484442
5.34719634454531 -1.9353939862164744 9.956378813038882
5.432761811907464 -1.2632562900101114 10.459944204696871
4.383539809431206 -2.9313581392101087 9.975130582897032
5.0315924841473905 -2.5694926133459868 10.38817963654793
4.8329136562854975 -0.09203485378056488 10.397437213611683
5.133529610576617 -1.0865922259738439 9.572245381631426
4.350761539264326 -1.5103900632722287 9.189432938726624
3.6476070614394414 -1.5500428403268671 9.792276220295753
4.933496721011709 0.5908472452741528 9.719214574314552
5.260892832377439 -1.7307025273625845 10.560121318037314
5.458583975396105 0.3181140702565149 10.435130539113864
4.8018960800612085 1.1961798919280116 10.514562093811827
4.373501238994878 0.131762056855845 9.268483922078563
4.693379161085787 0.430999441462624 10.237585504380526
4.926676346478667 1.0709809157450705 10.685064523982247
4.691503416160036 -0.3240638504967812 9.87915070043045
5.054413325981434 -0.1318242821104449 10.295568571618857
5.092821820758235 1.3048423767397768 11.068471950180012
4.995722207142503 -0.9557669258959075 10.121958581531606
5.025679148925575 -0.4858844055334332 10.683860621225236
4.088367123047727 -1.6504301391064795 9.252578712031601
4.739220754059788 0.25173023548714185 10.178722237401024
4.6857466879673515 -1.4289064491682917 9.183607666531177
5.077552199645709 -0.018352376079812164 10.632178818341842
4.637815888313728 -0.6110063395046531 8.83798685265058
4.993055412600828 -0.5756911961342754 10.076614965005106
4.397885560674795 -0.12782565244603833 10.084065014888155
4.524664852995953 -1.2683211932463347 9.793879330847789
4.7553764110545504 0.46826838905767254 10.403730323533983
4.675376815640347 -0.13925105954189418 9.646016148519534
5.399050693574004 -0.3892423558214654 9.85582345310052
