4.180209921078996 2.091820863660571 0.6721224606349012
5.223429471070473 0.9829948330239529 0.578509096361219
4.831505314406686 0.8493965759918561 -0.4784270781569877
5.2619157150445135 0.8839962277544529 0.16783701976600546
4.506949086562695 1.1076632749637503 -0.2483457945899009
5.257387002575427 1.3135372138907881 0.915005830041372
5.30145931055614 -0.16078655238766293 1.0084035487886467
4.977456661807959 -0.3878044296875538 -0.7203190143273841
4.871772186649687 0.24803774978268206 0.9802416479423138
4.995799767176567 1.064499844137489 0.16493703689714595
5.408717654665288 -1.0925198864164374 0.7576042836114707
5.15394419053855 -0.553632758543258 -0.21566476531521034
4.223764018997814 -1.4102629203159014 0.2882224777252631
5.326379175741093 -0.0838984291853957 -1.0841896066286205
4.958840298033403 -0.7351942711087486 0.3751059430989724
4.529260993064096 -0.15794385509706335 -0.12799150606801066
5.003347465077284 0.8478004356776482 0.7184584042327438
5.1774739615623036 -0.22605979485366162 0.6042587310218753
4.795521235581764 1.8142230074228398 -0.46425536741598944
4.740834804221135 0.8795722671004912 0.7471452006877297
4.189356366982792 -0.16398045792763688 -0.2559877184366423
5.141815700221947 1.5033760151255038 0.45691051788191483
4.714859955448536 0.5382758625982128 0.4240381982108329
4.91702169383494 2.317413888250064 0.4256077524052364
5.063230735730816 0.5770269169340232 -0.230218246130176
4.728651119434186 1.2928860267637965 0.4339975346134095
5.020884814249731 2.862974176972557 0.33039958470169184
5.417104053406388 1.0211842649415341 0.5513657544784825
4.135999228709219 0.5645643397699353 -0.39961742170627557
4.6836244786345835 0.6868237573162796 0.39640014046921423
4.98129117952904 0.8047782212520742 0.03752453211321494
3.6952740815272302 0.5440653355467581 1.2640161509327814
5.296798076154615 -0.3966490234604833 -0.4923163438787001
4.483090274309216 0.3449802930913314 -0.0474496860377186
5.080835684056548 2.001792449609341 1.0389822771821577
5.306280248948373 0.9381025830687872 0.15515472290216226
5.367880422955811 0.03869979939932352 0.605647197498615
4.798159495713015 1.2818208827005724 0.5491181415536037
4.598320700291993 -0.33293953385487907 0.28245592951444254
4.991498480939005 0.7477596645306979 0.4092802795860231
5.249099503145675 -0.14542928637060626 0.9079171084514985
4.914726340202533 1.0534706129477094 0.05207416433139683
5.714913585369118 2.1453085156419 -0.20980299744958042
3.906309805308071 0.6251897500175001 0.4946344323090961
4.436613581436788 1.5370531514005024 0.4945975714285418
4.81885115329118 1.2018917968136795 -0.23114444179513782
4.576069629542733 -1.7526665297261068 0.5185524731555513
5.477458270340508 2.7111202633826674 1.2535854471346997
4.484743759280534 1.0092287068870212 0.3103869893268547
4.8343733100714745 1.047600117007847 -0.24874261019806765
4.093637008286404 2.4547246439802923 0.4616258228997131
4.965903046587412 0.5747978809976729 -0.4123821293704816
4.387959784761529 0.6791836992421452 0.9610550065569177
4.887654644137416 0.7404785472075047 0.7449307215588825
4.210496978926155 2.47465901752391 0.0688735100284269
4.641148213544483 2.891027911688548 1.2381320954225794
5.197643438301689 1.4258015106259196 1.2305409239654397
5.09091635721156 1.6222695984481186 0.8237765425873534
5.002101899730094 1.8310480281668142 1.1976648262921996
5.172466426223224 1.4503261212242977 0.5358949429533388
4.40108501993868 1.9051105653516056 0.4287538379732351
4.982116882798193 2.0180546348051456 0.41766872597849436
4.642013124453292 2.778688689867576 -0.4028978229849326
4.326275672534791 1.7933044965770206 1.1963744068611788
3.7152066442149247 3.4460829373061075 0.5150622203574324
4.8839208912416145 2.9519559615238755 -0.2515309274739075
5.664358431902957 0.9470418255360568 1.2329896728676817
4.977902683495494 3.25843755598852 1.48550691929311
4.368704227555217 2.842147302813488 0.6761076544332891
5.275569554275584 0.6510797402319808 0.899164132670517
4.873376811617793 2.916621433842931 1.448444108504737
5.16913502195118 2.38789304033988 1.2514122942819772
4.349472204174131 2.847558553142213 0.6860883446566153
4.7319874045916555 2.168242226278622 0.2024034745506199
3.9050173982058514 3.537924513441403 -0.04722943913182387
4.223154928088085 3.7764082296497627 0.4805585575085519
4.632793114681982 0.7731950249604977 0.5937341910766805
4.255407609096143 2.44122233304307 0.5955477349300744
4.121709585153098 1.254833783087914 0.6058168176084439
4.5531316535164015 2.0256250582194872 1.079396246454928
5.0771966312773875 0.6428135375401108 1.424456267845958
5.220319049681514 1.6629545746899375 0.7633766617841443
3.592756746215048 4.453492290851435 0.5826364762638943
3.3661912162413214 2.0793049791504683 1.0212863831088261
3.1912307171344785 3.830108437089955 1.285887646917637
4.077255804399447 2.5494640091544682 0.42385784128032894
5.641452323588184 1.3017639777570147 1.8463336137020385
4.192910478440952 2.0188559351993987 -0.14392690552280896
4.261442509364754 2.0536277895921984 0.7825355150781294
4.596773954451439 2.1923643116946834 1.019116295507672
3.625862733041837 4.070925941845137 0.6539148695768967
4.839651079700112 2.6434599867455306 0.7531600011989146
4.418754407025192 3.222439448589935 0.39329538955318555
5.1688290780584225 1.6431529663338762 1.1422799546962703
5.228916705853044 2.7203462667256026 1.0291655891922493
4.988268845907707 1.365635648223951 0.9307005936036887
4.1095251612379515 2.9105655696134614 1.519564248277534
3.773866971017784 2.5079744682592295 0.5431528984385088
3.103824555568601 3.632029383700302 0.796599884376578
3.567305027855697 2.8720608263872953 0.6778092902771222
4.191662645068804 3.519882690836831 0.9180874272457366
4.703140364524289 1.3163435676010342 1.3440205392011646
4.154321336758366 3.5259901269610228 0.7870320851417913
3.277612114466946 3.0728099694254642 1.3942337086810173
3.0724133226160695 3.300702280887928 1.4620802796690588
3.3598839692386275 3.691350851745949 1.2475362013879876
4.160925484960973 2.2591445169605455 0.019969641868877286
3.3420793988554194 2.5196887311899334 1.4014740554294172
3.7283677980664254 3.0099156529608386 0.9928862681288992
3.2345650913266493 4.601953389170198 1.286473102242161
4.506075605751665 1.0391830496155086 1.1354011284473853
4.184132388145535 2.475441288522764 1.2369140053325898
2.992265083288131 3.1089748892676328 0.9165224494056403
3.9973513838003423 2.9251011020105206 0.69283097184897
3.3798877567058065 3.70185306585304 2.1084681845961066
3.2899700104372576 3.9713495597921855 0.7693814744157377
4.3747991172540095 3.3915321473691864 1.4849005065476275
3.40437714969561 3.101196541812861 0.8351995769157952
3.8019521600386756 3.2870908260758815 1.467068457276286
3.693504770649367 2.5505352784277355 0.33079881488261087
3.6991515137366444 3.4000896301160233 1.5059722096817243
4.693176613030413 2.453741669080127 1.0940746323146988
3.089530373501576 3.8139536664551668 1.7233214824699135
3.1515124798057474 3.6251507233435496 0.5304896207111577
3.6149077356464705 4.202057813094446 1.5205249991103473
3.4304871175546015 3.0956795994511546 0.9970245748796684
3.3131045966960033 4.003025538162763 1.493710113318894
3.9152530133291696 3.009653819379363 1.6136961869337028
3.1692735295249674 2.8753086649452295 1.4719004647444716
3.785343962974116 3.716421577555004 1.1094215310673676
2.48293865905382 4.235184265609864 1.1002285065600739
4.753706066470608 3.0670430026341 1.1652302101753238
3.8336885983004203 3.791813681970541 1.5035224412352928
4.306127938784337 3.1448076279680106 1.523114461673679
2.8330867820880967 3.396364570202716 1.0245951952327321
2.413684276204916 4.23603574521297 0.6263528512688515
3.541255184757366 3.493419606902746 1.5120924063046282
2.756227101438561 4.437719790293511 1.716400167841534
2.6456857897197263 4.818181528970764 1.126025502926372
3.8938181616918164 4.31992762468442 1.2623550972741389
2.18076541540122 4.671344329669293 1.0530232115997054
2.4700743097321562 4.978206630851841 2.1471205279672008
3.675645428753692 3.845685645196755 0.9876685185147298
3.2370410498276563 4.9070303571905525 2.5195706060057717
1.2853704316699563 5.184513267724428 1.4557761474622721
3.361397077303719 4.25915544736518 2.451529666811089
3.09549907139458 3.8825397411787526 1.3917008164204017
3.809285917667004 2.6804612810125064 2.095605715549902
3.4101164265536075 2.6599818490157094 1.0393594818312228
0.9979566190765788 4.634991889637156 2.2585515594360857
2.714420023878284 4.641626697490713 0.7534619771827187
1.3887416471450524 4.460267624673837 0.9177553262206161
3.5624824437758456 4.491519327387144 1.0123256428333511
2.4029650987319444 4.875220889503795 2.035112754161082
2.232220311963483 4.522193720718747 1.1437952473850703
3.5950024894398935 4.387240007676367 1.931946800726818
1.3133336324820724 3.680777608683428 2.093996862459535
3.3004952097561233 3.494445634558992 1.3999098009877222
3.852168237788999 3.406643133895379 1.3371465681927641
3.333400731903874 4.6215815324719784 1.1723898174760756
1.9412822961520704 4.761862451861327 1.5236746864912638
2.500150799263049 3.84981825203053 1.1978201565512463
1.3599106751994186 4.855454606324846 1.8624569696372608
2.949018199915895 4.286812992906888 1.732584371721855
2.2084704725390822 5.243419470087005 2.2959060493500654
2.8745105257608783 5.470879087217462 1.2450140433315295
3.256504214203914 3.826948717081978 2.0830059630801516
2.2447928278055076 4.869679841465801 2.0190248085430804
2.9338710298028814 4.839680748494211 1.3838030731988136
1.3954752222015472 3.7779541871445423 1.1234409467620567
2.6739508323406866 3.2934681988087307 1.026003888683035
1.1262083340643798 4.033419219960704 2.4381723483660185
2.359009054979288 5.228974772895748 1.6906674340264916
3.791590133323326 3.9582084739165775 1.5316854703142142
3.083967063067923 4.067945442995394 1.0632749456722037
0.9283894723961886 4.481926744255228 1.5116051218161877
3.068100180696696 3.0475643520452933 2.2528481867564687
0.9991901976835433 5.029838622354664 1.9368571306895566
0.9463069933684247 5.1139339261612955 0.851261831123654
1.4540069004578624 4.346021798727474 1.8053087701471662
1.870864457515583 5.51407512064316 2.1184652939328483
1.2525002782746997 5.4363056484896015 1.5121968897920746
1.06293845502888 4.6839381468664 1.5049037731238153
1.3800873108719809 5.305762566315391 1.8956834635096491
2.5906414030266465 3.1990517453113507 1.9471031342205256
1.560724552533473 4.541090893701925 2.4925504658444373
2.50586340995125 4.296523573897782 1.9992531026758065
1.9965623144045654 5.074447200711419 1.7329214476879575
3.3764533428099908 3.3000398384082907 1.5746382190356731
3.9793424442813623 3.9560340064418047 1.5493170599939563
1.1375668450177332 5.382880005952172 2.329640385550108
0.985140296244819 4.744119372298393 1.7631557310386217
2.067048312630052 4.347950917759604 1.9980988746039439
0.8557673602874641 4.259559589996187 1.0886353272679226
1.1634576057937762 4.989997295922348 2.4703415409483283
2.7780691052224706 4.714264897149181 2.3165101355820705
0.8504516602224481 5.087389310105834 2.264334867483803
2.7528759097363307 4.165828506353085 1.988052790861628
1.537269380803596 4.8463176807028665 1.8886015492666544
0.889429405490451 4.369336044212785 1.5666519570439512
2.4755257891827296 4.374650514436612 1.8358717363209722
1.221409558424438 4.6565236650248245 2.107796923517353
1.6979633434028238 4.63481245129566 1.626973968234418
0.6433906041825727 4.386673443685549 2.2097109522119647
1.133683393293927 4.096443358288418 2.2714419887587356
1.8813601732874485 5.222961827380391 3.2894029462343317
0.29984825304504653 5.299207583190002 1.9387770386472565
0.11873944775487634 5.8335152754193 1.9087406490506025
1.7450127860218039 4.57181248829417 2.4981720659241966
2.07567439487523 4.4548714396218125 1.810301374087699
2.086596415148384 4.046687161094638 2.616328677866608
1.138756376218457 5.557681001415267 2.2870238301732466
0.29133375320050264 4.573408531755309 1.7974119654673812
1.6309280569518299 4.806429018875065 2.3586784637891927
0.7262359695244006 5.861759951188549 1.9492450127618628
-0.4708478242042903 5.888186177195895 1.756930915683723
1.4716373326326722 4.568511715726704 2.4168654245700396
0.5768249774157597 4.872698255679809 1.7207949317858489
0.7225907107769086 3.9543024823251938 1.7873980326348529
0.592768676353306 5.298062251471222 2.274100058545983
2.1745658830741044 5.531622819498208 2.4191923609554906
0.38202551508975297 4.972147008201915 3.0151015522942433
0.3232369414590512 3.980321850617269 1.3867308763978654
0.32480725075801686 5.0130474376201475 2.0856370423776505
0.847037429939232 4.970794463142789 1.6943301762606153
-0.611811714765967 4.83796703789494 1.8312604030369481
1.023637423651312 4.951155273483256 1.6227358528470814
0.4725036399184044 4.3383785287606775 2.9766800192930236
-0.7434559229925212 4.78199074723644 2.758681513639477
-0.3922321390214792 5.260829064795197 1.5211522438859288
0.7206880693340519 4.971444483927368 3.525673155501111
-0.3759134802949176 5.419021847058457 2.729987547253322
0.4819410530780633 5.348247618125522 1.4640447673990034
0.5651701415823853 4.882355353816863 2.7322821160195665
1.387573124093553 4.1237512708705175 2.4029450161434434
0.4528819346751319 4.867788988294126 2.543869640666377
0.6825270711094589 5.080416133356759 2.6037428577689252
-0.09750969642020665 4.771121203541377 2.386457748987287
0.012076499222502804 4.7201616568068765 1.4922397200540967
-0.06857837521362663 5.17322920915941 2.4386489456385574
-1.2456383639988402 4.129523939727065 2.810837321472787
-0.586998652296967 5.107351051678639 2.962125314481225
-0.37085637283908807 5.33451130538306 1.812372610844276
0.588873026703415 5.5964444273798915 2.7988874397543917
1.389869165790355 4.172298139050865 1.9241927818519042
1.3376557183525917 5.56999922086794 3.0162654433323115
-0.7221903361147176 5.625038878086584 2.243355248148263
-0.6685557312184605 5.694691588717716 3.021369203010257
-0.001566457117191215 4.712066620390544 2.8878681366067354
2.4364254021656415 6.165192230894289 2.6054352526163895
0.35783238355830443 4.790343470534241 2.773385473157463
-1.0234892587070008 3.501644769136855 2.9438040199301736
0.40099929310152654 3.4070107798091853 2.5102028868783846
-0.4812670480532572 5.399048184330601 1.946325762323197
0.3259500199826617 4.062180535832934 1.6824833846152243
-0.1556138670935542 4.850711356228186 2.2583040225207633
-0.03153949420934639 5.864265558759517 2.252998197939933
1.2787772799851553 4.529699001629092 2.8486558675008222
0.2685500414554342 4.198204328438676 2.3968411306022306
-0.2554331828893996 4.6863151384975135 1.9265214374230704
-0.037421649233179914 4.919987749784602 2.4454321660791885
0.4233891395869612 5.191801133858168 2.5516589428793996
0.8757648151470827 4.86437843438158 2.3775067611804457
-0.8389030864048697 4.4598375743697325 2.99323584038859
0.1768628704970605 4.026991238410332 3.059525396495813
-0.31880046085937297 4.152591509937221 2.4379084749818563
1.2563706314827139 4.86460793809958 2.2249359159262445
-3.069905016067519 4.998866568994938 2.829344410221425
-0.957671272626034 5.202726685231517 3.525525235877867
-2.235678937604258 4.985355498952167 2.6520645900246675
-2.2754436440115073 5.251050411911026 3.192685341023329
-2.138642494844749 4.030495267830761 3.2582655883394267
-0.9392231680333791 4.566266315418575 2.9306750925552625
-1.8070994515728849 4.345097875003525 3.639780058528589
0.228380254981897 5.344791823840665 2.6205643846859887
-1.3433024802111981 4.7586140212936385 2.8075941510716538
0.4235362975283591 5.323444317233208 2.9488058618762203
-1.8431855407918283 5.022876702769342 2.534555247666455
-0.026925696102827405 5.074184161654078 2.446328963599254
-2.9227637764338934 4.776707319837191 2.5226623829761112
-3.2970501939161805 4.436758765912339 3.1453133997463434
-1.699760518272562 5.104704390999376 1.9334693825709015
0.055880725469964344 4.902574822875378 2.006125399723957
-0.8240811879922204 4.167037013948067 2.538065413513577
-1.491261720223939 4.411116876397253 4.138484845797402
-3.04224240604979 3.744913136148933 2.4132644399469156
-1.5764010188060869 4.748075063318521 2.2218229514818657
-1.257172350781615 4.78140386875222 3.243669544106429
-0.5496815110102017 5.346809952682935 2.853894720771032
-0.6921529541924468 4.0044684129806445 3.7438844881973217
-0.6202954319558112 4.237355391247769 2.676080394572368
-0.7847649921695095 4.261056774756009 1.6659673269084558
-1.4193594388104704 4.136106535344343 2.4800906642349134
-0.4122389824690299 4.914776330818086 3.0394208343310725
-1.7348224576273146 4.739570901720356 3.507635069818217
0.41500323253351956 5.070357105381186 3.3978293473823546
-2.8923609337670304 4.936153352739729 3.3446623327607448
-2.603691463026419 4.679367415894055 3.1864388952272122
-0.7163435454857079 5.299479525078268 2.8151287559445333
-1.5226686182174005 4.072893580461997 3.350864373888774
-0.7402723577581111 5.924504670727505 3.286700921605726
-1.4857971457788046 4.365250835669978 2.2789393062780263
-1.1192137351676346 5.259511467728499 3.7526654058659066
-1.883096991633511 4.437597501056684 3.3153557301041143
-3.3618136175826576 3.6178420132307223 2.9844536390302667
-2.938362317358108 4.6877298392154 3.0879537800416377
-1.5203306670244157 6.0871959881525175 3.100715840090375
-1.0193609729209927 4.558222183001009 3.8401328383578397
-2.098030979404531 4.401947177870533 2.962603255908763
-0.27210521331368726 4.977158123718605 2.9195505754833704
-0.40832701561687024 5.408622609510009 2.3379915076519673
-2.270779005554878 3.9368995683351353 2.8199674581065937
-1.3405191500563125 4.6422114508128764 2.643109491746252
-2.8126782798070646 4.13524825477741 3.6059070666952313
-2.3624032926295997 5.136806815296086 3.9230255934032323
-2.278959015414724 4.272856509004096 2.7026053365690843
-4.071582066132272 4.048671181081152 3.433160174835941
-0.48034897668683324 5.545266583179616 2.9813785036092315
-0.9896865167811212 4.88841762283613 3.2765829217149247
-1.7383119357345016 4.406218961238937 3.3447484360209128
-0.2839688371557399 5.45468381308672 3.3302524347265545
-0.6627324368292167 5.116370699309167 2.5222158151154614
-3.6872179036327637 3.9938328454408145 2.967268547425036
-2.7515423231343252 3.9998098662152657 3.5694689712453793
-2.4732694814834417 4.239099599502887 2.865485779203102
-1.6273353813681304 3.9539440635780143 3.564916375393891
-0.8454640126373372 5.813441190241001 3.5720784962675474
-3.8896103589366877 3.573578205026639 3.654060518517968
-1.6086132074742319 5.270763309244644 3.2528345833024073
-3.12647606697196 4.708162089516725 4.0208850943759975
-2.2688262189004047 5.035040907068748 3.69434562292335
-2.373686404255216 4.06662626538641 3.6795283767085105
-1.9720796058304522 4.7194543548644345 3.537119590882572
-2.0763012446246245 5.402502584019211 3.6045402639708253
-1.8257193490189103 4.754836152579673 3.675425964338256
-1.8074542196442318 4.751175441031577 2.6304330442466646
-3.9091946007776586 3.149914374981971 2.8764610831131217
-2.555730944893881 4.147270575156198 3.7696823614432824
-0.9537716544515128 4.977673580674948 3.0675077875042485
-3.329212981405504 3.8605422037157306 4.770312235648699
-3.9394953777947554 3.3735574707500047 3.327923366073198
-0.8436399751577088 4.213927566880026 3.377471622462737
-2.3846596011925754 4.419762277233695 3.934099875872682
-1.5123528736208518 4.731977127867769 2.7564390788266264
-4.430244330699195 2.7339697801886835 4.34512220008197
-3.687401328069172 4.2800735172382405 2.8974232866868674
-3.2328221281337317 5.0555280613197295 3.88192793342358
-3.4675546979557432 4.025175388467543 3.7756639856773915
-2.8524894526904445 4.018247100509054 3.3376438815927307
-3.769547324110033 4.044421143484074 3.7134768874348123
-2.478586845117266 3.6096065360029486 3.5454732016254797
-2.6175080683643905 3.8826817179714843 4.69785947848453
-3.683481700572321 3.807401968398539 3.5588805468890836
-4.950166016118694 2.4388515427939774 2.8209389055589087
-1.7591378758268996 4.399210511122488 2.9948393480992292
-3.049339145817077 3.776116275703741 3.7620598633360975
-3.765880543849501 4.312453519379296 3.299340749323354
-4.610084022845646 3.745699290405952 3.36480556382337
-3.1850488707956046 3.8024052041880827 3.573218240124103
-4.51442684772806 3.0196083516326278 3.9609206672669237
-3.374764066432406 4.149955362710361 3.6704435852074027
-4.455455575683466 2.000546369018658 3.1575990541406758
-3.6164593683112405 3.065343975573 3.0344456009236866
-4.279897293726612 3.127353560207749 3.4910228840467155
-2.759657302497494 4.264994756924946 3.865667712815646
-2.0819760087553223 4.019711927217929 3.451780555722311
-3.0727722004768574 3.758635605574902 3.380363650214668
-2.6908517161050924 4.307632047821179 3.633026010565025
-3.3309137456249025 3.398742186695723 3.6565623214963825
-2.9058633675760017 4.970741786760246 4.055072555841584
-4.210333859441008 2.3127711593574034 3.6514486971180693
-3.866882050536564 3.4498984618797546 3.682985616943916
-2.6785974243789594 4.1024230566633255 3.0291607268805096
-3.405834495288311 4.680637043896323 4.242264575135766
-4.851052590234968 1.7002302469376722 3.7250441782101347
-3.732466006334803 3.7312226541981244 3.979610859976893
-2.900360228409179 3.372894440534548 3.466457562800981
-2.7686510330809977 4.329521961460405 4.57006692880908
-4.654988870547687 2.397100074976664 3.3821388733196645
-1.3231872462327472 4.729002622546582 3.969857285626435
-3.2233096320539665 4.628836653245431 4.190026011420406
-4.825501239351773 1.9729214484076933 4.466967612111099
-3.8141830321037644 2.5487965926957408 4.294110271837408
-3.185367386872585 4.39616328155588 3.224734777253036
-5.49360967341804 1.6408106257517114 3.944350733024689
-3.854482397717146 3.4048725794674373 3.393280079276002
-4.896300116399485 2.5288583309064028 3.865897031961888
-3.575742624446818 3.330681432547858 3.41549280035507
-3.104807332639506 4.110374714207358 3.8534572835848246
-3.3516307591122136 4.083048802432064 3.597720634090358
-3.7247925748070907 2.399444125392006 4.352398466581527
-3.9640955418886437 1.9102873628410117 3.369588100895557
-4.363741295789081 2.660121668590606 3.8416844106187207
-3.6171250576105023 4.16202812655236 3.4832575380894317
-3.0579019891557184 3.0174236289847434 3.26551621883874
-3.589817277596864 4.246249601093445 3.7392817482846894
-2.7300063999528463 3.853520447147398 3.6428949434371556
-4.518063157195549 2.7777446435911735 4.239809968882305
-3.8607348783715754 3.4410415681459128 5.492351817795
-4.620318065705792 1.6418349428916956 4.562160295184133
-3.269674184749303 3.015222980151929 4.010289239730415
-3.3518561093204027 3.7771607746947016 4.406815009229403
-4.292230516123111 2.906962893214021 4.439549715967066
-4.009538925002951 2.7796621280686993 4.0350092149148695
-3.7492975722795845 2.266975402101236 5.081649880232484
-2.87007285160959 3.326901694741238 3.9505262930107112
-3.844291006966477 2.6082896879443696 4.0045101268409455
-3.564639968398741 3.2273729816204075 4.7836544779155155
-4.294347790193677 2.823213130429512 4.627414408071013
-4.294240020713468 2.16055458061742 4.670265618120563
-4.136375168511309 1.8741867661194398 4.14116557228528
-4.819527349515028 1.2585108158434666 3.3706445666719285
-3.558690554894541 3.4456687299158006 4.660213333820556
-3.911266594390757 3.061886500885869 4.416359169812725
-4.344146605522937 1.4494635291397502 3.5441851165682747
-5.3426819757938775 2.014559939693897 3.6977900979702603
-3.127143941385225 3.5381770918393816 4.2394070881807355
-4.282976884654611 3.1342600539467442 3.7964605386545234
-4.693494816204829 3.040215759989256 3.5540143681323593
-4.627531043860449 2.235111597126174 5.517940118753
-4.532977309264172 2.8147860579005783 5.552590602202956
-4.487758784771705 2.019650838599745 4.6837274868294685
-4.613603962714882 1.4847945186658555 4.190101901345358
-4.250547110948568 3.1485257611923814 4.901023667758067
-4.376899985565385 2.218763664922981 4.637531948154774
-4.5097392420882825 2.1364953405901908 4.501959821163416
-3.60961391102016 2.8483346374902334 3.8964452888521097
-4.1987794374120355 1.7860950849242823 4.29702104095492
-4.049642865942783 2.680708376509666 3.6353446552101456
-3.744044350068395 3.3949686800253915 3.9319623836209114
-4.202589580932159 0.9203530564471749 5.361195907128456
-2.176302546193063 4.2791044515856385 4.598321187303042
-5.539806403695851 1.354827382143741 4.668817538176196
-5.320372613010026 -0.6271712083347791 4.4375042982346695
-4.274682684467424 2.5918098400000438 4.660917171840941
-4.351090580446012 2.0002225366868838 4.490500904735515
-4.075929487569823 4.3342043705871935 5.466561675782504
-4.729580865965617 3.266173891644379 4.290615965157904
-4.311682631203606 3.4350804582632857 5.163133274862085
-3.936524866835513 1.2042529784859972 3.963024066946352
-4.04671960869179 0.9084911757755982 5.07354257448145
-4.902601033680815 1.565509904071799 3.761733783384461
-3.8354890619397413 1.9299907296508068 4.103161934540023
-4.86937391283839 2.593504797475526 4.120103543430802
-4.939214914843452 1.4157633636398699 4.59656861001351
-4.1098438742248 1.9295616277179433 4.433523917572233
-4.009635320080661 1.6012993059112128 4.249351783496567
-5.23700485148972 0.33659452598432915 5.4004807706738
-4.235175570642375 0.9280746131921568 4.279952913154857
-3.9909299598566452 1.9490485349064954 4.240622134291938
-4.389358229253421 0.9057667007014681 4.9127182550593425
-4.907468064096177 0.5534189565842422 3.729481535654724
-5.029195624074439 0.6227360597111465 4.728329503932867
-5.2024978457156035 0.5309864090788321 4.88636307220866
-5.388798390557698 2.532941442771858 5.6899731724423415
-5.55530850712744 0.9116571334892122 3.4810781164736886
-4.802868270771805 0.715036862678187 4.857929334965909
-4.489005599404939 2.121414228413515 4.8261918292368104
-4.361836333763951 1.6346004411295407 4.002920037004062
-4.561221897353123 1.5219494736091148 4.232806133345623
-4.663652778463256 -0.050479862644545744 5.215731046527247
-4.055263738478567 2.6032786469234113 4.271305811500353
-5.5068529840214895 -0.666942561440864 4.493969914603496
-4.996019152089941 0.38632906468054 4.3074146710179795
-4.579824865591909 1.7143859676697715 5.210296785424877
-4.900223263325308 1.4090767584297852 4.745567948169273
-4.431689965875303 1.6956205619863571 4.8009904454673915
-3.194412997138589 0.9499453998666514 5.549967522988027
-4.423837189354566 2.6273191675401284 4.154032350443728
-4.547702468819223 -0.9355526602400676 4.676504858978544
-5.877477164810365 -0.1512587023831683 4.010239653238002
-4.151220008671094 1.06314109226979 4.88575789354451
-5.298995304542184 1.3722866870456367 5.180957690137817
-4.7011811787224 0.6185722096961987 4.996933618026501
-5.068674695712337 -0.31237041032471835 4.150201886256932
-5.311718586973503 -0.8607130874484644 4.9183391171292845
-5.232398207885028 -0.08009648924264312 4.281442836233628
-5.067634623519263 -0.846156841212523 5.364647181619354
-4.116565406051034 0.8153767369544511 5.4106257499431925
-5.4643967972283125 0.02164149518587195 4.184297709462334
-5.353140399416449 0.37566170609022886 4.221078997041783
-5.40748581466539 0.04533047016767771 5.938632485875168
-4.978908440280654 -1.4140383054587429 4.480574495811581
-5.008585193950625 -0.5443948506616828 4.266352471097529
-4.613038392630822 0.18672123638083948 5.007372500785096
-4.4907730694317625 0.3820570445935599 4.393384537922163
-5.066031974324812 -1.1307379358178284 4.116591606899768
-4.686327790830495 1.9441194637377668 4.7456579730267
-3.9416137651144214 1.481771217782916 5.800721809979999
-4.753311780446179 -0.580155333962096 4.816416704924193
-5.242644698123754 0.5452146007720777 5.174616974236637
-4.847302752659372 -0.2813239170024051 3.865366254307723
-5.091681237524436 -0.3332905882171895 4.786476026407134
-5.183232143346542 0.5287429760681646 4.495351879887454
-4.94678104657172 1.217602886269824 4.948497424726272
-4.6724932354965345 1.3791431112431152 4.8694149501163215
-4.488568799633256 2.20419463732466 5.145557870862023
-4.163966142148306 1.5280712270233388 4.199351289013207
-4.360743461411388 1.2355705055830573 4.352833888278465
-4.981242064892276 -0.41532076617051183 6.039562329961225
-4.739380439963609 -2.066878086796627 5.216568572982803
-4.78408313688433 -0.8639715384378355 5.879209856566114
-5.660857782734363 -0.524592158230765 4.934759425378003
-6.1436469769897295 -1.1959720090027977 3.8853430447622035
-4.886166744396402 -1.788733086913175 4.482423083077125
-5.029697441310502 0.20090840818908426 5.154541623780272
-5.245200165034827 -1.7657168418866356 5.167963051210028
-4.54968309647547 0.1139814980817088 4.831442777673573
-4.584302892568789 0.9917841467647608 5.116394056153699
-4.68934891538131 0.39684373353623775 5.0250671156276745
-5.091417839722965 0.3126807629484556 4.827171927172719
-4.84253886954883 0.30710248301857374 5.0673465608857216
-5.222374809123198 0.9514549211993077 5.012524886135927
-5.043584987834939 -1.7558499619304444 5.352266128958759
-4.455287274576681 -0.6127488720443973 5.113509657807033
-4.526339364749255 0.07210492486121162 5.576950842035689
-4.665182029971675 0.9352292386390685 5.20460371486544
-4.812981786495128 -0.5397240762350013 4.737376518826649
-4.963940062675419 0.6780571865582482 5.892450210931201
-4.936993264116183 -1.7639486791883923 4.4539997490399585
-4.9258943215670525 0.44027938106284936 4.885208925424584
-4.572539036411811 -2.4609401053752014 5.501569725057063
-4.572362202044412 -1.3895577682132452 5.548974678122492
-5.033447782565154 0.5421326108151638 6.358573647619011
-6.144605915786566 0.06781370128056816 5.533304135671698
-4.681848714463781 0.008791131840978324 5.145068153689662
-4.573977952223954 -2.64493732229995 5.592004675651216
-5.38636269059232 0.5135783382500538 4.609491991011415
-6.038822881537988 -1.5107211025435097 5.784992525907198
-4.798678269253864 -1.354980530857699 5.553545217034287
-4.176800342801633 -0.5975083388121624 6.471058364100989
-4.2996474806752705 -1.1150099511598144 5.173098324205126
-4.567297830256324 -0.7511685168231841 5.721446757842203
-5.355680823795249 -0.5960071493076766 4.37966859685902
-5.065652009505498 -1.2464709694325613 5.907324240421787
-5.177770162259789 -1.2594329992916924 4.75451068628105
-5.004765108146815 -1.7078438470731339 5.75065467106093
-4.023806828756453 -1.6057552956754204 4.927128195401055
-4.610213693927381 -1.3890109984440997 4.574893582239259
-4.8027449890838705 -2.060001417810269 5.141575028575178
-5.187156675805497 -0.7365357549820291 5.1457040732035395
-4.26775586316875 -1.5370618380013674 6.400668141318665
-4.969385089065137 -3.5253828516042196 5.901266961876018
-3.5367793439342528 -1.4631479332146144 4.779191611333277
-5.171371572466411 -0.7072138807429157 4.625637056324177
-4.798594866535111 -0.8964526562722278 5.984436844911969
-4.506701778885262 -1.726297285252756 5.739872807250156
-4.28629009565359 -2.122927936673742 5.186695594262016
-4.0814796079803495 -2.0091300397983205 5.760099815586972
-4.61896359735791 -2.390412524853083 5.34897898745239
-4.624919442694554 -1.2918266117433348 5.424861117438113
-4.8788369260118305 -1.9891596400825886 6.2344546327005155
-4.943765695879293 -0.1549133765424441 5.791143485858511
-5.393662426993669 -3.1869689835941735 6.3190567536729745
-4.6114716471707045 -1.570627416376764 5.617177160210536
-5.271803158822162 -1.6798085301845784 5.977431837855097
-5.677553710325988 -1.5388352217043864 5.589444828045073
-4.50980372285115 -3.065147811876739 4.588095190087905
-5.159180481182752 -1.8772066917832275 5.673895094933733
-4.904235549337393 -1.5570874841553832 5.052102386924178
-3.3880881187817757 -2.906546296270573 5.563024074636685
-4.699542624298284 -1.6214931253726665 5.358375173849676
-4.683828943929458 -0.21231684483469185 5.150082267793313
-5.518743212974454 0.6033040636452682 5.949727897931413
-3.685297236059248 -2.4270834405861343 6.655800997136382
-5.2885533092829355 -0.772168695107293 5.818509198568327
-4.231935647864544 -3.0966423510490486 4.138172833014434
-4.4603654712923975 -2.4901299920173363 5.530456387919197
-4.838997119481344 0.20243082316414532 5.41642369289481
-5.2034981561493625 -0.417168859568259 5.802062707991723
-2.8923898792084355 -2.9615365132229616 6.018218273494725
-4.078156357844501 -3.496484588836649 5.873807430964989
-4.632119821170533 -2.6358877822986444 5.730626354840993
-4.211379246143207 -2.7172659847106453 5.494207065886321
-3.3092791241535657 -2.268221388958609 6.158634266913856
-5.450138082038676 -1.409420302841802 5.946234644457209
-4.695956686348314 -1.327065165718004 5.686234550815468
-4.7015518032230865 -0.6512342990863645 5.145156442041176
-3.9917260261410212 -1.8919172553515708 4.915277840438714
-4.561361097173115 -3.47810046264805 5.605682889703346
-5.179358241359888 -2.7310883393908325 5.218872639800958
-5.466046798988928 -0.6480704690344513 5.460928694258379
-4.0139971172435045 -2.31276670924619 5.785222400188661
-3.9350349128792614 -3.8740772416059266 5.910485377121631
-3.754734296754661 -1.8426091247684706 5.29351550842491
-3.9482795839323925 -3.120288313912576 6.276711379672974
-2.580491430647139 -4.917572618183476 5.3659889553234725
-4.857271241673843 -2.454263487120667 6.377719407835624
-3.919158973116656 -2.776030351119832 6.07288193797551
-3.470520359503635 -3.562498608371491 4.665590805534382
-3.6715769265479756 -2.4069473230053604 6.242478390600527
-4.69264416395754 -2.3549210470499164 5.02613052466648
-3.0580226372962622 -3.7923177123785283 5.763527231730061
-3.7654315137310106 -3.5846115188566943 5.61358338545087
-2.7874218345340904 -2.9299746082453417 6.577480066606916
-4.440060706027543 -2.852999499805962 5.825356501175086
-4.134149619811156 -3.411577789558248 5.9830222012296606
-3.752957770926424 -3.337449638002289 6.267400227602451
-4.077209018516003 -1.2117528162052067 4.928056742161678
-3.3375309750527165 -3.3400455848711363 6.8172851731702995
-3.162245258784578 -2.59644427186115 6.2035128486238085
-4.266653525967932 -2.2558175231450015 6.801947610089047
-4.043017092316175 -2.400678942189658 6.068101244185031
-3.9184798109476615 -1.8397778035466583 6.079839947868005
-4.985265123289393 -2.1297296586515144 5.957982105003115
-4.136664695066974 -2.9506334064950015 5.341231257383663
-2.6937134463639696 -4.277950257314157 6.864096290459878
-4.768040306787154 -2.1067410084447675 5.669508033127535
-2.998962371540418 -2.7781509414366594 6.794332347081221
-2.8974039843197525 -4.669550752739404 5.619307434580643
-3.4996396785557153 -3.2606295173073803 6.2597664690018675
-4.825070955423557 -1.8599378580778307 7.0224109338064435
-2.814485692145377 -4.490169377737258 5.550920769253823
-3.5136737092260306 -2.4042301366808863 6.187048497031832
-2.9969761095999954 -4.245948549821866 6.104363956241152
-2.306722076255078 -4.521279641045885 5.715524812028683
-3.758313939908174 -3.5547727193097547 6.059095009568306
-3.7611418521527455 -2.0860940809995308 7.051102195441591
-3.247813046745357 -3.476142636177994 6.430232785421932
-2.471332088124179 -3.462162376764527 6.478312593618237
-2.507686682316929 -3.6947922148456693 6.076924109766134
-2.729186154451019 -3.244304225920259 6.291186785374216
-2.641041266730375 -2.967524195305454 6.065826190587743
-3.54184704948658 -4.956209907695895 7.341826420186543
-3.487940569450889 -1.8337931109013872 5.841392173073923
-3.5226102388446385 -1.9895111099574823 6.684744813408843
-4.749304446811355 -3.697420916904581 6.743811488050826
-3.767364197886933 -4.145593857525597 6.200689216927594
-3.4436395913646725 -3.4235700521741967 6.173902672159798
-4.186127721091985 -2.581016672454688 7.3666916839767715
-3.570761071090392 -4.6715400581519715 6.070877928334265
-3.078495093372908 -3.894265132282334 5.690304047996973
-3.6125107375409518 -3.155617167140688 6.6956112333834605
-4.611122778113864 -3.0787203299045376 6.563818128857765
-2.8652534330247503 -3.5066723448149544 6.263888335902975
-3.791105095905827 -3.6223224788536545 5.367160598477838
-3.213543617335891 -3.6352541659392874 6.839256748002018
-4.495582490948713 -4.086942759486439 6.266691169925954
-3.028496071019717 -2.6858788199394756 6.146993377138452
-3.975226115243857 -3.810526928032926 6.651812335831312
-2.876809488122133 -4.806620610434682 5.991757332534946
-2.5301771445053345 -4.474571148704541 7.256670678169127
-2.648714766667596 -4.832563406819888 5.7629156572569995
-3.3836139414166366 -4.24155330627942 6.156458688383621
-2.6097529116230596 -4.518127818411912 5.24008793551352
-0.6578579654771687 -5.7418028726920385 6.311654462615082
-2.570825361423111 -4.181845658934999 6.144701322636057
-2.009362915945602 -3.8903781269710525 6.3488685368489985
-2.114907666171805 -4.561186269490629 6.740681179403001
-3.2319029003494526 -3.3951336735782083 6.8021599121463625
-3.8263702654120926 -3.6905992041325177 6.3426739416037945
-3.0948859149056194 -3.7930688950196743 7.079363271407315
-3.586773407469437 -3.7160283069102165 6.109929801630381
-2.6720118503924124 -4.225734992771322 6.306026907044716
-1.865022535709173 -5.2947214679664425 5.914438077008251
-1.599131506180507 -4.442159663788418 5.809513576782566
-2.2842997485983902 -4.1880023798503485 7.1552048726052435
-5.185175154522507 -2.272658059169358 6.065893294656674
-3.338823137588978 -4.15036817299453 6.448905336263967
-1.7015994233634755 -3.8723223758365397 6.086698406407944
-2.9298591415510344 -4.2156163559420685 5.626579088985628
-1.7813209405016976 -4.110566324082685 6.613114036274675
-3.397497139097783 -3.033290491765031 6.517321823262752
-1.995240087957114 -4.801217549680402 6.51865807872674
-0.9406676832653023 -4.478323687537723 6.900950873843733
-2.204858527241068 -3.2844470998937245 7.153476655763068
-2.9577797775228007 -4.830307318989839 6.75098801467089
-2.6224576045497106 -2.1650353088145056 6.523217277139578
-3.3321100268380444 -3.246367492979376 6.867685379959263
-3.3653924663276267 -3.3111913980470753 7.09377293167641
-1.6435845438875116 -4.315489016805101 6.679936452427346
-2.579304007568026 -4.158625834308209 6.4760083500448165
-1.2163463846182307 -5.10175113834393 5.866445330802643
-1.9907468360980114 -5.078850485783602 6.360363876790361
-2.1842412936109694 -4.276059004778344 6.795476390813744
-2.830633913104292 -3.917589999373507 7.108973897191076
-1.70677273463991 -3.700868400646175 7.384457369678831
-2.5486307922205556 -3.8985870278327295 6.366697779141219
-1.9356717130857193 -5.187788721765884 6.2112896718383706
-2.6364697552789234 -4.740467767340805 6.748804083897693
-1.2310597520158668 -4.814635789911286 7.202289790328303
-2.8438687257061774 -3.4450692085942434 6.665728720958691
-2.9716230417406275 -4.294527113599319 7.191585385108376
-1.2152168730560138 -4.5103547019662305 7.416283873684918
-3.0814777330760235 -3.560643712551015 6.445552097501958
-1.458183047588459 -4.901105336404358 6.211755006519363
-1.456710055988024 -4.614724119065865 7.129788840662211
-2.385480428574867 -3.838474101600535 6.904450256831198
-2.8200149521959803 -3.2518002536544865 6.824032694157435
-1.3390518655949617 -4.180920179451657 7.242181101996243
-2.1501144076656034 -3.8495345388777507 7.7130094702024055
-2.0283285106939792 -5.139122517834619 6.3749615704785505
-0.35962779730433 -4.9052402735604135 5.761141471978931
-1.2857777501882837 -4.405950621032268 6.992869341565157
-1.2206810739061944 -5.444848343258663 6.482164662276069
-0.7987660519602552 -5.041010938247219 6.092064636400817
-2.0972168179964474 -4.390227594734231 7.925026836540517
-2.057284445677703 -4.406800907076664 7.18243549719718
-1.8702010594008276 -4.841170387389884 6.202948592196235
-1.081976113792181 -4.796631648517636 6.863860666811449
-1.3856265405465578 -5.019097093024921 7.261509095542868
-1.594236197130173 -4.437983073800773 7.032875838232395
-0.14953611112231502 -4.956380273044053 6.625978970270723
-0.8882967757616076 -4.785629431043255 7.189869459782079
-0.2894939281191902 -5.413562101470054 6.641488693158565
-1.6850168713461673 -4.574600313770959 7.689257587690604
-0.3574021167693523 -4.511457632758602 7.489154234142515
-2.5457922114784313 -3.832952400154236 7.203408350572234
-0.4154694439601852 -4.892696523691317 6.275639969392396
-1.7570578234135714 -4.609356894052758 7.311956704377928
-2.3987246590795657 -3.9736220007277514 6.075244390851333
-0.6967621257570074 -5.001845539718904 6.934137936494943
-1.528851031920817 -5.046085450094348 6.60004527178212
-2.6296965961233427 -4.585638351367058 6.803819204401026
-2.0721386569007914 -4.1773028390295295 7.331374723975853
-0.410603192800127 -4.739756459046799 6.568103016571735
-0.9471102737632587 -3.9071277985830117 7.659039471613112
-1.9810067920791452 -4.92635026701182 6.286738021794315
-2.0140639203575317 -4.313117897055913 8.26786987389165
-1.6724435725338782 -4.66030911828278 7.02635194715485
-1.0837549054506388 -4.8709076436485725 7.222066220749201
-0.8671865435183482 -5.260776494905233 6.694791219818119
-0.09351444309148078 -5.103645701421325 6.7244035696323605
-0.2601209644547042 -5.662137149516143 7.60193658658068
-0.45258257041499955 -5.237188250000884 7.948321658313524
0.23620270632521567 -5.6521060293738055 6.473575578369088
-1.5737855533391552 -3.9611690969513873 6.983908482790572
-1.4116443962368848 -4.425238639514207 7.739375696233262
-2.2815758099287566 -5.272926772784285 7.2941872858465855
-0.6853935810403825 -4.736197631020971 7.053667048180362
-1.5622545851438914 -4.682833797866156 6.916092191306275
-1.3256121261014833 -5.027358186663174 7.208667131728931
-1.2373107996944563 -4.9924978666432756 7.389932499445951
-1.587895532816859 -5.125965548531614 6.981637048314229
1.146541160084778 -3.7701094521792027 7.498669151081022
-1.7149479579696225 -5.54013100264861 7.0178014938599045
-1.9127142032647317 -3.8730563725940144 7.525488298339932
-0.29424993962569657 -4.171841145896111 6.575554743694161
-0.627494003518253 -4.384420043499958 6.635517838447282
0.00014870249073611224 -5.497577970265388 7.876542571075379
-0.25161026449014934 -4.545329911122464 7.652376686428412
-0.21295498371654512 -5.872086500027863 6.157909439317949
0.5666403044840642 -5.487348665133644 7.101426782837537
-1.9585213599240014 -4.574423840746372 7.687993773255659
-0.11791081501363468 -4.1090958973015255 6.989704555019149
0.22296071304009918 -4.247762776935451 6.964180903841882
-1.627654212535206 -4.508511001818703 7.8790557313910465
0.6637332185499759 -4.993937175705992 8.213762275904921
-0.1813399961190802 -4.900297577988824 7.743676301280028
0.42584104940803075 -4.964794893863258 6.864256928364651
0.7122860349037465 -5.128335552683632 7.419834424424452
0.09414658763748059 -4.9525428598264165 6.924411713543401
-1.5956646561693901 -4.210090636403715 7.174498699238789
-0.3171181757659026 -4.4822749415726735 7.252925555905728
1.5975124970908663 -4.826786711258217 7.173959577927225
-0.7213224444101571 -4.587496760151983 7.482673216411504
-0.47382200424791765 -4.979924243017308 7.390312258650841
0.20451670377323625 -4.858710124131258 8.314549054805747
-1.107485561594906 -4.624906501310793 8.051263044682646
0.8044440410900714 -5.3757285713470715 7.592815818922109
-0.5683078343971456 -6.014514744451445 7.2258474911181505
0.678687016696915 -4.383756921506529 7.503656460957596
0.4325138327134835 -4.787478872492495 7.242300550570224
1.743094603454071 -4.364959943013314 7.470947966276285
-0.44586065085276794 -5.148258696302408 7.130800887221322
0.0448458311225474 -5.811923754451099 7.899945821988269
0.43594739455858317 -4.598276677739401 7.807714187162003
0.9915709557199004 -4.778453608103404 8.318311764721377
0.8067584833382547 -5.049612447879986 7.481416604980575
-0.2609979656487173 -4.368885055476423 7.437828731797981
-0.4876013239707531 -5.259770516284408 7.058359061296193
-0.7641016037035682 -5.255477687214006 8.755880834999756
0.6075197311230354 -4.811744374809081 7.465803238937469
-2.2763770315914162 -5.206893264910575 7.806269541046108
0.6280332689676592 -3.770650056152773 7.958417063395844
1.8294493042012936 -5.478707274263843 6.926559887870557
1.0383842548442688 -4.843048906240915 7.3520354143842646
0.17135268650750501 -5.233679458808388 8.031397992948198
-1.1528921159214147 -5.317857031698563 7.876033695487262
0.4138442064975688 -5.158393041359211 7.4581320096448485
2.549772090524742 -4.306827948772443 8.18459207448861
1.607304365935137 -5.232096227598993 7.733088802827763
1.9421792319144793 -4.130340665645856 8.274834433821631
-0.47924068592340435 -5.591713150339592 8.536452332823506
-0.5766475455536975 -4.804181910098405 8.02839224958321
0.3954838318910396 -5.1569736311067675 8.019342983806624
0.044142849491234364 -5.019191425501613 6.928800784742305
-0.10805847645555014 -4.842595000234196 7.201335541681939
1.8765434756748018 -3.7832063970283216 8.378572089071204
1.7151423232323466 -4.757637879861026 7.639268142690409
1.8197059417596981 -3.634698531813394 8.080080552184725
1.01399230697041 -5.328961133044689 8.26827185880239
3.262552453157223 -3.9189402600264764 8.52062302972203
0.2732813224600368 -4.745330845183323 7.830999105287638
0.837806053492627 -4.472912325438316 7.882856883749125
0.929919544815834 -5.839200124948721 6.842892256825095
1.3142760830630387 -5.020756098588722 8.599833735642871
1.2449146747546753 -4.975684731670206 7.701014212707447
0.34824712556672244 -4.643852197118954 7.638783083354809
2.0332019380402953 -5.196211196619752 7.644876064800672
1.5432832515524328 -4.4473825744234015 8.18209621988569
2.3194865751999445 -4.715329668029478 7.784656958146269
0.6712158944610058 -5.6290960954271565 7.8248009227280555
1.2444243831612307 -5.452458547889922 8.366222823177997
1.2487042670962374 -3.806059896005016 8.224547029214376
0.5585020434113874 -4.534725919765842 7.496715731349076
0.5310576292359463 -5.452029683356606 7.449694978667654
1.7074858571209943 -4.434387937044256 8.081040099535471
1.7603897201331173 -5.087253750031952 8.679208369381387
1.8720888575157428 -5.75860468826283 8.606574517822528
1.7303795868790306 -4.253693911791958 9.027523411869876
2.3577407839911655 -4.669693184229045 8.117269008830796
2.078406126871846 -5.240168261134374 8.521068188702259
0.9679475884837111 -4.065855825543213 8.915947332218773
3.818007528014779 -4.403465700135948 7.820801908016505
2.431972607265211 -3.87374394425109 8.47386494853751
2.8025131416135096 -4.169918535041632 8.75353511222398
1.902756023779189 -5.760103714724087 7.662757879623286
1.7919927414160794 -5.149673401575971 7.077264119187984
2.7201204362593163 -4.062959451183538 7.153345796177169
0.9599524763301104 -5.5503026750682425 8.237982960055922
2.50447751350754 -3.623673395240344 8.641514619737187
2.214364444672809 -4.457831978844487 8.112597196855532
2.2822039754428536 -5.1818204727133095 7.965728466540139
1.5675279428399895 -4.780259835555378 7.529118517108763
2.343468966807098 -4.155778697752276 8.906809404020256
2.6085889850597175 -4.055356273440425 8.350654251292466
1.4649959667654444 -4.779568753030307 8.033953420501113
3.8805252300037467 -3.855549961658101 8.557663722464989
1.090653600004836 -3.401068868486837 8.057128420378113
3.0405465513524064 -4.549722801904841 8.450265014166034
2.1734133545568377 -5.129499010208699 8.888350147594757
2.2357977973452567 -4.788527759447068 7.995699463054168
2.246434370148898 -5.271269067873856 8.657320497615515
1.5161881963203614 -5.055608535381496 8.369645322696497
3.389961977479582 -3.3869347940113936 8.789382544235878
2.418651628384491 -4.541423220616301 9.484578849301599
1.5807737316536326 -4.7102950574100015 8.246188700497664
2.746965935513827 -3.061443281692689 8.071909577263591
2.6802279364396924 -3.930137427149292 9.017208754853723
2.525721087106761 -4.35360146391156 7.952677546301836
2.959768350262725 -4.836487524262414 9.084056343623773
2.9025442200293456 -3.703462658071683 8.792885919380725
1.046270178305754 -4.536451601783102 8.975102173306357
1.6780366405348768 -4.794662808504763 8.256244695590981
3.0144468493440613 -4.348707756627256 8.506929975020322
3.623844282988209 -3.1118674433633604 8.559143627287614
2.174109560497176 -3.9156664237630747 7.569988680508363
1.3955083187913593 -3.950104074930621 7.956971006677855
5.065298089985335 -2.556456003002089 7.6899812057275145
2.6218198146092737 -2.72048273676861 8.889270154629024
3.519866174043066 -3.4699865398808503 8.47905285331043
2.7041848884808273 -4.093812570154154 8.899727749210683
3.1996075327494484 -4.144547552994728 8.341058811633525
1.6767343610072192 -3.844339220602923 8.230873192956192
2.869230041125415 -3.8240458706139897 9.238833624513674
3.271299115557473 -5.326757615797367 8.027167842814467
2.63295181119495 -3.665468915783437 9.1876734597936
2.9285822516503313 -4.313408586814065 8.424301821805694
4.18566951870083 -3.2890881058920534 9.713770626038741
1.793215449220959 -4.848779832104728 8.719354348612528
2.7990247154488865 -3.801915725158051 8.566619059726651
4.033203492126095 -3.014795787891731 8.67587616748076
3.316366749294279 -3.5500843956757264 8.815670924631734
3.333920703142867 -5.069675924988228 8.078064904781773
3.937992325114592 -3.184724368451417 8.552117451744234
4.091086684163428 -3.266004286407946 8.763573373594802
3.47571032574713 -4.110896380472263 7.845725778812257
3.3237880718890227 -3.2823006659489193 8.141090624811554
3.401956237920686 -3.932943879234073 9.219127564409927
3.178720059349015 -2.584459846784695 8.244614287891707
3.536171074952114 -3.783618784972307 8.581654947524656
4.4378336916756 -3.6958278691318216 9.775255435367077
3.575698534938398 -1.8362841479503942 7.962511987685345
3.7072920166728234 -2.926601082459958 8.035338062572364
3.6991044709703114 -3.894228402668895 8.983824936550077
3.5695793118528023 -3.9652985326983914 8.940961998149708
3.0192292453003935 -2.742520083753514 8.894905761521573
3.015128718382161 -3.890437485957498 8.168102296443838
3.139851035243283 -3.6228878934539313 9.131227412707545
4.239074573845818 -4.458171861210147 8.960320616869998
3.990860525277641 -2.59236319764856 9.425029712990542
3.5885909486143057 -2.866815026735338 9.572493238610035
2.8664243347852985 -4.347029238735399 9.474724370326483
4.500729815872036 -3.0117103330828074 8.905108437803062
3.607116653970781 -4.071151071074156 8.790962844242319
2.4784526329672687 -4.0919844502137375 8.8731297924406
2.7926495746539266 -3.9418714133124166 9.195703735500048
4.10651256828465 -2.926193134801015 8.891447026341353
4.870219917450907 -2.9559611533569514 8.65734707943235
4.146143248617667 -2.9353596268182707 9.327329718463265
2.3383225988766116 -4.402782627320006 9.450003970330595
5.1629429418972705 -1.1257725414022732 9.292878887064571
4.381075954210608 -2.8018204153581583 9.718557979387946
3.3967189071358463 -2.5929150820951645 8.973562537955805
4.787044537668422 -2.446072020900443 9.31821584966983
3.576805958894677 -1.9092569318234707 10.059995223033512
3.1300083352861936 -3.272163570453866 8.83599574644961
2.360495358140472 -4.232484043479829 8.301697886859701
5.4280917155839825 -2.2378627823650783 8.625888172349427
4.662037004509308 -3.374756015130705 9.43340296716448
3.541424578913611 -3.2186281666097503 8.73630091951249
3.100620489226146 -4.284046309721897 8.736266804460092
4.6078620321991 -2.670442975741898 8.961278260649816
2.8784111329197586 -4.5151612069137546 9.490558810351773
3.723188534962013 -2.145329241892041 9.41648545535296
3.9997847550510155 -3.4979390611714805 8.909310397732538
4.9017667352615115 -1.9908411865222315 9.797044716007239
4.594933169648873 -2.3262124123372208 8.634050838252737
4.461903373023535 -1.8592800295128131 9.487041332466957
3.395357043575741 -3.1614843463123736 10.249402277697312
3.7586836699742303 -3.058723584084614 9.265981644087333
4.808669562618135 -2.450258315821298 9.141309054972348
4.3775722640720645 -2.8414771286712734 9.810004014149522
4.533100986751685 -0.7964770041218543 9.96579245572643
5.516439480133223 -2.0623311730910334 9.238231497386003
4.940676751906958 -1.5093949165119298 8.928125451222758
3.5996865657708397 -3.9304985961668972 8.639565249492467
3.01809629949517 -3.128860407604935 8.83308014864618
4.053588070167966 -1.7562702721430863 9.72324719971471
4.834224325508847 -0.29147344813364084 9.386242263971413
4.352442897216461 -0.9735937971080275 9.044339080544065
3.9250956338523153 -3.3728688032192493 8.842999807718932
4.810315670860859 -2.017908504277922 9.168976980191278
5.132942238353301 -1.8029031468531291 9.018519167240552
4.96498379143111 -1.6741681001154294 9.594503372883372
3.8083735932178984 -2.2165159281016544 9.161908265807831
4.075700623020413 -3.4412975869548506 9.245679298892027
4.055984428586602 -1.6316338005154913 9.452653985642721
3.5571140966326418 -2.8901900808346213 9.508779044883479
5.047113371022041 -1.208814298683225 10.120584636015314
3.9810045267343908 -1.70826849528104 9.925597933714435
3.521427724813006 -2.778182386509816 8.23512620385582
4.950998342800711 -1.1175430546000704 9.896924482200507
4.780332482915556 -1.1426086048483175 10.140828321772688
4.143769222510517 -2.3187765030633867 8.959752909454165
5.265029325517769 -1.6212552592632743 9.217853217054781
5.400486685901518 -0.7918739332160583 9.59625190866365
3.5036865325508435 -3.075035170232474 9.239102895140563
4.302166504752856 -2.537706080984724 9.831745661966446
3.9219632100685655 -1.420347387884133 10.039161690687964
4.961892260519036 -1.4250451194546592 8.378569473865587
5.4907446569523035 1.570906866840043 9.287153299936595
5.050297168239018 -1.4215032898039353 9.173312448835107
4.657723274653642 -1.1556399702808964 9.786133341700895
5.440670112356024 -1.1065776458218433 9.979157972440836
5.334141873753065 -1.7833778901346808 9.208877918466367
5.092164369242504 -1.730654319644193 8.154792291131878
4.3688347440664375 -0.9586141666917596 9.187228051395874
5.193887189384183 -0.2656229282723308 9.05297754704725
5.09633773202 -0.8932864644927466 9.731084935949978
5.072063176702116 -2.4827997811721474 9.505982034468772
5.144184804153919 -0.7548259174576739 9.112425305470964
5.31174709479456 -0.9232479661309461 9.246769305206277
4.728276808491168 -1.0171495475995926 9.596401807696324
5.112961319167681 -1.9666688533997598 9.887156199041195
4.190572039753796 -2.332855663144952 9.999175067411553
5.4984260130914775 -0.889417367178385 9.334036983323134
5.47334933524927 -0.5770576817337649 9.568171866984574
5.162044903842004 -0.43361646024042083 9.699055576327689
4.571628855141278 -1.4112392900342718 9.594815978770336
4.426009127789008 -1.2446142778154219 10.110827898876273
3.521985916258151 -2.738545096722219 10.07333767814265
4.922936396268771 -0.8267583011059266 10.14322485075372
5.245245839118098 0.09187531333958629 10.284473955893638
4.46804965107814 -1.909455146042326 9.35476147804036
4.81451006067081 -0.7707909288574587 9.337192051173524
4.5259008326752035 -1.0723667479147232 10.15846865477844
4.829223527328006 -0.6473110604147136 10.163426162023539
5.446659637644229 0.22006897544541718 10.186958816581361
4.894597550066566 1.0351726574091058 9.848341191901087
4.170659939000566 -1.8776466509113623 10.111162252440291
4.867395793166392 -1.503011121780454 9.477857946840471
3.9831492886525357 -2.136057943508766 10.145715735904608
4.370118389662127 -1.7574712939344241 9.309912623193256
5.558359359296675 0.5539742525551804 9.875762849947925
4.821379164099239 -2.2386210971280645 10.436781296445163
6.142967641540044 -1.253804516084721 10.382015998813188
4.474171331019318 -0.5588908573378293 10.5918723488359
5.270908619533416 0.5250158972883973 9.842428037555349
5.034638329924556 2.157359964519345 9.630530223794432
4.539138504516118 -0.9264436824360008 9.69924112168801
4.8862977413344835 -0.2388123374751326 10.643934289986282
3.6477294753799936 -1.8179190014498203 9.600000334528632
3.8102614558133165 -0.08392842218730592 9.609786129844617
5.885412469966832 0.3248568052749613 9.807310285461899
5.402598477573348 -0.14373255584567343 10.021713617504126
5.243788092086007 -1.4352428762524019 9.690605838211559
4.4334732564571 -0.479213938740817 10.191024400621185
5.531295899464963 0.35180361562393353 9.246871176059406
4.851279933296171 1.4526788044629664 9.356771865417546
4.540250611690092 -1.7038655604037818 9.702555711277096
5.580402108963761 -0.6511072199614567 9.87728662850102
4.807100422203975 -0.9814618197498258 10.103200698278242
4.584626061073543 -0.6892416039526855 9.394942677116486
4.4202248971985965 -0.8937421309985268 9.607225596029064
5.478181747503176 0.3220727556883591 9.899608668421504
4.089089828956662 0.9981165336788667 9.742559517986875
4.857102975999132 -1.2375060283727524 10.475070617202062
5.378798287671833 1.112306112241104 10.054599698142225
