5.088288745439277 -1.0577870878066582 0.5677186934103308
4.629191606103982 -0.4448099456313447 0.018971592826098213
5.56647963546096 -0.07734695397693614 0.060564872858990274
5.076316016798438 0.5178410614513725 -0.8011293740227301
4.505706390851691 -0.6702988084816617 -0.3342787001034705
4.5821535133988744 -1.046193066802591 0.6613454483901522
5.708880066332873 -0.6305578903278563 0.2304308379612541
4.535262828511918 -0.85441620193884 0.8431628580969204
5.933948033867281 -0.896120771119243 0.0463581319733111
5.250720953789633 -0.5533302891819363 -0.4058634513038697
4.909095276230536 -0.30681124588953074 0.028039064951199552
5.2127981827355345 0.020390784750744004 -0.2524697174441651
4.5718048407179115 -1.182828907817934 0.01773209128374667
5.098337152080281 -0.9089662800394606 0.42242799008409404
4.875511366872167 0.03891779982542407 0.7978396681073596
5.719221538557092 0.8961565579589934 -0.1581860277684163
4.908619393209543 0.08826073871609735 0.002880809141835
5.530668389196087 0.5924523109041536 0.42064573772092073
4.853789808427895 1.4980760556529962 0.05421995880148525
4.270351516328148 0.6242617347097776 0.5058379253371503
5.172179937055328 -0.003153755810329681 1.539018947147972
4.892963293782464 -0.1419943125769238 0.5851092338505214
4.719912591398654 -0.2927887669471806 0.7956863936528681
4.701893033900589 -0.23574449331277952 0.8774959451235662
5.014795053687067 -0.43179222200495243 -0.07986937026124197
4.262541469527621 1.1979696738016068 0.3856789046040592
4.769932509846389 1.9382664260456124 0.5688663842188234
5.242407612486076 0.9992900066617735 0.3621704778719844
5.169216718788596 -0.3303609440334554 0.324033216256884
4.486677479255467 0.9815946973949465 -0.06488557410962609
5.171305481111892 0.6179416885623958 1.001356984791823
5.370610490878507 -0.13200761937630714 0.14668736538140018
4.847569510629147 1.1766383137557053 0.9754453093314084
5.577893769675439 2.2424072915304576 -0.08941581304812629
5.007613546121387 1.7044851764839823 0.16076131300210772
4.9246179717122205 1.067223953426731 0.8127037472964087
5.537304377513452 1.4284021932522124 0.40329860328140055
3.941323335879299 0.39290038705997504 -0.2525488229431352
5.631723106114221 1.0872613259009987 0.443570168720042
5.495912080590465 -0.42067426858320156 0.1202953140233673
4.678815756579048 1.8198606783853308 0.03497927599926376
4.508513205469753 0.8040333874303287 1.1902563584830963
4.246316677967029 1.1877378686154012 0.6354229467777963
4.269202572904081 1.314923539918655 0.9313385060804217
4.099667151382547 3.2114001544965083 1.0220416096737548
5.693951685085265 1.1153235351333695 -0.38449975121623614
5.6095690462636005 2.587159906808004 1.3335813022415781
5.04972960361907 1.479145272624894 0.6648535594087998
3.998318669619854 2.5219385420435794 0.1569173438914261
5.06145174652058 1.516768064025611 -0.6587918360939446
4.05596864551878 2.9466532254932183 2.4542450510481917
4.654296205175183 1.8986201581911422 0.9636575174236578
5.68448386807817 1.5227548055898317 1.1569540046431634
4.2891711162252895 3.609276348559486 0.1854504511711863
5.7468045204014135 1.3775978694220579 0.8269248431710257
5.115147659875377 0.859981466059155 0.5690195180670148
4.287416184114823 2.5728825045825396 0.6442948800864452
3.606655788850447 1.0309096605757053 0.9103608009463566
4.3359967236506485 2.1955862871081715 0.8351848986967738
4.313747575746606 0.03645358519102984 0.015809101915420953
4.564762067191567 0.38897763000779084 1.090830759651897
4.5559943280943465 2.0870909127532125 0.9370614988379699
4.2164476832557245 2.4699810502149475 0.6329521814263708
3.884602332191261 3.1230550889801703 1.1459874251487991
4.706678350982742 0.5411599609975382 0.30518936283635445
4.378730187970976 1.960950429907752 0.8926420657191578
3.8497716177041665 2.4356172699215772 0.2035133753121955
5.8065563060843495 1.1195919242779995 0.504325328726356
5.973721026038894 0.6099596178998983 0.45739034422715663
3.827383317261354 1.9834288012392152 0.8927268525569201
5.68822830202877 1.909966018813163 0.6016737381920341
5.167520348191065 -0.3277696473512698 0.28463409364036896
4.45002929393653 3.2214060298250025 0.7274678070952681
5.345913438213823 2.3498799728256725 0.7378948265700216
4.4772650986360505 2.1863290274592155 -0.09849325553441102
3.694698226783779 2.9202095844417255 0.9435568983917202
3.6022160789859585 2.994245868726078 0.43001915656692896
4.1516583219050505 2.656744314717814 0.7595904708916785
4.185485402067664 1.6228605475470472 0.6664702956075176
4.0683054127201945 2.370383549494641 0.8132226402299702
3.9499039160542098 3.1198268671250085 0.7849770843111084
4.763166106441142 1.8089350613947812 0.43344103732252864
4.91826658789581 2.120575392288841 1.6039353792071422
4.537091558815347 1.0132433025232386 0.06871259848527189
4.762441724463121 3.050365000691041 1.071480410000774
4.417398838443907 1.4663943326990176 1.1568031544426725
4.517593120472415 2.490076621376014 0.750432372097841
3.894386837646057 3.4434055061921915 0.8524260701554988
4.196255921154006 2.5203533149341433 0.5387538801432868
3.6450209061493606 3.451691766354501 1.1316890712794005
3.324819520340542 2.0141699748512703 1.055663704973279
3.9332358359942745 2.8091077920631946 1.1447036089084943
3.982983880372701 4.339212950668902 1.1208687948503635
4.515913993213148 1.9729558247037682 1.3878077264673723
3.662344150451692 4.228274630278231 1.5945870663287014
4.314768055534543 3.012822376849547 1.5221366792641533
5.603159611676433 2.583244543996684 1.6175774258466107
3.633307593854573 3.4155344748332537 1.8001615717633617
3.9339148403154476 3.3241164899373574 0.6163198249262978
3.7361849981824005 3.8325960878222256 2.3359398716214734
4.100736003237042 2.1343553937839834 1.1665583545457339
3.4670524505790836 3.100608623090402 1.5245453249045182
4.418945827196086 2.592705006071842 1.6952575466727058
3.421512364059036 3.2461560063309403 1.1798972564802799
3.6842507401714224 3.264271317695268 0.587079523159588
3.1607714619686864 4.49980484925061 0.33584330111273586
3.7555395222350967 2.526763772955668 -0.43012529579329906
4.318997143297206 2.349001818465734 0.7758101059734905
3.4628291513252596 2.909911982222218 0.8267545596426725
3.9035729940435884 3.280803148412355 1.3952136371455726
4.393640264980542 2.552961670580621 1.0499386277033544
4.163084385864619 3.7769655628017236 1.1402329851764874
3.76644372106705 2.56723711948113 0.8336975908484345
4.932858656624606 3.630507877321244 1.4272757622134726
4.488215716660224 2.5424382537744545 1.127712049431048
3.521188804333421 3.69894145634012 0.5779182519168592
3.519637921120999 3.3239165358994263 1.267028817445382
4.33111340129008 2.8271026694881387 1.4908830808708382
2.9960068391025647 4.584969201716032 1.0151234706307402
3.0814300889800945 3.134460513192089 0.2977181074532834
2.9076943223900513 3.3892602640608485 0.24332101427622732
3.1608805890409033 3.1972886681049517 0.36717485577341735
4.544963898219838 2.707860507202237 1.8425622087961555
2.7146514875143306 4.348410284187554 0.9677394561283601
2.1342425231405064 3.9924923940888317 0.2379540152559445
2.517631341242208 3.6693915787004303 1.7410140340215245
2.845730018755997 3.060278915530984 1.6981444067414062
3.486265752687474 3.2376779872349126 1.6649431091331497
4.183953728594751 2.9084120448764406 1.4545009396428827
2.8074114472022984 3.073929595039775 0.9851796048230805
3.1664015010801294 3.552961926039583 2.0636171756433717
3.9183754800275694 2.2234923577379897 1.694514329905937
4.034925356952839 3.690302781615458 1.1795656265801824
3.837232366023513 4.060098977218897 2.1290518250358796
3.6812914403612407 3.0525078011344013 1.8320798488824677
3.3772399272708453 3.378875663318157 1.8323207270742812
4.097919491318893 4.361555171852611 0.9848974971009359
3.2780915458836235 5.278185898386472 0.4972041447798654
2.198946616977676 3.5542922548430775 2.332213999634251
2.56826182569445 3.7010172539858917 1.221576178938261
2.3889554481972586 4.623655579925849 0.9198980892318658
2.5008878598444553 3.6915704265202858 1.713890316227942
3.3098884276445015 3.4257806416686813 0.6753084035634
2.4394567307862305 3.3497785816033194 1.8333873365522826
3.407030767817183 4.251946051511558 1.2664167488227829
4.285011491968907 3.487409082434373 1.3815567154519086
3.5031498417730282 3.004088810262082 0.8877711366771331
1.6480037313702278 4.2983815033851265 1.607138212276903
2.5256555241364387 4.361604143203945 1.099723811539456
0.5455695967820253 5.205793475826012 1.7108592241498388
4.676235283038058 2.051547710110589 1.935232372709831
4.581207468115298 3.5020821194691028 1.287534533689115
2.6412348403492114 3.4544870351522037 1.6582608077594971
2.8290657737875797 4.9902023065814625 1.2892355341177837
2.6433643280675496 4.395535498960805 2.197347873065997
3.9139578739319374 3.1265916422357583 1.530868242987344
2.473384050163956 4.460143864449017 1.7954652480785933
3.9776530972713915 3.714462196517284 1.9218336157973699
3.4246609290750536 3.834643070274713 1.946770154270481
3.4690017118215324 3.7112655059905792 1.3945416913042685
0.8686532437884645 4.724705184747258 1.778013355457655
1.9450942697053264 4.302369985622003 2.6970216495584696
4.343838193165614 2.029406289771151 1.118884550298315
3.082092471473365 4.111674814988964 0.8665054330659845
1.775505673028362 4.162933822450739 0.8527450183613003
2.6104996587471616 3.9862162460290995 2.653934866188871
2.64370474018606 4.001502945036416 1.2789737944749964
2.5575526846480434 4.06473016890259 1.86993387143787
2.181168345961579 4.657923811950694 1.2905759313721288
2.14804091959779 5.141966943085773 1.0237747890415574
2.944184097683828 4.568940145043635 1.331182587423872
3.248921273583419 4.554890033646071 1.7842378170433377
1.983908509087045 4.158612251146669 2.00235182208222
2.6273163188957316 2.8309664213907997 1.8654869816733048
1.9059339497270222 4.700733684947323 2.0070180633024126
2.4196055922864783 4.0995234634914635 1.3762580094686305
1.2301105626650837 4.927141386745421 0.5238400922721353
1.0774206128830701 4.658764735292492 2.492645106849775
2.8354260363257042 3.6832584512952034 2.1478937075398274
2.8022869325941824 4.305427606529176 2.355117298643525
0.9769456761555636 4.420792292377033 1.042292752149994
1.9587111530227679 5.012690198283576 1.5572126016265497
1.9818187793429314 4.181349205042656 1.9145514029079393
0.29276465814175306 4.26755139921635 2.129528311890936
1.781074785191029 4.5613887928095105 1.7776726857855845
1.1483662821510519 4.454066562584663 1.9750973955468598
2.5247905545599 4.016642982539427 1.840988994839732
2.080800789375239 4.917727803421532 1.6575792011817865
2.63318508578295 3.7598411752690555 1.0297724629547842
2.102800274675553 4.827064995140469 0.724831688977106
1.3448930852510443 4.904221428707125 2.7927090934559384
2.1658023730451252 4.024180559398232 1.5056649118462455
1.7591292785355908 4.501291977717817 1.6579894424748884
0.987214344994656 5.126801133379402 2.4673017122808805
1.7343665209377999 5.236211454674896 1.8756026472902012
2.141936505903002 5.444291904509557 2.3644486373353697
0.8425703582064373 4.761907404607689 1.8755920297493895
0.9808732007671217 4.932133036110883 1.429605293851643
1.2090917627316173 4.13821601172843 2.133634745691873
1.11920521959572 5.410420750172187 2.259687788169619
0.22174828733274865 4.944231008335439 2.7699758793940337
0.2507708383461435 3.997826660398222 2.1159533348816244
1.7970284138392363 4.194995474267935 1.7234913899836886
1.1473963738253241 5.191375341122646 2.5332513071618266
0.9812004618528013 5.150770386530668 2.7579751723019834
2.133214281336144 4.106591687570922 3.0911254271201623
-0.3041461936611934 4.285287461988201 2.0265317583383795
0.3394631769318695 4.895554225625695 1.4667194818460911
-0.3596743532576913 5.2727608848223495 2.5791887894916345
0.3999974454577419 4.281004461012034 2.0602534340378096
2.389430761365417 4.743128446695902 1.4450980411051915
1.296359741442313 4.252977290525529 0.7877067089320702
2.0567413036155147 4.666052091851 2.420835752044507
-0.5236494244884324 4.804133974088722 3.010888788244132
1.1037351904951445 4.333935213099002 2.023552421098383
2.0076034733988473 4.963637231271303 2.6149495072706217
1.8269604710602476 4.098535775275464 3.191289791959452
1.3569002743829017 5.190894296767038 2.697959601201105
1.8790895429236412 4.58393908802384 2.1733962183818973
1.0995903663465498 5.364556299984316 2.3677745730476714
1.3937690204154465 5.141721713119814 1.5518695136747844
0.522257915580769 4.812356182522686 2.6192486674810387
0.5648056136619461 4.350014388650941 2.2657813564626097
0.7743654762520795 3.9960539999757083 1.874728693109216
1.8136698411173844 4.394016370418843 2.346236138221879
1.9601828885224466 5.0778544046143566 2.0852617617800635
-0.1711380438608367 4.467295716229225 2.413611657267521
0.4904498636230362 5.4083941168308325 1.4320398370407497
0.9628827355163351 4.728016703646883 2.09034962486979
1.5302650845565589 5.650888665625253 2.2824278430012073
1.3993426422030717 5.432354386024967 2.757138735460876
0.6744281614246519 4.808147861213537 1.3279477349330648
-1.136849271471687 5.526130988726622 1.9791930348837803
-0.2222236221963235 5.313991157098816 2.721282689747941
2.393937345934919 5.057907676794903 3.5461141232928854
1.182660316256068 4.2736776572189585 2.235200150890455
-0.6077207110111426 4.511193325109593 2.784496775316616
1.2285960630647161 4.741175118235939 2.692561504170483
0.757569801906135 5.890487902153925 2.7794560052964576
0.1181644845059145 4.626072150775074 2.5928748974106566
1.1166241678735025 5.468815058705735 2.6604482894097297
1.2459526396155047 4.718944309446522 2.311875240892789
-0.3198303629159779 4.989848440197226 2.6052914676000745
0.8677518663716062 5.154021778139655 2.7155896083458186
1.058608041600466 5.610162975297448 3.679407083545346
2.431996593528851 4.435713237601862 2.366900035650914
0.9561890740682192 4.063546158039834 2.4452023693612484
-0.18134156314699887 4.965011618495934 3.2516067672616
-0.22761154717144613 5.087254617455551 3.347963858417197
-0.16570092486565588 5.495453324450561 1.4543149305525833
-0.3097011175626542 4.532657932868407 2.718008328861324
1.00186803249369 4.9405854361334205 2.444210754753232
-0.09155975873945421 4.312983579700974 2.586024416823325
-0.737965570741695 5.577566834301025 2.089653237746113
-0.023013211962736806 5.406221259536727 2.4988124539963277
-0.037521025481619334 4.17278718116499 3.0314773488259363
0.2534097745740982 5.624852131384015 2.7344816282855744
-1.3061187982552318 4.56310349823164 1.5719089874691088
-0.7833581767704056 5.072689477430119 2.610736173606441
0.0776693004860855 3.657600168156582 3.5981391218075176
0.42879413716563064 4.9597436934983845 2.884474115371418
-0.35939487256298486 3.876227913028407 3.6228076554275113
-0.5149170766723834 5.690610998125252 3.059824967750607
1.7084367421150115 5.890967908186011 1.9396966519621197
-1.7320865264118155 4.560512442978889 2.480519395264446
-0.23167726590278015 5.120330521439804 2.2796130073584324
0.6856394819028415 4.764363732229807 2.6649758616594887
0.27765360601113537 4.021472290451509 2.646304016106156
-0.2449875180855972 5.532940020733937 3.3474209581426413
-1.2434456241271625 4.923660725188522 2.5989462777088366
-1.7695399209721967 4.139974200979896 2.1945258472616116
-0.12647979319709468 5.069454280517139 2.305400857307538
-1.669986556100702 5.026577714593653 2.996095722664224
-1.6144961421661226 4.406465342380928 2.6089520430052318
-0.7842895575284193 5.091180688345519 2.796486344182716
1.9860848369245934 5.179173896092545 2.8809276813004647
-1.6826958613573353 4.157059849145024 3.046954622488185
-1.1228421449300694 4.964648103536626 2.8559161236717245
-2.290189346058513 3.5282947344158693 2.2276839322669
-0.5344095027538879 5.888519966456205 3.9187062970240265
-2.484446535144409 4.127693522437108 2.90797867163687
-1.442599724641666 3.9049007286394772 2.5195674111648843
-1.426311252654608 5.150333389030167 3.513716397533142
-0.3935000831442623 4.964806650401005 3.3836683330262005
-1.7248912691903655 6.0339608949492485 2.7324240331216454
-1.2522697400309795 5.625382025891895 2.5735036678434167
-1.5231922038139947 4.6955055282930935 3.130439324677043
-0.6989994936632473 5.652353944803484 2.914499885521697
-0.6467463113890405 6.143625094914326 2.7174043263869936
-2.1190988511566995 4.056428823324447 3.923411798313898
0.0032775614798544023 5.777294759116308 2.9528553218890794
-0.9485353554548435 4.746402637098 2.6295173191071677
-1.678191860308066 5.501246974778806 2.961060874291469
-1.8158159717934739 4.358689346282864 3.036451147120602
-1.2693657718135072 5.348947395409694 2.520750502518593
-2.215109612406807 4.5128526564077225 2.1429615119613885
-3.230320918795308 5.118394879729098 2.8300992090678876
-0.509445576065393 4.643585177461608 2.2427963308653673
-2.366247451866042 3.3780987476140116 2.492095936907859
-1.3721675648879776 4.451660527412495 2.4853349493831596
-1.795403296764998 3.9177944549426056 2.9693044701554325
-2.206363889070852 5.043011872219141 3.471463587239689
-3.582098648895572 4.413806669719783 3.025855694514643
0.5408324401638662 5.232047539291354 3.0788289052515063
-0.831495749845102 4.021026968996314 3.5595057569504402
-1.591966297114726 4.54887896903538 2.3317672196160295
-1.161689612308931 5.29246377766717 2.485479761786557
-0.7902779217559295 4.811913614563038 4.405120978087835
-1.6735609534654126 5.0222581511486695 2.838147143522942
-1.6010773999498293 5.590569872602294 3.01291073938387
-2.0035485530337382 3.4236287338019737 2.76241543095368
-1.1664792100635384 3.6503695803893756 3.375021324511902
-3.8989240198871564 3.1819655469739745 2.3180929739098906
-4.140168710602461 3.454581823879822 3.3439313361328287
-2.364714909402638 4.174618737073881 2.7899088991832652
-1.981028832322381 4.000271481000494 3.170222636382836
-3.7548363931488367 3.39496060131468 3.0645644490534676
-2.809882028593976 3.639842874323954 2.932391400096532
-2.4291193302068272 5.166357476851744 3.4855118530306175
-2.842494588475539 4.304452183885921 3.522328653565461
-2.5153637995947693 4.078457075561168 3.675806470660303
-2.1542539860908394 4.263256088101442 3.0923004445132865
-1.9612336903835494 4.500735167441523 2.1731258046119546
-2.387765529999872 4.271575013205377 2.6287199831087853
-2.6642689538131927 5.263506812917896 3.4501422630060823
-1.4348584070552328 4.2633792059662285 3.1525349110514496
-2.2107445712986795 5.1735244141647865 3.277095147898487
-2.899623567195754 3.5694116131553697 2.9277190254912973
-2.4381649609397407 4.47151128808562 3.6863497049037384
-2.423863614429651 3.748996234078829 3.0439596698117217
-1.0996036566728788 4.882068095394501 3.7798183413794995
-1.778525895035602 5.434749874563334 3.3033055595589556
-2.141478562849111 3.9211588128456993 4.041981542933612
-3.8819214207554458 4.595240043889823 3.898562398777557
-2.3109732226789137 4.62480861544966 3.881376523557974
-2.987695736512053 4.746632522784139 3.1226861229797516
-2.9241354840153733 3.505229702027163 3.05685761749268
-1.6890537183874692 5.033245229272604 3.245422905436007
-2.616073166364746 3.6705835471350023 4.112336459243959
-2.7183014465519206 3.891502073897954 3.5893445944646936
-2.817758333418441 4.060640030807647 3.4352454503642162
-2.1387276046939037 4.222984034253199 2.9751393755777746
-2.628972965306452 3.086308161750472 2.8729754991984393
-2.3028106725697715 4.269950020661367 3.4642519480826786
-4.679293344802922 3.4097332226182293 4.378417924224044
-2.3927838085311017 4.169227921315319 2.7416630683411474
-3.907044263711226 3.2025376805371786 3.207100669622339
-1.4377454114221664 3.865935213706489 4.043546185244334
-3.1995081207400906 4.5458548546261905 3.7472921032917856
-2.5570556382239262 3.7667377078692548 2.9662920377925013
-2.902053536851247 3.112031517524403 3.9070585497869157
-2.3471192921356776 4.778524749568725 3.547165512572427
-3.8043316875841877 3.763274472100321 2.7075493971760487
-2.402700215327556 4.993384240048917 3.601705745692627
-2.4331419175362594 4.257765897195794 2.8519742771926184
-2.2151083836626935 4.838948370229012 3.2566850268281375
-3.883409319852915 3.3854155993727075 3.847329689105119
-3.7225661981582734 2.8466960749919954 3.4736202900821547
-2.7742457868763486 4.031430809416785 3.0646020349826313
-2.6797049997895024 4.214001436322039 4.438942037797292
-2.8800690335182044 4.984374076927827 3.8862839351945633
-2.1717161088205903 3.2668293890489966 3.279683432003546
-2.037997120744507 4.036038324704796 3.6433240200418755
-2.0812357501553094 4.275495158178758 4.083911344895118
-3.34849146844524 3.9828702261807787 3.602416128779327
-2.7227276689842084 3.749340969105225 3.4409827498414796
-3.580290913160106 3.7975118795526277 3.4818018096419063
-4.266105943540015 3.8554640753889307 3.3460295304390626
-3.8407173654938243 4.808187598086897 3.528867735550502
-3.2272476621290567 2.4413333932146264 3.9504562788077418
-4.312978142681096 2.844405226667265 3.8400298071968795
-3.8797395055766444 3.545479956327439 3.957967746961171
-3.3455362908365993 3.991996771421258 3.3183175900641912
-3.089498147603252 4.039783424481248 4.3237457566937865
-3.7838279598472013 3.5837657949654997 3.683487336317732
-2.937605880456268 2.358621351238676 3.7064759612390366
-4.174094026605288 3.8636027667889272 4.7656242942661375
-3.660927715114616 2.578222372597374 3.4476185928846936
-2.988774364758774 3.7594039707717273 3.994481495063984
-5.220663122713283 2.070479890209904 3.366715419375793
-3.232411989184741 2.499766399675149 3.7254714060928844
-3.1586321688464087 2.3057988445476796 3.603484349220646
-4.742952177726618 3.014823596378719 3.547603354153577
-2.945174620063129 3.186850487472199 4.1950312775056995
-3.789858508310748 2.9925209273394793 4.005658411237197
-4.409292130504052 3.4913249165539084 4.19296439900471
-2.853853983716668 3.7149594158624746 2.861727442599479
-2.7484795568543183 5.4662139927417375 4.032292231409615
-2.98263284499272 4.325191902370503 4.383687114461639
-2.9754128154490602 4.2511536549796 3.0001013073434137
-4.142462023818115 2.05367364795723 3.78808910030851
-3.4304164506898167 3.330155197808653 3.0564970827874314
-3.6910296058678376 3.0567236900405628 3.7584208426147043
-3.1676674866280736 3.819817948457589 4.119605814228815
-4.888573100590122 3.3137679646484965 3.699529877977568
-3.694418636431531 4.118367655499215 3.735368883168043
-3.407580464605609 2.3702793849644648 2.8525156639842235
-3.655890825185963 4.236278070032279 3.6940992608580534
-3.8707773172610684 2.3158100861436584 4.387774534378609
-2.8310206956370547 4.156447964122223 4.087991115241982
-2.9606757709500884 3.5675556174668768 3.8276285417681972
-3.7234324305307847 4.7386181306134745 4.194694296477519
-4.6052871328765095 2.443421953070872 4.1890307342080995
-3.2043967429218863 2.05965057757125 4.263222132035319
-3.0351055108091267 3.2704860225715096 3.739138414051999
-2.41919792150264 3.9109835038502085 4.3621121345375675
-3.622850235682258 4.198477320650266 4.510817980574172
-3.7145960935293885 3.3473254081921215 3.7616905466255526
-3.8681957826304947 2.4398200392677896 3.6483736965866527
-2.930464141737839 3.750004767053375 3.5043392259703747
-4.575638861341 2.1676313509043625 3.6676515671672076
-4.362481071329473 2.1782888178036273 4.559841661339121
-3.6631749728654315 3.366170798143458 3.503450117668864
-5.170907732350678 1.2362615420516805 3.7719491195009383
-4.402509802735748 1.728542572085006 4.786850661036954
-5.462454900659237 2.2593367611887922 3.8069731320681703
-3.831826783431046 2.156047322703695 3.954762256129077
-4.518296593666181 2.671552961167409 3.2600325948897475
-5.564915403236233 2.2040049201073955 5.29395844685255
-4.305964863999875 1.8543223234559718 4.747614995726453
-4.007445265088169 2.9085563317611114 4.601761763298566
-3.610293619308571 2.2948941116562542 3.775802536786939
-4.5434772643878345 1.471572438812708 3.482254570981176
-3.854534331766937 1.4868294415845333 4.511061566947566
-5.807006011162564 2.2507709684186086 4.096044721946105
-4.454786279899172 2.346580296953042 4.318938994710544
-5.141846172554828 1.5190463484879047 4.247425626703002
-4.628001940659536 0.2948354758795921 3.511374013210515
-4.897595415997127 2.007906543107652 4.483716946753115
-3.757613253544065 3.170723965668349 4.041632631305092
-5.124042255653687 1.6423353837100665 3.616255018110416
-4.487068875688911 2.0753613148312837 3.9983832382604994
-4.783632731503657 1.5749964106770844 3.5158040042005747
-5.27137629997573 1.7737687793113233 4.227607690367632
-3.582367441707701 2.5472415462731752 3.8933039387519806
-5.365055212355032 0.21684129902975605 4.540132740861808
-4.546525464880079 3.2930135249029115 3.8171082818834323
-4.673271517763573 2.047769008229627 4.544338521772062
-3.9413168705548483 2.0454336667155433 5.243337123466396
-3.9539070743872444 3.637983023521726 3.8283076534678018
-5.340449046294888 0.1736974269742727 4.083234438426572
-5.002552410530637 0.6487513829259882 4.50449316515593
-4.938232925903318 2.079869171747987 4.536956371402593
-4.173398195564182 1.4722367530228624 5.07873303059598
-4.2851870077541685 2.192695335650438 4.39543703329086
-4.779840638274801 1.5343354177453845 4.394433235397008
-4.219652363511882 1.0784911044324028 4.84682686613984
-3.8442768626175017 2.5002053407431877 4.691633508685519
-4.7405872289215125 2.319495973146318 4.271891649343679
-4.577083098845063 2.2331542362995473 4.441998202778785
-3.9490137743448606 1.2127883442987257 3.9160731096604855
-4.886661713584372 2.180198289581792 5.093327242999808
-4.244378964835092 1.0929712494031323 3.8233555122652763
-4.55402650664661 1.8304629676463267 5.096813703421596
-4.278845699975688 1.606063246601427 4.28027752334869
-5.0323109525857985 0.6211742711019547 4.414173298321155
-5.165683542463571 0.10020361578182654 4.363354485321487
-3.89055726574071 0.45588951728669086 4.392544043017863
-5.2858690004489555 -0.28612812911874225 4.299232911222253
-4.545642514936189 2.4802593295354867 4.60364066691777
-4.6930239403219 1.303116665909316 5.976762827689202
-3.735983211626347 2.604192560653141 3.8617753383295623
-4.062387924798104 1.6368509547167407 4.567856788138973
-5.171196184910785 1.8524781705793263 4.667620116514478
-4.314259969333637 2.0196814858807492 5.363092127612824
-4.515549990729543 1.8172839470823734 4.281644883544905
-4.720551466588659 1.7076490542078364 5.003332652667332
-5.229632078123672 -0.17044314850894057 4.403121289227763
-4.835546951914116 -2.162440064625803 5.425481202279064
-4.343764893967346 -0.6457924159920427 4.534252856844036
-4.99295605635792 -0.061709670488544505 5.484911126581637
-4.20825401391075 0.6883313071835175 5.115611630837214
-4.532660964528273 0.8635353206316091 4.802239327833839
-4.59557816330841 1.2320566912755577 5.400166996170366
-5.113875797244828 0.15273134196594518 4.408474801672238
-5.417820584871541 2.150984059704203 4.256657115741851
-4.228106859607502 0.14654699399805493 4.398841163410324
-4.972581080190373 2.035268801594508 4.516132941289671
-4.951758178953158 -0.5587997666590466 4.936490992743484
-4.021494419150184 1.1770344094385123 4.430015482024335
-4.030554657178842 0.4945606024164371 5.023373368961349
-4.450335765412654 0.3461731389483864 5.046808985844559
-5.0951198826858 0.9226677632222101 5.858140136457646
-4.305600391020115 1.4515635143747325 4.83699511096105
-4.082237865714116 0.9231118912440559 4.5720938455493725
-4.865701736574081 1.4316385973398282 4.093181031783253
-4.610223409336657 1.6787464672939876 4.175996976780453
-4.825145886797219 0.850900090154124 4.793221942094727
-4.517285286365484 1.7533676670456142 4.375401472612002
-4.758001314029192 0.24237455023271062 4.951237939366719
-5.437443406648614 1.2666377832709474 5.404096150550606
-3.6577790851276406 1.9911014263843883 4.468475363213389
-5.4195286250663885 -0.1417488393703872 5.068234067307892
-4.271608747838792 1.3251244059801244 4.92837745810387
-4.484402550754008 0.22082171533671258 4.655645062760186
-4.390604076992519 0.18792292717362144 5.350954809005625
-4.80581664604624 0.35327050794857223 4.869415273513502
-5.199547008835368 -1.3848162503790078 4.319108279363688
-5.466809687023819 0.4651401669893909 5.6593610656730915
-4.473488705124349 0.6211070496041823 4.678340706611711
-5.291428454286859 0.067992553947806 5.418211041294325
-4.593119998030932 -0.8929009742550438 4.7969788490823335
-4.938341285054809 -0.9805179437754536 4.881847658727732
-5.258288925329616 0.9413557366197401 5.443865642437136
-4.514235278051607 0.7065486988607103 4.803635801925533
-5.404164510237141 -0.8703234474720453 4.109978452444837
-5.655564494050246 0.013050021565072034 5.537902115166086
-4.0441535729717595 -1.4475384647956924 5.572218488145091
-5.373627150596663 -0.5053052934033226 4.952627671583872
-4.595463309897808 -1.5627536913849482 5.0031284352959435
-5.614049973354194 0.9775841447465387 5.892877538491874
-6.068282370474911 -0.84178557531213 5.162132026762707
-5.010572544571657 -1.110302507323325 4.2924828443457335
-4.6142005241586155 -1.5925988098442307 3.8579885363002107
-5.503392257395553 0.8115545709012209 5.132574167558049
-4.663501147005188 0.16265591227037116 4.75302068705265
-5.3171646689532 0.2268541469579075 4.682858330677227
-4.9254733943761195 -0.2437185422073053 5.8094730878037275
-5.205499501345098 0.946545017983435 4.8908821037188215
-4.816791750886448 -1.928334443616401 5.5422531069129795
-3.9123952791416854 0.003385191976023728 4.117739501977834
-5.083847417098655 -1.8990006253119998 5.5017360245001825
-4.362285517370347 -0.2848227954724098 5.283508577273947
-5.057599844915001 0.16660667050553282 5.1794097764405205
-4.27697549725282 -2.1043979332033778 5.695316227554566
-4.800502891204701 -0.10889533616422749 4.809762499869731
-4.864102428816461 -1.1494151595094766 5.73787770408123
-5.03114465587566 0.4353465952821365 5.869886234828139
-4.186128086472878 -1.770132571427197 5.323055759481567
-4.3765863898301145 -1.8827448623595742 5.886228278531478
-5.344844726753569 -2.1190245599499473 5.25380471025877
-4.147138320704266 -3.0135326921557737 4.8412574835550295
-4.997915678454971 -0.6415340936302892 4.998092887726788
-5.126985442990034 -0.9469756207947527 4.634565949203099
-5.305931252036017 -1.0193803802579104 5.4700176313470426
-4.758708737114012 -0.6396391304058449 4.712200265713263
-4.8832550781972905 -0.8289937122723099 5.11940644778237
-4.6114463936425665 -1.685246118639072 4.629549593898953
-3.723853518891125 -0.5040330889680122 5.089936913560268
-4.413510821504875 -3.114555434804496 5.047231908820732
-5.414565215083714 -0.507154843142714 6.016590871363998
-4.406361530325129 -1.791122024526446 5.84451405649529
-4.527683559934974 -1.6067710198244902 5.734860353422454
-4.579532268614607 -1.8492565751820018 5.676439819884312
-3.7249364380377417 -0.854702204322494 4.89451542228611
-4.576630394127637 -3.0690392835627933 6.24540444954249
-4.695441804867253 -1.6465975572229044 5.570611929351192
-5.099391735523233 0.1606150102139198 5.867622986359895
-5.041322176758858 -0.8791524038892228 5.0185771483184265
-4.456062844420302 -0.9634698824459689 5.593349001644761
-5.48482380948633 -2.663295179819008 6.35420147395363
-4.803015281710548 0.8365668608835366 5.5631302560733795
-5.074050538571212 -0.223144322140466 5.277955693033203
-4.321985628650084 -1.8167057200624848 5.43416564687991
-3.5310391820913325 -1.6335218537119047 6.342250311871013
-4.266839780673843 -2.6861909537335578 4.8972661970795075
-5.073123497001829 -1.4499253766833629 6.447394238742703
-4.100757875587247 -2.7584721492495095 4.60749694402837
-4.810281934941379 -1.9888012486272806 4.9704665815481475
-4.74429090683276 -2.4728329446359023 5.611331768961888
-4.491725340800841 0.0705416717519927 5.629214633564798
-4.596815162884107 -2.1651861347694226 6.007227210224191
-5.079788171221001 -1.2486520258007334 5.027118638328738
-4.60892888983017 -2.239785536780017 5.830276949952313
-4.702508906758078 -0.7300343409920138 6.076726923639258
-3.1489317698867643 -3.1318872244641422 5.3430579793297515
-4.70942361217688 -2.2417855740658634 5.069356665792737
-5.168755077078501 -0.9012012533028669 5.367260915241568
-4.058288174105848 -1.7302182949944485 5.8921345836065715
-4.6290469664479375 -1.8810290260854379 5.505244737529084
-4.5012502824245155 -2.2469718334507225 6.068947456578823
-4.233003288217227 -1.828723857511742 5.2676925658036815
-4.646717457078625 -2.46621539422476 6.249200853151523
-4.5832299487332495 -2.2941765112307992 4.510589016961164
-5.205133583407815 -1.1251186322099243 6.218041630748383
-4.694222042859057 -1.305120461951572 5.879064474831148
-5.3744668816031735 -1.1234294309296682 6.031042354194035
-3.948501656684054 -2.444621283378321 6.154478392019167
-4.571128432229116 -1.2275917904136724 5.798620594278996
-3.766172213912102 -3.6509074002811577 4.907827593366372
-4.364706939769333 -2.616987001107305 4.97354616952628
-4.147804386305908 -2.762530405406949 6.616176835234784
-3.3293724040462225 -2.2985660034005417 5.678517613134416
-4.188598384233367 -3.5796171462054054 5.956021856045202
-4.170836073884384 -1.8773115416338382 6.06850691652991
-3.5575164797830388 -2.0202772909826496 6.3296844499509834
-3.6171122078968483 -3.485568943049262 6.35248338391543
-4.326471006451667 -3.7875978464350575 6.19577385525805
-4.2074103186365415 -1.9108346179066558 5.173756767960178
-4.524236918829161 -1.7137534686719629 5.696595042771342
-3.966450035306198 -1.0441991236150985 5.894579350646496
-3.428330688178017 -3.7657601560357414 6.329743611359509
-4.011130700515501 -2.6025674723174586 5.244826559757948
-3.647048453736308 -2.079810498831483 6.251247099329118
-3.7492966014599944 -2.875001860659354 6.530807010286643
-3.0716688743700584 -3.2106798778751124 5.2842751350771815
-3.657658673937389 -3.1698177425433975 5.784147713056722
-3.7543866151427556 -3.5500845438471282 6.013287812348661
-2.8061826335370648 -4.474566525271453 6.780202868285412
-3.4380956170710806 -3.25849649346598 6.505334469870366
-4.110486856465118 -2.6325259448240947 6.221420725668347
-3.89511910004519 -3.3411626889502295 6.012827148473872
-4.345672065334293 -2.0889967070085063 5.901028998832226
-4.521879583050245 -2.6462475380745585 5.849228058989145
-3.27915294737899 -2.9721102440856324 5.7299669634887325
-3.9664932503395804 -2.99931794231415 5.353533222175233
-5.203283232227601 -3.067846794759268 6.630352881760707
-3.9365562599191093 -2.9425716033015212 5.520591058296848
-4.59528375494019 -0.9120757687153564 5.616783750695084
-4.15781105809646 -2.4133787028501366 6.207997347177252
-2.5216237281097835 -3.6626438612022634 6.177661756195948
-4.140299516550325 -3.1111306554569382 5.649631468934451
-3.4747025287849187 -3.801918946634109 6.213403371950813
-3.7186684707381343 -4.115265038925766 5.84760045922188
-4.227490541084867 -2.7163280048209892 6.585138470378409
-5.209677397794181 -2.6990292811054957 6.068496511837626
-3.377780621485305 -4.309290375818085 6.35634667135303
-3.3510096613462257 -3.694410336264536 5.641658586405896
-3.9652323529393407 -2.9139889710780533 5.425998949113195
-3.135015573770903 -3.946746188178581 6.528855952073791
-2.4038698955461526 -3.391681928068283 6.1437715813792675
-3.8493898949755603 -2.98226362870877 7.02087147939357
-2.2346656336545343 -3.769396792775305 5.989861157778783
-2.966681199775921 -3.7206218853257997 6.904274422032866
-3.435551748384218 -3.1161678600494667 6.116705235481038
-4.78384401529589 -3.6070452228455 6.299688756422316
-2.3475707650518256 -4.361579526429839 5.989094762268759
-2.1811505780077898 -3.2710253187508846 5.834450599142921
-4.333399991221109 -2.655095138206072 5.954159785472589
-2.7116409523171368 -3.1923622640175267 6.635292059130938
-1.8569390590139105 -4.626038187966939 5.1815829388276
-3.9335412843839133 -3.2822820976030966 7.037689824405021
-3.734939882974065 -2.4540221829393247 6.247917711750172
-2.5747753528923747 -4.662608696447695 6.325406509421671
-3.596493145670489 -3.8834490594555593 6.691420037141779
-3.742248300339474 -4.647391478190381 7.260967470006161
-3.232306497128491 -5.061252497411715 6.082330750926272
-3.2714491098857836 -3.7353979366253984 6.13897967775928
-2.7838996166619356 -3.547735691116674 6.570346286978795
-2.037552897716594 -3.966274286950686 6.418911174965194
-4.062127927373568 -2.754792964881908 6.9748260337040975
-3.383259049017499 -4.370282830192676 6.362658591505444
-2.9876529049231206 -3.9195015902370565 6.884433498143173
-3.3397039065342016 -3.5628275454366656 6.4406924205398335
-2.3630055730226647 -3.8580527769605903 6.290726726524003
-2.824360568208996 -3.7514847294104015 6.90598509714367
-2.8902435714648926 -3.413539610720657 6.941817435274784
-2.875942517113424 -3.277543734845156 7.061174895228129
-3.875270574590305 -3.9970311650677637 6.920928621009763
-4.3172320771468105 -2.847362426230154 6.226961410761351
-3.287920382814272 -3.390300278764807 6.132932776183118
-2.3872074099336635 -4.324594379045629 6.9524386448803295
-4.133470635181168 -3.6127815599826234 6.427832032417378
-2.1255461429909808 -4.2678936220081605 6.176427249084871
-2.2297705246541812 -4.800889394532917 7.616043894592222
-4.02994673005913 -1.9258773141765368 7.055294808182001
-1.8951755504064474 -4.420392544635208 6.389685788718539
-2.024897938110739 -4.867634182469769 6.963473321561633
-2.159927608846355 -5.458240370502429 5.939737520777799
-4.6389272873865295 -2.624841364442512 7.008421698278698
-2.095795374431921 -4.324409267026075 5.647591536378611
-2.3333701922959422 -3.488810649893286 6.756122340426388
-1.439260267026028 -4.255265467576861 7.064191080991215
-2.610995347099214 -4.661613102835055 6.925762740503884
-0.5213921703452006 -5.383349123842068 6.9871180967319
-1.6702590392479757 -5.014638320481509 6.4923066512131715
-2.5394088792594793 -4.473067416404173 6.069703418710184
-3.8203850066929492 -4.459645723895105 8.149128235162074
-1.8900061871778573 -5.039674512927304 6.694181580054773
-1.6881543856034948 -4.796742287754497 6.415109988065955
-2.384911387439912 -4.149551514728841 6.151729043438218
-2.8172138337109316 -4.916674315827284 6.4797843313640096
-1.7358938784731144 -5.082820846830556 7.130839893925356
-2.7630663861968694 -4.45252154246386 7.110852614807737
-1.1396489909647896 -4.532286411693396 6.172765471560188
-0.40442875409734574 -5.5066575763800065 5.690924590162364
-2.8683112151943133 -4.191842935982856 7.067350497625336
-0.7525646360410191 -4.2047278860286115 7.36615170952433
-2.930417835279664 -4.647208325312975 6.446190899023235
-2.361376845811495 -4.747006778681097 7.05466136885162
-1.563123929731423 -5.018912141354132 7.444555631494119
-1.3769496330570614 -4.218086363571376 6.967164119670346
-0.7418467052023893 -4.6980587079873795 6.3781229034865605
-1.4639674519579167 -4.283199545491854 7.3063159232144415
-2.2002529824372576 -4.5402980563352715 8.21077189383318
-1.8822745993740977 -4.139670007364086 6.220499990064061
-3.6338938403158156 -3.0758947021373917 7.285476269025714
-0.8491593433621977 -4.847476023330336 7.206714328977212
-2.6140107743120953 -4.413922013626286 7.2588601482511725
-1.6966044992838543 -4.348019339651132 6.2973759755694125
-1.8391352528197438 -4.297538033901697 6.093634902503721
-1.0249649414169935 -4.260345866621177 7.360004518728219
-1.2652831292522801 -4.055951887561692 7.254924481525375
-1.920647982013294 -4.153406089711677 5.492327508563134
-1.0798714236670197 -4.881080064012226 7.345030767249245
-2.2483692719748656 -4.424144225313953 5.628638756259551
-1.3624409112748639 -4.35297363074593 6.66227356305973
-2.829136217757482 -5.151932932433922 6.737213728366389
-2.1866664586984643 -3.92457381001175 8.0208221667567
-2.2913182826549248 -4.876743081784456 6.856704085934984
-2.337779688452616 -4.640164030619209 7.144397333829564
-2.872245795126369 -4.9091260357119255 7.020603348478766
-0.6537756380360861 -4.154648156095561 7.550512601453689
-2.388534019750829 -4.221041802217144 6.524551277248607
-1.9755966761355392 -4.872994779237288 7.104141776313691
-0.4704343265849989 -4.519737852552397 7.5682861428047925
-1.6580757701754003 -5.832047117254836 6.518639969138642
-0.8473191835482532 -5.800420378902801 6.988095394676854
1.1171871016540917 -5.454504509396133 6.369419210819473
-1.601021582145689 -3.9585581745555936 6.953649300472737
0.22137688068063377 -5.689748751709991 6.538587897742632
-1.5446954780973055 -5.05335390407452 6.0570543388309535
-1.1781912067101497 -4.660120319765924 7.0626617138193115
-0.3284967530542786 -4.961944288064936 7.112436354552237
-2.148589781772415 -4.3402200814728396 6.679145162115582
-0.6140850915772892 -5.5511027218335975 7.865267589562013
-1.4389769979790885 -4.440146817569928 7.0509502279494765
0.007566713563728802 -4.932821901350612 7.660025889012349
-1.2380334419880776 -4.4045493274902725 7.933058771509536
1.3292634842678264 -5.685007735484403 6.497818737349088
-0.3964486392724496 -5.397884803490646 6.603929423736337
-1.762179666198915 -5.363637853290286 6.785385887263904
-1.9069951373191791 -4.919138272421353 6.977934433603484
0.4189665527488603 -5.016554079088831 8.281221858654835
0.5518819571985114 -4.76056497782345 8.235378025678855
0.6014882842899907 -4.391369895707648 6.826589206360318
-0.393980812298206 -5.426825185938689 7.391622828480434
0.04632820058291781 -3.626566732165892 7.782322196227799
-0.13345793865175465 -3.781376358485877 7.0261375262066
-1.5521780651073962 -4.92448685218379 8.236888654866545
-0.0852924731137617 -5.010229110139519 7.7494513229652
0.0014987683427001635 -4.643759654195134 7.23008981881014
-2.16876691655863 -4.430535394770409 7.445774226266008
0.4746549128709193 -5.410425590510795 7.552476951224903
-0.4535539476945201 -4.661146131286518 7.931532265782091
0.6616179393820282 -4.749609337188404 7.387340269554258
-1.1973290097394704 -4.817860482767069 7.89488936169578
-1.572105725173918 -4.307672675254896 7.169624510683353
-0.5294512101799417 -5.618017904932108 7.526722718544315
-0.367208561977653 -5.216620431604772 6.451773687283893
0.573708387412866 -4.879705129903569 6.177528280330355
-0.6175425933552356 -4.501459288156432 8.08658397223464
0.3865388639695257 -5.2692455708378345 7.313533087493687
0.06581000475943963 -5.820490992639603 7.773634136212156
0.9741610942294311 -4.4735880697898915 8.064059260159905
-0.25260726000087874 -5.56911507270006 7.940250062569018
0.31639526296462117 -4.805843647091316 7.26315252678885
0.0490298329100603 -4.975135483944491 7.8829705346552865
1.1472590904355564 -4.7470848453026715 8.145906418066549
0.2499019853239459 -4.17934938960737 7.013721112980117
0.23069991219017447 -5.498891978578843 7.424573850964426
-0.35478989505209413 -5.5582123160755135 7.963915672643158
1.2101731181871422 -5.316509312324251 7.431439509243369
-0.8923080685099389 -4.181960415267968 8.148410447619337
0.5777742698183002 -5.018974810862396 7.6741801811181105
-1.3364267287334293 -5.146495073251693 7.1551447881681165
-0.7795380471377331 -4.128912346484745 7.378896195497319
0.10022936405237223 -4.832573470643902 8.084363086372353
0.2777186874420847 -4.720232543193567 6.965069996671941
1.2588903777218188 -4.8164156835323 7.725285597573574
2.433634720688539 -3.925873671028106 7.781624437731219
1.7390532967152075 -5.453463832950345 8.047021257199894
1.8969652247795261 -4.12765875057678 7.505578804977334
-0.34657793126946723 -5.1835099437904475 8.280346743074467
-1.2219760366370658 -4.69249709411586 8.069367135793376
0.7343105603449098 -4.460310473657311 7.523000117192353
0.4988748522330416 -4.945707324468727 7.78927178097414
-0.32115610639140174 -5.481795551005097 7.204729878839734
-0.15832922879659453 -4.72483601014659 7.821005269319463
2.7762020691637983 -5.223586558415774 7.919658957337912
1.0161959108985468 -4.631207727245706 8.223508378724844
-0.6355568251517828 -5.54269973339897 7.324963361773199
1.5801586199789746 -4.6530848232663065 7.285677514414701
0.33176514743510205 -5.658553844197834 7.269007174301365
-0.38601571959951 -5.27231187546382 8.551735934895326
1.324998679281812 -4.286971110119615 7.112226996795476
-0.35539999719704357 -4.9292424842538525 7.957257900125819
1.4661215004274037 -4.524344690416721 7.112457495626471
-0.5431069924313426 -5.068664748382805 8.738940703243195
-0.4406935156484089 -4.373194662354326 7.803703065802646
-0.9399524047419978 -4.571931102569287 8.799993313391928
0.9690373896787137 -4.406101347191566 6.931774124130665
1.7150178066067812 -4.64039468560059 7.153543639473024
0.6314304126448846 -3.860582798839154 8.295890855613639
1.2985388994248552 -5.120048024493568 8.191358522614165
0.5872126553456444 -4.945735951372875 8.558095682381706
-0.0844387496106242 -4.9857817927763035 7.811591647925023
0.529905072593257 -4.504909993779833 7.875606526211276
0.4482412257173327 -4.704538177781451 7.568644398639942
1.8478146786596608 -4.824465482263661 8.102886384766633
1.1036479825057572 -4.013201640255642 7.556785784073174
0.517804433513647 -4.970519239371908 6.971832514772057
1.7189881979917474 -3.7422335057378726 7.914887326568562
0.5081145399608162 -4.8043530843222015 7.416839692426243
1.2047213439111775 -4.978788140812117 9.154520285792561
2.973562416492944 -5.0195660334833905 8.105237514644488
2.0068659833257656 -4.688159882315386 7.812369602215798
1.3826946641924154 -5.151525448891066 7.670835867131422
2.7711037245307923 -4.561035804096005 8.684139361794436
1.583467041468653 -5.302901064207045 7.540193503280615
1.4218105931858989 -4.470812325002134 8.291563941006128
-0.11216678919250855 -5.612222251664084 7.521515481393937
0.9919464990281341 -4.3254130778366555 7.831335222605753
2.504368279620067 -4.104871436604482 7.5573711684301035
0.431372136745428 -4.392990518712913 7.592505196931816
0.8525749273658366 -4.450039818516976 7.545103428363221
0.8872031849829097 -5.422592093340807 7.746067326599902
1.31081727286025 -4.052767341681384 7.791688979938036
1.335648988554106 -4.372201680131026 7.834824043301367
0.8087529362823298 -3.6186431186355352 7.720051589381589
1.960563315223004 -5.707810076344951 7.511621810459009
2.62322600828785 -3.416567429161361 8.766914197862658
2.101476969469757 -4.726668370271712 6.799748851696072
2.5025244405166736 -4.040504386980949 9.09815229482164
1.2091699693398623 -4.757657230506134 7.6669676851488395
2.3910261685483807 -4.285709427634912 7.458440933663266
1.3307705359225976 -4.849009284140251 8.149799161139219
1.3986840970150534 -5.195896176504884 7.814381494414226
1.8021126517594188 -4.433635264032273 7.030010259914552
3.4706541790560945 -4.38529476782625 7.269486576527786
4.041325264302029 -3.8803361270046763 8.576777751182675
2.2491935044054125 -4.837693697503142 8.925797962791833
2.4540095981625005 -4.477729292786921 7.491554163573936
2.39300455182202 -4.839760479845924 7.989240558072738
2.9195334814013614 -4.54931207985372 7.957243686607634
2.358814978110924 -4.384814317449266 7.957757940641364
1.7773773149493104 -4.633250546555725 8.610377539057177
2.2757605572845825 -4.393711914375755 7.007464432125952
1.4706465577902985 -4.786479463817071 8.61837965326183
3.4744300018430354 -3.2823358285376454 8.468831922459943
3.4952262453284826 -3.9639006703108777 7.996195430481707
1.9530122076202376 -4.530767878268904 8.612000815513152
2.0364707497807855 -4.732697956781933 7.963682638218995
3.193416212158719 -3.7581887688892373 7.856885769821288
3.089347102270281 -4.339665143518889 8.195970053779847
2.6802662119887515 -4.273564865094609 8.26561493064039
3.534176888745782 -3.9166936880728267 8.691076699096957
2.930719501556371 -5.096853733114616 9.02497291714282
3.1729502437340273 -3.9972790077851466 8.833894723984372
2.366299996233146 -4.795255428619544 8.924888314721615
2.0017887396285685 -5.703288838796729 8.352737114355463
2.8711744538324453 -3.698814476687254 8.489059012479037
3.0409953455269525 -4.612365855125509 8.556048874921897
1.6846402910645806 -4.037837639896852 8.97414085817172
1.6046254632613637 -4.636143902123126 8.508092502832554
1.967059158685969 -3.888255677678657 8.421901485190608
3.254458985247355 -3.836896119287508 9.137536687565984
3.296941107938044 -4.528088457586589 7.71333882363218
3.106717111385482 -4.564067787091639 7.9841076957567605
3.398643987464324 -3.9533133394825946 7.778649101663072
3.5959669528337836 -3.402443244725605 8.925151233458763
3.769772069989865 -3.5032116671095332 7.39173642385767
4.0020435978623 -2.8753454972098935 8.389388740580392
2.6957264425952765 -3.7657759415116017 6.818330700295066
2.818680636271482 -3.3894482060960764 8.580102560301604
4.119657466768857 -2.8789414121915056 8.131221380191167
3.511926347279795 -4.667290814060587 8.745957863516873
2.379520418000314 -4.687289287712062 8.597491119093894
2.7416265242575744 -4.4147616996576815 8.651999065900657
3.23965625680892 -2.944082839165403 8.731871366555266
2.936939744076534 -3.1653932303048924 8.29858587658065
3.9876475218566965 -4.138495393854046 7.842515554987502
2.0586003692390142 -4.252735771837472 8.216824784742661
3.3370647647316702 -3.8303446804150796 8.67704223316071
4.639710542054486 -1.689478836814186 8.638490244081432
3.93959971712 -3.158354850794714 8.642826168950448
3.1293852334168113 -3.7968934581002753 7.6911345174745005
3.631240950282075 -3.95480326054085 9.206423777637305
3.836995275221761 -2.701859285586595 9.277847966475807
1.1859966551299104 -4.2687783308394405 8.31625248845305
3.619111221501845 -4.157639620316087 8.43898692343615
1.4638033258333687 -4.391224182209097 8.19395888213499
2.8290008426986506 -4.490088323738756 8.746616991116547
3.7791198181889194 -2.687628613895556 8.639306688353752
4.06670846691001 -3.6119968490150374 8.946747998161975
3.901152819513362 -2.153676048348229 8.960839632737558
3.936585190568692 -2.9346353822874054 7.552094154871501
4.840069059438541 -3.9720009167331964 8.080520309077809
3.980655628168915 -3.4558122312645585 9.261198273473314
3.3695795589098014 -3.8750193976248943 9.140692788285621
3.2341260921770285 -3.2154291589203368 8.207215459793247
3.7632168515091973 -3.34271972796983 9.127101461317986
3.0481614332428086 -3.755594687599943 9.90832777380461
2.2196354933660434 -3.721831490810625 8.475811853734092
3.6888322995394063 -3.8894124156642076 9.525483543177016
5.395632971134404 -2.9172615201994647 8.829034810995992
3.321899173856292 -3.9125818366954985 9.162832677819628
2.043746202990471 -4.4175587148675906 9.135483435536338
3.9245279670526374 -2.625116786830351 9.152876265871132
4.7762556257204665 -3.2988019115458895 9.321807632657867
3.2664250456228854 -3.8632404536391243 8.406205952457329
3.5137427196938718 -3.628572537882892 9.982682370319852
3.317750178478177 -3.3335157156884128 8.94248232323503
4.345209587275452 -2.6523666407383293 8.658667985505001
3.438330790631732 -4.10582487990299 8.688523105707256
3.4373542173030223 -4.76371559657842 9.519266353995702
3.3352314050081757 -2.7916320814584545 8.646517102885635
2.8416680897186555 -4.4213936319684475 9.944290428252877
3.329426368885376 -4.500810558137715 9.071832904907668
3.9584168813442093 -1.8223527810974263 8.207779675535768
3.666897703775016 -3.260475285771734 8.35578096337282
4.6139474148682655 -2.9771020205057037 9.787702734094687
4.989492435743647 -2.1037493456554697 8.459602906511188
4.362364889397025 -2.8529366438145893 9.705585979755936
4.560943682492927 -2.4643748311979268 9.332285736115708
5.207276751185194 -0.5602541200843788 9.332408219019984
3.6176574425067636 -2.3489533520882038 8.697201534842561
4.4413700615739025 -2.2814912741610054 9.142600056169764
2.5718489651287024 -3.504075537003594 8.803063832730464
3.1421274425350125 -3.321250831483489 8.872532492430299
3.4544166021225897 -3.0403269678407487 9.881144872065082
4.815348352577077 -2.305968679369156 9.43715494734893
3.89372521883725 -2.78355017662583 8.949337432673046
4.099120491004583 -3.1580047622908487 8.62430678501393
3.9567984058726324 -1.8133385828700668 8.89266963170795
3.60033597136819 -2.912374936726702 8.77597401461044
3.4709596901500532 -2.4147087628051356 9.210667718638161
4.83447904792143 -1.0850754114573078 9.25540355828467
5.355601797314857 -1.7163774142072077 8.606853759756392
3.790754192143529 -3.237298685811795 8.946304287992989
3.9624352797960274 -3.44013363862087 9.731749949682182
4.143670050092167 -1.486238109820533 8.408817336281794
5.901666086492453 -0.37268585398350906 8.628193965670876
4.981733755964077 -1.705148349913954 9.760749617182396
5.115620186047078 -1.5246584448121347 8.558932641110532
3.7424682291986384 -3.9605442851794375 8.995814809838464
4.262808781646189 -2.4349357551163835 9.58466053131198
3.7308378483120475 -1.9230851725027178 9.493014186795143
3.8285141073948985 -2.1268723595426615 9.16337088697961
5.153523980959392 -2.4492704293184713 9.01604585378626
4.343291400510861 -2.818726767780117 10.476930271304873
4.809267561643564 -1.7897127426041586 9.968293432154534
4.86450150243119 -1.4199898297335933 9.890365572959446
4.0257832276824494 -1.3397238074433386 9.752455384614176
5.065432076137966 -1.1738515665441922 9.84254367749576
3.9603015082504367 -2.4964451416221927 9.460178846893964
5.018868845547783 -1.6658104633135649 9.473191138451291
4.904155538920741 -0.7027296628191791 8.965980871003097
5.205003090053119 -0.9241546827568914 9.81846038377645
4.517924628029535 -2.1982900645783374 9.020637771189447
5.015664870401081 -1.4419633709556197 9.66877938967706
5.124017880095136 -2.3007206275412657 9.5854904782226
3.8743001846171343 -1.4932465822331256 8.033954260320778
4.67313692508633 -1.4498686876163354 9.51467854762446
4.293340714341 -2.1569556088742132 9.723231562489937
4.493266071360549 -1.9038167890147273 9.448574091925195
3.5165157339742104 -1.3857574818372116 10.264152328001796
4.208267380342602 -1.5195680837571561 9.292959096761837
4.566473150593263 -1.6475088351566352 9.44673993443222
3.967412120500494 -2.4442773282089587 9.283342598445042
4.488483146791714 -1.9712281202619308 9.99982347339883
4.604910668151657 -1.4472309868740574 10.106918611852898
4.718408479842445 -0.4472774557658372 9.497679905718348
5.386696144297048 -1.9481802768199568 9.928617130901767
3.650299647304788 -2.5016138457455153 8.796668922428717
4.258179343072803 -0.8552401461049512 10.304583846330868
4.602045335802015 -2.6461466458386336 9.841363399595545
4.301588324964219 -0.7695798326157104 9.537783386082019
5.035557492876265 -1.8850076735354324 9.16696293479476
5.17732031866008 -1.9095878840046345 10.394813703250154
4.16479367136427 -1.2397682838535564 9.583331020861907
4.872408292440275 -3.1231124214668213 10.595743018537114
2.9717494806248426 -3.173221997074524 9.842367393548832
4.844975326421408 -1.9184290027487985 8.893126830532818
4.50924819558803 -2.182703253916127 9.129733567623976
4.984840067438227 -0.9296408855297598 9.41764099175617
4.908342413641272 0.2383944943223566 9.66932825227359
4.713754374666261 1.0953499946401586 9.670306486581064
4.392350375359654 -0.18609366604617336 9.510107169468402
5.0812349997329145 -1.3897563431761875 9.298188169777763
4.632502752334437 -1.849564839121549 9.393014823206256
4.84164764719696 -0.784858744478601 9.33154610706675
5.016681506281661 1.3381686497948957 9.812794091492721
5.0648689457748075 0.044344360013177556 9.457632605506253
5.4008452329812995 -2.28808238531275 10.88193922888008
4.905505868600335 -1.0842929940527293 9.301322907860634
4.029633657955529 -3.133660314082865 9.447232607767024
4.969403921452546 -1.1422540631156357 8.55193918650621
5.091019626240213 0.0518414933878599 9.512261559569351
5.272911981662201 -1.678557432367251 9.904549119228179
5.7707303845779245 -0.0914365349404662 9.44292499616445
4.980612128383784 -0.4066972810202869 9.765966651007842
5.671941529636339 0.7676269210105572 9.869783065368473
4.239018776437246 -0.9594759191201762 9.537418615339703
4.768484363277325 -0.6522346865021031 10.834861320419432
5.712577870452447 -0.715225102819078 10.50123899039391
4.344356966048558 -1.0174320274290192 9.276772602481982
4.973726800208854 0.3070720648984304 9.88565699422074
5.402376483442975 0.7535801376347319 10.347600828763346
4.922393255251887 -0.039991526777147096 9.986597838951429
5.259730576440802 -0.41113351120339336 10.188380206212779
5.834748519768196 -0.7233906268339136 10.604216526444759
4.105208495441735 -0.3875626770719277 9.632479002814309
4.840385812197321 1.3165198155298747 10.198619328720378
4.878766607395552 -0.8289931890274249 10.322138496688185
4.8560633951269025 0.868769293846303 10.760560831847652
4.6267223908802375 0.9063185073268929 10.807416892839607
4.501984770414634 -1.720113112471372 9.91674191756033
4.959513983121244 0.9347677716379945 10.688253218526425
5.487393780083706 1.8289241301262975 10.859257570051652
