4.800978520995654 -1.9479565588149415 -0.6207826066736921
5.379781825503797 2.009326594982323 -0.15947786626629398
4.571906540063062 0.13878573692260165 0.16455036845004603
5.109216747231468 0.8242702083072756 -0.05937533576627574
5.439922078978945 0.9924450911222035 0.9172196496536075
5.16453719545949 0.7837208360738331 -1.236220494000792
4.258993269372791 0.20681213813072835 -0.04120827186415281
4.429521095624217 -0.26676646288016226 -0.08006001622349343
5.306913292345531 0.2903626708324637 -0.07115629519704288
4.805728265790575 2.4901557472134104 -0.10648182172080559
5.201669815045979 0.5931549504420585 -0.39789772412220914
6.269806966341732 0.23601819162664037 -0.6886414215360152
4.693338943594213 -1.6278199215581146 0.10362142088303923
4.620702218267048 0.5075524464759923 0.9686778747180208
4.743752164159359 0.13470682911596502 -0.2110873419753309
4.954336078968737 2.1140826268906685 -0.6713012805668779
5.0618942985959015 0.29808988979210704 -0.04688341988956554
5.2250767990112905 0.37227202641471535 -0.1818213768659845
4.212693282424404 -0.028565127197018418 -0.2454861242339923
5.734074318218163 1.6370524657009222 -0.2285661659514419
4.608458869807647 0.2892520622712421 0.38967596195933996
5.09247493120437 0.3722889222192687 0.4391488241601482
4.925202256566092 1.7529999479360103 -0.21965129655579152
4.651412193513834 1.5154634620265064 0.33006212582972155
4.677216134028327 0.17344075913496634 -0.19577397262028096
4.501364663557309 1.2884206827572176 0.6866452065376827
5.126711496768634 0.28615869470295086 0.20387008085508015
4.897194945987784 -0.5678297488907026 -0.1213264176991905
4.861065235268963 1.2451143842777586 0.13453066371507996
3.859642972277184 2.9202751097105994 -0.7693058266221953
4.6977122840847025 2.3311806316343455 0.4808361858227909
4.117837077407835 2.588347058372704 0.15931306431622583
4.889399291669061 0.8472255180743512 0.2363357280877768
5.497133615244638 1.4398333664623288 0.577037361387007
4.490795483594186 0.8783571457955099 0.6366029802849118
4.532064036285011 1.412861905489645 1.2899751689067165
4.58723755245111 1.8098867874643427 0.7737090102004893
4.1923461944254 1.0302861201656992 -0.22584968580902232
4.199431539289351 2.0595802275568684 0.4124832073828326
4.356092986195526 2.349513538494084 0.44339382077894657
4.373367238592431 1.2391946677574432 0.7375018701100708
5.516190836983446 -1.3568874193662768 0.6528054241286972
4.634652296936553 2.3372616474044707 -0.018270571169888172
5.0302189753502295 2.0189629031770924 0.220452769974135
4.28075877848655 1.9652528536327825 -0.02026017285614684
4.2671138823684265 1.276757034304847 0.3489439676537342
3.6280083674615375 2.7505824791642786 0.453012934481584
3.648680426996169 1.613997598315905 0.1293899541101991
4.09609712001323 1.3677693345016388 1.145236305563801
5.783224672169691 -0.3875201089722713 1.0293779057558332
4.723528095124593 2.7414655316062997 0.5711385489851373
4.803204142702061 0.23642520057530814 0.7958725725767435
5.231455127530071 0.15570217761600558 0.9248430575426864
4.3554753191986215 0.41991163861233255 0.4727580484920542
4.623408182255325 2.197852337429146 -0.07344008588000028
4.443370421719328 1.4804034894452933 0.2829240088528866
4.5560948703902815 1.5526502794464516 0.9945138170875062
4.759334156645431 0.8484318166084532 0.30729484003256163
5.264686502908001 -0.43260745963656094 0.35870183345974577
4.934381634334145 2.0712646773552295 0.8036604340879909
4.766492518085427 1.4257450281728237 1.469975651398916
4.733672959201221 3.5644605956833537 0.9377524281435977
4.90275659990919 1.6557597459099858 0.5258992323265914
3.4066454572663463 2.9003883294278885 0.44811081944397624
4.83772131206471 1.9681526702294032 0.9229558632775421
5.0794233507609805 0.5286047243219427 -0.1327646418454297
4.569512906197094 1.6946554220739 0.3732324716206401
4.648462274658411 1.9517520287272074 0.34090702941582274
3.8104264075632344 2.2978808460304885 0.9703222399718276
4.393488726885593 1.5197822085565624 1.5813479928074425
4.135435666013054 2.1023587079730066 0.4959689047657117
3.51879673213389 2.899056982844843 0.3043286403666352
3.717048152277761 3.181252574008188 0.6918400696800886
4.913693401745024 2.060002173032977 0.021511987209617667
4.026994048075782 3.209590465643846 0.35225721981762503
4.95004984428597 2.2511220968421948 1.059825300145198
4.631276149144473 2.5537947758789037 0.967159858333094
4.024594509834903 3.06038250445451 0.9740796271078271
3.1900097743666365 5.043723935084259 0.651421393463133
3.7538113128519557 2.5809250055136226 1.363717733049183
3.844714826242086 2.678236549170082 1.182145712925839
2.66517969295468 2.7135179596495966 1.643902036295942
3.4972568377133357 3.504678457104818 1.0170906580538275
3.672631048373566 2.4162530075622333 0.882711513449111
4.951239149257246 2.294986498612277 1.1511236459105985
4.326482585075497 3.595048723301982 0.7032745862331465
4.44927354945105 2.0904848316325744 0.8537856910413179
3.9862072819366774 2.20153499529697 0.9076353150341165
3.881843669993756 2.9188205877247264 0.3882286974991167
4.602387382279862 1.1160136525146322 0.8131671706209657
4.693746482074123 2.173808759608788 1.4817152395577375
4.039173245469293 3.0450175898527667 0.5366410377348625
4.081043570782537 3.2117260509508756 1.2096015885660032
4.623888064324462 2.118440634734766 1.0679276547682492
4.124023325481677 2.606890589080832 0.7147312861820896
4.608280964706884 2.319509362443043 1.1103423453000831
3.0317413011114023 2.732432798264311 1.4735907389007918
3.884315453952224 2.9466965326000145 1.4167752042454984
4.346167539281848 4.028233178266632 0.6013738050073296
4.089971858240748 1.825191818320087 1.6953730058864518
4.6919905646471936 1.8965125227641302 0.898811822079262
2.713752664361743 3.4587106107300127 0.7986274503238919
4.389738300250439 2.0259249430744366 1.3557801221265353
3.0862026940461433 3.306955753966419 1.3016405814719973
3.8773218418327478 3.5296107142022533 1.2333187003977557
4.000363057087884 3.570513182238216 0.7563251457117763
4.896340170863533 1.6128806886014155 0.8161235638501407
4.471756761476603 2.800159279782303 1.4568950056216312
5.162539105106471 2.2552140104973795 1.7827503511575142
4.5396535159935665 2.3234947017766445 0.934581890927193
3.43348794407503 3.1764072454153953 1.5150571548590446
3.6444246122496358 1.7889742097203292 1.3281367607579093
2.6671557399412973 4.7790096530691555 1.5109804792643244
3.982367453172846 3.606838980087839 1.3802920934699738
2.849025724448878 3.906989258070602 0.39130161243854267
4.215258577745786 3.3713459283391387 1.6032405943227448
4.530378109728338 2.446640482739225 0.571980449453932
5.059101671180496 1.3618467695667476 1.4000901833095456
4.061506086974001 2.1649483684243034 1.6914808494255762
2.953769084543071 3.9277393828765694 1.3285173780640247
4.884878958340585 3.2306876535895626 0.8573147318026688
2.3237621935750465 4.912012195195539 1.056670622909971
3.998967396612028 3.8881349229402553 1.159657755268822
3.6564368375224854 3.733900662706993 0.7533646613205203
2.5832142600859918 5.604817230536329 0.977567278424752
3.807487838576006 3.416846444917631 1.7848057517471796
1.9909578827987593 4.136892002863649 1.1667188620714257
2.1276176901924386 3.4347930218033054 1.1129592900931313
3.2103170597352597 4.329743121491002 0.9476903832710457
2.634064820495961 4.753031628041796 1.4176668579971268
3.024145222281591 3.2553301317324106 1.4653558183127635
2.961662832859492 2.7277632186555087 0.32811746458247726
4.6299354137405615 3.291387269199776 0.7680239852435309
2.2305717292685365 3.9117396556354653 0.2339821073730155
2.745761444812056 4.0578275758857005 1.1410259638588915
3.5631106947407503 3.916008421717447 1.172017126192019
4.5267567549436745 3.292020609792245 0.9110273631692294
3.067741769937173 3.9729804181202653 1.4938726650003689
3.308508523534901 4.4731908736132695 1.1126114469669997
3.871564279572895 1.614475681545571 0.8886354563811025
2.763520927814439 3.6200973175972013 1.704197295199827
4.699995031113593 2.6272076849153323 1.498295837675592
2.97913594088285 3.976385844089015 1.695625050939746
3.8491209147720067 3.1230540077125033 1.1503102927405289
3.1028692944805853 4.123384856438171 1.7402282389046484
2.846741951522086 3.2507691546370614 2.4989881642304734
3.5299327047489406 4.028961123562214 2.03079550312511
2.8526408571307256 3.666187077998021 2.2466246502184557
3.271622790545933 3.340509033916669 1.192757465844729
4.185194977235136 3.496142817774896 1.7563698651337445
2.1198049109072103 3.5400694144914575 1.4181806948097337
3.3234075792489985 3.0737110902444074 0.776751339526207
2.336560232879194 3.8386257125463374 1.0229010465929793
4.217427596928037 1.680735834723991 1.1007199264949028
1.6289187302444386 4.539514520676335 1.9019122275201947
3.249589259006818 4.785384307538603 1.439804106150036
4.684876569491207 4.0536382813254015 0.9167104613413477
3.883188276605345 3.4213355403691015 0.6779064994058606
2.438358733873284 4.335062452540914 2.033668963620519
2.488457907636221 4.250376827069689 1.5984854246686546
2.802422673914166 4.402995177535552 2.1027861503666525
2.1927077948219895 3.835297601735293 1.001083549203282
2.6132154591096217 4.579474928988009 1.7279202284822681
3.3956704480965443 4.54864366602032 0.9887480860339647
1.5081899028620185 3.923210434301807 2.332451197411893
3.196240183003247 3.8722703374598684 1.895604367103458
2.671398823713744 4.2551656749099855 1.5455488981199468
2.791936520105537 3.2483634505669103 1.632284012399837
2.1108645853768575 3.7652705771031383 1.1246037862864848
0.6559571436488106 4.561618341099041 1.8855746327613443
2.4641905246958036 3.7201739473822575 1.7948027593546585
2.5939632071563583 4.734057024237838 0.8942105419162213
1.9212444884079525 5.0070863479984835 1.856374658854174
3.248756096353162 4.4160203874793 2.202315608865676
1.7515566161934926 4.8653833687081 1.3089133568488296
2.3714419505063793 4.269695725081572 2.032920774723693
3.4366187337209877 2.837630759038686 1.2579948857443348
2.3148217249121004 3.560560523712908 1.4497883346531235
2.5536866876258473 4.664979218617244 1.1757514017782635
2.0294183991950243 3.8366771382360016 2.1656796800929747
2.4390580894896177 4.452987583652129 1.4238430078394897
0.8539889161061256 5.101313138496215 1.5926388752047487
2.7076468682615285 4.428775770427931 1.8957016795308705
1.4127057041491435 5.213257555601965 1.9983152523430867
0.633233113210939 4.283049808449627 1.9906513240533337
2.4023053026706993 4.786483525293882 2.074135777701312
3.4130244937038223 3.6062420710847176 1.2643131625761077
2.7164101291593066 4.509488246373862 1.5910645404647357
2.1892635163309544 4.36515513571575 1.867293629006637
0.1842228967595278 4.966224629739046 1.4571404382238675
1.8382730891341508 4.6242685658011835 2.6272259246154137
1.5591510519520335 4.9592976784132725 2.8930664753797655
2.2428325276396874 4.673269726672496 1.5430832068967624
1.6975509117751373 4.587026144553748 1.7032701267463153
2.4604493170035586 4.800123990150541 1.010422815116952
0.46045004343294127 4.513728014350237 2.4746119840238054
1.8023980156600836 3.4910635959782748 1.810600178188774
1.6564130262845504 4.412475846517379 1.4980540036472814
2.1855907714321567 4.271124847278623 1.8725541388791052
1.6203898432423358 4.400116580802363 2.6300346187895207
1.243096836293702 4.523778533222309 1.3202153717497582
2.314000148190384 4.767044162319441 1.6443124332193775
2.3253469658687225 4.781820719544186 1.564337644925917
2.7941483008437333 4.650910568423083 1.573365264394922
0.6947979499983781 5.284142962688984 2.3320482096240616
1.9328595129334945 4.413125302722649 2.5605658651738623
1.129408171425644 4.737221290091502 2.993770075639561
0.6911600230750561 5.2354564068461835 2.6170058421250353
1.3467033322167925 4.89041850534822 2.2323319020980503
0.47559025847982606 5.073654987707905 2.3358409323673204
1.1599409077397664 4.134084109109621 1.193198495527154
0.004996626800648961 4.733690632011505 2.6040140358176194
2.4156036062343653 3.9234956271731862 1.551564294375942
1.6148406701549447 5.135011931953482 3.169901352628945
1.826232825111246 4.151401025816042 2.394895682411916
1.4641497250285354 3.965431788198529 2.7861061316932707
0.16812989108456436 5.56651571827976 2.288965201833894
1.0786456364292798 3.732637149416884 2.6530071970004196
0.4870373249967286 4.99899283128397 2.6172994573345343
1.1413520130106583 4.973713445633973 2.043814835466801
1.5326960445220401 4.2853754571088505 2.2428589821384146
0.30500687135439974 4.641554831937691 2.5170574497077065
0.6074224799699115 4.5412045583421214 2.088638853388
1.6946906457556692 5.8801833258410845 2.303190062827532
1.5086651704827427 5.040307488308541 1.5026165857524165
0.753494137204834 5.251299681291782 1.642769345195145
1.563054549173337 4.8358056920003865 2.536532484551312
1.0100587270698307 5.4812868404447235 2.8015416922541805
0.6291706349029897 4.503443748848494 1.3485599892112283
0.3463651170468123 4.785783577443953 2.8494247633462404
1.2578028055279789 3.895931715023353 1.4269822554700813
1.1253897764953429 4.8204475892518355 2.4148024318879755
0.986776533815035 4.949385087861386 2.885174103222461
-0.7107907928599317 3.7081160619119466 2.604551037877852
0.3606911082962552 4.408773349864893 2.7555167798189184
0.5739852531905364 4.976874170699601 2.6304356133777147
1.9943459699496193 4.102642031018895 1.9255958052402848
0.8896460737083356 5.501818970154312 1.5142997586035043
-0.6583948179259572 5.062301245958475 2.4013715008793843
0.12163154807734369 4.328359426847259 2.4470929329737956
0.8312339381123361 5.595351776931443 2.5933242469263735
0.6223334467205414 4.879363322933452 3.150636771113486
-0.03111795202690637 4.742036610567623 1.713801070845941
0.9707612355294993 4.362694760683685 2.436858109897347
1.0624778367683974 3.806072756857344 2.516011231900542
0.18826130428627483 5.4203651424001915 1.5763032209026062
0.43289420731155276 4.64917098236575 3.4001499533014967
-1.4296236369410105 5.3446001262657 1.8178404773821752
1.001905525841323 5.879510610646136 3.0485683908193533
-0.4062511926365282 4.191854711178294 3.0961086668618867
0.004345778279089201 4.740035727016327 2.2483429659958416
0.4641108822606725 5.001202512487945 3.1557778309733995
1.3605779993300353 5.186910321023295 2.1320696543034137
-0.598754681922692 4.93007049383886 2.4135683982724467
0.7763437536156812 4.775434418034216 2.441392317572788
-0.12727087910174462 4.486533857084113 3.613216123887514
0.9534568068529216 4.920548408582735 2.87608305015502
-0.009151591986147687 4.451978933499931 3.036318879115263
-0.9313027429691471 4.819828371175672 3.6360564593799465
-2.0057542561303174 3.9638122672974685 3.3595693764421832
0.4015926627362244 4.772971878956612 2.9708814992307895
1.8118001965458932 4.0501104882092225 1.955571374077489
-1.985384312688601 5.312289616810021 2.465925430111474
0.6927129613873585 4.572240663241434 2.8552511809621546
0.10010041309782558 4.499636521267697 2.9449154413663754
0.23463227779185736 4.677225098241013 3.209705409963461
-0.6058766989441328 3.838017129437615 2.370758222516651
1.2138770181580532 4.174644287699927 2.434478561638798
-0.736397241284788 5.951236888713009 2.0974769631179004
0.3826715910317271 4.3747632017236535 2.5374155081866148
-0.696510048619326 5.505490564713985 3.625574522295426
-0.7550770798271225 5.581931117373536 2.8539884602512613
-2.8316111000363415 3.9361054524808172 2.007509222490781
-1.8999741965199601 4.624918486180608 3.0737269113224492
-0.73487642881067 4.9310238471565855 2.4175664186520978
-1.1844321109967426 6.294843677237824 2.5857503170410996
0.14151320985990765 4.3424159756676675 3.7047789224622028
1.1787591940233935 5.738746131939528 2.174263520894878
-1.5698787097870333 4.370250900772387 1.8315981925600835
-0.9756344600007563 4.8552517429183455 3.0949506433889775
0.014864007768437541 4.394633463657399 2.8845991135183735
-0.0517536130033944 5.120287913696395 2.86270136811888
-1.1214987791064879 4.2113379609511705 2.471174266859496
0.43443705905161883 5.0156347221726545 2.835251547115564
0.07493829846552508 4.902625863596461 2.174402640354047
-0.7122745588915566 4.8101070792986755 3.1190126337338135
1.3305628325574064 4.337863900348147 2.5957923531326212
-0.8683472487030495 5.081343171489683 2.6577885819555283
-2.3902939727027745 4.698437705161045 1.9551104163764101
-1.009063054844983 6.186805997795545 2.8548723642430622
-0.1379155934539126 5.131543381008758 2.499478767892041
-0.596957689069726 4.073524563951124 3.055025597968896
-1.8124538268831247 4.761871972640759 3.4493021708998772
-0.5378683939403446 4.9706458598472 2.466828576954251
-0.2025904546109456 5.493771794910545 3.0166000153971297
-3.015013520318352 4.126911262073009 2.697193555627511
0.5171247923242782 4.058078317815141 3.274907042774648
-0.8303213663474158 4.997333132476944 2.2619582255735207
-0.5012812511507161 5.087206598208743 3.2879054503356357
-0.9037378002568239 6.1756748534257895 2.569881001202876
-3.0312644437006657 4.108112502356008 2.505288085760733
0.05106633913346982 4.351081513135178 3.992361067429249
-1.4854224144608235 5.078610208266313 2.9570939964304337
-1.790677537432881 4.4603707435235975 2.37424843523962
-1.5906132679007816 5.068103216153178 3.0512465485303517
-0.9562103640783882 5.1601961442306 3.491862552666025
-1.315176317584745 4.420596499653137 2.737002477284989
-3.160470210493418 3.911296046901701 3.6468121339749824
-2.2408589167877406 4.528366520967933 3.1586551096710185
-3.660875403662627 3.7561313534761713 2.589057245140332
-1.8557271508207884 4.021686140401524 2.927013215551336
-3.1985954180959544 3.9441307619286907 2.085681552976131
0.5996057477075234 4.743869627427624 2.6431707364031602
-1.9140896202660136 4.201304492879195 3.6243473596112703
-0.4819522184568426 4.121147488443355 2.8163549694679064
-1.864496953226148 4.360406015430539 2.6428070262253085
-1.2292314039895607 4.495846558493007 3.497948712176896
-0.9401876293479767 5.400336411062792 2.9229025038003194
-2.2014329077750263 4.776854879571833 3.2966559624931895
-1.7411957083300715 5.642930426869957 3.3471265401270403
-0.5740243946431456 4.501979416724076 3.789240367565736
-3.1055194100871026 4.14584321311762 3.541274235765256
-2.7779904187393174 5.345428749245889 3.4957431138987176
-3.6654859220732283 2.9827281180584624 2.4590185688948094
-1.325425615622869 4.399274727928399 2.908536077872799
-1.9419676417968301 4.474951566747399 3.2029307005384395
-1.3338854847258752 4.714323746890955 2.1721234666313265
-1.6385349620759762 4.047997025462621 2.8503441709697768
-3.318291873410118 3.9277091793076724 2.84434394096068
-0.8660161745836363 5.045193669713964 3.905492675584791
-3.50309467043291 3.6371219748021297 3.032486200555248
-3.189560366657509 4.416476053841541 4.203106406908699
-2.6809347338440412 3.859914814703174 3.0473646802448946
-3.362964219417387 3.307358127747518 3.1499710071100764
-2.9862939798720336 3.3131959352310476 3.7392197922589228
-2.872173084003523 4.187189038021169 2.814309362282838
-1.6157898108985764 4.252010805436143 3.563443978148544
-3.592095487696544 3.776043832000474 2.491913984130306
-3.037412188516147 4.848725370651907 3.3807038448349482
-3.035113282408147 4.734396544275937 3.746850352077147
-0.9836204400692045 5.36540052502607 3.188854092037832
-2.2334534464190097 4.8306478404540405 3.446178975866421
-2.4131033084578424 4.99705232564569 3.307686865674659
-3.224615955414176 4.677657786838173 3.350212746862041
-3.3716295315984257 3.9792487669624563 3.7351176275706743
-3.2047422195333843 3.1629513801561635 3.4806724490616916
-2.6527159436853753 4.445266203005215 3.1315419745661695
-3.7071683681101906 4.263037241427767 3.7243802870934637
-1.3325228787567278 4.112659716782816 3.7414973189598015
-0.9709485270507957 4.937475025510642 3.450386834420196
-3.17635378170717 4.186433059809112 3.192318641149217
-3.255079378013128 4.294986792086812 3.524254092548325
-3.0575585359470585 4.348779503481117 2.7890332511102938
-2.1126650884657905 4.90327888577394 3.0093586537245924
-0.7637835178872145 5.388418739497483 3.670141472608828
-3.2138682488105115 3.964667067351978 3.2587519898365374
-4.422088640582463 3.158505402147487 3.9715234839030598
-3.5237686659222502 2.8183756522534886 4.281628788311609
-2.9749242849205437 2.9689078092426104 3.8127565316870307
-1.8898614177010329 5.293616980769031 3.1283890056353836
-3.7018188924513655 3.770599780133106 3.96758895863443
-2.0508654390496983 4.242281305672002 4.091128048963048
-1.292492583313667 4.3966557222029135 3.4627044331039563
-2.3501684736557196 4.79000631532967 4.600583034421911
-3.918342920780829 3.5408671657702495 3.003654741229327
-2.8636871174237712 3.522049882951064 4.797381080147839
-4.338038241133126 2.110868147657171 3.614254730966572
-1.5632307708589488 4.845621093293032 3.917142512636168
-2.2022208993497716 4.265393187061155 4.176178783242983
-4.004716959523188 4.028919392175099 4.114584347048386
-2.0681484045826752 5.185157176140115 3.9090892675440974
-2.529867145263075 4.0435628863637625 3.203048365926618
-4.248840861508715 3.4736626455431434 4.2857077355706465
-3.6356203344569282 3.6371875802042886 4.693128155086433
-3.3825239908346107 3.5183816728017736 3.564258658047197
-3.710709619701307 3.4060293304751763 4.08664676652648
-3.853024517691256 3.4733585483984335 3.8698403441604223
-4.283063643702163 2.1559748717120395 4.022814545810317
-3.5579195903289067 4.535190003492518 3.7674529949710953
-3.166615257079518 3.257329441368421 4.175137446969803
-3.3289940540146294 3.0734392003270328 2.9102255260525514
-3.8986907263156776 2.240873747482092 3.304666872754128
-2.6572906357124073 3.8410762315898963 4.14358987894922
-3.3844816739419494 4.352563198421438 2.987540317804091
-2.6560665151392864 4.527855734614614 4.103523398857172
-3.7487993296488664 3.7984563040966908 4.396059459255145
-4.049528318838095 3.8065942106280906 3.735424868015817
-4.210012638476834 2.9262752207003917 4.352575534988345
-4.997591380897133 2.8803222247032862 3.967102567870953
-4.505975822109617 3.3380622943965856 3.817064798040635
-3.1516244295250933 4.397283157665948 3.8411888489096455
-2.47102264564883 3.3237089460166267 3.8033031966416213
-3.794950623630202 2.148472043579989 4.024790180206463
-2.6438568445863075 3.1310774532493584 4.47308823928882
-4.222309275289616 2.6536140181265306 2.8703319655759243
-2.7948810470102665 4.8929955995544985 4.173382279619743
-3.4628902168797335 2.115599480273813 4.5821677349083245
-3.375582742015471 3.0928862627815765 3.58889836229925
-3.868057228926908 2.0107109223705395 4.388042011706756
-3.520073814997984 2.426252151129053 4.702330963450359
-3.8315984328663344 3.4051032624214557 3.865039945665083
-3.7080188150045643 3.470854836687952 4.4843613199902
-4.731335287593726 3.6082493993547486 4.04171810183214
-3.7379387082286417 3.938560990901324 3.7930890285745393
-4.4429506946332955 3.116476539933867 4.410404406666706
-3.106933478313482 3.7352630766609733 3.913641797154213
-3.5643992483349565 3.31545734237922 3.7606999067454243
-4.1550802436565 3.378493754707876 3.6680806828686157
-5.801448276703952 1.575426489750953 4.218228727468771
-5.225190312246855 2.467060320742771 3.6462624217897117
-3.9077766383633925 3.683604685349006 5.061946752472434
-4.563875819530988 2.379807056824589 3.5328374095652837
-5.087815322159152 2.195060081664928 4.457276099247854
-4.140374195784491 1.888038144085899 3.981526308308663
-4.464606994153189 2.54026769586461 3.771916696901549
-4.984287964580329 1.6853882681809165 3.6851865935030093
-5.02758810104985 2.9525810915533133 4.022969428093024
-3.7053248873941964 2.1419846640884215 3.7477734896261787
-3.8538339836432804 1.5905073759189767 3.489460661541546
-4.94747686499769 1.1998709944860888 4.440859246643872
-4.1267273265620235 2.5692367080960006 3.677677916120608
-4.0437515581580845 2.663361100034445 4.282608983913369
-4.527444471126553 2.4804131836426286 4.091965280974147
-5.364397529900802 2.006201063795026 4.240394020323362
-3.9633351200747455 3.189002636932294 4.4833192897878416
-4.649196406939708 2.1722664406730705 4.049913649913739
-3.1051961318938726 3.737603289341553 4.3303107632119024
-3.1479500240564913 2.810227445603461 4.265993972866956
-4.843587400538751 3.9228796650681406 5.154614620873782
-3.8502781631645844 2.8437959556671566 4.802231297099186
-4.984536973423945 1.0464831791323148 4.196511648825222
-4.308933595871733 1.486398072416734 5.11444062376334
-4.83479957650281 1.5754590869815912 4.732908908588333
-4.636034320764128 1.9295655062658996 4.110913883837011
-4.763246474932338 1.8377950879186125 4.633574425009367
-4.304029686397195 2.4436367284181957 4.713246112246881
-5.120746108381422 0.8780038227335739 4.5007567425076145
-4.713636566927 2.215538575386191 4.6436588079701
-4.79249312659527 1.478606459726615 5.484803982714377
-3.874529774790644 2.968201774839444 5.141617962326019
-4.028647598579017 0.2032461811589575 4.699291787238486
-4.106684196950399 2.7713358106763484 3.811291170214087
-3.5622596833071265 2.992078106458297 5.039216623763846
-4.465903440669371 2.553668428841935 4.399206221693388
-5.388075956166256 2.3104094399308455 4.7608091801793435
-4.603879717373998 3.23908133949285 5.1054082141422485
-5.065301660331383 1.889170844723098 4.382287183358344
-3.968890983044103 1.452581282797978 4.248643900021211
-5.419469526062852 0.9024049027784111 4.634460814685372
-4.393911013591783 3.455804242461174 3.9797023321378755
-4.333008395897565 1.0425189697714572 3.9814616865661154
-4.045613809625993 2.0210603448173243 5.0685693159438765
-3.9956371110832145 3.6474422328864473 4.735606803391252
-3.819332633969141 3.055359123309872 3.9908009920330176
-5.353987196966305 1.5886002288975947 4.552286328115094
-4.755914801653118 2.9113740132297483 4.8380844720883935
-4.726204454861046 1.0494373943557926 4.2510016203180125
-4.191303013237726 1.7882926523656295 4.872716850429273
-5.5395171393078835 0.0013305659969292025 4.538768090032646
-3.9317561759259227 0.24205647957528606 4.50411799923484
-5.3314916537260055 1.4184567630204885 4.6560657370349805
-3.8882811883789503 3.9687702720501457 4.881903127632489
-4.217705924783681 1.2891896783189123 5.139233070813786
-4.734666200057045 0.16638846598028043 4.749143395161543
-5.249293311728855 1.5528007053613517 5.287172073260663
-5.325774780010576 1.1114208469352813 4.011884390345075
-5.664823886387708 2.265247922448278 4.735613353399599
-4.491984793732267 0.38751139439599624 4.7101244318918
-4.223596595833282 1.2848390989872343 4.807409249215226
-3.604735450872977 -0.12042195142075532 5.064877788484239
-5.503226227359526 -0.116500134884203 4.301159474488205
-5.133741479682573 1.2525777571043506 4.508943927440577
-5.149077639743299 1.866980472477811 4.0306290780470455
-4.711079862035848 0.9060042057988802 4.941144057201519
-5.648064714163918 -0.5802228743196828 4.419186623644723
-5.184182504462712 0.3659872127540691 4.82335603368434
-4.93266747866885 0.7522362300026492 4.2941566548244205
-5.285746751195066 0.7784866765465475 4.41567605321822
-5.47539337354165 0.9608022343777113 5.561553011997445
-5.482929122174835 -1.072654671303175 5.053889526307
-4.539572264894429 -0.7460268805568524 4.2789214784924186
-4.618097911366468 1.5870501366812666 5.232740988898197
-4.487874820468936 -0.30307150263896426 4.219330344525152
-4.534954814337862 1.8105909649800997 4.5591764936593036
-4.180490404704634 1.6970702108213531 5.211062092632266
-4.608741561329267 1.1292930287879877 4.925162549292271
-4.7169392671327754 0.9379366398090941 5.317632622679053
-4.93902506189499 -1.136397954314564 4.568997978240629
-5.292818660082382 -0.7447557411929012 5.32883094379437
-5.2090843344775415 -0.47428295644819746 4.336056333122185
-5.642541908108774 1.0909020254238389 5.413433106566319
-4.81206520530749 2.286533915888575 5.148270817643604
-5.4627027534623895 0.19997038360860764 4.731005088456569
-4.209750719483268 -0.7639722276067665 3.987295262279651
-4.9137095176657875 -1.6803808068942574 4.60762182644985
-4.149609244540659 -1.671785201695575 4.9260707260468335
-4.444102102407671 0.06705838847682757 5.2790361686547564
-4.563356762911348 0.7431036330899662 4.156935446265604
-5.563564136138357 -0.021306497650857677 4.637397925862875
-4.069541300536327 -3.1457216855864676 5.773238009511045
-4.15246171495472 -0.7184123208538317 4.507939161038765
-5.073253314731496 0.6383255139200618 5.013618282440603
-5.942614659447184 0.39759563989422275 4.392071716100372
-4.825191657209871 -0.0261439498000512 4.817620930429234
-5.974605354303939 -1.3145527040172584 5.364721352575443
-4.52842480135079 -1.5178046451826013 5.4736684491025684
-5.158817033242621 -1.0148956740700013 4.368451903337472
-4.817104812822232 0.7484412346676145 5.157339489607828
-4.656596546906079 0.3739597721801196 4.7447518589175806
-4.748859797212573 -0.8116115765126024 5.064305257935235
-5.414847776289266 -1.3140037459500744 5.111277028835115
-4.8613679191348105 0.054548313926918855 5.055950360829965
-4.935775610631119 0.6590371345204086 5.441131488668722
-4.426207487716883 -1.1604424528529667 5.438743135193471
-4.381225639389859 -1.1089673644859794 5.613574847400398
-3.8273569816010027 -1.0332587688941284 5.686509580117241
-4.707801859189144 0.10151196428064756 4.135604895079294
-4.494684076074124 -1.893379451773963 5.975857485434749
-5.171358972670396 -0.8305866282909028 6.164022496398028
-5.3447574376977345 -1.0129962699391197 5.382248262045554
-4.516226058963892 -2.4131106546703043 4.69426345018922
-4.772471282300427 -2.4264150484207176 5.11755765730803
-4.61229003137533 0.8610301998731387 6.155556563077606
-4.168990476856498 -0.9208849192936319 5.3202394113048
-5.192596475865169 -0.5126814583755757 5.729028059961953
-4.751559892923911 0.236475661914653 4.673115716320897
-4.843162372059745 -1.475383009393357 5.193135828753909
-5.713744395126875 -0.8443145571163406 5.152755989869538
-5.125972023110309 0.33796575086276 5.494745420628119
-4.13989898544245 -0.274157812896159 5.85860568251836
-4.780039629009975 -1.7878812104467396 5.287745673462922
-5.534851770550471 -0.7225417152181726 5.47837098792959
-3.456843758677677 -1.607836490049554 5.549781379021013
-4.672165507926511 1.0341584373657733 5.564198430071893
-5.17250392971221 -1.8993209956669457 5.5601955297120425
-4.155798274870258 -1.7940524393423354 5.605475721283931
-4.484877370624462 -1.5797262594555068 6.232266229427559
-4.931641951837622 -2.215278777989681 4.8705974765421285
-5.106587271446069 -0.18055380895378098 5.179676270954067
-5.488435160485386 -0.6024435284772994 5.235436366393763
-4.168208179730095 -1.4361013402164289 5.51720223506897
-4.506820205100415 -0.10765485406939541 5.333866735668692
-4.56783553299347 -0.92682093362045 4.93885083437547
-3.6549922960911667 -2.3845756646467082 6.072822256238161
-3.4923096710322423 -2.8655536677326516 5.1745171259014455
-5.870727777747864 -1.9600146773526632 4.45883474653584
-3.3996677951983005 -1.0287069674344012 5.944908230591737
-4.478678278521789 -0.2370292336456773 6.177784296032093
-4.632375969239211 -1.8647347686182576 5.912518919395805
-4.426878571013954 -0.6452938854416524 5.418657646982998
-4.216040335969863 -2.372714776903963 4.997524361330695
-4.78780734297389 -0.956620626492107 5.767218866493519
-4.482464025410717 0.4028334458867076 5.630753835613224
-4.706525035794405 -1.3848142325163957 5.6304346605552995
-4.23592050272853 -1.8145789468320037 5.077664726406042
-4.66608712255864 -3.6544766612095287 6.2204412968156175
-4.005207385992556 -1.614443760766062 4.651714978381075
-4.767019941814117 -1.5201194189215947 4.87772961668891
-4.782008563829545 -1.699913641666454 5.039742273981719
-4.913324766857815 -1.5220160328697572 5.754562314756467
-4.3836758669502585 -1.595399124081184 6.150667947874451
-5.4917495859569465 0.47157452389042476 5.093878610235212
-5.000157826955881 -1.6728464290384968 5.255165530809112
-3.462796328112417 -3.557600062388595 6.479878681643486
-4.43560571241627 -2.1032847835969912 6.462183924136852
-3.880652806737288 -3.2619803151308506 6.589934284741273
-3.263934664374958 -3.1997541164914596 5.032394280992062
-4.675265315272214 -1.358843563819136 5.416935282210916
-5.004020842892226 -1.4143016036119485 5.661852256419735
-3.5798389800924824 -3.7624362400180806 5.867713432614354
-4.396759932481961 -2.1004705526327587 6.100123688492095
-4.840919207844761 -2.245088578408148 5.766133053725765
-4.576920006135751 -1.0181645206101297 5.34183880064821
-4.807339188474989 -1.383336234158264 5.4403698794094915
-3.7347925191848965 -2.8170055848652065 6.260719336508149
-4.459132608617831 -2.2000225000753364 6.789624696723048
-5.467115588490571 0.13829426063771996 5.972038458412901
-3.814104135142356 -1.336864862647568 5.58903187908236
-3.466224979262368 -2.2559548583899205 5.811522240438058
-3.708073191142638 -2.693774916245427 5.977400169585875
-4.47322385063548 -1.786569748129002 5.540712014854668
-4.528837910909303 -2.36031310324235 5.615465332805042
-4.105793185428314 -1.5631374381321133 5.574283253515685
-5.139217303572854 -2.058388284346658 5.732822061036432
-4.178105123915726 -3.380245629727453 5.954258083932283
-5.002259763741382 -2.3110943880117296 6.263182790319969
-3.4242173043015405 -2.8716520368886553 5.768644975932925
-2.490965764894699 -4.0449294734783185 6.426851146204075
-2.9769279723834767 -3.9063588862201097 5.621355876909195
-3.038519926742633 -3.6040725550738717 6.713780231273148
-4.8452337743809295 -1.7711889878298264 5.40241768666767
-5.1692055939027375 -1.292258917240924 5.4948167787665465
-4.5827991956491605 -2.1289429561217768 4.972081700044133
-4.178345518548163 -2.959729358234136 5.782641492569586
-3.8075476108028874 -3.299264747164535 5.423964401221005
-4.577953408890815 -3.706570422641237 4.990846634207437
-3.150454191441917 -3.6553150258045544 6.321677221091985
-4.513021867730132 -2.909772875784672 4.8985898785799495
-4.3014744316138875 -0.759562756107174 6.1780799237039865
-4.96407394165275 -0.6785408505818196 6.703337636039255
-4.164454634758269 -2.59273816174558 6.066972686578854
-3.8644162385147998 -4.446663936369622 5.052754764268043
-3.551746239544728 -2.9690774056915843 5.473227945175946
-3.695440962438282 -3.2922903677251405 7.319981056731491
-3.9561649791585007 -4.27229619241672 5.821936120838125
-3.472101985238306 -3.305671573734235 6.397080608258466
-3.6385400073129364 -3.4989886812198567 6.370207583531032
-4.342861893690918 -2.9996059477937416 5.731115000157931
-3.159963208575696 -3.031393265414111 5.34137194591465
-4.070696654116282 -3.2527975436302023 6.032471072951256
-4.093479984481192 -3.461389040606181 6.886799617447699
-3.417341069682856 -2.958803681637334 6.038232788083514
-4.374121878669085 -2.966292308317302 6.4176866774348085
-4.896006185882345 -3.3034025855034996 6.496919362502979
-4.515185483538141 -2.25443388381362 6.076815864325915
-4.186423134911358 -1.714232530156696 5.148749404000855
-2.8534830057842044 -3.821672592519369 5.469991188952816
-1.9997186348871814 -4.801986576580482 6.000580433905324
-2.5333082182238935 -4.931429259857451 7.100840600204403
-4.110568979024197 -3.05684651921696 6.8432974913733915
-2.6014938897444497 -3.236076373708207 6.094332014580404
-3.616199688344277 -2.0771782619778927 6.536474815408527
-2.2370652240470204 -5.179284801716001 5.928090288488167
-4.200432177674418 -2.458220992928779 6.186660930768294
-3.8458076895157136 -3.2524104222702315 6.5037876123552305
-4.51234281769429 -2.539075585645712 6.304835911990211
-4.2114043856120995 -2.6498783239306887 6.765338062446311
-3.236315242396464 -2.957430315718189 5.928124786046421
-4.595891481499291 -3.1395461202585704 6.451148588332563
-3.7127228374425054 -2.9673769357461612 5.763510160054378
-1.3685403877830218 -3.941344634514242 6.562940368142805
-2.2677981655368846 -4.185036460144576 7.214589153419292
-2.7726266305550213 -3.7276164282130684 6.206984876385597
-3.338986483276367 -3.734195154918153 6.8789876357177855
-3.6401733735634356 -2.814430959277072 6.146849309277634
-2.8683013206039516 -3.3456811742732313 5.887275284396106
-3.656028515660508 -2.01109346512774 6.017805994038014
-2.702001909642104 -4.730198101637834 6.120693048967092
-2.245233980435236 -4.32364351303035 5.76508609191713
-2.44066090934469 -3.3743123685094463 6.813682469390196
-2.6572151635545196 -3.353188214262547 6.251983082971196
-3.6528662227470954 -3.689000536275265 6.477438615383134
-3.302737746707805 -4.154114997551844 6.530041462426116
-3.47606259465093 -3.407994587203553 6.331307475864679
-3.1679585794439724 -4.266818722561319 6.615519716761879
-4.735678257319718 -2.835374624054782 6.595704967495192
-3.0199588103728305 -4.657179043279487 6.0347748499485245
-4.448736942868956 -1.9859657568045066 6.944420002058126
-3.346649318833364 -2.934260607452004 6.915635297695113
-1.6130454884651313 -4.217266644629784 7.312797519928355
-2.83443575749858 -4.8096035111680475 6.488390337609216
-4.385710415631084 -3.2188596789541544 7.066162286610079
-1.1755168247208552 -4.388909020374666 7.000752463863847
-3.6601969759106976 -3.613221551628432 6.212010397538105
-3.1626282253185667 -4.245483740091948 5.221219903182076
-2.098734173014878 -4.217450432367295 6.727500091456807
-2.6859058053832903 -2.9116082647569463 6.493701248433478
-3.154017290420455 -4.544696276219534 6.986186350022598
-3.0361346919129515 -3.901180776390099 6.342727159066906
-3.364829190803465 -2.7658044945518383 6.667700444650887
-2.9603664740968614 -4.113398856053034 6.351172165478224
-2.6360137827575323 -4.0897509825559615 6.205746446921355
-2.333991618886413 -4.274496306422399 6.4997153203380655
-1.7328767099501243 -4.436676152101562 6.211788804558716
-3.706897294493805 -4.197388098388673 7.312328788023617
-4.866520253920884 -2.633471454837083 6.791839090755344
-3.306355052793266 -4.403558598790058 5.738416059688935
-1.9526619747706044 -4.422177721722913 5.3741464947412245
-1.8385914679072044 -3.9920852137560963 6.66011105265123
-2.3770142224926403 -4.866659867522074 6.299429349694187
-3.2516648931057057 -3.7742605111573506 6.325339092011728
-2.41174726302565 -4.350833801610421 6.591335635143096
-1.8392534329440524 -5.164139855800202 6.654316441200639
-1.6093178537914723 -4.999686298387955 7.9988944485885085
-2.957376808481078 -4.671916500695252 6.66465923853939
-2.8299069054937163 -4.5938279355880045 7.100109272936993
-2.737503126442737 -4.737431229470819 6.672275327640184
-1.0344118954441974 -4.795659773799405 6.717785966679527
-2.280263700818126 -3.1444589188914587 6.528713200147331
-3.6462020827811066 -3.8237754630193255 6.982242797316786
-2.87262506018142 -4.238973867164719 6.462772477501624
-2.4245326935550136 -4.724836514653697 6.1746124108637535
-2.0661049462520507 -3.6401844864578723 6.844392368580091
-1.6964432544470096 -3.9019834142273715 7.763588392130222
-1.7836175382787813 -4.091570126169385 6.675921278785025
0.9792519880019307 -4.806839289158293 7.2990527633252364
-1.580480001473216 -4.79731422614533 5.864451913716762
-1.8041554745694377 -4.288022126790613 6.098962863930298
0.3231892836163861 -5.331161204842086 6.301042236569229
-2.905970527840141 -3.4518947182766557 7.525940470315803
-2.9562741142295637 -4.459771828714673 6.30297601168677
-1.24840611108445 -4.023373077854121 6.961741771468235
-0.6635099999746829 -4.953811396420842 6.901832350601885
-2.104894015749689 -4.718361388900294 6.654351591636015
-2.637930355019453 -3.5149441509201496 6.831493734623145
-0.6352262027201039 -4.496911854037678 6.53863516505188
0.6916611236385902 -5.417346452222392 5.999929111680837
-0.38943790471630235 -5.581187779811956 6.604275910751984
-2.0726095976196763 -4.758755928055979 5.6560347106673605
-2.1681735960830473 -4.474664691197359 7.935701425622091
-0.6196715655822816 -4.192819023657312 7.678672834030159
-1.3570838771243448 -4.64269746628655 6.898522176424784
-1.6360596500643056 -5.0257863024258835 7.174960270586006
-0.9710589770778086 -4.4982105976202265 6.89475742484669
-1.304789298384391 -4.908948805439531 7.146432596064569
-0.7847805378969449 -5.6377480943756035 6.339481023507346
0.31519088237697085 -6.135078047816227 6.816502335963382
-1.4723394105055538 -4.986290396566494 6.636366266982224
0.16841170957531934 -5.205570246751376 7.173839908785025
-0.6582958171613235 -3.905780445023222 7.706250802254851
-0.5068145311658849 -6.255597550260143 6.633583781088623
-1.9656692858845577 -5.470949939067955 7.508526632568687
-1.4271509512426246 -4.526647258795414 7.295426671597724
0.23576118403999619 -5.876596300791604 6.651282045304864
0.4552470191497094 -5.561973366482736 6.296210502533909
-2.265662522950425 -4.858830568871212 7.243649435532563
-0.8688504125065367 -4.565019150528908 7.846350912651823
-2.118299395276068 -3.244314764671419 7.176569967226463
-1.1270928916777594 -5.1687312792830635 7.197847825426072
-0.3749908995502555 -4.240768369077669 6.950611722273047
-1.2814829595778992 -4.124005862779253 6.862266803445425
0.7245383633024559 -4.923687319931245 7.164569887689359
-1.8952608780566271 -3.9961705964190313 6.55734688277491
-1.8401457527504241 -5.41052142515998 6.882519420977027
-2.1704281985692746 -4.243096352058191 7.947434757759378
-1.0823203184132373 -5.062893739308091 7.64237728324825
-0.4491875685414862 -4.948630299556146 7.219771629869654
0.7141841002961477 -5.367329075890253 7.7580233634997064
0.13177407891808476 -4.444040104126833 6.594298737915786
0.10376335065686793 -4.929287671419878 7.107197593949647
-0.475685994682371 -5.2841230785910795 7.134413171575526
-2.252600487407411 -5.592937882204592 6.939316393213579
0.19756903324208744 -4.4375007009857645 7.778490176489658
-0.8509438935567406 -5.43741617911816 6.731307384270278
0.7019880620798765 -5.037256814501495 7.257940016560408
-0.42279662890719255 -4.245657573147066 7.612898417311255
-0.5938362272535664 -4.984622775401812 7.074778071501877
2.1423889293178076 -4.203682238992377 7.186556484665025
-0.10140505493014762 -4.9667227199005195 7.514811550318965
0.5898211002699715 -5.019242179373195 7.332337940845814
-1.6485668017032682 -3.8273245927891253 7.840307949835936
-1.336486789818191 -4.807668037481322 6.394076842332973
-0.7607441359151298 -4.717978656531083 7.72659758742312
-1.3460854054088063 -4.837531436163828 6.862971924653261
-0.48844810568235153 -4.487024725604644 7.226995049691795
0.15385075504469986 -5.673770440080913 7.015652513586675
1.0703945306804084 -5.295187620382546 7.974583357876156
-1.8412992197276359 -5.198848849246409 7.3061569427596265
1.2722719239696165 -4.805633622424054 6.748939137105859
-0.25699545337993734 -5.320003544489308 7.06907702869729
-0.7354936923371588 -5.513345913675537 7.879798469381553
-0.5650868493982233 -4.97255544654146 7.533130990809666
0.23008295840741155 -5.848379628948625 7.193557671708366
-0.3941721560579549 -5.151722538746096 7.77659211267596
0.5497624064879056 -4.715375232163436 7.528228780318848
0.5357442552961353 -4.7627285655119795 7.791847500580846
2.3913116142796667 -5.3459526847503005 8.341902395912943
-0.04787315969451243 -4.952579875102263 7.213519080071978
0.9740796935143585 -4.431243985870758 8.745960258751879
-0.06612178809937115 -4.235280087949676 8.376204714990605
-0.23275525422877577 -4.969450681535435 6.9916544486437475
1.020589139158762 -4.8125121259795165 8.572100340475851
0.29023216174588595 -4.140419152433975 7.6448827876464
0.9763144129820216 -5.570584721128249 6.605502548570459
-0.0560972166080679 -4.5938275965969995 7.995512251146759
0.6258560144032786 -4.680521754645639 7.068430180055051
1.1092139349014416 -4.817828293610665 7.717909758704273
-0.37678957641093286 -5.180411940297778 7.210604271974586
0.4268641177955448 -4.827863556225097 7.664203678503988
-0.7398304880630187 -5.181669124916924 7.662428012341742
1.3733543122395493 -4.761158206334399 8.47618370779957
1.809270755360449 -4.920180021996336 7.182108633835163
-0.2251542441448416 -5.694925661440286 7.617707785806073
1.0903939091850074 -4.881391975959161 8.102553642996646
0.3692703244376224 -4.875801929967952 6.953158430887472
1.2639129165416403 -4.543895443715417 7.381220856939567
0.531353217178925 -4.293168296932791 8.685544114941834
2.4026852951358197 -5.174601652629395 7.659051465759381
1.6853362661623772 -4.767437808754747 7.831734478557786
-0.2116491942893219 -4.717930246489869 7.542633324524288
1.9719829431322178 -4.478415634316406 7.494916256210587
0.3728226508327034 -4.549278117732396 7.84267135766857
0.6720360503290044 -5.363826713940268 8.046374934453961
2.187743089752133 -4.8700398679912595 7.029210314170161
1.2970151224975903 -4.146141776758233 8.284157572109727
-0.026178865685112056 -4.663437098019903 7.444403585658507
1.7195540900918524 -5.06731426748895 7.367821172690959
0.46264607641665895 -4.825408129738744 7.666844992368291
2.1618783682244143 -4.362493048763749 7.274670613513019
0.6116818777628154 -4.729207715688549 7.5038409253752585
2.614943351475374 -5.036355615086701 7.3356212002355266
2.763702542858286 -3.6269730484764398 8.189667336403494
0.6584110333754266 -5.23917712516349 7.085686441457988
1.759751569542033 -4.903975350393334 8.422618623229743
2.5520507885467896 -4.069167318293609 7.794122467994859
2.1665373634391534 -4.108896169201058 7.986320717579407
1.1971839538086329 -5.529829374285684 7.6650628115764325
0.46278442685078186 -5.107559391948486 9.109794690331679
1.0248681518981468 -5.2115546623241675 7.319965400886639
0.6318577797237932 -5.101890149362637 7.936715698589072
3.001734286310772 -3.6224640705356097 8.611954059531552
2.1164242694535287 -4.038062236254302 8.151913821359857
3.220452751015142 -4.863155389294581 8.523150084154565
0.5299992357966308 -4.0087796284405535 8.755828447068007
3.230248778842764 -4.132151117844845 8.9525043145719
1.1499770395103615 -4.802120907840689 7.973806300309349
2.1486370432318553 -4.689903417332319 6.835159659316808
1.4149014047057857 -4.775407698011762 7.337003953392383
-0.5706858423748724 -5.664242003507686 8.986547118208314
3.354228085410886 -4.899768010412749 7.34990648337229
1.6519913742929142 -4.554364502881578 7.74836159321092
1.3973757139706027 -4.93087181545713 8.326285737090268
0.8606333651888074 -5.040464701795697 7.409984171956967
1.9904619672147732 -4.958971193418122 7.838211729360222
1.833902872259731 -4.562169211011455 7.879297744540608
0.6275725344464953 -4.694531416513142 7.533936078088891
1.035899541107709 -5.392643361517257 7.55070103382043
1.8857153489237748 -4.522632768643376 8.242131823900644
1.2181610168545063 -4.2652999874503825 8.418164861648604
1.170233681518987 -4.226805395469344 7.518949430547121
-0.3531354216039577 -5.573470417609354 8.129919195112295
3.1349728055130597 -4.354507394732688 8.163416266468278
3.429710176831948 -4.5981197688181945 8.597714572627012
1.2532187584288879 -4.71076665385491 8.468589232413645
-0.6871305454232327 -5.181585832465143 7.781191582711214
3.3881587310868713 -3.223669784820932 8.145218811294546
2.1781547255392506 -4.880683900824067 8.172431793361147
2.3775301990084583 -4.115040544100972 7.923300722267562
2.664556030378293 -4.245289580493533 8.813626491217754
0.8611579587351659 -4.313460228559534 7.781561954800515
1.9523743322420501 -4.005893579220718 7.915777031601619
3.396176363025684 -3.919012904261379 7.713096121139586
3.3100671506639148 -4.215827039894854 8.587153428319128
1.6783600140547856 -5.268383208211397 8.236084571665495
0.824316749649279 -5.558854765124726 9.090611117638321
1.5384756881763304 -4.305723070966715 9.12989792104187
3.1846457727828703 -3.226073044949471 8.628697427189513
2.1533077882671905 -4.339323417496582 8.44955561954494
2.5175232547673576 -4.423155716789888 8.84196156023145
1.868606216793097 -3.607656466854204 8.643055669906571
2.022779455689364 -3.7854805894810917 8.21856397486664
2.6175353331139566 -3.8841617173135257 7.588728469763055
1.903671580250302 -4.5456850073505395 8.617415148105637
3.6093168096529324 -3.9665804078298565 8.975911541440873
4.067829118683703 -3.653241463066891 8.534843381439401
2.9616120896003943 -3.6151384688494965 8.72637533566102
3.91930657927392 -4.914631432723027 8.087866664579561
2.3590446781181815 -3.574999569843864 7.778423013456942
2.801592935187861 -4.575513219411948 8.911464515867374
2.8018146690147976 -3.813595966978944 7.8740728828359
2.72888920312102 -4.531325229939119 8.86284981389068
3.3685671636155936 -3.6269946729669265 7.778636452566324
3.3043165134896224 -3.042059872400668 8.092072016377317
2.433875194383742 -4.90457993391973 8.29764122719336
2.1713126308333464 -5.529560233133378 8.116937117354448
3.697929538806877 -4.424610273771754 8.089820393564883
1.8403821040099833 -3.923038425809572 10.041110951689268
2.9978906936933076 -4.47020828584753 8.671066121558495
4.173078745849779 -3.0434379942795298 8.26478274884381
3.1439773458686346 -2.8291708217497473 9.226523168543288
4.478137745381947 -3.3863152226953757 9.03277296048638
2.4264718136293095 -3.7766065057952813 8.397395107791306
4.808263507944015 -1.9978083469986434 9.43851870211619
2.8601654052296497 -4.585284098163816 9.816397640849095
3.0996607957306606 -4.442123386907894 8.576988554273877
3.484839252365872 -3.4406748918235737 8.624931773555575
2.2409813676136423 -3.747310133787942 8.779723169501679
3.4166375584790045 -3.474196650850508 8.483059546843316
3.3274264029909326 -2.760284830297046 9.153497718499114
4.079941239751162 -3.149001881206164 9.422136566895693
3.0103881684568865 -4.568137994421104 8.675823277239425
3.815822919238513 -3.4319655054341505 8.294578117713423
4.492022957190643 -4.552781728005849 8.834972949905422
4.293635492997249 -3.1948285477173206 7.591970558405005
3.2611544566433945 -4.7282257603774855 9.215017193696033
3.9935650926816226 -3.3320496978160947 8.053768448840467
4.686173228484887 -3.3218525014912887 8.654687893882448
3.9129114310552406 -3.3421422687694435 9.239604391058391
3.3979880644280542 -2.8725178823700643 8.494503241087013
2.823690903898451 -3.177757387226124 7.8946151402875175
2.7068451161212175 -4.219990284029825 9.112504114619608
3.7526038002254647 -2.893080753844977 7.940256526753042
4.398687887770217 -2.077810814668115 8.227764863541047
1.6058578917642403 -4.2721956755295665 8.430852561901702
2.3245146448946743 -3.8787065872396 9.978108997603542
4.301782126408597 -2.1702741016617084 8.527541765248074
5.320880060983035 -1.839971689062885 8.491009056192146
4.0153960760698215 -3.450420067584084 9.174025797160969
3.782604952976659 -2.6068431918196877 9.249905762289178
3.4647727684403304 -3.747768618173585 9.401438759411624
4.206717579622829 -2.0438625970044524 9.167928241452307
4.065238824349077 -4.4419625599489585 8.831693494199703
2.412735503529387 -4.336687977473366 7.892262585812441
4.178133733517856 -2.107232935352469 8.499781555764445
3.6685903610314288 -3.377414977152452 9.223945012805537
5.469388270891542 -1.4695997356076718 9.206506761148853
4.2139564631717095 -2.9403002605358264 9.796468987031867
4.351428450729892 -3.9442279607961384 8.571650300832282
3.961105678865965 -3.2898422332769766 8.999893709041803
4.529763220597174 -2.553566386944346 9.221076848192277
3.5378340427565984 -3.7754366031567974 8.929612857590968
5.197178434866464 -1.1820549240533558 8.272416575756338
3.7191682497997873 -2.4339010435847244 9.609702137243168
3.074296822773972 -3.6523602227937477 10.087165473079141
2.993514966467172 -3.3940517608183223 8.898757773106487
4.845480408122417 -2.0149297047215007 10.15828592588555
4.798286254007702 -2.11758388265061 9.693540365936572
3.7602225639323175 -2.7420278908600753 9.396566803358994
4.140833395165428 -1.323029738811021 9.158117094545037
3.547933143936401 -4.135500862431274 9.34040888912971
3.2948364492050377 -4.189929529401655 9.149649343183738
4.481701508510983 -2.3567372739992507 10.128061250055381
4.4588667982462225 -2.644205332502107 9.420706422369182
4.190907316887019 -2.3932659823972338 9.407507687561425
4.2343401664038405 -2.28310558626078 9.136140677596789
5.07595333791594 -2.533576908910182 9.217918900580154
4.3034124558261 -2.3175953094355384 9.915932741357487
5.306570772735943 -2.5990949000901145 9.220790623214402
4.719051380673921 -2.0209713211778983 9.342462783762215
2.7998811030236057 -4.066547668412224 9.9231550640564
4.756648968940103 -1.3521051964005 8.293513950282328
3.9013271003799104 -2.525329506183533 8.983785614430975
4.826815787725204 -1.6938631339535013 9.939227868382366
3.713018997999353 -3.4333323474337725 9.346192639243883
4.977976259302331 -1.3157393096025363 8.665617793684605
4.877582415422497 -1.9758283310109785 9.284896080135406
3.587028312918043 -3.219594882290445 8.843300394705766
5.58812508163161 -1.248243400890107 9.47567282246761
5.785491828529809 -1.0923285405882328 9.330444079934722
3.288356820069818 -2.6663352629374035 9.486411034023151
4.721792321836258 -1.325388420991606 8.621134349674593
4.417247927469288 -1.5328335244317874 9.823347654855601
4.549400996227935 -3.486907660783564 9.938613859569232
4.999370259483528 -0.5719936964211774 9.734849915386484
5.504438480120738 -2.241700968521568 8.611227408590096
4.999150937570587 -1.8607659579843843 9.173909366231621
4.069272115612912 -3.2468156295922013 8.965609721807667
4.324548485612682 -2.267452377528187 9.753245770387394
4.420981454369628 -2.217623351255856 9.52417153312826
4.60360390006108 -2.1011705271011367 9.04820320967195
5.065061176781178 -1.660352936743374 9.013624367984999
5.395311465382181 -1.354299635818136 8.85084868019492
4.663433549752166 -1.2667125630869012 10.477696796310529
5.372958764295743 -2.0274595238785706 9.402028581394898
5.436198367591915 -0.8856905000363176 9.835090534439907
3.7470454209625776 -1.243736211226507 9.519470660767661
4.460708267647301 -0.23526491049094 9.536896236314108
5.295697291768472 -1.475087601678491 9.66200444926072
4.3896500402084975 -2.960303181321712 9.88202481117514
4.018997523898239 -1.6022135490262586 9.247200510954084
4.709095157554308 -1.4437882091148038 9.036201681640987
3.9904075085634814 -4.257834869798705 9.438365568935906
4.9586193883658085 -1.1881207224165358 8.154357403203095
4.74692250353001 -1.202912146697622 9.232739113652517
4.316469688813011 -1.8355512767535997 10.01105726203106
4.954851084785868 -0.8552780123157333 9.48164713209061
4.90725383210929 -2.040379339261993 10.039098073659929
4.530217596341009 -1.6160470290218885 8.363448516509855
4.742113596242083 -0.8618117893951007 9.173951750272881
3.3786505500679462 -2.7288103135737285 9.885069977519093
4.365473407383897 -1.731337458464019 9.483959666543795
5.557158906527659 -0.9210796069932643 9.161974789379517
4.359848510476274 -0.45754712649738183 9.750290562818098
4.335825122818865 0.31575728723592217 9.99102697203657
5.2322151738723495 -2.0517755932875716 10.151410073881166
4.841362872560173 -0.48887675624740723 9.624196156154579
5.602865186111085 0.8000121764023882 10.261870403774337
5.362296818036539 -2.2313552639201477 9.8894608789592
5.120784600790798 0.4050633602924142 10.204895665182107
6.079154437812547 0.37080834618207326 9.719966382098638
4.616363946235488 -1.4178345471453235 9.01525809634915
5.412067445449452 -1.4128105959035955 9.71094995115146
4.706063680133254 -2.315312002577305 10.3757778923488
4.5496468031991215 -0.5280357063470944 9.63701984236175
4.751652655932321 0.7143293652972577 9.092018459992573
4.684374145452224 -1.397357489927469 10.689917262081527
4.514305370887165 0.5614751469484915 9.453768755609703
4.759957147477 0.41990900479234805 9.661853139215536
4.922535327311704 0.22518173079801038 9.372436323786241
4.636518681706854 -0.20170240522748256 10.276261446596203
3.9551135563592728 -2.2941151177790395 10.173843979330748
4.498087821739058 0.15712602599089404 9.448147145560933
5.323868951027533 -2.4916479905886337 9.853561659387804
5.620968526018747 0.0922139625145552 9.399807506519075
5.057299793369788 -0.9288044030488748 9.533626944487251
4.441623920829626 -0.294785483539443 9.412183652486059
4.183666723980507 -0.259085065234722 9.640219151874303
6.05870069819193 -0.28082355854661434 9.147458619234662
5.020964909885469 -0.7059072870708868 9.638106984162153
5.071190482029396 0.7922515674317697 9.719172515770097
4.390502758594915 1.0906108740098062 10.074628603455118
4.422486905565444 -1.629619164587505 10.673984861070636
4.154973492680452 -1.5359368743132547 10.130996279935498
5.0183247932696755 1.772082212816303 10.420100369156481
4.856690383094143 0.40574757370378733 9.216236825240378
4.992303265906806 -0.2384523611943211 9.61005074034148
5.010056166480739 0.2528598940933446 10.152951658994349
4.17712281014334 0.017099785318654685 10.633872204149984
4.3581816359514205 -0.6027981019326778 9.845874426782744
4.422502793431334 -0.5931957177143888 10.250286796578283
