5.832817449128196 0.2378299253125147 -0.12044664257290073
4.726111541667624 -0.7772849997883874 -0.3692521894487441
5.052478611896251 0.6091530130614395 -0.18107479953674843
4.575229049455818 0.11275839758823747 -0.10523185248825484
4.5619489117556995 1.7664354669568836 -0.24861517045983664
5.1904437072212675 -0.08142387418791643 -0.05623338808904785
4.783546738985245 0.10202097709715224 0.8096392408589006
5.213025945191711 0.22370741661571825 1.5326254838175366
4.01624375608644 0.24626413162136812 0.6495596062757936
5.041454976084471 0.1194875091357815 0.8322588706501415
5.238637072216678 0.14513854538802007 -0.054151448686357434
4.482049030505629 0.6861058987123604 0.4273343020807038
6.431865471583362 0.6579998783784601 -0.5845820497190645
5.158497812520163 0.1430694454679013 0.4166305999166011
5.562841479327214 0.397851311973214 0.5333350818389275
4.767608537366414 0.7979362297117436 0.3187987420734363
4.930031881691266 -1.5922300584894473 -0.0761986550775359
4.876617865604773 1.858753205252402 -0.3935615792586845
4.237288192947253 2.026505875379185 -0.7745183903486359
4.396755028051991 0.06097577583701039 -0.3355238884081277
3.9908334842919198 -0.3727811887855412 0.8842014336819701
4.262534895751746 0.24696067184935577 -0.08486479613324777
5.6960081849200055 2.2800867471536757 -0.5554141932340517
4.7075962426065265 0.4506400542181606 1.0060986340102023
4.6814396006969154 1.204791501903689 -1.0199550479418982
5.065771193014064 1.2364480462350398 -0.2761148842942419
4.9969966242826125 2.992513325818262 0.5645471482696818
4.627723728786015 0.68693448929115 0.131771820707929
4.703639667704291 0.020445462413321257 0.8392860241584397
5.082224616314137 1.024389456117231 -0.11678323163453141
4.400841250736651 1.8407029639622927 0.27323839089364294
5.266178117859667 0.24125823905632882 0.23171611513086565
5.844580633608334 0.24043354348294202 0.45275937547045764
5.53541973619828 0.37263128988097005 0.4157051947355071
5.157903294495014 0.052472909115120335 -0.24046428638996936
5.1480590104495425 1.6012650819395324 -0.38780656672820396
5.140643303240152 1.585334198505358 -0.23015663861205027
4.322101750870182 -1.5614028335833434 0.45118348520797
4.8205460917535286 0.2496686012815793 -0.7094541109252087
4.835963105303614 2.1919543652952793 -0.2414311732837735
4.910036890032692 1.3008502559924102 0.950209277932605
4.448584519169443 1.4389613791939582 0.44827987066324904
5.287769125958086 0.7656952465764839 -0.5876999507857775
4.308737402620754 1.2601725949258036 0.03851133850360655
3.8140083818733843 0.4706429484327978 0.8751622642077566
4.520881481994663 1.5895478547987736 -0.6218571280925571
5.112607525274092 0.3510288070261682 0.2670187727163461
4.906475326522171 1.5306417165583925 0.486707784915908
4.525609029549775 1.9293538138579087 0.8904962352857754
5.322054093897478 1.7145821326836304 0.4181479422615234
4.619435249372833 1.834975566470545 -0.1979525201057697
5.4237887259330435 1.4857022014133823 0.2643616039895169
4.149974428018005 2.004225607486887 0.770189344210733
4.29676235189341 3.45380829621271 1.0876934459002905
5.315660072005583 1.231875684093739 0.6662784143355166
4.291454156756671 1.6943068783492028 0.3240650101304119
4.316304888708058 3.2960376400097897 0.5119822400482117
5.171768366204774 0.6031357335976316 0.339899778032635
4.298120915549668 0.8639068857749992 0.9540563236924166
4.2943679169579765 2.5383641989239822 0.9557454780936347
3.545571447118611 3.088816656839955 -0.08453010099506675
4.6846677415846925 3.3114622101439912 0.8675685158121702
3.971337396353128 2.580686396476792 1.2653534383888898
4.69373192228565 2.49240723915255 0.5679478392279207
3.9435703903576624 3.375129011074682 0.03272928297975353
6.260341326171701 0.579217741297676 -1.1101972349033815
3.537656823820304 2.0705485096703526 0.8586255432777399
4.513459138254167 3.1927627776487966 0.9504850403160958
3.144079258843862 3.412820332266087 -0.20012246144615364
4.480274811723579 1.9296145944605199 1.4858465276845991
4.441752338619359 1.238907987099388 0.9840578105193374
4.477629483870643 2.8099572253701792 -0.34645234408856074
3.935721085687919 1.0972348030190466 0.6200315722177185
4.163523130161035 1.189447712344419 1.1462808379648664
3.732083777337357 0.8579569958803529 0.7108824452227301
4.534330176859408 2.4110682230385585 0.5561345972528383
4.153126845756163 2.6853931661812984 0.1655876440308287
4.604551603444469 1.3697715890612578 -0.009718097438965012
3.476800772990784 2.9736367325084125 0.6868907594217584
5.24447768920032 1.4507766908634605 0.2958914796962321
4.184848295785885 2.4094995644935118 -0.39836367786309546
4.80546639904982 2.931375552671734 1.0814491858471325
4.0255982817967 0.6456280881359723 0.9919923808423359
4.243781380473918 2.5341890827286435 0.4698008162407408
4.9460293677047975 1.3567625928758502 0.9138391407891243
5.124694955781318 2.4658330468148195 0.585326706176241
3.285650474774986 2.7024729646918964 0.24359247159295938
3.8625337118688017 2.1782001649832403 0.5255347418530669
4.381310284657623 2.039105595545184 0.5196565997498073
2.313754013475013 3.2078520240808777 1.8259344015106447
4.2032695260959985 3.4369142434079736 0.31181055601831686
3.7794860241398136 1.948231584009875 0.14273783653443228
4.610770603059988 2.74189245284217 0.1559630056020841
5.169003027047358 1.5718127983506769 0.5075917429691256
4.0741090370774256 3.8809099019303703 0.7520017579561638
3.8943390140941325 1.951068114579103 1.610558156017393
4.484980308476957 1.5902880803823793 2.2150224652169346
4.092926942661159 3.650899633766664 0.815786916280195
3.645441925660708 3.5786072024464626 1.2140906531627804
4.2061153494313235 2.8905895713527765 1.481916606364601
3.840093245129939 3.2316733544143803 1.1204898705940824
2.739388309896304 4.247054408491039 1.167988433422965
4.718777999835353 2.279181837119988 0.30618200708327103
4.151059078749243 1.3965601567085064 1.7898565513080362
4.083567344218696 3.0719118292735135 0.7962732677153299
4.795276804764297 3.0363188597910584 1.3960503035972134
4.097747449180753 2.799663988263746 1.6810093377546436
3.0684865445049643 3.016503733569954 0.6234288169803648
4.197782788485078 2.6666419153720344 0.8143814926483651
3.7724219240060695 2.9160995860917556 0.6017056626536252
3.6795921786553483 3.084786174995932 1.0286297274534533
4.633624427799731 2.823071846304341 0.6304046418782852
3.998570101624857 3.2449310555398747 0.4283533637680257
2.7726547169917097 4.016789124101988 0.44257044292588865
3.620327098781996 2.6449354357127453 0.6290681346414198
3.545154702118486 3.805831110957111 0.605372820211656
1.7394600259124564 3.8686096644854446 1.1125911378838225
4.364243026251675 3.243262127088582 1.3054346855343844
4.207504747567257 4.093112914830328 1.6649014680522762
3.129004210968136 3.206546180388522 1.2268684689151341
3.8488928542446836 2.254404778233586 1.0243000121551094
3.1446735913424972 3.6566172582992262 0.9307570705252046
3.563174942746934 3.3989401824297416 0.6208544986881316
3.2317834024019696 3.4584486777338372 0.6340303064682127
4.66114643582619 3.354927832816335 0.8963789471450472
2.4202853243361515 4.646932879406227 0.6781077546603524
3.627715571203181 4.198760640054344 1.8626753599895247
3.5581040451567425 2.9467622843716685 1.9958286840986483
2.747383175648369 2.826306533904907 1.246326634209861
2.134730401687647 3.8629255952006525 0.7196388864293323
1.953024489893862 4.2914934332897205 0.6352528791390777
4.531847707320316 1.5354541025055175 1.6583861005615013
2.3497107542447195 4.530271888283795 2.430537710754475
2.7605725515270287 3.4814861673425628 1.3630102369032266
2.6893770496103135 4.14339194347602 1.3054816151575719
3.891487477857937 4.122930486078002 1.216030838953132
4.3731887259723825 2.453492790678242 0.9427116417249589
2.808115752335708 3.687756139713927 1.2276297643677982
3.3226580728788577 4.189158794533795 1.3957916994658797
3.3943952509710393 3.120515113229954 2.1382088383745295
3.416285360782396 3.803063089534346 1.479208567412696
1.6886158556628235 4.769538364922223 0.822398864006119
2.50423669338557 4.7236593475110435 0.5626307914117958
2.6713476414681785 3.168035781896987 1.8313226200724582
2.1361849011386846 3.6239545856039155 1.6875819129340632
2.8476612147194174 3.419560861135787 2.114814614594448
1.393711333241378 4.985911813878397 1.4949410858090484
1.8431591407010453 3.8841063246733425 1.5566965769669727
3.013610479847625 4.029551430044222 0.8540157360273656
2.8787799559676763 3.8642367888230407 1.1799638142956548
3.227912986383908 5.07085182427066 2.1427573650622076
2.8656496318018467 4.575176466840443 0.973689464867928
4.0448215340678315 3.370818845826054 2.142084590294456
2.1563268205007953 3.6193893841640263 1.58285847252437
4.735491979437848 4.192771418495174 1.5532470723176564
3.906681253052815 3.6562597789935873 1.3984664983253472
2.666720250062215 4.435512216365048 0.4658880294792782
3.932419926980987 3.2773651274639928 1.0267684783904754
3.3777393416566897 4.397902987596308 2.5423940592612055
2.472500169016894 4.3747325245907716 1.171651739755307
1.7306446513910154 4.4576084094164194 1.3907592861324194
2.6926511022625284 3.8336429281597995 1.492728160187019
2.1060037605842052 4.201542674612185 1.9260128120682423
3.523063189317622 2.8114764128559515 1.7334656210802641
2.1645073080271557 3.569405237630692 1.707391923750803
2.580530808607221 2.692510974835685 1.4689521251396207
1.7148381105994654 3.947104527251115 1.744901918517528
1.3833815031131087 4.282327560125864 2.4437715256824903
0.3473751461887083 5.150242559200388 0.574261642193677
3.2441050943329657 3.891951123390094 1.587807394120333
0.9493779816875759 5.024596761576688 1.7362785732641848
1.9835489223887683 4.877569568881364 1.3035000672503168
2.9694273453077744 3.6515824956982943 2.4787335527472485
2.3630352214819186 4.45432940057143 1.4012675945036066
3.9133034842397225 3.801415768450416 1.9806408454358764
1.0249561983255782 5.856371290971736 1.859408081917946
2.3736915712445565 4.13594315487026 1.4392621448025988
2.324739987947642 3.4724487976953338 2.2442377755992435
0.6105665757460933 4.5813415540796685 2.663468017140664
1.5519373787937476 5.07247521741337 2.3287507519001527
0.5984250652870561 4.927968377309694 1.797914929089865
2.689243952104028 2.0493131017393043 1.8629158798724694
0.8087999690732453 5.1599585228844305 1.6439759337998718
1.3329560710208306 4.5624364513009015 0.9058296907402947
-0.5962072888759443 4.016017338408836 2.2420838993049017
2.810778706146472 3.85559746679442 2.1600714665556433
2.5536158014904804 4.221100857858527 1.289655970583429
2.6333775038221794 4.643565950589392 1.7245984528968186
2.2515606736057157 5.209556261955908 2.873637380497414
2.374058104322013 4.1017128964237575 3.002420188831985
0.08516860767713315 4.170948213774669 1.9123225954664993
2.0153272457721974 4.716851516608263 2.367306912564206
2.1981252005340832 4.796292031523704 1.7070265055639868
2.548002098675149 4.955965421319344 1.7101789197956891
1.4272830991348147 4.957710142349669 1.7813876021885369
2.899834973273415 4.374974449667435 2.3941462406330545
1.7231421398275577 4.879329106702181 2.0258637204487986
0.2680315707388993 4.113281570001041 1.894708990018393
0.5735034715510586 5.09779650349813 1.5286616979367558
1.4111267882064429 5.10218729772157 2.05374569744964
2.058961351295221 3.6261620368248817 1.4609601975928332
1.9446155726200713 4.723935550041363 2.360581785327412
0.09176357795582273 4.675211913162192 2.461934004051165
0.2073292981751392 3.9126686604834644 1.143543730664331
1.5852848717291999 4.687079772596986 2.251328184638882
1.207261840487066 3.9195872768519626 1.9893123779916841
1.6058554828830254 5.299315079459266 1.3458688454925327
1.9457376368798327 4.680895092149667 2.3478872433278033
-0.859468384365695 4.58811051262405 1.75837329853391
2.2972268194897425 4.82731070771824 2.7582299832251023
1.315942793008891 5.022453278686827 2.662984235498516
1.6524348626804566 4.739713956421537 1.7887709726263952
1.0782405094768406 5.368574952443872 1.7090372715613897
-0.10273409020460231 4.681473188929742 2.2949047877076074
1.8084398585497745 5.601988512051713 2.2877905074005294
1.9448789326621398 4.373240513791922 2.2063383803224617
2.967894641198665 4.209393566761028 2.664391077587562
1.2277258441466334 4.596129656510566 1.7127362629417078
0.6756086524213583 4.62344666807054 2.0127675377068686
-0.1611092689811089 5.987432505850474 2.824342564238184
1.1821014396809335 4.348701857292312 2.4693289721103655
1.8668712585939982 5.115353284419958 2.0023651682560475
-2.3046214623657026 4.587215759530567 2.6280862347662985
1.305824854914031 5.195041253683351 1.7027596348222416
2.631714073164716 3.6202817324940755 1.345017478343675
0.6735530758292483 5.00050830777354 1.828402717895842
0.5235183613048874 4.5957723271548785 2.4483207366807167
0.667554890810042 4.418650311630692 2.466913449263926
-0.9138852659007186 5.322099533442699 3.4595831498861767
0.2755788111403165 5.016694802551679 2.4368382906762576
-0.09719760557705141 5.460823263676037 2.828465621679169
0.7151607677127568 5.156807703100155 2.4619794925019605
1.2083054934381077 5.403953569895171 2.6206605807320758
-0.1021955221033695 4.911233898738365 1.991356156256942
-0.42726238938153377 4.834972677341867 1.7603263200004546
2.5791610857657514 4.960517615397427 2.508385594548694
0.9638636333158759 4.510386917838381 2.453817188632086
0.14241095429677714 4.849177874587766 1.6270584551734422
1.4786095080875907 4.628826806456686 2.699899508129885
1.103725005832305 5.335083380576525 2.4182172231584103
-1.7751122296094324 5.591651404696705 2.9949209929031713
-0.3354824124888124 4.2913896961765206 1.8196409316789262
-0.7355411558165145 5.378054271948964 1.7478997031808827
0.3512976988414411 5.3649259957560504 3.1171469021987313
0.33946829234495396 5.8543583196888145 2.1063838691473973
-0.3604960134946703 5.329952322930235 2.0541171804378937
-0.6596190503129735 4.9673344758583315 1.60650576207424
0.770777458235053 4.975236039066687 2.9997743159155132
-0.38445811467131735 5.802529402165761 2.1240945233630466
0.7538657561937959 4.4533739443954445 2.554882086693964
0.20585370939930359 4.9805638352520445 2.9946579838813476
-0.10242739238237877 4.195381421060705 3.0542695663756128
-0.3505370318183727 4.148029990623187 2.5677272738980026
-1.0846562711538437 5.3017912759191566 2.3507253130606967
1.0429271013847603 4.8293971315741 2.764029714529357
-1.2277003111476466 5.5623547628394485 1.47807305658021
0.11257837374574861 4.42837078072101 3.2568749155087504
0.7093816400603532 5.3658444568829475 1.7757212458107103
-1.5276369319427712 4.7530826038219285 2.749464121774722
-0.21537766997321536 4.515808882788981 2.250312566895413
-0.8855485507371775 4.774318725551774 2.855825309154509
-0.36663502243329965 5.954891096200211 3.1794258421058816
0.3627889304864083 4.865097688570554 2.9901136205743577
-0.11325441306612626 4.533022309595297 2.5389991632687865
-1.3025995370249421 4.143602767756019 1.8626753460717573
1.1100209787271222 5.492037714213511 2.1324509427498644
0.4561400727759811 5.031243862220895 2.0326489765423847
-0.5881377659228962 4.907579661385829 2.6335810591542126
0.8884115410642318 4.76289673395628 1.232343932409857
-1.1095402006960344 5.049523448905379 2.936493535515626
0.7659850458246068 4.228645803656917 2.2954650080568393
-0.5225068551805824 4.991901670184618 2.7240537607553468
-1.7022911026014709 5.468991042880785 2.595956105842375
-1.9398445305908518 4.276066618500021 3.611414736109901
-0.4124560289206618 5.32800114132647 2.439266365745428
-2.0097542812355385 4.591394031797037 1.9644014716159837
-0.6496893253841086 4.062553072212134 2.7850283096873283
0.5683866436763433 5.374460343531883 3.110182748148893
-0.8739985582962658 5.779387767162681 3.298917424171626
0.3000517091819998 5.029505360396144 3.1015872441470544
0.1672683792541421 3.646297654889206 2.2247772728125303
-2.870902145805419 4.249134955887165 2.172082379827519
-0.39089954051135106 5.738010241981561 3.136972686117354
-2.0506978695533284 4.272692757946263 2.822997665535397
-0.8900533682342834 4.886957628045572 3.2916885512854455
-2.6819850479389045 4.823604984874239 3.6720342676047455
-0.34023999498551794 4.822015524681936 2.0187973050186194
-2.826172856366059 4.863283195060319 3.3656409830489746
-0.9171303674374375 4.1369828489871985 2.7284097519455397
-1.4706433991766636 5.237328633898085 3.0320385392428086
-1.1998610243674328 5.034812011218987 3.263599517683137
0.7919079011189107 4.264352161314878 2.9157942667290766
-0.7318352808565786 4.736911101305762 3.524075819655562
-1.2625895967154483 5.291060893172191 3.435406742763516
-0.6434499057038455 4.923872811036047 3.700969007672864
-1.6556731775130442 4.6358759617308865 3.4635015268982805
-1.1889034225912183 5.280870883025731 2.7459787171055607
-0.7384817499379568 5.741515987534031 3.6170773733099084
-0.9049470907787666 5.549239301187729 2.6173004235261974
-3.0610455040741202 3.139913579977352 3.662528519161376
-1.3064532923942875 5.441685966808994 2.708081709562387
-1.618671123249903 4.760802077087794 3.087225259265213
-2.145277154171246 4.510303487337619 2.3157367599932606
-1.4815106195864551 4.154635456365954 2.692874128844343
-1.3752191109903793 5.266630795336433 3.31998738535542
-1.578341809496605 5.047692577634415 3.0847479817561303
-1.2547505104748158 4.832054237765259 2.715668586074381
-0.22805963972958732 4.504733496521075 3.3630550354191957
-0.9074328506474859 3.818105869413391 3.0865893978037553
-0.8043470379161685 4.435320104613237 3.414101022655525
-2.10876982639696 4.748018176578176 3.246285288591034
-1.495462180793252 5.3579384132930885 3.5731783446878813
-2.1388237998112576 4.905965138179596 2.826591885511238
-0.5177239731749164 3.1999428526193263 2.820172248218961
-2.5766978759973 4.2413699359635695 3.953844435545884
-0.5673782784238293 4.592967893856226 3.0077265462295366
-2.700740060149598 3.7679890493314665 2.684662990182185
-1.6699764869273184 4.947079744613141 3.4504580328079175
-1.1887925703275535 4.6303088377731845 3.102442132573828
-1.4932944055013162 4.744647118607887 3.1947286406064395
-1.4109631982909039 5.0373229545026925 2.888173349528979
-2.0607125919779685 4.839410832678984 3.133174197826916
-1.2740466476585495 4.658747455866764 2.791441109146018
-3.115123839464891 5.082151397983849 2.6772536088883707
-1.9537384807703693 3.8006222518084383 3.74198091060508
-1.9541339129356539 4.808950282860177 3.03116976888348
-3.05496668889229 3.976886608030526 3.0229830043210324
-1.8935092860947653 4.561719289999886 2.9143370844717906
-2.812776094057518 5.494484712751128 3.546517708911176
-1.170612087306362 4.9237813419664205 3.9825612131599573
-1.0722395471875381 4.346230009533867 2.702190552679256
-1.8429451490062247 3.9362421714084546 2.9618784714717767
-0.7230403298381721 5.082662340578238 3.3680722759617487
-3.253528076943148 3.556453625536936 4.0163338352025
-1.1634967366333597 4.187125443989675 3.847119696958692
-2.5026561984946953 4.987700623246942 3.4666998180003143
-3.4728243264118737 4.292658783369626 3.4195065586120985
-2.107638986912321 4.20546457435895 3.7345532787642357
-3.1627297670794023 3.6910491373302183 3.2949233205723876
-3.3029373853661843 3.6082949035019736 2.8596733594212336
-2.4247553589797888 4.089134182585728 3.699591574717982
-2.5600109963052775 4.134149859039808 3.410350081903
-1.6841329425074218 5.020337097608902 2.661818909157284
-3.275642418955759 2.376082608238938 3.485828596393787
-3.3548420637884186 4.801924979805785 3.6987402302498573
-3.1013587731819494 4.097444979228983 3.3720281669561927
-2.2474366931931558 4.335864924085142 3.5639267858829236
-3.242437010720943 3.483154457352027 3.9896858603124867
-2.3207653947356346 4.500038200449238 3.576634122941565
-2.602380721712692 4.190170279796751 2.8879380067001152
-4.173384207981029 3.742066884566599 4.289897579864765
-2.673667537792179 4.198968802838445 3.329831242651743
-3.7559615615232143 3.8460005419918106 3.4345105810514793
-3.111895479790293 4.4837026576285615 3.6003296654023607
-3.9346157711963676 2.3568456644420586 3.1081043474961083
-3.289225880473781 4.884423212462425 3.0005239547929445
-2.929440020428645 4.251307595528555 3.842422449887621
-4.919489870091992 3.6827587919120495 3.2678721525240966
-3.4410643921018615 3.999784557909739 3.6306371157324597
-3.522557254348094 3.5554291930768365 4.192124851716072
-3.4905385597673573 3.527437019585999 3.198057041020819
-2.053283711712171 4.15646478465512 2.814115819823221
-2.8492828261833663 3.8705126704145507 3.5787767351879487
-3.4547936937842514 3.933688990976813 3.6694500222468207
-4.057094219417057 3.4640421051973727 3.3898137908408597
-2.313880494571738 4.211954846088181 4.145460032920513
-4.107980484134626 3.6753192950451625 4.210570801428097
-3.4373799153566265 2.7689295032573766 3.325050844099544
-1.9775639837435148 3.9144013556802872 3.437701546086394
-4.223257566981336 3.8282240263803833 4.382688026679939
-3.735731126267566 2.7918416076201433 4.126782084247272
-3.38117676804821 4.044929562310467 3.2816175902835076
-3.0555484775598014 4.04095785201455 4.314466614624618
-3.588530457923546 4.038654700443278 3.415946038945911
-3.3096702934045323 3.1135811218818104 3.2145404539961913
-3.198596765904535 3.1221055944863707 3.5845583064352304
-3.5563446023448733 4.385305856613867 3.817657035885378
-3.1579654221045614 2.35385007115245 3.8656666103391317
-3.4200928546299454 3.8806240554579854 3.779082718878316
-3.4243936382570626 5.430812889472474 4.149686472968285
-2.742297768592839 5.0353342533046845 3.9609584921813226
-4.1095133310872125 3.3488315368894104 4.51194763600808
-3.8407731440075397 2.3910400813509223 3.4312715539372562
-3.252069315224185 2.918108130510884 3.9626955243145385
-1.6605006892884842 4.610026002138531 3.7951996276657503
-2.569499818215522 3.3883410567955696 4.105741817674653
-4.1087958430538905 3.173163611862142 4.066401449764534
-3.1625928976184636 3.8064544503752886 2.987058178292954
-3.4144517502819958 3.0266054661996797 3.736608439974617
-3.4196609193460237 4.2693844436290345 3.8523999738689754
-2.9659371433460295 3.039161083766504 3.495995189745886
-3.5771851774019012 3.00350766065705 3.551135600125428
-4.13663831008656 3.43079524634397 3.4366375465472587
-4.565398825258133 3.234361428523813 4.499147415433529
-3.4383528600567503 3.02139579358228 3.941616831661339
-3.4252285686326074 2.888950724626576 3.2358941914841943
-4.503327394430808 2.8444379522590686 4.002520365259546
-3.8656111919674787 2.7295681813309867 4.098189887477083
-3.221885279422891 2.1365543876787285 3.0548492135276892
-3.3515383030775463 4.004348075177841 4.734703217570594
-4.654822478949464 2.4698826635919864 3.8568448632069505
-4.38410097401006 2.3190816766374183 3.754142836497664
-3.4813445455943874 2.6206978926186637 3.2638391181273314
-5.229669727480983 2.419754242841964 3.905579251982449
-3.2528237405440814 2.904984928793251 3.793859692298727
-5.523264913881778 0.9628393763157899 4.2642784251837975
-3.7911929645671467 2.076242833841908 4.276991950653353
-5.055361455588438 2.0140602293227405 3.713540774787817
-3.7359895899734745 3.7522803223447387 4.443310575334345
-3.1849952526447636 2.8857528680835265 3.8529458038283018
-5.81516158408957 0.34098240026827387 3.8570821219451235
-3.916798412234673 2.2282545226275867 3.7056527484497677
-4.706002454976027 1.564528884756652 3.578467512818701
-4.233422147966258 1.8463491472843516 4.812223055517065
-3.2356014907055988 3.0270883990598776 4.044291519478291
-3.801008185521656 3.3995148630786014 4.569481311167434
-3.2042830530848776 2.8020905843539303 3.4450235846631716
-4.619255577587426 1.8347497574834166 4.36128818970565
-3.510755832322124 2.3183917893848154 4.121516780118487
-4.21759910595249 2.134729878516953 3.8179522696233423
-4.448338312984501 2.2055234868632754 5.836079348275975
-5.177974532212048 2.227161064673198 4.158456018567235
-4.77789769573476 1.2872959446457435 4.7524868618661245
-4.920270344327653 1.6794611375880586 3.7400214307931883
-5.714538586115823 2.1680200093360544 4.454598664583538
-4.8930656345137 2.110063604345339 4.68223630589999
-5.203523014774862 1.502233918301769 3.8084427057884387
-5.21109307731175 2.0093462324775526 4.242313988144968
-3.8403320046825646 2.4321635234464893 4.138537978728517
-4.181958011724037 3.533422696648147 4.971454874155651
-4.079193727432963 1.9785878797397936 3.750582601792938
-4.1738833939826 2.6171910158801146 3.3949404686196902
-4.869105107607204 0.9820475076119103 5.021386487325777
-4.4138763591950045 2.550610953790373 4.2074813942274805
-3.8858420601636214 3.3849221000264076 4.914145888346631
-4.308530070050715 1.4347061797782203 4.39694398550554
-3.563798265268967 3.273522268333819 4.007012383436304
-5.400435683014084 0.6046117451505105 4.003733026654384
-4.487701442535544 2.063941792541714 5.396640659667483
-3.5313874463393633 2.7491394778347917 5.547049388153194
-4.13152097917438 1.5433682343237938 5.1076612706180935
-3.2563857334331976 0.4416143644705837 4.656207216886483
-4.609655476950403 1.0294648755122404 4.8107356556925325
-4.652796308369297 0.8548511514762558 4.707856065968496
-3.3243880294643313 4.0195149084635124 3.8259135010213887
-5.008395047714007 2.397414271420225 5.133530395073581
-5.030390020861602 1.653414763416038 4.105568276321249
-4.802303780637405 1.0409603084288819 4.031687422990763
-4.356687190862102 2.875974171702729 5.574990764382625
-4.42860824517037 0.6482774011271073 4.379677016814456
-5.804242536552476 1.4458113668847312 4.765187839597562
-4.559084127440424 0.23192395811645206 5.211514906639279
-5.261043292882873 0.9655021350387775 4.976464769438559
-4.394534023027306 1.536584938996858 4.363449144176926
-6.094529310441819 0.975556329551546 4.810713575418605
-4.950778527384104 0.4729552023209584 3.6618856655516523
-4.295981721719148 3.085044038613205 4.121937276301364
-4.219583389631662 0.980148394846755 3.8552482872863028
-5.001371621137443 0.04739251995477215 4.4447673740030105
-5.646924643251721 0.22857799067896117 4.213603018236434
-4.009475884233518 0.9085752700455364 4.44257181270803
-3.844217386589254 -0.6694568421449847 4.636257292152308
-5.0688579704549825 -0.6368403239932129 3.606361672914712
-4.983507942457074 1.3565956575420246 5.0885508151091425
-4.606598615597843 1.1376659057205398 5.017036487498031
-5.513283847038954 0.6443294797325243 4.193850193904712
-5.403756196194442 1.7601345749217656 5.232463061812792
-4.577317667784232 1.6846284353391074 4.617819268694027
-5.793591165506832 1.0248101034814139 5.521839443356094
-4.67422834856735 1.6965901357399278 5.158195098396361
-5.521454045934079 1.180260778977941 3.2467572576430177
-5.349925166239697 -0.14197803134982592 3.817033587687204
-4.641919539363835 -0.1357916674494846 3.686079489848094
-4.247890270832907 0.8885049722202951 4.383464183124773
-5.49153301729273 1.4934281188268739 4.446493831588139
-3.9025229575168967 3.4663144548156053 4.589945313834294
-4.793610219091067 1.4997130156761853 3.8182482720751443
-5.522744920125725 0.6670547064715797 4.581317324960664
-4.572535476110547 -0.7687127105898073 4.843781712922841
-4.18193098970834 1.6769179756605381 4.145259535930785
-4.44152803574348 0.9446531191072514 5.472206066743308
-5.708472912076076 0.9145980134639454 4.407164592855391
-4.693971232203051 1.623441915246007 5.108686206561113
-4.900393628526213 -0.46643105468001006 5.849830944745663
-4.389912362339193 -0.0604757473322743 5.065956745432032
-4.248263473075724 1.6361869009939936 4.74913751623509
-4.631705737949545 0.23778140195395683 4.981366569565181
-5.377438623475434 0.6518806776697837 5.103128341375437
-5.365312077344866 0.9752026244338128 5.633818076186644
-4.90917385514496 0.4744947380342848 4.783902574662692
-5.068217259021715 0.3747972122960538 4.750186084609546
-5.448902473725481 0.7519038112774357 4.715873694304268
-5.177070951123394 -0.018638061710776786 5.833095097372563
-4.574992683322856 1.0937655987905701 4.830605374118734
-4.108962945903514 -0.013781963841977735 4.54251890229206
-5.901565258614034 0.48487744044036296 5.00876940828245
-4.710632605104003 -0.21605429364472656 5.33582086259374
-4.644403945464621 -0.21579646366995411 6.08323283627846
-4.821117865917219 -0.7409903964138731 4.5186711036273985
-4.027471387466262 -0.884894008483216 5.030938254565901
-5.055481051591563 0.283275743801546 3.7558413984960044
-5.215461119124474 0.26352542951275976 5.2917530321198925
-4.725949025093742 1.8031199179246973 5.1982397883014535
-4.461121231540272 1.4030321078488814 4.327794722676241
-3.984730835187838 0.13806160878685783 4.797042024473163
-5.59565336229014 -0.855476018599681 5.665720681457629
-3.77057317631432 1.1046112863534447 4.591178237888062
-4.574608808244335 -0.29797760980381316 5.274139742386175
-5.818484445491199 -0.43153105614570725 5.1468305986950424
-4.204899430605401 0.6705387123724822 4.535618682121744
-4.929846140817183 0.17815904997237184 4.441227456607675
-5.978445074921544 -1.1987493380841858 4.938210024622404
-3.9643337534493677 0.5072357706455618 5.3850149330048085
-5.245455479019912 -0.475037256212967 5.589372430045801
-5.529488190332862 -0.8190387653252298 4.477939879883132
-5.708728459323178 -0.6555590459905767 5.065639120639129
-3.9302775207665155 0.7445746127239197 6.231745559464258
-6.217274770066118 -0.42328422883233247 5.1795179132691995
-5.250823798868362 -0.3113449837468636 5.133671290319103
-4.994682271335037 -1.965400109959705 5.313119327265431
-4.9965106134453805 -1.4758515034894883 4.2977059005071006
-3.573401638869513 -1.2718394981153818 4.575005519059427
-5.209868320628139 -0.9065519990377647 4.898130217690887
-4.602308552928406 -0.8965608417984889 5.619757851599803
-4.970921710245055 -2.4906892466764003 5.302119888644519
-5.218048524963234 -1.5935737430703596 5.046246377108418
-4.609620042511787 0.0870710861446338 5.411491064076493
-4.3999377662245065 -1.1921891959744115 5.634493306322674
-5.044529888737637 -1.1084266789787318 5.147572659368626
-4.731138389754986 -1.918850785558321 5.589821842250348
-5.027755668915638 -1.5736923271163137 5.874607895866909
-4.905313062461394 -1.4642093298791332 4.903578604043593
-4.179766116997436 1.393232518607062 6.133799439264592
-5.811854657537801 -1.7863340254506572 5.331833996741975
-4.609167336209208 0.4310140245339197 4.6829884318951205
-5.5737402038854 -0.26402128070796343 5.409877281546494
-5.1205744590880595 0.5039384123312444 5.976342746835381
-4.9703408104577065 -0.8245425208251195 5.155134039194589
-4.278817883265863 -0.9467876540663591 4.99022146178519
-6.145869788093519 -0.7045854150069335 5.73135602691604
-6.088774025194688 -0.4578026237842387 4.792084120604274
-4.460396129613802 -1.670379127992885 5.211563195438557
-4.05476954936538 0.27010091348079307 5.06263347571044
-5.5514817189421635 -0.22223560314547242 5.564115636587543
-5.744510971669276 0.5876505495148531 5.049897987561524
-4.549800839309499 -3.110112620239582 5.014171056755112
-5.6651481852872925 0.09543914141615652 4.414096368080037
-4.176824413301272 -0.9245019182116025 4.781705127336839
-4.353186330717419 -0.6000487749748711 5.972145732499073
-4.834315215125476 -1.0603183888166294 5.077533144319552
-5.59300142617113 -0.5841861222072872 4.975807301030877
-4.489770396184039 -1.0824555452090083 5.571682248320569
-5.0545104193239965 -1.0401804874954754 6.05706691032185
-4.916712841053724 -0.09382143543319636 5.075745073311114
-4.979794091789614 -1.3468450783104386 5.3519035243818704
-4.36419601269371 -1.6617139381129242 4.502341834743167
-5.328638287230004 -0.9048281483340899 5.474119097936317
-3.6664256278862917 -2.3485828893185796 5.883765583289129
-4.994685581888008 -2.7105585954906544 5.351822106978256
-3.414400344372311 -3.2949872925929586 5.642078979991661
-5.337893554722378 -0.908004840805423 6.017896686625956
-4.853325700613 -2.518239342416786 6.858905990079138
-4.854671099002021 -1.176847510492647 5.359576529031412
-5.818321586610512 -2.197668263921556 5.264823132899242
-4.315925380881288 -2.9669824682503654 5.98805268781175
-4.762792740494373 -0.8517745306279804 5.430844891714407
-3.9951221526833445 -2.9197570699607325 5.568178315897143
-4.876514793566001 -0.7628583068090812 5.235032141614618
-4.243408499393274 -1.5036259188391594 5.779154542230483
-4.203741430176133 -1.2992051696995366 5.887381180733071
-5.47344361151307 -1.3379181413186036 5.364717983276351
-5.761366991539172 -1.815731038248517 5.7484406389148095
-4.325676877871743 -2.376582156346738 4.80821933068268
-4.565548377409175 -1.9610768921264186 6.115110461542205
-4.220676695583722 -2.7090915675702343 6.489131408459424
-4.261064045019626 -2.4619883530955957 4.520781767006612
-3.580339775904745 -2.683557447826062 5.985785312734481
-4.243324987376598 -2.0870022038811475 6.016090372482379
-4.732525046946855 -0.8984474412060168 5.543299116662268
-4.410005323574678 -2.5940977810966888 5.325508838345762
-3.7081272639195832 -3.5755790359551445 5.666174318708487
-3.8290327522390406 -4.275650095807015 5.6668941488135856
-4.438022027405625 -2.040133157707024 6.090376018830906
-4.483188371142027 -2.898748099685767 4.859186758115011
-3.4181081745290047 -0.9998874127539377 6.1719407864908975
-3.7696702066680388 -1.8686095393528757 5.991297005110246
-3.2264279355218775 -2.846570402954357 6.112930199242229
-5.201354776953654 -2.1671831234154286 5.7167030722285475
-4.443248375271216 -3.3047168295201748 5.547175867784686
-3.858805751646112 -1.1840771286215168 5.710981269861995
-4.154147792124617 -3.6150353767671732 4.995085369721959
-4.6344878781470245 -1.0700067705043108 4.973731560429506
-3.977201006056731 -2.6042845950588536 5.662654376918885
-3.506971523271898 -2.631156736864299 6.729421909635512
-4.174678403335614 -1.3396173241154 6.5435978396971715
-4.7357986682257485 -2.0130665904012193 6.280741798446096
-4.306357916051332 -2.794485007536344 5.423247518451193
-4.156283666037772 -1.372292117065365 6.048975634022561
-3.825924479291712 -2.886120193293157 5.496584399092931
-3.727536181923113 -2.7913637701720644 5.558973119058103
-3.000529167093965 -3.5707123790704376 6.194598500950026
-3.798349191060272 -2.791521802278337 5.614494040690273
-3.7366316667373582 -2.5371182843736997 6.630699987380613
-2.9661727063699956 -3.070357533556233 5.437316634604469
-3.4418480939098606 -3.928894664734206 5.650864925672025
-3.6103262569082584 -2.9895460322747 5.993186660692263
-3.8452200431367958 -2.8669144213730022 5.616019890749975
-4.955769451907209 -2.223430775009037 7.5529841764608605
-4.410224619866211 -4.013708667463931 5.857939670118603
-3.634358801156633 -3.4053149444236808 5.706984035657078
-2.2049588066504593 -4.155464043108273 6.943732625517057
-3.1376905780979034 -3.7852024081806324 5.844425941336533
-2.940714672458411 -3.7372804576664156 5.395925573079506
-2.988436089930249 -3.2970208218303863 6.158463181854667
-3.694156618092634 -3.5695279926091956 5.792412466490238
-3.803903452080259 -2.35875350865768 6.458045204909597
-4.218364002808081 -4.423114284339856 5.562539783429653
-4.798049217113545 -2.7490496401808113 6.93192430678288
-4.222950628633943 -3.8381907242182445 6.1767503020594585
-3.9419551867402873 -3.2667974416963976 6.782555954901448
-4.098340660675961 -2.9897816729623274 5.8288259568400935
-3.264425728029756 -3.4310307233574333 5.5563144198695
-3.2322818528638835 -3.9910386852159947 6.302943059247893
-4.34304439279042 -2.3494636603256116 5.727815882202133
-3.804228234428871 -4.391785074352983 6.269412831731546
-4.534021979578644 -0.9773223385213798 6.242520186781527
-3.409687350844765 -3.776039314725774 6.583785723058821
-3.902735826263794 -2.889772940260035 6.219164983555932
-1.9715041279649381 -5.103482687682203 5.6604268806326
-3.7929569872616904 -3.94832328189872 5.636209656836084
-3.367996934524792 -4.893171087842637 5.703161620327979
-3.687843423604874 -2.8672874595512328 5.062026695605442
-1.3343087087658605 -4.798032738477453 7.178514734898874
-2.4674656180917034 -3.356684988221126 6.493757120709793
-3.441863034030308 -4.316053884367234 6.65232903124303
-2.4543673489381357 -4.67426805508144 5.702497732582284
-4.04865796508731 -3.3508503870954836 5.803333789985234
-3.2248275186675075 -4.256341746341885 6.017883204772905
-2.4634060098646717 -4.368003509708107 5.577110303375401
-3.49580824429194 -3.8636973677486597 5.661879816560056
-3.252318994270232 -2.8844938138253826 6.34237255277739
-4.159705143594047 -2.5377360671827778 6.281870784903719
-3.0654918046680204 -3.9541748222165363 5.898457542215259
-2.226993121970803 -4.517988951044775 7.071161866423153
-2.43717217476814 -4.432817864733979 6.298409868506828
-3.3123477719274783 -3.2739264181676253 7.61513812626567
-2.515663687006863 -3.4871484806615065 6.662728918706375
-2.691233749764017 -4.489662727658995 5.748356274024178
-1.7642547241851452 -3.9564800705311667 6.755528875991763
-3.6911475857596803 -3.5864820596481524 6.250388556426198
-3.1260690594964653 -4.9613192709885965 6.19906938112004
-3.7627569280911315 -2.9702856736841943 7.612095002404484
-3.2946552558173843 -4.322174106572797 6.244787618612371
-3.677783490067774 -3.8650689382933874 5.997307918186852
-2.4541059415695283 -3.898968928186176 7.093003524380987
-2.170579848201725 -4.27471739971424 7.022348842915332
-2.395384312825803 -3.6045500650778943 5.873446482588056
-1.9841912826681056 -3.6469157412645345 6.608831224556252
-2.47704511978225 -3.9912380533749268 7.4368749158934895
-3.768046026833385 -3.424729291438377 6.264315221862292
-1.968481375136226 -4.8569064184862265 7.228872781833858
-2.3363208191758837 -3.912612132552429 6.980930918585927
-2.0497254102661238 -4.760702257923137 6.6211496839065775
-3.962472371699214 -3.298953380082479 5.917721791767628
-2.4792058980368643 -4.482033436448399 7.289557036333985
-2.324279714401731 -5.012050052314818 6.7139768544122305
-1.8585916321988325 -4.020942855207799 6.891587631195519
-2.1435913994395057 -4.52063538952875 7.135721366019395
-1.7579202700916958 -4.271714225180083 7.163306945028039
-1.351160892090749 -5.352872973451808 7.393657085104932
-2.746267632558635 -4.9632116577279755 6.283660902414581
-2.0238923180723387 -3.8922048114387855 6.895302322164867
-1.453194064471355 -3.7573250012416937 6.3698906961345365
-3.699642066049774 -3.798440431231002 7.3507531897955305
-2.449838859961927 -3.5731374360168555 7.05099055368226
-2.887674062356541 -4.45497900846782 7.2837083314673094
-1.3349257274920676 -4.5699796765761445 7.865530888162215
-2.655489381318606 -3.582929072862309 6.937501046900949
-1.845569610137375 -4.326430980242588 7.042888009645734
-2.5231935997439243 -3.2112720248833106 6.566632988506816
-1.9638105379748254 -5.536915385107099 7.753820776174214
-1.206896420154389 -4.74278691818172 6.990575864940571
-0.9536702206000689 -4.713872589136521 7.067160908294449
-2.941099810521638 -2.897774637204013 6.664001590542565
-0.9559947772348046 -4.997913171143935 5.651277590288568
-0.8083002062775763 -4.627080775520516 7.291106244019731
-3.6530516343952013 -3.577040132420023 6.679951403609228
-1.3550841277459211 -4.802820534751837 6.402763467831665
-0.8536251077486329 -4.468556283993938 7.109335992100437
-2.7754993205525933 -3.172419253010216 6.853879840236373
-1.4113030502449335 -4.772875882533083 7.2631098603160815
-2.021193158560596 -4.647776960111133 6.148944898500148
-1.9631897193007524 -4.610049819320158 7.069659791267908
-1.85124720296393 -5.0660931000172065 6.965728627529974
-0.873074259727163 -5.323690014526444 7.366303241989588
-1.900976692110021 -4.0440623109007605 7.001802766546787
-1.2061194374921025 -4.71242264166586 6.185204829123193
-1.4538677662096235 -4.24605939313758 7.164324882962011
-2.503387842045948 -4.181438261062692 6.983806121862587
0.10874802607648572 -4.464018641142363 7.0941676077482585
0.7641949861058146 -4.6478353361378275 6.697234416631948
-3.1882093305001304 -3.6319956587112405 7.172899426666205
-1.4160674141959293 -4.938543754898372 6.849452567962014
-0.1979290986788755 -4.709656816258005 6.889810930492121
-3.0521372101995814 -5.514957902195406 7.778346935079702
-1.690678755246041 -3.8107087244424824 7.151045737656321
-1.5691462210205944 -3.883988694113184 7.397772390657773
-0.3174132070095052 -4.776656639672366 6.83230157915201
0.44355477948450284 -4.508476482493037 7.404986603325307
-2.0796907699804223 -4.770155545540998 6.542430804740219
-1.2690393809080325 -4.691443491960887 7.200663440948808
0.05676304687340789 -4.910620803078353 7.162886661096416
-1.2712842564246196 -5.57339950066897 6.953025389007227
-0.5090565318472833 -4.17871967520641 6.201185595770865
-2.6336149079240028 -4.348508360344133 7.3974449833542515
-0.2642688865621376 -5.2927393952990975 6.6055969342753
-0.29990642922130567 -5.204958832092256 7.429931135809965
-2.3452270549802456 -5.247063821103496 7.591374821382011
-1.085900709198978 -5.081040197123631 7.659549664095137
-0.9411466046707191 -4.011051933010988 6.378447839291513
-2.4097461707099423 -4.504271092066777 7.1157921148471335
1.58241661681622 -5.148437008780908 7.097844132577322
-0.19761113498514057 -4.593755795307735 6.887522666014201
-0.6714973512230326 -4.3616619032880415 6.8342205225856185
-1.6394290748907872 -5.151423576391128 7.235928737427121
-1.1231776478088817 -4.918167761871293 6.651126266313809
-2.216317503412689 -5.0874666999002605 7.134044498324452
-1.3133574646754473 -4.722924113403386 7.844648162401172
1.5881861373634099 -5.2978615149576544 7.2776573980449495
-1.6566128904325428 -4.719364005419795 7.514476222163314
-0.5955803831296586 -4.340100976702268 7.22730082543042
-0.04939608882559868 -3.842992061305379 7.04271169198979
-2.0521251405458947 -5.146076884551419 7.281530137582499
-1.7874649706512522 -4.65357818189392 7.369710460848049
-1.2559592437810296 -4.521847692515965 7.428187214135901
-0.8912662755306062 -4.7164868853207755 6.940455701337517
-0.24541362398899486 -6.105981572754383 8.037159408835384
-0.6816110762152816 -4.979716697565702 6.406919852091957
-0.24915461082699547 -6.119932277090572 7.355758401772082
-1.0131036640751139 -5.051807634997669 7.104319616943494
0.17536893631287018 -5.50002403936461 7.386263450061694
0.0027701525432068563 -4.61728241516471 7.308852468502312
-0.3194434837665964 -4.7747636073201045 6.769173526026651
-0.9097181259775307 -4.938594620581426 7.353373194645901
-1.8774493312526976 -4.830563183135439 8.185605270534971
1.6255679548992399 -5.518455020180279 6.923433262885593
-1.3901903589308804 -5.658119776260694 6.770123522778046
0.19256883226650123 -5.090202605997583 7.331678932874776
0.3161728257012399 -5.162345386460217 7.759360541309224
0.29869826632340984 -5.344791017126465 7.969569798492242
0.1998744862603228 -5.016200186763497 7.7767906042625015
-0.40396476034018763 -3.8933742970992293 7.839038131847882
-0.3050183067496552 -5.046251062813858 7.354129010637137
-1.6923609501389427 -3.8392688452278545 7.075672798955451
-0.7894245451347927 -5.0341300902797075 7.997688094444496
-0.15381164024521654 -5.761511220269428 7.393445115841782
0.25898506743865957 -4.804681587902643 7.781132251981242
1.072025739911296 -5.513756419451169 7.031173955100769
0.9020911455006444 -4.275189364359033 7.093494433419557
-0.6922159723085456 -5.639934116389791 7.028340130169453
1.3171009209660092 -4.744309286444955 8.073562923668005
2.093779086434932 -5.17497377697474 7.80556058840163
1.0110430219670516 -4.921442968559961 7.726044498111917
0.5502167031810987 -4.160266175775206 7.482839210938559
0.8418052698691664 -5.5478432142263925 7.175026596907348
1.9600968126079354 -4.423131268100087 7.040853414327213
0.8636541969695193 -5.151529627380227 8.92279859379521
-1.350599710782834 -4.536533245993037 7.7839565240113995
1.2899365141985122 -4.267619774512775 8.22099408804638
1.3755061233032264 -5.425815081694455 7.013414818859161
2.2538985217067102 -4.211542569598304 7.967874373794908
1.0876418013715827 -4.065903192905769 8.108820470647531
1.0261907914660826 -4.951400909551354 6.868985982093973
0.5806696467254413 -4.314832592567933 7.639604348697329
-0.12251406346108866 -4.966053256906428 7.767952533440195
1.5131944998324554 -5.04189550418791 8.101442305357335
1.1705454034178642 -4.9229109410313825 7.575026509301818
1.1627799550401159 -5.146712376036065 7.793684141473616
2.3715119603429433 -4.239595218769632 7.521637358076475
0.6437608128205011 -5.101032763762871 8.06090313072415
0.9078670951918211 -4.909023799436382 8.287761812736337
1.3960165441954946 -4.617344410267723 7.530380053449958
2.2468162363579944 -5.370172667211913 8.37229657350353
-0.43883444291900087 -4.561888292316976 6.855056662699065
0.9217523458813789 -4.432451052344964 7.622884476783278
0.8320855104682231 -4.270737679627853 8.756680126906268
1.5220483301698207 -5.1610894721194915 7.5551393030962934
1.2327073140566043 -4.6385680889699765 7.468926686633281
2.1616892096382974 -4.174411229622706 8.571557390855686
1.9766408838586198 -4.337412959134859 8.298931451187515
-1.2376748817749172 -5.122381580595529 7.57967237403217
1.1173191554778314 -4.5692621471629655 7.570814436095826
0.4564133646656658 -4.469486166644303 7.852463736706012
2.3622066367008077 -4.001138828118207 7.836026232088321
0.5466815400789384 -4.54004526639101 7.9411604301017
2.3912972652261386 -3.688011641043263 7.779651646728173
-0.25299033465244963 -4.482427464225898 6.886065503720092
1.858548106536675 -5.0397719518471975 8.16862259046894
1.6096606845403432 -5.694028328917692 7.53207614958683
0.6005632256250009 -5.646250141878903 7.646439719928262
3.694445121862202 -3.6922824812680837 8.086477583992004
3.302119493759085 -4.1009735230653765 7.648652863346512
0.6417546041320363 -4.971449465412092 7.758631133721376
1.6903047216233953 -5.54941779295594 7.601493391919345
1.7862629470026743 -4.379330488185754 7.676967431272578
2.205781402917436 -4.428548007675267 7.797830174439906
1.8784779778237835 -4.6430656042250416 8.391507854936751
2.7001747253193376 -4.059131511010619 8.426110627058568
1.8305823492556688 -4.537235754177629 7.271588952332689
1.7936304410964388 -4.3868475757722 7.754054480496079
3.88767723972234 -3.8319114821482527 8.17636826713944
2.6397982787814978 -3.717839279264103 8.358690002897587
1.6486489455248774 -4.527706331751746 8.9603365962119
1.4730419235165888 -4.667325495809249 8.577387496423688
1.362921415924099 -5.122401013066678 8.739304066684326
2.1619946497680598 -5.055182734741051 8.272173821265694
1.2421034626895227 -5.504240209488058 7.883100004795492
3.5854066186185407 -4.207118916338157 8.462402530485265
2.327039901931245 -4.290168043589993 8.562249394713948
2.277931630656992 -4.198104730888131 8.605738665829616
2.294406991848807 -4.525335021019207 7.860668995145918
1.2574736661695527 -4.642778396467166 7.89428599290196
1.978690873580591 -4.50533379865809 8.747645471273321
2.4443727883047326 -4.296587501501289 8.312436048484784
2.8062299206945718 -3.869759831159246 8.40223274190122
3.254273450589291 -3.8548404524191193 7.848753745937161
2.264610536128158 -5.138948829300521 8.714653142003268
3.076816412307223 -3.280794207653682 7.210475563635548
4.008807093362978 -3.6614743761180124 8.068838329795389
3.5597624689487497 -4.765034969391424 9.167183174289939
0.7363368829152168 -4.191795126895352 8.33443330156487
2.937683528647419 -4.0339026869033265 8.129000877918676
1.194047493939347 -5.279082066241628 7.7639050933303935
2.9271408418688027 -4.19056326870499 8.320028223918836
1.8476981352979154 -3.2342440990483285 8.325322267073481
1.5316431976079758 -4.702028721570262 8.011557128899806
2.5550522240959896 -4.656399524509064 8.971510603989792
1.9066199598651217 -4.29366568459282 8.07863363853305
2.246495375142741 -3.9168012965623764 8.379778961079996
1.0232105867955468 -4.973571170592494 8.160342790797218
1.9446551898799103 -4.091902379962674 7.82437162093779
2.4605157069203822 -3.685585794643008 7.276914229338281
2.5309682697680183 -4.0243533135113605 8.67894728947282
1.7804582673569842 -5.310079463562098 7.627983049751763
2.5687839544142133 -4.0229157097574655 8.445052440816143
2.6308116396964265 -3.9122303220630172 8.689792068334556
4.080708627729878 -3.6320204532100777 9.152648410023803
2.411351222262761 -5.071532142319638 8.439679702550338
2.7328487619010713 -4.319346247682252 9.078244522289008
1.967494983527687 -4.8190677142362155 9.579015204694134
2.6562674459045814 -4.251218487810466 8.802362275385196
1.5155339775628247 -4.78911620375718 8.352045135183415
2.8056327569319683 -3.846531057996922 8.016218488851075
3.1774914882942413 -4.392147482025576 8.164543964061222
3.7372858206562376 -2.8142993372831255 8.482854741333693
3.460001858208132 -5.265603252568037 8.529173747409283
3.026425137269221 -3.675394700671041 8.621777685847812
4.472018071598452 -2.5753628090843286 8.486543433224163
1.6844182588854448 -4.353566568448267 8.300244352421911
4.109802045880166 -2.9718425614937374 8.408517060658227
3.076743151455415 -3.5704400220346972 8.988834847416625
3.1076283033909724 -3.671834359658862 8.182363385807074
2.3654274360303407 -5.675380816567655 9.380832778467354
2.6692212186705677 -4.82880342974888 9.278193099225458
2.217487419842605 -4.930778927705984 8.613115037733564
3.5414371187343376 -3.2269174074670555 8.702926386213383
4.437859133914987 -2.795393660077295 8.246836311715505
2.9439106928069294 -4.4530202049046395 7.977046615721142
4.261634152727305 -3.47729131353951 9.23495685539954
2.821087560155888 -3.544260619704149 7.958280505676564
2.9215849269364265 -3.0750096540092846 9.177424585178649
2.781220669215256 -4.3669845041552335 9.032319317148579
2.3391123290048093 -4.112393384632296 8.969207008617358
1.786621570764685 -5.083964666117894 8.788480031642514
2.219818705934148 -4.350796300593623 8.292138939569622
3.927521479305106 -3.6799621895061625 9.256188371378274
2.0058178585825948 -3.3009668741878517 8.619610299468622
3.840614335339477 -3.400775965540949 8.156250304263637
3.861549804125839 -2.2352734311067013 7.8553436658588724
2.398897243684762 -4.183220884210373 8.674019509793661
3.6101522069786727 -3.147179179614072 9.736619464712073
4.007747578408187 -3.4556100016016282 8.643635041965975
3.173319367388004 -3.8223632674405943 8.124648942142793
5.078095805428699 -2.2174346409688335 8.557532085094362
3.3444239473430066 -3.095955769264408 9.23564833211058
4.654734387958053 -2.8274949993709066 9.048732912876124
3.5863383456818014 -2.7512370267335218 9.199693441140319
4.468318637643228 -2.3266452248801293 9.55320843329304
3.6213572032359758 -4.193414706322694 8.302318124617937
3.9458033440122966 -2.7631229572041422 8.136394519065401
2.258044885326416 -4.263524949352627 9.130037479249983
3.9291605240821084 -3.822271859684854 8.558061514241905
4.655275077931067 -3.2121181656734974 8.685040522854617
3.3603273365374977 -3.545137637506932 9.76263688655039
3.8757774146209916 -3.314972485011895 9.005397792905564
5.8552382131297644 -2.418188676308852 9.465338442678611
2.919604912913235 -3.6253970399962268 9.06344817213531
3.9871263936757453 -2.7302617606364854 9.58340916352169
3.351974879580605 -2.5588447173817572 8.981126566775226
4.356925884139638 -3.172536549220695 8.21065220787569
3.785635663167264 -2.992524708051645 8.847072691903211
4.195543029142478 -2.923901883902232 8.780717877780909
4.208820877459265 -1.0003592463428579 8.725803426081832
3.5482343912202126 -3.667040812503549 8.858211931624135
1.7739866652374032 -3.3638503986103916 9.370981886033395
3.8014815178294734 -3.43852563308298 8.767828645849782
3.726002697955847 -2.8427572359134907 8.9981060879965
3.8933738242879836 -3.5526214936630898 8.678416320174406
4.2849252404263725 -1.7106590853266561 9.066176260886529
3.715273205926484 -3.454643470683077 8.985301221162246
3.224634365318354 -3.3328160605631605 7.987248540510217
4.482765795225545 -3.397627655992411 8.888576729493973
4.100694801800092 -2.1647742214765993 10.106604890315289
3.8059796379329085 -3.89941638676569 8.887487621459773
3.7506405776503766 -3.0599142613501984 8.18835089773334
4.112552457016769 -2.435390325500974 9.20913734437436
4.9156616616666255 -2.0981638881155575 9.123222026914021
4.8899631591399775 -2.3495587302567373 8.867055949642298
4.813439082921563 -2.328677481858243 9.361652754174585
5.500887439402836 -1.0327381096405175 9.378674797550575
4.220128455587397 -2.3346500458871944 9.757078535040879
4.547596013544551 -3.6187650747897226 9.549443018212312
4.609449169635134 -1.760234052975594 8.573080428513558
3.3939136880033445 -2.3657290526234833 9.090778298711829
4.855613963427403 -0.958446780928264 9.791049134427046
3.9867113723286747 -2.775898362773901 8.508460271086115
3.5179468545068624 -1.6121672450675213 9.840121185332269
3.086177342878502 -4.355365685342952 8.93372171859065
3.7661064700060107 -3.28383813816304 9.478632679889499
4.281961740041167 -2.073457297479189 8.837274766941041
4.695772422117518 -0.828845821429979 9.699402571266855
4.52565854630025 -2.9859044976073927 9.482660923381726
4.470057160783847 -2.439058564571164 9.604087890930977
3.8445523297913273 -2.4135869495052433 10.298139601855079
3.6162824982968793 -3.5300259355373744 9.316974008317676
4.122467894236476 -1.569125172238496 10.387499253505071
4.474291798750595 -0.9697488646806867 9.63956289361399
3.5164267880074784 -2.6089280637865038 9.09926506707838
3.945751882007498 -2.163980643472092 9.69685843416406
4.422894805352411 -1.9246456101795901 9.40463644469613
5.020155188422858 -1.916109491250187 9.3326562112192
4.212105409876505 -2.481777443760563 9.756643364361217
3.6980367113503347 -1.2081553603161355 9.409829216860157
4.358626516381867 -2.0312106360348405 9.263821502264136
4.602304939458442 -1.291035100058907 9.14905068695266
5.019065812395365 -1.2429733642337681 10.282582291786358
5.489039742613288 -0.9329104139520288 9.647606977877468
4.316165280604681 -2.2254349640801436 9.376631975814131
5.2367631283899945 -1.859721721638743 9.102475700095919
3.3277750434648645 -2.2484415472905757 8.686616957605969
4.973651687137193 -0.5193226825566409 8.98397813794631
5.29158426688025 -1.6056690586337197 9.623864718985551
4.445564190863689 -2.35618105658281 9.35141306916038
4.9770520764996435 -2.857045075494215 8.83567433958178
5.356563711951727 -1.7402560611144842 9.273390151827313
3.495908687270632 -2.1395757298454385 10.07441263378461
4.8624997868076685 0.9366498085900375 9.129532511694453
4.993671438347449 -1.835138283891045 10.560174221328902
5.947939743257597 -0.8639464297781478 10.197688287895215
5.823125943286701 -0.6589306893875491 10.12110481582361
4.684653731871102 -0.7122222758592296 10.190582319331497
4.2445269931514735 -2.2126089612977373 9.726398547470085
4.563131394497817 0.1814139837511633 9.586841354068245
4.5141225315179545 -1.785781638838021 9.658799226191942
5.462880915136039 -1.013108512889994 10.073567859097444
5.092771413520949 -2.1966475706147786 8.546713452622756
5.239506469696326 -2.438998904727339 9.20261429303371
3.6964529507014343 -1.8686773255023101 9.8079804494464
4.494270826885488 -0.12727840592007658 10.525340200868941
4.066936488166635 0.40111565534849136 9.521729797964683
4.517489493912905 0.22022407368349542 9.047974916064218
4.233742267947437 -0.6788279483364131 9.11988496219808
4.998464834694808 -1.405620742749528 10.837942952322082
5.097257426408419 0.26853085537353294 9.603089875685868
4.855201107722527 -1.7233623723035734 9.484223314691505
4.295401491088365 -1.087927043327265 9.537418471246848
4.555254336458513 0.059138479711312315 9.219820105127859
4.724261918994843 -1.3094148044845964 10.025212723952173
4.305379770180154 -0.21611568440039716 9.615398381631948
5.516873657513686 -0.37340072946514974 8.752196822225535
5.147390241352942 0.586697062622523 10.397888599737444
4.53625775750594 0.5883622190641565 9.824618561727004
4.424621746675659 -0.6262128270023403 9.591645128684453
4.634057706920013 -1.244956728840995 9.222087897789175
5.249533995359079 -1.2435195244634334 9.374307976123422
3.6616864339467656 -1.8225444611277737 10.479933796619083
4.381632657097464 -0.7751181817140166 10.710345720964519
4.765978592983166 0.8538855121758216 10.723514099611284
5.5153009234222115 -0.019566193932596173 9.86304704405788
4.467125658574477 -0.14247138056258268 10.739909958317002
5.125987368276987 0.07994369597035335 9.439874264114156
4.198434729526043 1.0283330423267527 10.077349736471184
4.5364603417844185 0.19701074895161644 10.174332317401326
5.711074361889401 -0.23171360322943732 9.950421452747008
5.108416663029396 -0.7142468623953857 11.273562128873957
4.503836876356227 0.8197525766687629 10.418348254197767
4.398153579076058 0.328044162631822 9.49779360636818
5.06016211765595 -0.7479777370415027 10.006104431844996
5.136598986708062 -0.9543144690046457 10.228356926486121
4.79977193065821 -0.07215645830642149 9.569190350790002
