3.6453110802836544 2.3325076274719976 0.01008088166636122
4.914013972046194 -0.36985152387340936 0.26554183182144236
4.527991794072744 -0.8298842519308675 -0.6717918033770981
4.940617623238463 1.2051168460056432 -0.1053969930806605
4.872673148937056 3.2759149318953087 -0.18486448220981508
4.119516944859383 -1.8033670418991878 0.8457885405101108
4.199218578837942 0.4522364823594809 0.06633975580570205
4.79973171075291 -0.12302195828884695 0.6859431082776883
4.477487851473251 0.588730994769683 -0.624594305221833
5.7561996681051495 -1.291811800252833 -0.13710772569546864
5.2411296382132795 -0.28592330186654347 0.28433962425363113
4.863469168166979 0.892576459582581 -0.17231631169577405
5.34365865383047 -0.2606075090110549 -0.8409603254624662
5.321979777170399 0.04364790312620031 -0.15883880380007942
4.340779054888699 2.6132134502162687 0.8018043135997126
5.459858275824186 0.6216620378247262 0.1673888124993338
5.789121142767122 0.24300095416545625 -0.23790477203276636
4.322736905006284 0.3350304360491469 0.5196408241338203
4.827369483915571 0.1735191110891025 -0.03342113023576676
4.485342037134052 -0.4677429163353244 0.09505439308932924
3.3310636201462285 2.8047117611593078 -0.19335871237422253
4.585958722384605 1.9192886281381436 0.3368915769765455
5.153516292953982 0.40843740769832937 -0.19482587612005325
5.272787100185072 -0.019171104402152972 0.3024554755752141
4.694258420964162 0.5154614350167432 0.2546388067029605
4.850607297214759 -0.1974495556718578 0.041924012453558174
5.632617423639024 -0.8209986567332237 -0.3922821090120663
4.859049154408939 0.6904060045696157 0.3660092066041177
5.042013582785409 0.1310912740445394 0.8695211657487234
4.196285643810959 0.695639516237955 0.8635835991967615
5.055871417815797 0.7956354979844273 0.5478686639331327
5.667902388008257 1.4155805961519115 0.10445450683462257
4.988930558191205 1.1891669689557267 0.17756777859480333
5.246343015334685 1.1159632814668252 0.31421605162481103
5.182166770857421 0.4757965105894131 0.2155256829051431
4.353256076017335 1.1027700202394977 0.19620685301141982
5.093760052844725 1.0220414762459817 0.607655503060799
4.44284809684564 1.1794716329832033 0.3653649837942149
5.25553530077283 0.3804856192892726 1.155649175185506
4.684184376466425 0.026855146555971474 0.7673477386217186
4.360596565766643 1.7043966979731597 0.24157238900203737
3.994228511018385 3.3296914454152695 0.5591273826522616
4.934486694015815 3.556278204506725 1.3090432909947505
4.833683616981373 1.6053622512532477 1.353155939003531
4.051253393430838 0.8951743850930494 0.7245285350348634
4.276935385553322 2.372746498657405 0.37281549991383256
3.775958062992312 1.8275997010650018 0.25973651050457813
3.9726199466174488 1.8082395849561521 0.22886568478335695
4.426268250552218 0.29332107376848326 0.3967128244848137
4.753956917843358 1.42196156961178 0.4536291514258796
4.9666158267002265 2.9119002302067334 -0.09565292064000164
4.328802455062339 1.0090788549793093 1.098402995399008
4.520603386068598 1.8970079636481687 0.5631841302702575
5.047248976493439 1.9293253288299432 1.010147840488069
4.995738622741441 0.3874140426889231 1.215018089120917
4.5087066684735175 0.15016702792459777 0.6255596635976484
4.031775746552987 2.5128281606093283 0.8250157226726046
4.727966488773768 2.040131693892942 1.2293230726123658
4.404846909821956 1.6675048682825038 1.0516578422221528
4.490570341603604 0.5962720732522038 1.3210521256401395
3.9302874718365337 2.9799069599586816 0.29539732863889273
3.341172541453362 4.349124234840581 0.2574839533203157
3.508363713197025 2.9301940099961032 1.0220450040677533
4.9889802654678155 0.8721669832683979 0.33122314070577696
4.060892478865132 1.8575691328915336 0.560060320596808
4.71705425421307 1.5109742492406513 0.3855567182333549
3.2394424860466806 2.222690988049422 0.34232645708103987
4.6758867413334455 -0.1831156273333281 0.20557609008854966
4.412161953320528 1.284943226694005 -0.3729908433801997
4.161896781146849 1.4030008189376981 0.9415346318091875
3.8663462318647444 2.923235361880253 0.919556851038136
5.325758990045362 2.2549899910994116 1.024126634187687
4.675376533837004 1.4718288034085243 -0.24922312766637766
2.7407600056685206 3.4257545181005176 0.4849113648961787
5.130265081360042 1.708180780097584 1.2042667549464068
5.2681159110820435 1.2506175642416675 0.5011248573006013
4.304139675851274 1.19620038685204 1.0905384082132963
4.124030427346399 2.7220399987853967 0.27459581647585596
4.468920915959926 1.7692722255618765 0.45636619878197654
4.163915900957172 2.967761450279226 1.4633593807975194
5.022573386761772 3.8552481508428436 1.027417475857988
5.297766327250692 1.9421893683188882 0.7138166980825852
2.8560754872146443 2.758383208200689 0.529270622058829
4.613485592384213 2.363251282719221 1.392352915925993
4.517365203893798 3.950830908281051 1.6463510255874387
4.3391392770360255 1.4837489383488391 -0.012343724747668317
4.465793331881793 2.1883293221019664 0.8207164648412699
4.947929655790616 2.816877713123412 1.6974106429995932
3.895190527168978 2.6174385293819444 1.2228122352720048
4.583427579031963 2.1808609330991 0.6032925807531979
4.329439696737473 2.6083810389734805 1.368141065048891
4.8526425365654955 3.0603469500023626 1.889079161868633
4.249551988402545 2.9381325258253903 0.6437595796667304
5.2671232841917455 1.9151253806148751 0.829137681024589
4.290190291927877 2.846809871132012 0.4792405837617993
3.8604807282983735 2.0197454831391717 0.7526274245850845
3.7800170345629085 4.535865084767565 0.4198385961155372
3.9893823094112943 3.2178808813962263 1.703199923600074
3.3833028658061184 3.8751221981415394 1.2163213648872215
4.3609418909126 2.9335470762819296 1.259755348060381
4.629974963400383 1.549383694748135 0.5145181337584324
4.750940027728481 3.025262852139861 0.590575515850587
4.937302542699433 2.8200791349862646 1.4411373882644982
4.378346268509139 3.089842018376683 1.151979412675086
4.124816750543642 3.2753877314915063 0.9072008065638901
2.5249834580696486 3.47263404466492 2.309855106649346
2.7395683664671986 4.290551834205302 1.599143356343526
4.637517376846153 2.1520090098481766 1.9615898779341479
3.975179541962752 4.255835977588871 1.6284351105984338
3.4619590233561404 2.8119383382985323 0.7697965600380428
4.587397261497122 3.1238822455502055 2.2182250477411167
2.6737834751284657 3.918704840914798 0.688304943369807
3.6628027316462757 3.8535443828141958 0.5196100010065987
3.0551706199613173 3.736586911497253 0.9214505854099315
2.7835496772920605 3.846218973280099 1.8471375406381512
4.090110276861206 1.8333540511804463 0.3055068528955154
3.4581253250766872 3.6233262048600636 1.489826501695675
4.311564062993207 2.5278985069890685 0.8551307028198426
3.8279809255753467 3.3802133009053903 1.7023188080085943
3.8421739030378355 4.0150149546251175 1.6652786122417766
2.74704000763775 5.134205504894092 1.0034622550800627
3.780303738658263 3.21977242855298 1.1046797625967888
2.106772268569636 4.107584610372884 1.3634662262450303
3.8911502396740754 2.955904016067321 1.5987391575344088
4.286416497150364 3.3579491966443085 1.678490029266398
4.618954954940955 2.470573890254031 1.0372947585938255
2.626289390696348 3.973506090184025 1.1472040738790963
2.954516767030917 2.6242412679346114 0.14524351854929685
2.6779968099619262 4.645648717072842 0.7363424467992079
3.9376174409814837 3.752217398145198 1.0978707290906087
4.118293588881831 3.8673299065969338 0.6644815085980137
3.1364305542554725 2.966296212598926 0.9867664466636734
3.320707995913931 2.5291428645713325 2.0979977681787263
2.5603767388119483 5.0271649154251925 2.0019536363782713
2.635750857519244 3.2500360157402737 1.353611358436173
1.7598255512438115 4.0335051261042025 1.9570651490057998
4.305833200471997 2.5752230473336652 1.4323320540154711
1.9379816446440223 3.8888275775345544 2.1150286088856007
3.015710896743246 4.183537434472416 1.1171561639587084
2.957613863976717 3.228624136771193 2.0376002520615226
2.8192521646658273 4.547685637413583 1.8596984579070586
2.4181415513845126 3.9601163395351855 1.4220055794795612
3.3541864949317817 4.531170460938055 2.6575000769919974
2.6823868063307157 5.461033975215649 1.344438189599784
2.9970866390188533 3.3806487713070266 1.8333306062521064
3.307238138708712 3.7436939285408912 1.596553315156779
3.6677174283557448 2.859879277975085 0.6969691943590272
2.0515876279471867 5.38306950161919 1.2692086841469896
2.1288851220334934 4.657357944757241 1.3841913821828165
1.9119874929952856 3.53039719022405 0.9429714264237647
2.0407730743180257 4.006596151708005 2.445965065191375
2.3488258079272732 5.498477638186615 1.6802827825653641
1.8958450425975233 4.790594001183345 1.3753907931265124
3.2979455111215454 3.544956144795951 1.705933136947781
3.753911055403415 3.9487470952400674 1.7547409188811118
2.077569823585285 4.41355013904073 1.7706732728476007
1.999697086577441 5.222458201733015 1.2410253198889616
3.0557688163640364 4.731176212239778 2.393561492587404
2.964839787626907 3.7785132906890526 1.1411367640826555
4.428108994245792 1.9969110579149396 1.2920696556450935
2.130967179210266 4.881473099469884 2.0010331108142436
1.9642757563136954 4.9691520812955945 2.678143196615184
4.235148259373073 3.232177830721138 2.367449437305989
2.294090672850323 3.9973907949751606 2.0852640763458563
1.141906778020306 3.747051563555719 1.9895543793802024
2.5444884791646083 4.220448802183426 2.485593790624922
2.928054315585717 3.908134087956171 1.3572683452770216
2.7805870910995916 3.5058504853793897 2.7899696733535433
1.8048731233976314 4.3747388437898795 1.6381858532170046
1.5759415545011177 4.0670819728696745 2.5479042305352713
1.282490489504064 4.034781640600808 2.293347088013012
1.310268574493157 4.817071530272393 1.8004031427589078
3.0763665590626017 2.846669670080677 0.8283916705284515
2.035572063144856 4.881984604097909 1.2956312907892034
2.5695507033880043 3.9148323735171706 1.9534332883270902
1.8629679450344943 4.3959240482267905 2.1394264608272184
2.4184267537902646 4.844150210365674 1.698893638338298
1.8924711386080837 4.903286492531427 1.9829590995573245
3.587988183148412 3.748467881619813 1.7837449064001627
2.9364114342175016 4.052724193074031 0.7205825234304319
2.4691659766729193 3.770618939386636 1.6503701110655722
0.10633323993076733 4.671615813077212 2.4633483168447947
0.2359691328521352 4.330750954208236 2.177226101463916
2.2625507346350373 4.189480467702587 1.835147874739118
1.621911662912157 3.5033854644982636 1.6262608676475183
0.8918214800923683 4.797208285438316 2.2474903238356303
1.265737452638036 4.895260184488177 0.8479139850830575
1.707114672033934 4.406636831268848 1.257508622350782
0.6579943878493162 5.059273337393187 1.9579715996610942
1.4661149318520077 4.927729279800794 0.8777550996594128
0.445567374939956 4.629186257578534 1.1840498596919493
1.478867968238912 4.22571861811593 2.2534681683088316
0.5617784262666914 4.377107527118596 1.9680226742541402
2.0347352745450618 3.867020378813731 0.7960650553562805
2.175009103861338 4.031887029250972 2.2758287322899524
0.7875003148055911 4.320044559673619 1.9804747916417316
2.57854046125019 4.215879767805198 1.340474600578732
1.5255154797675607 4.614046129880397 3.116180861973569
2.970851788017998 3.4718717901348723 2.1372090829251107
0.8976008475189055 4.9460925144638095 2.478372517711259
0.9030090367212387 4.747070070978289 2.613722574615825
1.6033058146054084 4.144304919013672 1.9760704517943024
0.7926421198023849 4.979258802511465 2.4418319285479355
1.0833600550144866 5.46513489677043 1.8035017064551686
0.1599824483794942 5.079280668448998 1.5678055438199912
1.634290880974838 5.218672845874451 2.17254772338431
1.7179501094686218 4.827160086843402 2.256671848476028
2.1116793214095786 5.001509779189522 1.7353513458300727
1.4960291875797262 5.878210328184295 2.7261669219887805
1.2767621670371303 5.069099234049586 2.087946817757251
1.9635098707320122 4.9332718729129965 1.5347486669093668
2.497441104796302 3.9852149394491523 3.3422489387720162
1.8768341885372277 4.919406210646455 1.757509284339224
1.8394774266779372 4.730136416813018 2.382393313765122
1.2910117939155232 5.069666824470617 2.388070145652258
1.2437447041940537 4.864070409320038 2.368363242130102
0.06756686571854818 5.19829041866969 3.1708050109806507
1.5495434958009082 5.298738469681635 1.7263036225170147
1.8090326474895566 3.9736828921096263 2.365279506573379
1.4189523590048179 4.920347827532166 1.6152516316203753
1.0215360100980784 4.584308706558991 2.252127933003252
1.3845994658512 4.522802488857173 2.6727053030569814
0.701321576828431 5.589026442127737 2.206291625513936
1.7237589603997143 5.416743945175343 1.9902326613722272
1.349281552802507 5.622936676330392 3.096613407207826
0.8876065884881942 5.47978121434436 2.8434961795466753
-0.0018401871611072385 5.276378079438824 2.03335552823816
0.875632403629032 5.429377715502708 2.5714729571099384
-0.08965500357380708 5.454028850521477 2.2071373501497926
0.40375051280181296 3.9800557352026957 2.2329203583256234
1.0457625506318833 3.8679116594590384 3.52291051119109
1.5030712363999832 5.7157283352382615 2.906825230104277
2.0682923873134045 5.381869038834018 2.081881640403346
1.6910190805608316 4.630823478922301 2.136693212656046
0.8441396518301864 5.195943902866696 2.349518594580374
-1.5932084771285968 4.686789548701816 2.22260215111506
0.8631592555027683 4.436586693930901 2.0295737212699585
0.7467585907525146 4.73380809706156 2.281188046644103
-0.21606090896525373 5.952511217536456 2.7286317531634308
0.31061106628557716 4.511116116623228 2.2319575295110803
-0.10375147906879123 4.389867530450719 2.3526125615929385
0.20952767682638906 5.086421378729469 2.494155306254846
1.2530160519417695 3.876591890506308 2.890196329565125
2.205122338400787 5.410706495308167 2.4238353437585713
2.066230749679707 5.244342461802122 2.487970457704582
-2.51405058763526 4.495759694238935 1.618392857560976
0.44314854646500823 5.151759665124109 2.5480406862796867
-0.33899459308811714 5.796991247660261 2.575690355915866
-0.05226430135555314 5.711919104443027 1.9914465871945768
0.3270636914197764 5.724236048565785 3.314377234760916
1.208654656036561 5.155302526095067 2.1803176131652084
0.47952420185062616 5.127119799647421 2.3423667751463193
-0.09998674779198914 5.574786861198757 2.6142724309577976
-1.5173772612105407 4.286510786885641 2.7935312713379434
0.6486880200262582 4.3791276025556 3.0320665198058894
-1.133392279153147 4.5144411787960825 2.1353122211992033
-0.4332567956181792 5.4397291353597135 2.0181563662580384
0.4440752660948919 4.554336104105085 2.2108814790058777
0.8269741199964331 5.078155212767976 2.5091691016042335
-1.2468675042379194 4.2621621238426535 2.2859810573665955
-0.7746062114758033 5.4401504481826155 3.1471967114377497
-1.151556128252661 6.197058475081198 2.7456369939074654
0.35378756321971316 5.136432938831476 2.3682422234973997
1.2939304784780818 4.523071725140408 2.4006270814427477
-0.47805238963222924 5.625702294481273 2.7645057273164455
-0.03791418687805614 5.226850101061125 2.1534891592462535
-2.409780678684968 4.339980292278865 2.2864612848855868
-1.213300392224978 4.530709965796702 3.530053876353608
0.4308524761848494 5.5460683759744365 2.3954349536645876
-1.2940234540907625 4.909136798408308 2.870193490672095
-0.2998321100646267 4.72314623325376 3.5099919831748467
0.487166952822261 3.8344866320527737 2.183757579878031
-0.5167937584744076 5.505520273837753 2.466740611754608
-1.101620345431455 4.010634502530663 2.8589361515733547
0.6714727003210371 4.854901927435027 3.725187960076211
-2.08047806505698 3.775515959692516 2.7918863392180397
-2.9114791076757944 4.854789306009829 3.1625647179182526
-0.40469198554756936 5.462498438260042 3.578002588695415
-0.8674629135527748 4.697092851979767 2.4509877185021542
-0.7867931704994123 5.1381543386888655 3.2678412574020417
-2.301661542695411 4.956007384446395 3.6531345929537227
-0.006235118804128582 5.411091939729841 2.5111134597653466
-0.5046941581435992 5.492128186573108 3.6212713293242014
-2.418876837891181 4.313990346350142 3.080532376067053
0.4274910860228842 4.678418259745629 2.9927307581155005
-0.4158389474030596 4.448943575069859 3.1392420081751173
0.36476854397931147 4.778871205373262 3.3335715429902826
-0.32352796633720293 4.341670159479436 2.534444622661951
-0.3984127230041998 5.040739312013664 2.643352685833185
-1.0627631230369192 4.138038870471827 3.2675385569534683
-1.9341009408622467 4.993352057294931 1.9299306344505722
-0.9637893287844339 5.036122595603001 3.4267515948328313
-1.3852840602272507 5.415717272273531 2.855057054554011
-1.576324963509678 5.35305934464164 3.054032668025671
-2.003983048851301 5.10698782181974 2.516477471131053
-1.4137549075315095 4.836511165482474 3.6092526660230773
-0.28437819574090495 4.794116656476144 3.1255338511319106
-0.8237757755624097 5.207960060389387 3.050017135907821
-2.221549247002389 4.54014198693911 2.4722790693141645
-2.063195581765883 4.328898169907854 3.607453518927819
0.35813769900844705 4.9194631633630195 3.6706429117315515
1.179130455327406 5.145030609222456 2.4254054740166655
-2.8852223804937904 3.8220887445504963 2.2390086491291483
-2.5697593153009612 4.061876711140075 3.351229381161598
-0.6964609066978319 4.602123924986015 3.5238879494461224
-2.4074411208772752 4.740710787610112 3.0642219357852136
-2.5817539690618827 4.932540045802935 3.336775560653994
-0.7121551657614851 4.124016308114395 3.103061200357869
-0.8444156009977609 4.418938234490671 2.4724986668852176
-0.258631526330477 4.415501958882005 3.1611104063223876
-2.5901455486341507 4.600436470337864 3.864952933015247
-2.3941506971144353 4.931368955431709 3.684130178602749
-2.951328171527325 3.4940555977874905 3.1544410159419085
-1.260705755331825 4.534379468726878 3.1308241235524075
-0.7273250746166939 4.018050003989844 3.2497109893575598
-1.2736879614722776 4.719418181646712 2.785103761944559
-1.3881196459623348 4.724110579525432 3.709981790481122
-0.46697941654498265 5.905604226606424 3.6098677653135436
-2.1655141084228955 4.074382967033332 3.5882111931330143
-0.728521343725799 4.92108322722656 2.9528321113842964
-2.09400187071471 3.5874564446811017 3.5060462642955836
-0.5125254962768597 5.175846812847435 3.3435475366961454
-2.9520846900237894 4.090556812371024 3.2827617691642645
-2.8635820406956447 3.981315197447928 3.513344398365853
-2.0602632187389025 3.3904401300301554 3.3053075018337776
-3.0167695324022126 3.826707423613226 4.831343654708661
-2.8119929813460494 3.731069490095244 3.6314745778742212
-2.4131306348089656 4.733681409609538 3.9369177791233354
-2.2853326989656786 3.714249811524907 3.438378246489294
-2.2120251630933603 3.600765182048056 3.5213251182987753
-4.239296780914412 3.438496091616046 3.685553112588093
-2.7962737338338584 3.810914807479739 2.991394158238485
-1.7071705238386592 4.216446519229286 2.643845553210899
-2.4993942036146493 5.664316149222825 2.9994621065132705
-2.859827439381262 4.002499517391082 2.3828112006863753
-2.7235834899408626 4.810112069003048 3.693528984536514
-2.7799092601610282 4.335759708917692 2.9359979512044947
-4.286017937382398 3.915924814149448 4.025169059122718
-3.044233815440633 3.7726303788740063 3.8011183858665736
-2.5587142657849498 3.762871861084715 3.418211859280229
-3.5661775089483627 5.01759065904212 2.7908802939004165
-1.0049522048691484 4.3825053062722334 2.9857901480257567
-2.9413784446469493 4.272011853942167 2.940944944402058
-3.478783142144796 3.599701399600631 3.7553959611701937
-3.487688317463531 3.9556997574615784 3.4473870270286033
-3.0502031435436434 4.2288173812288505 3.9222887393743653
-3.698502908050198 4.263982919435545 3.346583139980951
-3.005477193028422 2.780740634767793 3.8405541875054516
-2.76113700556731 3.727596599726228 3.9146116143127565
-2.7178506341386863 3.632152234180188 2.933472701509678
-0.788710541601334 4.943550405586555 3.738993134582812
-2.1638550137082997 4.365515321849094 4.595086915544096
-3.7567786403105505 3.976157765706015 4.071940036664309
-3.720061327767812 2.0685090260242425 3.1217719939847175
-2.5792796529572737 2.3776004045758974 4.638406143874462
-3.9949056578443676 4.005116620056345 3.6699176254603634
-4.30564028404091 3.8595889339088476 3.005726236628918
-2.961998662595134 4.230156321315426 2.951870550604154
-2.895423132887394 3.105349728430933 3.528472951912062
-3.758345215130566 2.952072355847849 3.740033776430468
-3.578469120538961 2.9331444937509468 3.5530403179491494
-2.599116677861468 3.969574265478135 4.060575342455185
-3.0362562868437046 5.7331776892177935 3.959886816629085
-3.8072403827334265 2.8091754399006885 3.9321150112006715
-4.405348384753108 3.321531813337401 3.939666554810734
-3.412686549345635 4.536049570509602 3.7100569696160064
-3.327902046234671 3.0352574237245578 3.58424451878303
-2.979820215000676 3.4936001241308214 3.580848027600733
-2.2149982501839753 4.858823353951831 4.513812804813401
-4.068313475639796 3.874970640285852 3.8836193157790806
-3.081030324291895 4.3366833588671385 4.9977853367674125
-4.249609936227868 3.2546295481251617 4.376110930230279
-4.3161641726938 2.9311389620648547 4.570471371333523
-2.4177989139378355 3.6655357964893533 3.8953282947345724
-3.402620711782724 3.7657809535312343 2.8480982270990576
-4.5655036410669725 2.751806323858477 3.688306284978678
-2.032573383881551 3.658340896814825 2.7079036236633645
-2.6413295813801354 4.242799256755602 4.037076855996318
-3.7250486595786882 3.1492292486826567 2.8140391008197563
-3.8208518627972405 4.736846992974695 3.4586280875067463
-3.3575488787074304 2.6534158748609924 3.5573744742242748
-3.681119876710286 3.8991325700031148 3.71915732803345
-3.450634390209555 2.792706385249524 4.792347842025906
-4.286276575270259 3.5746105835501742 3.110902117632692
-5.141305912786599 2.2948606221764765 3.9871477714908
-4.2038568423155445 2.131064775624523 4.250641974337299
-3.070794351758121 2.8250251020884662 3.7447203315766795
-2.467199115548176 3.5055341922936747 3.7780311253341208
-3.3624932915370267 3.1929098727926997 3.996925463327069
-4.050367984064532 3.1776860778765816 3.8804217689509035
-4.3062574597554555 3.661537327422129 4.295538939145531
-4.097476857912029 3.8624699307044086 2.803469750092164
-5.134522088479775 1.4108761219548644 3.6225032740780034
-3.965415277700107 2.244048389502271 4.062812802800632
-3.116775294181986 3.0301713383024795 3.726070881249293
-4.9919340832747805 2.6329623209258117 4.523472089208609
-3.041420882814883 3.167365612626887 3.606815462834541
-4.053197637827817 2.3892222836765638 3.700624302499271
-3.550132162313533 3.4310946077059183 4.058922556396769
-3.2624540214737436 2.945743229022896 3.8817552494817282
-3.050197530781162 3.3765740466841687 3.0669030254361513
-3.755968971201667 2.8780714397975498 4.441043834587238
-2.956725258705382 3.885591020499881 4.6161119631703125
-3.6868013804861945 1.9412157580569844 3.6591278651408645
-4.099171590334759 2.930262604001579 3.172174608464081
-3.883475139393623 2.1394142833688767 3.7880761686419646
-4.10119212206774 4.289361503188386 4.449254606103524
-3.8313134157901585 2.6752564971734816 3.5035507832740196
-4.533979392529206 1.9953793295101079 4.412885051732673
-4.710785654872514 2.7021888979550703 3.9307471597811934
-4.658398059726878 1.3526329814616576 2.938459485425663
-5.084078359217728 3.355315117900469 4.052508208456536
-4.525294862169677 3.233226884383866 4.609850801720846
-3.5941544543617976 2.348881421876774 4.02348537380022
-3.6535086890731043 2.1825183005482156 3.483768331592809
-4.880002240500782 2.276514910423544 3.921028017045263
-4.3757983611841516 2.4901117040953347 3.9440403887007442
-4.30842877592355 3.15824354034482 4.500965114558665
-4.732908019493984 2.2507308463358 3.7916963148530995
-2.4180210828584596 1.945046653551023 4.059451249612845
-3.1959662790528567 2.598295488607293 5.02611239687717
-3.554777107437789 3.3120323787446533 3.350867361859141
-4.702147286033932 2.507503637471499 4.236699031566115
-4.800789720998607 1.9021603443957578 4.227317925970212
-5.139477009801679 0.6398118537931905 4.496611463180145
-3.6376662649087605 1.9951667906275532 4.260801247385317
-3.8887128475274895 1.83640376915906 4.137605557844319
-4.684961532867172 1.8295903479293383 4.22374275124141
-4.467721557199292 0.3181449727218834 3.5715440541788235
-5.371658160535578 0.032726920434862916 4.431106383001053
-4.530560708315138 2.5380123288126435 3.4555661507191093
-4.275590337443802 1.543778845324946 4.516133561230574
-4.919513584873928 1.3400669006205437 3.4246251757653194
-4.414328562506963 1.9378052301550306 4.300583746161451
-3.939170344640312 1.5050787862209611 4.925525319473965
-4.61170391480754 2.6955000209632214 5.40641499697347
-4.437359633423783 2.148214541853671 4.000966274858077
-4.481655869633599 2.754905846880107 4.638025594962152
-4.679664739477308 1.9448585695832237 4.992144902298829
-5.0327226395441995 -0.3900381398966584 3.673504272719432
-5.040669689389787 0.29180646341896493 4.426647228986246
-4.937155792937024 2.8808068891610086 4.603222729591295
-3.5018415763022546 2.2762554621261373 3.8862431019892845
-4.0571258651593265 1.8215646221552617 3.415515944666181
-4.724478290981838 2.413354812978359 4.459263214684045
-6.014845029477807 0.9626653918601613 4.882273652319963
-4.18301617718548 2.0627398622441278 4.945133547026867
-4.521830935006728 2.597344574230742 4.409014477443566
-4.742638613557621 1.3838606827495743 3.506586856997155
-4.98965768062276 2.209937378817455 4.804010367371005
-5.389790285075689 1.1970050807459567 4.8261554221290694
-4.616804328755806 0.8106006383706876 4.246078867762418
-3.5811765503791597 3.102547327312606 4.4249333082167945
-3.890034006722661 1.844655227035131 4.109543286133652
-5.029755634507167 2.7541077411087156 4.710938857546896
-4.572221860645542 2.6924067009389216 4.819064536823774
-4.110991858994045 2.071157284050535 4.61482379002253
-5.090528585650123 0.29648830121990305 4.879540448293687
-4.207285758066665 -0.01920005196673494 5.142382735422988
-5.1613730469961485 1.3840660596511563 5.101288455286285
-4.8159706532124265 0.8492994540202767 4.900246298073365
-4.992615220661459 -0.3241618593916303 4.678847212457274
-5.225019485863471 1.04321608759232 4.479618341814844
-4.931361735860975 -0.7101513287849368 4.506741354249272
-4.676017546787763 -0.47014693007586766 4.942910958535007
-3.8559882029230033 2.102266587117577 4.938343040354072
-4.881249782928062 1.0469393930031983 4.734376781384587
-4.723304599393055 3.0813497259891536 4.503515253521722
-4.347830809373226 1.5406233412903005 4.819436134074681
-4.039656024510002 0.3549212024904516 4.343455048068433
-4.54663780136772 0.8522835570283006 5.5190379968513295
-4.920238169573092 0.8797371433040237 4.700816845161243
-4.520881580601375 2.750521012946586 5.112008570667134
-4.012618878311103 1.0383145329776846 4.762974683724417
-6.1824950939221885 0.4990607671540053 5.593792799439113
-4.80103679804589 1.6838422237685113 5.629814536052428
-4.729780664403882 -0.7320552786303722 3.5201940587827085
-4.989876557931613 1.3674217417951435 5.1079157145060865
-4.8911170071232695 0.0946190966554771 4.015559065470104
-5.086125282817915 1.9441078768863462 4.245395328700797
-5.52542191772419 1.340575901566149 4.9686597823037895
-4.1124852140000225 -0.593566461476715 5.067165813103063
-5.077943137494692 1.2103627830796697 4.999414858350382
-5.63541865655551 -0.4328437769453767 5.189377984494666
-4.36350127905496 -0.5000458593235996 5.070849592947936
-5.481905962262049 -0.2025409832346777 4.971120467597375
-4.420911340623981 -0.31142875207371545 5.233949415779997
-4.723506500357651 1.4100351556029507 5.326186568915306
-3.7225077520587893 -1.1973124610998809 4.758523611461491
-5.191501206132644 0.7116531307949192 4.443937990428887
-4.251830419406528 0.4018115706631282 5.874199295209062
-4.9404724755115685 0.5679526554193213 4.518749641145352
-4.7584105112900295 0.9991299657196037 4.336762735484545
-4.865485038294775 0.4051893714047725 5.595618004976072
-5.199651171592652 -1.1890525491558244 4.731159929992648
-4.851342713180219 2.046547630248693 5.574841647462682
-5.224986475143259 1.4953598229041176 4.499790067925648
-5.168037495952685 -0.4105868572600516 4.523053259741398
-4.276357089844778 1.7729677664427987 4.8057516698226035
-4.724660117539943 2.4003300329246087 4.8487782763546825
-4.6909254452717155 0.03290034390767149 6.010788630006708
-5.310549420312075 0.25618114834081407 4.902334502768273
-5.013694692502418 2.154561431633537 5.056544860617238
-5.192063263363989 -0.7961081651142612 5.315547670864265
-5.169948198634907 -0.7378491902259374 5.591943353176112
-4.763368403089907 -0.3078811604268205 5.050356197338701
-4.730180495623858 -0.7422785695381272 4.995084582500163
-5.915154737512322 -1.34191291086798 5.429255370241762
-4.5306182160467 -0.2250150649381757 5.100856394553844
-4.563282971103345 -0.28124947324790023 5.899324957190079
-5.114319361187577 -2.3119146056862174 5.052339557114625
-4.63861121120821 0.49740734759445215 3.9260296753015007
-4.670788445621449 -0.43007856486294027 3.948143453688105
-5.006377362573344 -1.0885184782105861 5.517756386957505
-5.447016568321008 0.06884757078380435 6.016945804352419
-5.07783878569048 0.10334570196861609 5.239648507314249
-4.460599752281877 -1.1732844219815277 5.281253684132354
-6.102490876940176 0.22890965026010662 5.094462931334287
-4.2910337114813535 -1.1658418687070369 6.894073181581428
-3.838412977312414 -1.637822123689491 4.898519942045303
-4.382280915302303 -0.7206661498466391 5.723442727673721
-4.956071190589114 0.06239453993024987 4.598212871496442
-5.728023419454147 -1.1265930187393203 5.66405808206604
-4.579120928171367 -1.1380029733738328 4.913609696916063
-5.2193411469675395 -1.5558924098151818 4.906293927313079
-3.938714489933257 -0.3089122882803787 5.123071393069373
-5.448302934506109 -1.7657067572960135 5.701186342288684
-3.569999437182232 -1.019972682526273 5.000950586368463
-5.220210456357389 0.529398086187392 5.394672022263665
-5.079146008333451 -0.3353398549610909 5.566888711650679
-4.662524730921862 -2.4407347827860266 5.4139525925737955
-5.170823548046103 -0.8271884399860315 5.273527777801059
-4.3569652388551985 -1.3997726349875768 4.77652255274985
-4.497382570597953 0.9981514065543612 5.161791883150752
-4.69822264934562 -0.8129454781912855 5.04802982639947
-5.350199649367535 -1.5329861589482197 6.09228465009116
-4.234247491001308 -0.7910745958456187 5.681127880966594
-4.152237076968522 -1.2505698662484022 5.390230442884925
-5.802760755654394 -1.1043515915573245 5.049360139722497
-4.29836530483141 -1.6115058457443103 5.302385126724186
-5.197372691402877 -1.7248442290472854 5.180540293374535
-4.728240038894369 -1.4168784489058281 4.946964469087098
-4.274823065688908 -2.3351014561350802 5.544473499484547
-5.091664410466332 -0.8123502634266255 5.22269644011068
-4.128027599796222 0.029503426617602226 5.07830641520341
-4.06589688319958 -1.370395999894611 4.5760254401999845
-4.7202066966398775 -0.8887797316191177 5.812995431596576
-4.410461176320664 -1.664324357305292 5.945822854176153
-5.151677770725761 0.13302011779153464 5.129847256503834
-5.400453401207953 -1.6836253248669977 6.422698923422638
-4.54464644347773 -1.9947335656989615 5.254235791895204
-4.830592706610435 -0.49517856331989774 6.489643009515562
-5.352078557847464 -0.4304983966009737 5.392194354181064
-5.287047016439119 -1.198237551364703 4.528663306520172
-4.99265218397325 -1.9105042273892459 5.967174788339186
-5.341495668514608 -2.316772426390527 4.684587074726344
-5.197265067373932 -0.1506961806815137 5.670913346347411
-4.022168898384842 -2.8109888529749183 5.621513637296311
-5.25571562753833 -1.0427370704281498 5.968189713388838
-5.104394667591972 -0.7706070559867372 6.4582444190533215
-4.66931641599484 -1.117606272452557 6.697379895724021
-5.324020593511123 -0.5743026379125938 4.997873243715003
-4.213366103484508 -3.2482408542004877 5.723585071631819
-4.97141989735462 0.5113195258209793 4.950801844558458
-5.787580518277931 -1.1962057154483647 5.802533101168957
-4.605639840477578 -3.1630943463112957 4.58143623573568
-4.902304850356347 -0.16453027640589235 5.921094370554508
-4.413895625504211 -0.7100041845592959 6.219407498973
-3.892557656440821 -2.7352954644973972 5.708719847914919
-4.389260003780635 -1.0956751183072713 5.995156458491396
-4.867184139420411 -2.3833517734013707 6.128410479932903
-4.175816477589024 -1.5442491852110507 5.175401338647922
-4.684903911338055 -0.9007171450366385 4.4727522440686105
-4.226001952619235 -2.791301009298168 5.964559149409287
-4.182266035217052 -3.4502025278105473 5.981083968768253
-3.612099082442004 -2.647567547275814 6.169066466366258
-3.5719219840459218 -1.9289915741016366 5.961364794988642
-4.426920735498684 -1.0534099865706172 6.509004161838294
-4.7634241493365685 -2.781257350841924 5.4933088563363945
-3.808147760731704 -2.2232528334628414 5.853452986722448
-5.2937030771876135 -1.3184002191340396 6.900837537099506
-3.781605450423484 -1.6731674801979912 6.361855111258897
-4.109633883429203 -3.013924006597177 6.511175077954324
-3.6644206938846753 -3.7292123657608602 5.808743596445228
-3.4922343479928126 -3.6644178270870604 5.404697889975738
-3.965014374707789 -2.028458085678945 5.94095298567697
-4.467527527944594 -1.4769282968320716 6.342159974664184
-4.7014148241218106 -3.0429193914639256 5.739193823210726
-3.6952700998041665 -4.419893028048231 5.99246766292019
-4.995711915819939 -2.808627361857886 6.0930825984077
-4.410013266486411 -2.4168177887355564 5.639630929940072
-3.5112179599950566 -3.077701992552881 5.699636767570929
-5.137616879689005 -2.3385747744157244 6.467845203023771
-4.044736223712616 -2.5678643370854313 5.629310343206501
-4.566256890041891 -1.8048235683861598 5.826520839947091
-4.648464788225269 -2.3658131221914513 6.435113787156031
-3.9413726562317892 -3.16032751873654 5.6637753435188145
-3.7468313390557206 -2.7414947775214134 6.367331285760664
-4.548860588649503 -2.7700363994910537 6.097420145707904
-4.079711000399867 -1.8442629733055615 5.736397535724396
-3.3449414833888635 -4.472569989277523 5.949818452859997
-3.6327933405041364 -3.7482610924969983 6.0136144359395285
-4.643807406544701 -0.9243900739589586 5.985369477292277
-3.205897397944643 -2.8717448529612963 5.980637868138507
-4.133933082882284 -2.6757094858440005 6.195701114644896
-5.045668449226566 -2.0296167114941994 5.711740836038191
-3.737524474679414 -3.872879262639403 6.783844692611092
-3.325451307196153 -3.9865535226707554 6.2964214897521185
-4.308711059212767 -2.194800740151406 5.156603500825266
-3.6578129896213105 -2.819557097790148 6.885799555123926
-3.8542330344718843 -3.0626514686580495 6.070632786304653
-4.204072502644631 -3.7006628923807323 6.171746569355821
-3.640473386376499 -3.35032704005806 6.5504114932693325
-4.158695751756294 -2.788531761427133 6.010028677993129
-1.8765748596413283 -5.0362328033842845 6.8028149472860875
-3.7601470856862957 -3.003136575022497 5.578681662970227
-4.003661591805913 -1.9062386279705157 6.286530779271479
-3.3389854634032656 -4.027325196780601 6.346549896564218
-3.6337271362118293 -3.2860091537146547 5.7770104232017125
-2.590910276493696 -4.956423594241175 5.842417887077049
-4.002628120014322 -3.732846918192919 6.415700411161197
-4.61184652155156 -3.2523262602044554 6.134199670397479
-3.0181020925253446 -3.1363104913974156 6.458456014356905
-3.617688003585404 -3.3184847881892052 6.2939500477131425
-3.3557940117563687 -3.868712339560551 6.154393921667284
-3.9392754700335533 -3.8650614420048997 4.931010651025969
-1.4285684664994773 -4.808326004426184 5.8032186898331055
-4.380617163130764 -2.2809262278750335 6.296456843776761
-3.0938625242128888 -3.7756265079092244 6.670794730466944
-2.83312787627614 -4.120704543078197 6.004483975298471
-2.4272796654867865 -3.830578408760404 6.29120010352157
-3.3958022820137086 -3.851396694383672 6.081921201889021
-2.960515323903981 -3.712569980653408 6.894270835364432
-3.823979207858694 -3.7210983344156277 5.173486178405079
-3.306828574391369 -4.1881251396131285 6.129125629201129
-3.2094141066786355 -3.4138729647208557 6.527034329886068
-4.118146066247786 -3.7426883528801924 6.580297016898798
-3.4108756576180665 -3.3589088783740384 6.590616007464539
-3.49355930973177 -3.4956751815472553 6.002827700485846
-4.066784616825167 -3.549576672402384 5.912029687800279
-1.1032929535303213 -4.701812527334617 6.707482009723382
-2.707881940558251 -5.400933470567621 6.3678484212261734
-3.5557209262947285 -4.116169824734312 6.393475435643108
-2.804966463277882 -4.280048514042355 7.397585086755352
-2.6115155033366935 -4.208591649026223 6.392188204028027
-4.720311105562663 -2.0116946214436755 7.174243858463438
-4.495134534388623 -3.945633088323066 6.227479996401999
-2.812886129498807 -2.666123472581926 6.9074297040662875
-2.9556398189075006 -2.6088213305744246 6.415404564235714
-2.0427216699901347 -4.479970842223085 6.46238109845829
-3.0967514978600894 -4.352654059976697 6.880006463785771
-2.9696191617316594 -4.2087379122007045 6.320865716042097
-3.3002962127938473 -4.784172117922399 6.952895222899065
-2.934612411267821 -4.403620474512625 6.80446575229075
-2.510599927062531 -4.477888064415679 7.517712284062408
-3.6852557967659254 -3.07936633930192 7.90909462683105
-3.114834026012376 -4.950052100874905 6.071228572598881
-2.9228122715858382 -5.274256557986813 6.4928260384377845
-1.812705557389987 -4.9371987481283925 7.093268724557512
-1.1068823019627956 -5.0386672545630145 5.919009185661073
-2.226149836036857 -4.187131078219752 5.39243556932032
-2.447398957354413 -4.586972433589147 6.570371775563764
-2.958097397579708 -5.061290169892243 6.7095513179915995
-2.578128503284693 -4.741106210915015 7.350399185514754
-3.7907548731098966 -3.0506521372758493 6.865540931651891
-2.8731847626989313 -4.7124885801448775 6.261964621138533
-3.41862231051711 -3.07197297667834 6.7898102859540765
-3.0672136797067657 -4.594975802312326 6.259864848832531
-3.1227968712877314 -3.9670243709269335 6.790023755794907
-2.455915625412335 -4.409940539236526 6.1906051771302675
-1.7553872156685455 -3.784931666719883 6.138172143233762
-2.0585894043727597 -4.226360288094233 6.714658256563485
-1.9523367346050966 -4.131249942965601 6.580959176637813
-3.3215044214783895 -3.1755909128499176 5.2412773085472075
-2.999277648061917 -3.619174686098654 7.683887002751421
-2.6379198766661016 -4.978843052578792 6.446287947283606
-4.473855984638318 -2.987179908986699 6.423431281491462
-2.436508770123597 -3.3456083244085657 6.55856574009381
-1.7741364295539077 -4.77445306460759 7.149474239333143
-2.7771000236121073 -3.487534663762861 6.519194180000321
-2.41320332110342 -4.571827971558754 7.166609528339416
-2.051786996863437 -5.780111330360235 7.233535954745683
-2.2657609628305884 -3.6199739382601734 6.3971242601602265
-2.812349566400532 -4.350359117082664 7.25344210670896
-1.6595545178175637 -3.9045036239173045 6.2448413203111235
-1.8962415163838993 -4.498492032807324 7.129041645711703
-1.9454839591850717 -3.615932199101285 7.406658267193137
-1.1188950215879954 -4.735621567356949 6.8721488946705085
-1.3240900621374379 -4.7767613997431555 6.712393529095784
-2.305403361398121 -5.259075615013492 7.011679889932018
-2.2483667696876797 -4.7253795173875055 6.678973164207561
-1.3611028597589452 -3.688398879118825 7.03414443846636
-2.3064724131182404 -5.124116985935053 5.6913721511480135
-2.495358355545609 -4.677489029991624 6.365502830590144
-1.1276056366259408 -5.012107802843978 6.7640958666796465
-1.5324582379543419 -4.920195873777955 7.515246330125644
-3.3958065016904126 -4.388717959539649 6.998257534318424
-2.385864765839273 -4.370198383966413 6.441061705490081
-3.2549770950294223 -3.683911669645462 7.309582272172994
-1.4893168384132012 -4.1396405717426585 7.625538563892705
-3.3817528978902613 -4.443636600182321 7.800123839951702
-0.9975269155541495 -5.67932305319799 7.272463810723483
-0.5275800510068611 -4.275727964780072 7.221796269096642
-2.077613928980343 -4.5206831435586485 7.4338014315740315
1.1328744759076392 -4.942454923943376 7.239819574648258
-0.2260071814711366 -4.658257480457447 7.102382388168462
1.438965070490521 -5.289999628830161 7.580348984803313
-1.3391470678234139 -4.9219839285930185 7.998367614224972
-2.7006193247250767 -3.5568574667703303 6.012793893673463
-1.7428670492619625 -4.729308994938968 6.925034621173424
-2.070364104612868 -3.4350555700023726 7.908399345300775
-2.219837966246595 -4.3855751760034645 7.177683523122546
0.35805083292054335 -4.16949281151094 7.015858621431444
-1.7565282874389256 -4.946396222143381 6.544455554057799
-1.7962372882032758 -5.060028830955919 7.283211858796189
-0.19069714035308308 -4.152910957387173 7.358232456419549
-0.8167939626314642 -4.439674000296889 7.251459757442454
-2.007963086998651 -4.25864088809657 6.991051643557553
-1.492104212364848 -4.309168352452101 7.8256662286590934
-0.24182810457211049 -5.0114751299669065 6.570015793929986
-0.6913967545278898 -4.676557531946355 7.167463538966397
-1.131293358036914 -4.8505422723848515 7.1251176329698875
-0.8270921399027299 -4.610147747368667 6.947762073879737
-2.2497077646878205 -4.528155314605421 7.69139418145968
-1.5024315377406339 -4.008229898445841 6.562357739223732
-1.4294849403048078 -4.562224419584607 6.724558672688966
-1.0394202157909165 -5.417933979191096 6.460403786108142
0.3677225360863272 -4.793728724370741 6.866686195490166
-0.93522805388969 -4.600400852806786 7.4578563626202445
-0.10390741338659333 -5.4014677494572085 6.958086789218279
-1.1456569398632843 -5.298963531208594 6.9951637860970415
-0.38389728601836914 -4.871864244712153 7.7016248383987875
-0.8765152240107212 -4.1294071799831515 7.333782312930945
2.0248440528330276 -5.302582421820067 7.691583491017553
-0.6904302510414149 -6.38246027526302 7.798203904804896
0.12342010996461687 -6.228239458798828 7.294382599482401
-0.3707300439884968 -5.0356148306558906 7.250277912485346
0.5476121935213506 -5.0142556518638814 6.78999724217177
-1.550707460644023 -4.875815443729564 7.157919962829103
-1.485345917861916 -4.9710798434303065 8.639493675846897
2.2107362362530383 -4.231812996784755 7.429754215606451
-1.079569195550965 -5.055767861763239 7.4388912231110185
2.2338170401075494 -4.822003391175071 7.390281661359584
-0.2906235297411992 -5.5546280885540575 7.100259369847879
-0.9842860887756355 -4.522091365409887 7.60871970786025
0.6777224238879567 -5.1401103922488245 7.583573591675365
1.897304411524993 -4.387450035856172 7.427596576085494
0.24406960382907977 -4.271171096356783 7.734655928631251
0.5204740127001569 -3.9605360118449564 6.986982562810881
-0.07613521058007262 -5.3828678958360925 7.780784416956719
-0.31293346907621095 -4.695397648234733 7.501105426676524
0.4198941019385925 -5.7420666723758 7.864264878569624
0.5518898090721498 -4.332657697802703 7.784008497145479
0.4857727320884124 -5.0721618860592885 7.608486316418753
-0.32019429130405314 -5.663622070623682 7.738737596683479
0.02095861188308121 -3.6756698613243466 7.143875411755585
-0.18345219833092943 -5.3046619648409905 8.194131410351103
-0.008301764396865655 -5.105319617097537 7.764284065209066
1.5314622032974867 -5.17349629816635 7.63853941734377
1.7122478514546309 -5.155918420739031 7.454641944469699
1.5070348014327617 -5.211692290339472 7.474519096176223
2.521379337503986 -4.099935202467456 6.472746329257941
1.852612861403356 -5.1675212561112955 7.6960653573467654
0.45287268027898886 -4.602499361524268 8.636355627946726
1.5011816758366574 -3.9972756887889105 6.919766119942695
-0.7322354009633161 -3.979696380438504 7.411495463491095
0.14271087937752297 -4.1149876235937715 7.5337146554531635
-0.37348443427284944 -5.324704466112224 7.726920783427061
-0.27013594259296536 -4.111451852251319 8.040725353145783
-1.010618573255674 -4.206344585805468 8.73482396924656
-0.35129188264145267 -4.97775605122703 7.440453394866766
0.6960289652110411 -5.0870116595941735 8.127968887083508
0.23600111703389468 -5.081202026573701 7.026466396343814
-0.5323176360060532 -4.730730924220432 7.6335256903929185
2.4227254228528823 -4.7361973356661675 7.736458167508001
1.6676295257422797 -4.5623681990765945 7.8472863809596625
3.1816185314472443 -5.097383831273197 8.175357788119197
-1.3773442349578506 -5.031274712996082 7.72778663471971
1.2803009396061629 -4.762602710799109 7.460938493680582
1.1145930662054633 -5.82422057959047 8.2538248563475
0.5857119742013663 -5.03562919717403 7.802211243110283
2.119089323637045 -3.951417714841261 8.038605013454934
0.26102111776132764 -4.655290798544485 7.33944945449378
1.2284066067210855 -3.9808871071559038 7.868033633370812
1.5767831914699906 -4.992046761133637 8.276371435806153
0.7421183905546412 -4.632471802671533 8.610521084860482
1.9182610324751777 -4.1300925494506515 7.522524565511372
2.101217096497035 -4.865481851097537 8.048884605751473
0.05598550618167104 -5.3477840161542565 8.130427517345783
0.6068135441703094 -4.958818227676686 7.606101183363653
0.24349701421847625 -5.220424881261251 7.92990571056942
-0.48769411890400705 -4.968784364130868 8.311578363248957
1.010252080595688 -4.926706742289265 7.57002419955491
0.8848964840637197 -4.75710440967798 7.675549705702422
2.431939491626793 -4.102576543590504 8.481980087903404
1.752122132947207 -4.763773589932751 7.63327652594687
0.971349719193338 -4.815453448400194 6.842629166785699
2.1691580677339437 -4.427166251516391 8.498474334484413
1.9274815519552682 -5.132367231887371 7.962065094856616
1.5581462596852869 -4.942276666957506 8.22409881189502
2.5643779118780565 -3.86887006603829 7.033438880073152
0.8559609461176801 -4.53660326055366 7.079475706688525
2.4522388660430465 -4.655290142561388 8.058006493832922
0.48814661142882676 -4.705112725012063 7.383226455360199
1.4944667112790746 -4.509567794184795 8.556767658560796
2.5939692498087727 -3.948310869930189 7.869675889077509
1.8144357084686629 -3.7925526307597655 7.784117668413771
1.69489491067723 -5.540046041202842 8.254007413117456
0.3602720805845262 -4.062920583520047 8.153218206054376
0.46227083287429366 -4.978414407071576 7.5227683333963435
2.8321209770410523 -3.812181441678886 8.275868157759676
0.7484681574169899 -5.520675855158647 7.901362312487492
-0.457112052845035 -4.5184069173379795 7.644691186375589
3.12750048420935 -3.9899734549715467 7.947893334920121
1.0927576769687415 -3.930028062489823 8.261080009677553
2.481626477201694 -3.5828412918557206 8.963563288283897
2.2572215709526735 -4.218933319914838 7.84004108201612
0.859215870876097 -3.7223541302734056 8.358737974539475
1.9794583207842917 -3.626333951636231 8.301706186714343
1.342181440810823 -5.0804124812286675 8.124327258244469
2.036166793346632 -5.055671073405322 7.779118309515562
3.588870732242287 -2.7863152827636615 7.855280849115218
1.0813241428303155 -4.701378184331121 8.805578412169575
2.7967664567051833 -3.4952210727506468 8.753737211177453
0.30334066074202354 -4.735889813404024 7.631090001509246
1.9994371536300546 -4.321459773110389 9.30111137339684
2.094156812325909 -4.509042785861126 8.183141411654288
2.7278228956373263 -3.11134315756662 8.496262369710907
1.8637585058679318 -3.7425605199935843 7.849763311574893
3.438681366359338 -3.3496324743931725 9.825370558488297
2.146465214947382 -5.042382464875815 8.204159137193557
3.1735566269653357 -4.358246328999757 7.617530891635536
2.3569171848039536 -4.5582560035313655 8.490166059450061
2.8619467931652562 -4.191437957280423 9.044042236395622
4.334187114171585 -2.7532228259805045 8.859004081538455
3.841675554404193 -3.938373796939881 8.684340407398869
2.0639755823796193 -4.149310370018776 8.030619466339358
3.726886423153225 -3.927118313567014 8.37550504892769
4.139595998161091 -3.462080059055312 8.35091576008532
2.0542188975243985 -3.6545001699287654 8.533672816473121
2.17253404558271 -4.160443657463998 8.560287557245495
2.1507116260732695 -4.422553681777532 8.824384249687961
3.03436486780362 -4.4859892396981795 8.31516663546303
2.305355237825321 -3.89527430780859 9.020315828669043
3.2041908334266243 -4.563308258848223 8.869551832368563
2.3753871304921916 -4.184908805115709 8.450737922316488
1.8735127215181822 -3.742832771321304 9.079402550193509
1.3365645111588165 -2.9165624995260635 8.300867152254535
2.5119477289018843 -4.470811126433939 8.48599369674382
4.855480674481151 -2.3264049116490937 8.054736087628394
2.958609327906469 -3.401976442200966 7.371959802414676
4.099137120841412 -3.504649337124958 8.87314991978447
3.7038395833559368 -4.454158192858863 8.930321253862665
2.7751772852116416 -4.870210199891629 9.47160921734514
3.025458182363802 -3.943417043889524 9.077267519750052
4.346506484529693 -3.7985989790463672 8.496662060470749
2.767594621321364 -4.115188143275475 8.53499855579634
2.6786826213711397 -4.2027073814107965 8.175494691912506
2.9114636715361746 -3.493613939205733 8.01700003765352
4.3730448606885375 -2.8839826269254587 8.610121705031496
1.811528327630283 -3.66610843324521 9.000054587702289
4.054811360007493 -2.986982025437366 8.95636292501798
4.342293862333289 -3.017514020635006 9.033743570226664
3.511727964642777 -3.9534002529674814 7.701049186013907
2.999975108222987 -3.021165645792257 8.780955891431772
3.1128614120458042 -3.96484724825418 8.200977522449282
0.5623980463873515 -5.253509065173673 8.713870886199173
4.433602563522321 -3.043969392330612 7.594317556968268
2.947857223349901 -3.565631013902107 7.787867759013411
2.6904871268547033 -2.5404520399750266 8.784567976463004
4.121113737979019 -3.007509182052201 8.52641678556798
4.572104432683361 -3.8445989556600533 8.074658652036408
3.658680001699792 -3.180112257980149 9.14684715830562
3.8403854321058124 -4.080157281506011 9.292560584348236
5.0856517341446885 -2.0337349208529756 8.563402741994077
2.759297070492122 -4.686312628233633 8.710022758163698
4.30005899721994 -2.130465129418058 9.09660208732046
1.1570596631772418 -4.9178318895263216 9.322255851343497
3.729302166094709 -2.6388172441141373 8.04090652984088
2.688708878439489 -4.163253852077941 8.90967553506251
1.618456792659331 -4.079540668351526 9.475075358058417
4.677702727404717 -2.764311409901727 9.180688710109541
3.5402954169053045 -2.7203968578148916 8.033610643331624
3.034805219757013 -3.699474846556286 8.833338070915206
4.472846457347955 -3.7752560129413277 8.532633781397061
2.729662764988438 -4.288425104070414 9.043878985046085
3.720663297556588 -3.7257218876875213 8.67013801313827
3.97270368929626 -3.6574806330301532 8.136377047656653
4.230805897781051 -3.4216476784646206 9.177705630052369
2.8044742716067685 -2.3410988881686228 9.517474075098377
3.835372916268947 -2.5026137441144876 9.027020284084475
3.4287685183002328 -3.0360845300214585 8.535929463149172
4.228047374926613 -2.7589404437061464 8.346420456701352
4.709765033477025 -2.7666758758995043 9.009359499256137
5.01831918438458 -2.2758687592053017 9.228211186559495
4.109332479800572 -3.042732265832568 8.162462968324562
4.282290017942396 -3.6436449829166815 9.603827896597263
3.284098876522486 -1.8223318592118802 9.165869234930502
2.1849491526620555 -4.779708318258413 9.400340927957773
4.04167254369791 -2.729067041911883 9.317196197339186
3.7866244233963573 -2.1930071701389715 9.631115907039723
2.487467435819024 -3.8701857898303254 8.81597432509727
5.034160582620262 -3.1561477777994944 8.545982210564068
3.564910333445106 -3.4635619046577024 8.921705265040833
4.683411810343107 -2.3590250248487163 9.021989468779985
3.6318512074173377 -3.2147712703420406 9.938915355321585
2.614987513739463 -4.48190934687751 8.971032935008386
3.4242815747891724 -4.160164091795888 7.858831920814099
3.601504470453267 -2.964249217889332 9.485478036169157
2.831771428686805 -3.6544640007195337 9.214141173220204
4.409577228438233 -1.873825936807589 9.096412784090798
4.989881880045284 -2.533097127072819 8.852476334034096
4.434987363845186 -3.3612488947844334 9.009916809179895
5.420341705600558 -1.0478437664536193 9.83271972833957
4.3027362125629445 -2.8050031260843253 9.333279496387949
3.664555604042818 -3.767964781291162 9.20164050129827
3.6512792286720397 -2.742165689329114 8.947882221421539
2.8593900932447975 -2.573927981021132 9.507466034276545
4.141661849344706 -2.56725057938631 9.283512471341213
5.080559157325829 -2.34408902466432 9.477800999867267
3.736699896617223 -3.6289483404904854 9.5941233317849
3.859543390723031 -2.3598897446741534 9.536822941671034
3.933448501344455 -3.2055111956996107 8.977416591823154
4.983607708492608 -1.9742177227087425 9.750702883839446
4.042213847281827 -3.7836991653484824 9.113713420389457
4.523445067081508 -2.894781400999346 8.648196640423796
4.776479196720772 -3.2361980521732683 9.127778190158569
6.425526486313128 -2.1251299429253514 8.774635180149318
4.16647396636683 -3.2546407314038137 9.003790372349233
4.082111535605813 -2.3044198952148327 8.915288853852438
4.4445266016146885 -2.699851895195142 9.508846449335026
4.191777499409176 -2.929622783298317 9.332940378007319
4.444910650970836 -2.8782139700513376 10.002769832997775
4.0591714746302605 -3.0897989388893907 9.748020892111068
4.555572275600358 -1.810607954220067 8.871071445736138
3.2569025902730075 -3.798656617630922 10.067252895002659
3.8377066093547882 -0.07690420171039167 9.388361873169488
3.5858485923967733 -2.636391981453273 10.213237448555326
5.528499660296509 -0.807846891013568 9.343485501490598
3.978987021537647 -1.5697713109893847 8.99017091551912
4.511976652982877 -1.2293426860613625 9.748984269982621
4.359499522170108 -2.01831065747603 9.887239799991715
3.998429165230031 -1.0211115140991094 9.79914791764142
4.715624380730263 -3.086701759477743 9.291793102114088
6.259510961146926 0.6111856415230846 9.238432916931279
4.8903875529660334 0.012737116981873457 9.787189324220293
4.594648307040829 -2.6159284917948926 8.930127777127108
5.332868639152365 0.09347717158156336 9.16392318754648
5.654090426762989 -1.9940682402588454 9.441853178273936
4.112367826889224 -1.853408987103257 9.64619625745453
5.389326274254064 -2.5530381007752587 9.14897452152233
4.930623665347054 0.32659507945549165 9.51858884707856
5.045434838074158 -1.7663571627379249 9.45106419326389
5.395172636125919 -0.49954770582215835 8.405153489145555
5.226896009460385 0.7839997499592241 9.436863641932009
4.534875368611013 -2.4689201637104143 10.053131971887899
5.242887642942435 -1.7993839207701812 9.15931515459533
4.4555038385230565 -0.19273444359397332 9.419707064771531
3.6974838349346433 -2.2252382982698387 10.594371319580985
4.334618884509474 -1.1552600157421944 9.237751169271094
4.920856047965268 -1.0574753041226763 9.478211106954799
4.884692224979666 -2.3099752563170775 10.748130628320222
5.33084569628163 -0.8206984383885917 8.970007059216151
4.27410982897621 -0.6157861353599507 10.128566914933876
5.233626279586629 -1.938305091215948 9.87176877721715
4.343284501042878 -0.5118089775056278 8.915443712623107
4.81846019519103 -1.1630890334973272 10.490347494668411
5.070005678975291 0.9650966875460133 9.054049285724776
5.162096231250123 -0.44097299736275103 9.612847272448654
4.947794856774922 -2.6080280883403684 9.710862133823797
5.4145491676193735 -0.3205525327832672 9.98899480666079
4.76591453032172 -0.6588741028189737 9.221589861804095
5.548988856726761 -0.3993607263484514 9.12670211404153
4.76941156605305 -1.1685031914234592 10.002732174820512
4.545747087366945 -0.891357226806817 9.285101773676745
5.733616674778599 -0.39899395746928074 9.007553660067277
5.517157160115407 -0.38067926305499655 9.710196422588377
5.711595915189159 -0.2521692845237814 8.602883265389856
5.603559107471989 -0.8766980457272516 9.713902473515937
5.108973324022437 -0.14671348457621516 10.097089128854952
4.3218998315521615 -2.0106746058448834 9.375906619769758
3.972698279654162 -0.08827565211247737 10.276772655976435
5.272446943757668 -0.7774229956580971 9.870270599563757
5.612270168670514 -0.7328579714995177 9.414941742703974
4.830804651540928 -0.5845311701653231 9.636275251955153
4.857660624830755 -0.9403825976673896 10.14640630435082
4.678916927257774 1.303169286446397 9.715719251477097
5.000991524766762 0.15785263193544402 9.339259122966256
5.680798515616936 0.3045402840395562 10.373729817864541
4.526424293639806 -1.333757187866686 10.181618093140495
4.785253269367054 -0.41979383851618696 10.49054326113285
4.900802133731152 -0.24786257122925248 9.223508515134274
5.357682989105397 0.2927237964505983 9.223174629605266
5.151475077580635 1.3002668682795127 10.160946904714425
5.6508996558674305 -0.6448215787487661 10.375026969782192
4.705972546536985 1.6559640951179608 9.670534455336714
4.367287766734217 1.1346862637816086 9.147439396920646
4.904129382972907 -1.0456630456246343 10.486137492772368
4.286590438949963 -0.3970612788832978 9.40088075734747
4.80931846079344 0.20625022554883474 10.987296738120067
