5.120037881538269 1.2951635415759266 -0.06980641129891313
4.478437554210862 1.3676169470888404 0.30860874553774337
5.312346483150247 1.6426315406667285 -0.4843972649477942
3.5377216115116186 1.751892353127237 -0.35429317821751294
5.190850394542574 -0.3708788786619421 -0.10403238326800968
4.384293180505095 0.2375109654797114 -0.20638335928096418
4.175965687676737 -0.8772369859063133 0.1796733359343874
4.095024703779928 1.417722597705578 0.19361275845990616
4.97539123378867 1.7138183957063167 0.03559522279497915
4.742642532924004 -0.554175507751764 0.22109484470228377
4.484469871978914 1.4409136820602104 -0.19474967601454038
5.192134007126207 0.9140280819431237 -0.18381701294392638
5.084412308943355 1.4028770531704322 0.33590650227042795
5.540497539392565 0.3519641534235817 -0.21160863548855646
4.052301226259434 1.2313435107610893 0.7124995221601753
4.279831310345169 -0.7616229410247413 0.39374309069616875
4.758069575386799 0.7233535905113032 -0.029918836633730933
4.210685874275421 -1.3580148443756617 -0.6916175145928567
4.675526919491447 0.8026792005605691 -0.20521997267708386
5.521452067379787 -0.06303242219305413 0.6080242810515624
5.2093544413650426 1.1749192712272505 0.19011519736988627
4.697641836882795 0.6290072577527764 1.0295302122414884
4.60546486322801 -0.674964703290501 -0.030112534620387432
5.084019433389258 1.727587519179758 -0.002784130848886457
4.891855811497426 2.0711537578675765 0.28879118337594645
3.2118748499798255 2.1416588001623755 -0.4155475379954342
4.362306470866586 -0.2745278495122 0.33906473700462975
4.031288233534489 1.0838030094898798 0.5990329042509399
4.959026899255107 1.0794768461810704 1.0740217327639958
3.7768476803149653 2.700315104706824 0.08186045595788838
5.572546774585796 0.05404483424022157 -0.4238007782181838
5.6006259701318 0.8324103596986927 0.7223570368990855
4.157436201660265 1.9083633310993917 0.325889390771735
4.064973590630588 1.5740860591913013 0.8824168355423987
4.693313440026319 1.0900390799237742 0.8227033460057813
4.620035284443739 3.2560832373638817 0.3750756610640002
5.331426708933428 0.10495062433642657 0.8936380938021772
5.3386235821650265 2.2184011867274864 0.329964737648496
5.237953018980769 1.6827576152666222 0.7921687157550703
3.955433566006565 0.8393464293075334 0.931870739892753
5.026570535646945 1.1363937138663907 0.18027785476630637
4.2155544796829805 1.892701942256846 0.6437541547572936
4.8454876324074725 2.6480642310391462 0.8993637639481584
4.779451620905284 2.2723621426944627 0.0868235912765351
4.662989932619334 -0.8443073249490475 -0.3809893087585371
4.6429390008453835 1.200251208083836 0.44785261901975465
5.141798441482817 0.26722609816273857 1.0403471472224062
5.18797382817886 0.524630705967818 1.3945967878067758
4.896832298575252 0.7155499018047072 0.20024625708642974
4.306367189421298 1.5436171884165708 0.19894376622801446
4.650972624904308 2.4668927634826994 0.5801829229738744
4.883690772360281 1.1968019557003093 0.3332929650813622
5.600646840327252 0.9533328727433079 0.4803629851173106
4.228940566046452 2.6282568557376615 0.286053779532894
5.147311908976177 2.0735107874582868 0.12465454414455096
3.512574651189444 2.3992230490059425 0.6306179423346071
4.444727670607241 1.4970457366603953 -0.3100777398483058
3.9383219846166577 3.210568542474184 0.47760026068779876
4.871941770855868 1.9042478364379134 0.6806933636460507
3.9588331999765685 0.8386309822135352 0.12354475614597732
4.259591905545677 1.889159008884595 0.613927581637311
4.132813354613039 3.4353896254597456 1.234526918420662
4.138912112773666 2.2253287415614342 1.2066973106886159
3.980280441559455 2.1812780855178984 1.1258032016858528
5.185383079714482 2.3012955221065323 0.5173201985405905
5.665615813819005 1.6937271181552167 1.2093422089499546
5.162216922792343 1.9129084045166151 1.190808665392027
5.262852189811981 -0.21822880287269156 -0.06534088247190839
2.7718704265094103 3.358860666334224 0.21321654490319175
3.8279327153725915 3.0744679141069886 0.20526989602174106
4.738293086031726 1.527796465371635 1.4789061353330726
3.641799594178268 3.489994663795255 1.4711005129091341
6.258153459502184 1.2160087973119862 0.15887778032288224
4.377391817896676 1.5806298153669642 0.6692694859879837
4.2251932395933185 2.9722415430015516 0.0855031839556919
3.8127200348847383 2.7182957996578723 1.2801537626772852
4.217892343973831 2.360905147228788 0.692949821291172
3.644882665386504 3.325371722202545 0.8665699601272995
3.7479208737719367 2.349591513169163 0.8455698386530377
4.841834921845584 3.5416271394970655 0.7208696389779856
4.302973133978192 2.6366157403259254 0.5930163141023403
5.181838374143742 1.429563756591601 0.5298567792153659
3.7242508099202967 1.5305922522007225 1.4765616006859215
4.662122461046574 2.423793879277098 0.7240235640133562
4.566533568645655 3.6990135214138955 1.558103715465299
4.496086333321553 2.2045556129821264 1.9510156068405462
4.522520490354617 2.3548732247680424 0.5374732572785941
2.2291144594661128 3.0783174951407566 1.1641986497632275
2.883182106095423 2.3495117377394767 1.2313724753781976
4.353578794923657 3.464345036964732 1.6569739574189133
4.631913615168171 2.612428535280571 1.1926177459788394
3.343715526337611 3.618945354542967 0.8916514776359177
4.037860302477475 1.602579582657791 0.5346509921538185
3.6308573096101546 1.7099146614271798 1.4664737163545187
3.2822235336158947 4.004656303055424 0.14821664816205604
2.2628768440286584 3.918171029354173 0.26330459420966024
4.08216560828705 1.2731867131546803 0.11863771906177967
4.382055899165281 2.9936494761503725 0.7051993446928526
5.084414793395677 0.6966042537977193 -0.05591737099196803
2.4116406499916216 2.691751313300731 -0.34569710644777873
4.18453073569566 3.0688997369425173 1.4851242946869785
3.8789059733667886 2.3694663359416555 0.44158071069513605
3.3946465176405076 3.683110977076035 0.617951534183069
2.2611036101497333 3.2297788043176547 1.4736899580491412
4.0538711038180235 2.249217987238923 0.42802339542339274
5.092095924808001 2.5812612589731088 1.2803375972036786
4.567513038848222 2.323313061785223 0.5174677243696549
4.704011103728274 2.433263370043834 1.0106527316854088
4.197188580592371 3.1244737050294886 1.662658038666372
4.358275978278502 4.168225394703573 1.7549336927974668
4.084651276353146 3.5430181209908196 1.3309752096814074
5.08545162578342 0.7086484255120885 1.340611574600383
5.77878697110695 1.7955146929851666 1.3047753426269275
4.4763364865414905 2.283302840226652 1.6965942664918612
4.901569729279482 3.305944978133678 1.2251976512624327
3.0681720410909588 3.1505114203185185 1.8326427865824
2.9891330318591818 3.504311234466906 0.1983423964223775
4.353973330939422 3.7776551823080657 1.0861753379611008
3.896690978214987 3.424802064513236 1.0813661303073145
3.5147919699677437 2.8425864804602505 1.2540599122480842
4.934120939679242 2.8516971661671024 1.9125986708253535
2.5004512099507115 3.6093648696296916 1.4940249446994522
4.70621405383932 2.480863609079653 1.3495860282717926
4.407132705795781 2.868178423047025 1.5754237961461621
3.111622485769473 3.267305697226378 0.231728766149931
3.9872936099236376 3.80951914302306 1.7080256263387168
3.9226693894846285 2.458404026591418 0.33132828479159127
2.7071139347304842 4.393146363125927 1.9890503512395068
2.3964275254362035 3.911862089134163 1.6308098946925618
3.399152676112491 3.127568337078022 1.6483417791942587
2.256007123798347 3.6913563781070597 1.7590985793254483
3.946661198298506 2.7512567302263276 1.6838558791673552
1.6640742648550044 3.6897749947946763 0.7421262292409825
4.127622808623735 3.8687352118443594 1.7292993911202843
3.6952804741115157 3.999284466840599 -0.07149323649277428
2.935042691970465 3.7383825215451814 1.4876659198268054
2.239945669101982 4.198904794852311 1.2840504700318738
2.451386088770115 3.851843898661353 2.554107786167378
2.7170459439230603 3.8841496105120576 0.671237101043071
3.7527305515796927 3.856118061404839 -0.07442502343550217
1.5754612224430316 4.370706991312414 1.2916819740802652
2.8019853406546766 3.921472613125317 0.5891574340854027
2.3112976119919963 4.008883853471617 1.29089021477757
1.9511120877385433 4.880857249702282 1.620233310837162
2.8426177677318787 3.920551120084851 1.8768834107526549
2.1802827893177583 4.689621303308805 1.776344727945902
2.919225806975948 3.849327421384126 0.9348330991597141
2.253148945542945 3.4167098934832953 1.9763417440404805
2.888463716815378 3.826155683912481 1.3781457406994553
2.0784965901337284 4.367154404742047 0.9441952557321144
4.403114933552874 3.791919430107921 2.690910181732111
2.416872105733338 3.9227868551872476 1.5077001678043587
3.2900471139269434 3.513445999269456 1.8581079548376982
1.2061483295664241 4.725687408062739 1.9966952580897985
3.6153221385591747 3.7032272937130695 0.20792086565916024
2.7798631134312384 3.1234960639905864 1.981589927836523
2.5116784520268904 4.070646254952651 0.9375121085019147
2.9210072074349203 4.149436524571153 0.7870361550413182
2.351392677357352 3.922490613322 1.8537056605422162
3.7079650040070176 2.080211793833478 1.4520156305368102
2.7985759687168303 3.8512012604941703 1.9741233179303705
3.445641281076721 3.8092730776443724 2.097279899201641
0.4578783114168405 5.7728912199793925 1.3253501231341795
1.5801145430405512 3.9484990540363127 1.9921414644989255
1.7307145771127244 4.788790016260588 2.74677851816861
1.0928136700423794 4.934292944714183 1.727265619925061
3.2558204339928865 4.310055946353182 1.1348800784388038
2.599938830492208 4.67633485209806 1.8085425126556307
2.1671384084915912 3.6571677677688728 2.216268693165733
0.652152195063595 4.455313232156099 1.6378428295457377
1.8991097790278706 5.426762384581819 0.6507876225655653
1.1753639421406468 5.256880356988323 1.681448664582086
2.3965408152762944 3.866819823660763 1.8289184006657675
2.027129295076274 4.69509622746766 1.3485468588764915
1.1709788669085328 4.4694836114451615 1.4440347204395958
3.426370034511413 3.030328390270997 1.414692162175489
0.5523866865894514 5.341508357015722 2.1079304771419367
0.6440434293525825 4.164405315106717 2.3426064531560447
1.7760410205511594 4.181119224304951 1.9644112142278478
2.40383758528544 4.122031035581338 1.9382078512660252
2.6221600721962806 4.831436649884784 1.3179183796575074
1.7563842023740748 4.610213818837122 2.23324847199373
0.2382594603181086 5.155889693988241 2.1551346331032124
2.9804785680168715 4.418477240708748 0.7721798830674249
2.6454464937795406 4.317205372662687 0.7979464032409698
1.7484041364622875 3.7548060980422218 1.812295040643815
2.928926508558781 4.318930770701068 1.8154628211127173
2.570241798989542 3.6165851762434125 1.4119673588895512
0.7551133600939367 6.630911120765791 2.2974276937504747
0.8898842189286909 5.002649915507565 2.214137912987015
1.957166478529151 4.498073561279981 1.3742867195319524
1.3777019768663088 5.59976781038868 2.0589174773071104
3.6892685871828297 4.270394010901239 1.828495496071435
-0.18087335212743713 5.111308976564034 2.6266025469621668
2.3959175735146725 4.5719941741203405 2.3586946522013585
1.9759124443285903 4.200602401031129 2.5413642933606404
1.8935443949948647 5.195615785802072 2.5438201598467147
0.9308784479812148 5.387420678151716 1.8223394520891647
1.4099234254041666 4.619219006424228 2.196362112963993
-0.1890155502429761 4.840197472292106 2.4747138753920717
0.8953879417073292 5.92373537700745 2.0037841361077775
1.641393384815058 5.212147418973582 2.5278053042245094
1.5608664152146443 5.114106753194422 1.9849843161276037
1.4200555724428687 4.404857289307861 2.4807996732452327
2.116787474725535 3.8751467525466072 2.634216001136135
2.097104869037521 4.739063982494117 1.6884826308648968
0.4704657588010391 5.52977286190379 2.1138097291733806
0.9227632641373186 4.222081252929625 1.6738223458017285
1.4227338394996016 4.267820058152635 1.2293461205582656
2.581005410356249 5.604734924918303 2.7435188190936537
1.5807139285959309 5.124934010414474 1.8027327244360205
0.9501374828738044 5.06032659689132 2.0217906418011355
0.8686583046083339 4.498773113386669 1.9219607929388076
0.5788289687813885 5.464512307437606 2.9925479974377724
0.04365165340840315 4.885158669765621 1.7296978466988249
1.583297716398803 4.363756714103644 3.4131478807587268
2.483698783586579 3.976686960272812 2.2268455875177606
0.014055650517407077 5.023324600907564 2.089590740113038
1.429317732274808 4.2891772488962 1.8059057598378057
3.624529252728285 4.573723040477756 2.1167899960418213
1.644880429711107 4.555304495948312 1.3749006314432362
2.4199289687601557 4.817196817057161 2.402762658469485
1.217437393521144 5.52799860129124 2.890646190682382
-0.5041859230162538 4.258674606504904 1.7084928144461622
1.6281770900483272 4.585809810785659 1.7443903750222491
1.2707789568400054 5.5624266346480855 2.005537751813807
1.2697375514689988 4.4492762313404315 1.8068918390902446
-1.9766543632070128 4.301937580431302 2.1685146011797456
1.4187082225270313 3.9622489244284056 1.2602762034359112
0.7803846179248544 3.6835621760587745 2.4987947520247413
0.6049479274417584 4.5467057718498305 2.177710853211485
0.29230954569680656 5.137080727405093 2.305774905294393
0.44409846195237423 4.15261294246499 2.8293945638837292
0.23693813519826698 5.6118113094186866 1.9062576737212165
1.6579086856830785 4.984360497652896 1.676686344775645
1.2613780036542497 3.967267886336351 2.552350771064258
0.41717673182121257 4.633206699368152 2.503639142832895
-1.5344993295954164 4.306464483964445 3.0811442361947847
-0.42247793596615557 5.367119747679542 2.027530488407863
1.3065124314390772 5.182541234845532 1.4728751219920004
1.8364745541076173 4.862917157362164 2.428032270686278
-1.0065720609586677 4.751283595807757 2.582014056557531
0.12956608603841685 4.650700725375748 2.526486464091451
-0.29855014946321246 4.653498770225691 2.151558434009422
-0.5067692871158985 4.002428179412734 2.4172020959365352
-0.061596424006480424 5.338406411264375 2.6107339545185835
0.4796563102856134 5.133146625651852 1.957179989032755
-1.5362947483394496 5.070404669460518 2.289119636371856
-0.04758808205621018 6.237406221205706 2.647882527405795
-0.2420352383102599 4.944626851832084 3.0165811761051744
-0.964815068248008 4.738591117873461 2.4986836830344736
0.4296822350235095 5.263224854365843 2.7630765517641023
-2.223491690290991 4.838993920971693 2.8384316271526715
0.278081358945243 5.009527292921702 2.5148868312565593
-0.13241188300353948 5.322996319148084 2.647205568959272
0.06489814989951262 5.134711382867834 2.352623766826868
-0.7812321056637197 4.84353332500001 2.4621982948229255
-0.5367192049687972 4.700556781867325 3.103877746827136
0.032598163603482874 4.59135270054833 2.432051125727051
-1.4139174401622794 4.79976010292995 3.463368613671705
-0.05715685809429756 4.590596865497219 2.7496343246500428
0.0548606910645331 4.74229686027831 2.831929356769652
-1.1907262588449352 3.7590508337062647 2.9807790255301647
-0.05343121808131399 5.212451002605027 3.0752075742770453
-1.0765297489815335 4.580681089761922 1.7826380729165971
-0.05046179512153705 4.473237343020387 2.0534825537545176
-0.6850894664408357 4.585165830958842 3.6849933212934323
-0.24841099511413497 4.850504011501564 2.3407568833967374
-1.686833529138212 5.399503143443308 2.6068158763411793
-1.0639536228910218 4.664376157170113 3.179784682645198
-1.2195804306952645 5.258528933579683 2.7987617730335512
-0.6365510225026305 4.2486861412288235 3.4921203517808017
-1.2072335750275685 5.265948668267236 2.2192733624767707
-1.7138546701342359 4.380675188572978 3.597462492478402
-0.4817909758564694 4.907993421064697 3.3688121337680506
-0.9740382876045034 4.032821484677639 2.7206915536895333
-0.45356080289956524 4.629423299177341 1.6810485971277
-2.012993227359623 5.276744491703984 2.392947225429402
-0.640999282088007 4.175984719073089 2.888566707748434
-0.9670092815951664 5.095730015946054 2.4505110910014567
-0.8304808555955024 4.736579637793557 3.628516831774732
-1.3363107782152748 5.17922630091557 1.5059804878882561
-0.502819014726787 4.901350308007406 2.610546123559254
-1.8481412924665748 4.944466908138561 3.0757383406970193
-0.3101283230295879 5.5444317916680275 2.6759310679996884
1.5733531346112337 5.1210512580396585 2.812953937821636
-1.6172288834643156 4.038540038710729 2.4948869820568644
-0.07770470075517007 5.143700250659365 3.137131891985426
-0.6474075541126931 5.2120924647374505 2.5432838771068362
-2.324014905239884 4.221581893408236 3.2411436493846986
0.25730369649237544 5.541054059779347 2.6913232396315365
-2.5067554322762406 4.44212147241896 2.5518384311656948
-0.6137415104943519 5.005754233467134 2.646632358862684
-1.4056084847192456 4.981713245739611 2.513411908476159
-0.9797671503162573 4.068440096956361 3.2285727663018617
-2.627191155499832 3.7983856633651762 2.6310601882056064
-2.2981606909827312 3.5263495803362632 2.8946780850103364
-2.180502807486074 3.717639708230392 2.8470291886873746
-0.8877051310527014 4.010184154731731 3.8310842928562123
-2.160353599973558 4.02453276574912 3.4524549910111126
-1.3740052681360295 4.091667342588617 3.441522057440144
0.3731272741492214 5.120931160267611 3.6311060162879416
-1.6873727548901027 4.290277279892231 2.4986727167398968
-1.8930867327548446 4.430156807262454 3.2807892023644722
-3.3336772769871477 3.4520912673248954 2.488111249068436
-0.318950716709166 4.223205380233639 2.717063719177628
-1.7575223940381735 5.411688576190878 3.272876082103502
-1.1335086681412683 5.225317995889491 2.620535968605132
-2.0283501623073703 4.9923260516688535 2.5646216773850474
-2.5630001687805644 4.434142305911404 3.876355842885049
-1.2711700356637459 5.443130141603058 3.0908779946039826
-2.198642668067544 3.40363911205526 2.7713755871090413
-1.5278368054744866 4.691036342272062 3.046070744281486
-1.721942950911219 4.081936907251323 3.477259906026847
-1.537185677773926 4.95780614496839 2.805510212462376
-1.2042524360096376 4.713713520209388 3.6887270294020493
-2.5514655792044474 4.1965389873266705 2.8362030162331564
-1.7632279796658936 3.875719795660855 3.3257409349526346
-3.1086215054584687 4.77934216376818 3.3752504354986876
-1.321704358929032 4.151727845295406 3.64926787786498
-2.3652032569329737 4.438655568913607 4.260884169603138
-2.0576235472107376 4.2195965362864944 2.8136747539233027
-2.0242359833415993 4.231745920974897 3.2301444958690255
-1.5039284922978289 4.381979243830194 2.7585202175684596
-1.6923969350465713 4.995419893699814 3.703884075636396
-1.4574714327050038 4.895418867667014 3.8089693392885042
-2.472542952640344 3.3117652265174775 3.606844543220234
-2.8998984912080448 2.9847886767613283 4.190918669632391
-1.974506957182366 4.470267841472797 3.213632144587145
-3.895651672194456 3.972469270376809 2.931791093410791
-3.360094759513934 3.6361691225879973 3.5828312695291977
-3.295727026843178 3.281258422541667 3.653890397224622
-1.1326605105148466 4.183550417097692 4.0178206233729785
-2.753259387552629 4.293524663852298 3.2945412801471394
-3.7448403770922125 4.143402345886282 3.0029023185552726
-2.6610842458316855 4.414360439564377 3.2237690303772895
-1.8469305672300838 4.823348887735818 3.5632005304924554
-1.4394324492594068 3.9366457222638567 3.5423751786812154
-4.055290896402063 4.30150614699347 3.510100361514405
-2.478976583641877 3.79305024819199 3.300003876239832
-3.035653629551619 3.598513685474312 2.827805441890678
-2.1972148433710843 3.672578926192054 3.053788726433433
-2.6228130572063164 3.81825400219758 4.128751740222452
-2.2116331434013192 4.478230990914145 2.77212821155051
-3.4702394634854756 3.175455261467693 3.348433726049383
-3.6416315554614473 3.166738768056956 3.7214097087030873
-3.1880476060667955 3.9373442859850805 3.6943118881962644
-1.9655677787101558 4.541517205546611 3.9114251780996896
-2.2351463700822465 4.889672761890444 3.837240329695891
-2.546819079366559 4.084306555769665 3.4969341147283184
-1.3846196275569114 4.627587519021356 4.210913314197979
-2.189405492414335 4.551811491768381 3.401676757007854
-2.9066438921246225 3.8464298798900747 3.6231092451575027
-2.581500191721152 3.795623587025531 3.7957576005617097
-3.637501328045513 2.9961208523440805 3.984754163900153
-2.51835200475043 3.9769576539544613 3.8502848051891156
-3.085878962618002 3.7609913993887045 4.1090721067662965
-3.0842482193789014 4.701717559109289 3.543095526525644
-3.248830113351559 3.6995514882688663 2.4561775826039147
-3.9863478651009805 2.9065830058450484 3.6103930536013733
-4.396400720754399 3.176463589723508 3.5963227356772642
-1.5546787700574498 4.993089125282424 4.764568407356806
-3.005848123518434 4.01967648707867 4.364485234853587
-2.7963322767743435 4.095462832232104 3.8418818338149316
-3.8599729687962925 2.819292450957592 3.466659224886682
-3.91622818019859 3.635522092238376 3.17956215391141
-3.686036563031639 3.814892598964803 3.3515554932904434
-4.239924635367226 3.660884186564697 4.158971323212672
-2.1609524214797364 5.0543404497255855 4.491332516549986
-2.286313510494362 4.05322479525376 2.6581050417255616
-3.5505324404980625 3.175576477785215 3.2581745477815174
-4.243342320503922 2.4700557132433696 4.314961672560576
-3.153823731156712 4.106220791863054 2.6338084430368793
-3.801699416818116 3.255883908420083 3.8753396106642377
-3.2294238564240323 3.4861703684463032 3.8526223212323396
-2.4065199468810863 4.2491438992742845 3.9741229230514086
-2.811550980082393 4.821660793479863 3.4504935411177406
-4.76424229608437 3.1737563058073253 3.7905506364778185
-2.3881193090900505 4.752182093562179 3.0454629979002688
-3.5270854155168845 3.5933264119658346 4.289861578686828
-3.4058570811632674 3.2118055570129243 3.1579906328437506
-4.098075858202561 2.6571359934251433 4.145588401163884
-3.0241110232533006 2.515408695450945 3.8070978781292824
-3.6228992163163833 3.1185471770747673 4.160341543755523
-3.745335542337018 2.910109490836702 3.7007730401090737
-4.144415340291057 2.931690644669492 4.306474301770501
-3.6972612399798095 3.7456417060822877 2.8569682238998233
-4.55121715327508 1.4703000553498282 4.443378714574236
-2.93227348771875 3.153175958612168 4.017924697223371
-1.5804630398845152 4.362049235721107 4.093269543389835
-4.294217128585068 2.162571003824906 4.043995158634491
-3.612682276736553 3.7592712271894553 3.8665027486537666
-4.932165785172031 3.0608414156309287 3.7497096066105
-3.675429867430323 3.558932134964104 3.5385867564368576
-4.342275284399572 2.555847918467713 3.7259243771528334
-5.6821268500165845 2.325091664904092 4.2478086939063076
-2.800215889652194 3.0390463447586233 3.770042513485584
-3.30737915150284 4.866242364122173 3.6151080908945192
-3.8054537813675924 2.222514109622216 3.1752968690263947
-2.9940812157044654 2.898100574728645 4.900770645823374
-4.648631119727725 3.023532401514075 3.649150073742427
-4.232977877079615 2.9117953393480516 4.257838688101877
-4.8467254853269575 2.5509075077148395 4.494077343786398
-4.919377471560829 1.6553962171456165 4.6149299651936815
-3.063126492687361 3.73968454633636 3.5059299707075615
-3.8268842810679433 2.986217928529789 4.682567630870355
-4.723739151683882 1.4476895322148438 3.380824574637315
-3.151931405136488 3.7443517513470517 3.7631775590213414
-4.083199977721284 3.568251760630779 3.0721167217127334
-4.025718305316565 3.564054561304344 3.746091393251435
-4.160336714224631 3.9788230802456903 4.150405715901198
-5.05153327516503 3.1331460243960274 3.663666819007026
-3.3421554287122697 2.700205255084167 3.823617645794695
-4.064806236341399 3.1970691925050168 3.9958893742311794
-4.037968789736925 2.2086109566522514 3.734908594034232
-3.7540181396644514 3.1825429588991 4.00261079013891
-3.8492003660159066 3.6110476368216053 4.595499480911376
-3.5415750376268846 3.2504887763912937 4.013610217705937
-4.346125317903087 3.5371675644187883 4.1768149342124605
-4.959090242681745 2.436734701013828 4.090765806670587
-5.3170635482307045 1.0102384336683263 3.7757956731616567
-5.607382022935226 0.49343827340387597 3.5114595381830482
-4.918824699872732 2.3989049902162107 4.266382389718138
-3.4381712482575937 1.8588839989415935 4.05856329482803
-4.21514650887964 1.9779677917745768 4.620231358034633
-4.411089349245068 2.2523839616410504 4.099127417514731
-4.4073623852082555 1.8572380959005999 3.705407663146054
-4.255654549724847 0.9568642444064572 3.8548740656927913
-4.867654495597169 2.2409903738852854 4.522437555698867
-3.9811868047244747 2.7880756683357673 4.2099374569086825
-3.6301930562427587 1.5327692640044501 5.2279997659485495
-5.151609090920387 1.7738026359629735 4.097931820189116
-2.8128242611030516 2.2065315787593143 4.2939228823420725
-3.7119285968482707 2.414225101764485 4.497753831341306
-4.682938877034993 0.46009951168099295 4.320314404576086
-4.137157613878734 1.6418067241065826 4.431148309498478
-4.395838553869916 2.4324135263502957 3.6278510252972644
-4.387696859993002 2.2198027825428865 4.066221853656458
-3.621187528315265 2.5674769786820355 5.2933341626185
-4.342269115602077 2.1425668375913345 3.998770644377303
-4.981100159611933 1.7883203454907755 4.550107630706708
-5.264999709529604 1.4026296251186507 4.477864632561679
-4.3881183996953785 2.4822557921495068 4.568917702470241
-4.363403895541022 0.9189659268953234 3.743715037533263
-5.020628527926839 -0.07365051472123484 4.19653771680358
-5.2245892218540995 1.5253475833830208 4.026478987184181
-4.030466960479547 1.8481147377394225 4.203252747293231
-4.2336348058760995 2.6624396672553994 4.461362591239032
-4.069366465456867 2.785369528276116 4.43091373608517
-3.9245107703457167 1.7377953862550313 4.59627257605674
-5.462994099201388 0.6774263703149392 5.143191286325689
-5.307878436599763 1.0986890883574607 4.525943395744505
-5.564730289723674 0.6569985898976892 4.037176254634298
-4.4427499202757375 1.8616721747870075 4.049016032139026
-5.4160226274151215 -0.28659274924119793 4.5378402133699405
-4.410970405131814 2.4423156636573022 5.005499468582407
-4.498025659156632 1.7634398410890861 4.056790362507709
-4.537134582658817 2.147959194074711 3.7121350015561814
-4.136482556763088 1.8384164813516997 4.803700242693571
-4.181289118393044 1.862012092224858 3.9318173952980455
-4.421783944121191 0.4042038987414053 5.473368881585399
-5.071492934455174 0.8141278693390922 4.820362657966855
-4.9854459262310185 1.3078910204151424 4.970947610542247
-5.148213742068691 0.2874377135291379 3.928730782614615
-4.623839819047443 -0.7404997982084539 4.501073794817852
-5.191151898008547 1.2377932057808974 4.894543631153315
-4.807850887634218 1.9374029086517348 5.073283442207033
-5.012120331669777 -0.2949905314386736 4.6304137651144925
-4.68119214224184 2.182217896183688 5.748871634993074
-4.91187819435938 0.5239912767074214 4.723310123457785
-4.81455862031689 -0.15113233292741124 4.385011206376746
-5.810622529698745 0.5390733078038985 5.635357547334978
-4.140797345618662 1.7200058476316689 4.878388571844893
-4.546752159283926 2.2661659843396884 4.211500797791885
-5.198691273997613 0.6302433806116593 4.445978059768566
-4.972742947375237 1.2535597493836754 5.347581901039927
-4.77283910225435 0.6392231244940437 5.481166000661133
-5.221972952700251 0.46259565650899437 4.420091937995085
-5.7715914930525924 0.4404524428187725 4.7663896034103725
-4.5119036655357325 1.6975512285326027 4.491794700672759
-4.271193679509948 1.532475793847492 4.4673873804412185
-5.7385090335035285 -0.7422206626293174 4.5618655731471875
-5.067664908021362 2.3000960380456017 5.427432096450732
-3.899042450091365 0.9540534510517017 4.9175500526665585
-4.776808826905688 0.09536186212826396 4.773975353388263
-4.428290829443791 2.1438929115118057 4.836946441765531
-4.147011746323785 1.759287100303037 4.8546427589260714
-4.609695857532732 0.34157048325522393 4.776041550935232
-5.030287577761826 1.2819825923871995 4.618497135339693
-4.9992938767316595 -0.39460804300957913 5.055078443296194
-4.971334654806267 -0.10057614823035121 5.274414508396154
-4.614429132760144 -0.9440870643028733 4.833513161848842
-4.490094562502024 -1.3498136189330268 6.155134583381536
-4.579748616930283 2.412900416480409 4.873510326375578
-5.409137144103985 0.04356412921149689 5.9328693545186315
-4.184150776873737 -2.0795792239638797 4.484141906491229
-5.014084746240944 1.1560826419938106 4.686869011592198
-4.461695374222856 0.3756965576631113 4.2817507381276245
-4.838463288058025 -1.5605863005026779 5.300957553953155
-4.819750486481934 -2.4734094947911847 4.705051840641629
-4.329141935305283 1.0221776577561765 4.551297907281081
-5.654407877562398 -0.5619689114702248 5.553806376303177
-5.139200421136155 -0.6724626210048777 5.228147657291956
-4.224784676678242 1.2345823729922858 5.489583338420447
-4.314975360684153 -0.8969390519395397 5.131808405270464
-5.732470542994673 -0.6048362548954277 5.624357432041501
-4.8211774592023655 -1.2549973160233217 4.607763531585957
-4.346906066001813 -0.8160526826007605 5.514955259519403
-5.428531576203572 -0.7268487570100038 5.474777838410921
-5.17375830655212 1.198959705494576 5.350872229138392
-4.5609735120483155 1.876276207623528 4.603033835134265
-5.313492240620972 -1.0555303744063065 4.6188055592791075
-4.483401713755847 0.8125947933309389 5.78526273168027
-4.14370257639103 -1.7988974135860887 5.748754012446043
-5.463091053909397 -0.24763566573202 5.21694579221464
-4.729319384857689 0.6364602275368925 4.759066441005639
-5.426207820649599 0.16817976437876536 5.202096212463869
-5.22433524087 -0.03654734434555706 4.4206661474231534
-4.742190063877381 -0.22197302008163394 5.253326886922848
-3.5261992175113206 -1.4287174290993254 4.834648707854938
-5.148219378060252 -0.1994037536602083 4.68249408803151
-5.5103181427784484 0.7253630391384768 4.582223305274298
-4.99904508637996 -0.7573685554103002 5.342114476909197
-5.0543351224128115 -1.0151276759511587 6.089872950324189
-5.021638198378978 -0.2734174909751161 5.030650663647842
-4.579864547127802 -0.19873272087709548 5.055556927916054
-5.121407069581282 0.39683256628717006 4.913667693949449
-4.883400494228069 -1.7894869936459938 5.820344977573167
-5.245113080842937 -0.8178494841685948 5.513401995531746
-4.512298839267259 0.4430431921804677 5.031350957435133
-5.9700469130947305 -0.7754683134748817 5.5331754280745775
-5.3152291050267655 0.11162897091790475 5.586462451150445
-4.515674708458959 -2.205433282525371 5.536051220109979
-4.779170470434923 -1.3399785084696916 5.835143497194239
-4.880739688246681 -2.1551229838895316 5.083888254002385
-4.795539442610029 -1.6986753382019621 5.158241194594115
-5.536543433004641 0.17406771721302344 5.459203565243312
-4.658981070184598 -1.6342177400629607 4.824092377259585
-5.5529883154980135 0.3227355162433567 4.642107429108075
-4.393577712725258 -0.10372418565075597 5.374910065557599
-4.8903112264571345 -1.4554256182314598 5.309366196283241
-4.9100926032055865 -0.4596092235469961 5.293521918399501
-4.465487721834175 -2.5158539649533966 6.0287114639315496
-5.658475468925581 -0.6055030989696618 5.571142711317497
-5.488578374024996 -1.8119651557333736 6.400528862507068
-4.6592514016053626 -1.5240607506493373 5.307135468873314
-3.935326967357143 -2.3242248833508623 4.8517325128785815
-5.126727097919868 -1.5053396514236503 4.914315350571865
-3.976984243516917 -1.3828947176426132 5.338349080699323
-4.655865875476004 -0.5023284297816849 5.957616147244789
-3.610261477643636 -0.2450002951524072 6.508459860778203
-4.84044431640862 -0.7921523329906741 5.188309916160529
-5.655289885896815 -0.4648805523071834 5.362434650041443
-4.306715614994718 -1.9910100488910358 5.82037698374244
-4.335620404879575 -1.072568354523983 5.795485964149833
-5.147954305617282 -0.7003656618726799 5.484638144029457
-4.15223109507254 -1.503940246026039 5.0891848913479905
-4.357807918033878 -1.2226735802591289 5.347382924940306
-4.007306886315169 -2.8604218863870816 5.6003902272063435
-5.331883461045727 -0.8614277983038388 5.495621474048635
-3.8271389537003744 -1.8645510593939005 5.824299365687131
-3.841216809806272 -3.771680802821364 5.619115784199251
-5.423854531866805 -0.9502747643723278 6.040550441766301
-5.555307686323509 0.660469027942175 5.23048785845851
-4.650414565787696 -1.3370572031866168 5.127040178260176
-5.372251010932202 -0.7632397524096198 6.240034871886291
-4.231369683101519 -2.665917750505723 6.190854587652762
-3.6649606953753087 -3.6208927237221755 6.506820391435992
-3.401449350873063 -3.156369412761951 5.260727053435886
-4.145746009426302 -2.849679349363664 5.716920491029543
-4.763085357142772 -3.1311770065894406 4.989362996037052
-4.02400313191153 -2.2794887045138106 6.152855330061692
-3.816395629817257 -1.9831994306589482 6.604581876669552
-4.597705257017501 -1.6172489597623032 5.775328669074857
-3.1771288152479484 -3.754182446107272 5.431556892882988
-4.275584932021558 -2.54156419635501 6.859526423513099
-3.849245538048891 -2.128641500569906 5.003690280617613
-5.457969992003383 -1.73049569330484 4.318318134412915
-4.013775175893192 -3.432611218853297 5.906343325373952
-4.312424496809755 -1.9454396729603363 6.144267167868147
-4.240105877766262 -1.8423849492275886 5.699669483199828
-4.856884886840314 -1.569231655088532 5.673030395397321
-3.7154843767876233 -3.2409790709178963 6.0340758796112075
-3.93253736616374 -2.502496236285183 6.129613544576777
-4.7898263563066426 -2.619748220257831 5.5108695795759175
-5.368700882420867 -1.644280252249967 5.227498470153904
-4.186145413760382 -3.123808711444367 5.886378482614412
-5.573075949648422 -2.3421224602481407 6.290944431115179
-4.186516444448053 -2.0395348485394877 4.43723624551244
-4.639924713192685 -3.1419065682930025 6.454786895433478
-4.482039737611234 -2.000041025470648 6.217769719299448
-3.947942833720537 -3.7844274187299534 7.148201208402803
-3.7846731704767325 -3.4192045998474185 6.167707938878667
-3.761441439285558 -3.5086633766602855 6.022039968174715
-2.5768881173721474 -4.028509851909383 6.2260252067928095
-4.3653519660728275 -2.155708063618714 5.464698243032399
-4.437855732105009 -2.7721765518063854 6.549144619268195
-4.030401102165768 -3.3112467983758647 6.297768325102055
-4.0206782476722065 -3.2602595529136544 5.696588586339661
-5.0622935283817965 -1.515797484515211 5.387138486075877
-2.551193480012739 -5.124539605283044 6.764211731668497
-3.893664240748743 -2.0399759238015442 6.044781352196794
-3.749367568541927 -3.9764215963160554 5.1276193123895535
-3.891403799574296 -3.236432768669191 7.533529357040433
-4.808262195699517 -1.4991250436866022 5.512840577234896
-4.30516014323093 -3.0554601537370263 6.052900419612285
-4.170460136010313 -3.477904178545274 6.74482665990661
-3.400432789116468 -1.9161825680659912 6.12143757284344
-3.3274224521652553 -3.0997617188929696 6.226718226840987
-3.144621554830467 -2.560403799227159 6.156710300940895
-3.707195780188257 -3.4765974278409577 6.545706990142407
-3.053883302058134 -4.264104295118085 5.860486119779799
-4.60087309549239 -3.2931417965377014 6.399757581440463
-2.2188409040209276 -5.048922944499551 5.4409765452536165
-3.6298292808899144 -3.2608765646893234 6.567228533580468
-3.8518584112244363 -3.774800347720009 6.137457294880416
-4.988745468161386 -2.8293284053000716 6.601963154988518
-4.771083877950168 -2.632734977999157 6.0202519596958375
-3.4666599307178205 -2.8876535597027195 5.343125376449034
-4.273613850415115 -3.089505970419488 5.132890549866371
-2.0496965759161534 -5.151169364806508 6.082307471269714
-1.6167696852729416 -4.220748095974582 5.545160675446377
-3.830279295469853 -3.357527015779429 6.372580697755847
-2.732018349336111 -2.9967916338903704 6.388708715500765
-3.7800881867217466 -4.053676451512513 5.619029145363442
-2.551407625298305 -4.183433796613575 6.038144928369282
-3.342788622812305 -2.0456564601311436 5.66151387847045
-3.4552927123058406 -3.310842172426907 6.345677057919084
-3.5106742132649704 -2.7473291920802976 7.42248111872148
-3.4988817962176526 -2.557166009625986 6.455771265320748
-4.361588126053548 -2.7428826691993624 5.720864641330875
-2.777762428265441 -4.487988152820876 5.429916216811633
-4.825885422916139 -2.2459438538075323 6.760784455804049
-1.9334908507112454 -4.784455902641764 6.126963351081204
-2.8987139035249623 -3.3270387440480373 6.736114359392684
-3.1900935383761926 -3.6378757977363447 5.268545804054826
-2.5997362368472237 -5.207634309328173 6.855056362624872
-3.8371559348159754 -2.76812136416535 6.548150013679759
-3.107981160463308 -3.0898724806038844 5.675188929467395
-2.476365760318411 -4.085703837725282 6.9273861903701555
-3.6024654208218605 -4.943660203790927 6.59849099187428
-2.8743965881385742 -4.467752846446456 6.09550247863104
-4.137882632644249 -3.4590440545380488 6.159404485225
-2.925994459886038 -2.9754386442375984 6.7180375206537795
-3.7278492716613822 -3.0189351167630565 5.936393453623556
-3.7355610562234935 -4.412870757458127 6.83842427048086
-2.9275962543157896 -3.580244425795712 5.2900074611813475
-4.080018131952799 -3.8505844003373495 7.55275518778076
-2.9331724245823096 -3.8322400077445797 6.7305446271074345
-2.8176493206920536 -4.593056284544345 5.102969820904981
-2.8229443710569084 -3.960903942139862 6.317840967248666
-3.221037820031412 -4.482876682594447 5.332156460029872
-2.4751076530564102 -4.260628171987323 7.340241024248278
-3.528145165313397 -3.476091429066618 7.102564810295999
-1.6892075907517365 -4.245980150550208 6.871754838399208
-3.880162932590948 -2.4466795818778695 6.435677511694031
-3.3756953728267844 -3.382703578615516 7.128616842347788
-2.2100725368795526 -3.9898926993068917 7.680039992622021
-1.6808330745958482 -5.034448210153858 6.486899121693736
-2.6269690032024386 -3.5161372090173635 7.019236693698844
-1.4586986156717818 -4.504160957267893 6.282505366957854
-2.1502692468624804 -4.435558284643674 5.900885463705967
-1.3599738540509287 -5.043666686263375 7.058596774565839
-1.760621240275973 -4.626909751386223 6.041385181327
-2.3672095342054686 -3.5368323917761946 5.83958844843583
-3.34323630660622 -3.72304309515266 7.206088774939721
-2.2316936967532217 -3.8093557699043834 6.361465194514465
-0.9498059133201238 -4.74588028505864 6.441167786576095
-3.1309549644389203 -3.961436983523567 6.467904117522452
-3.8980853667132793 -3.85756170368569 6.110909944052374
-2.844640895405819 -3.8490651332838364 6.38705827426916
-2.7516172013598053 -3.9042591799501976 6.081514748266836
-2.4841180727681014 -3.6572312256080837 6.314095342836713
-1.3722732287244366 -6.164317320894822 6.017251363616412
-1.5333048163029621 -4.237429888975219 6.536993205958112
-1.9293081037348725 -3.293776464785661 7.203377259653848
-1.1286243813227952 -4.732971995559711 6.579602520343653
-0.760431455075088 -4.588216213247921 7.098239690179566
-1.8668656404239228 -5.637117261726832 6.825727319235
-2.80149528226809 -5.203068459168259 6.529586563984196
-2.238584633659791 -4.736663092458524 7.111154085439104
-1.6971248710176103 -4.9254120754545 6.629273287528496
-2.881147357043547 -2.5313695079023946 5.992986020015638
-2.3528580576059572 -4.955212275901756 6.696779794614165
-1.8735750287547408 -3.9067530463652256 7.384907689176011
-1.003910556848604 -4.088194747353841 6.693748149764417
-2.4059314093318136 -3.9464141927798617 7.4566970848330705
-2.8559223117882695 -3.3218215580954142 7.327401530410678
-1.969606853289157 -4.388381440341826 6.8442144586952685
-2.278198642442598 -4.627737175501148 7.272057316861475
-3.392323468006572 -4.395671650152646 6.186295771978923
-2.170823713732525 -4.88606824467006 6.551505631031542
-1.0001528972882414 -4.473228827725455 6.966060851331333
-2.970028503475883 -5.065630564824838 6.657564974601354
-1.9762737985734216 -4.669057377231572 6.690432956148
-0.8995047999667315 -5.2130852942696055 6.079360336022604
-0.5526076053069124 -4.1525784309115705 7.0738732946921905
-0.7914338756788802 -5.450828218108949 7.372797736943876
-2.2768770648418015 -4.456901858841667 7.199080962845467
-1.6236326563511123 -4.8420889678426695 6.442598886326614
-1.1807457238500663 -4.294492391662562 6.783311107345861
-2.590753354744411 -3.796398744166811 7.673685063715904
-2.6869006905598023 -4.3840969579193025 6.800681606200316
-1.440387367716195 -4.708499653359195 7.392466552555114
-2.2185130320925968 -3.8016894691356664 6.367484401265741
-1.071502254372609 -4.410176195767974 6.870038331852913
-0.00711326107900019 -5.616508958214952 7.188723678250633
-1.6678316874373504 -4.618426720964905 7.346603362031358
-0.6029585906631325 -5.015172380309812 6.977505825635576
-1.9768391285503082 -4.963870060991495 7.161611918473339
-1.8264681412959485 -5.185941868821937 6.793420664135402
0.9003106278747677 -5.945120008395572 6.528615667272817
-1.60851173627827 -4.185296267139598 7.179839814302496
-0.1785862993048819 -5.354168934241105 7.192947360945645
-0.830069994389485 -5.600417757895238 6.516046701518102
-0.5601897767770804 -4.07901187591934 7.415691828431267
-1.6217772259901142 -5.403764135476682 6.966380051267428
-1.7782015552382167 -4.071005745156287 7.160926997991207
-0.019236148220741423 -5.900785143549792 5.872293075083823
-0.9429827265888704 -5.639924722122923 7.542886166076524
-0.27310900219458734 -4.939892297858028 7.985212051500426
-1.1387443029348265 -4.3141837977480835 7.848818814795676
-0.1380869873273229 -4.710041428815875 7.616921207695606
1.8602327890926302 -4.336353739273811 6.533828462385302
-1.6187140911696385 -5.655494845446257 7.427778663700597
0.2145930205705436 -4.971772561748898 7.566508919431927
-1.3554666818643124 -5.260278724363365 7.0225942491116236
-0.44094928956903784 -5.468832198082717 6.77744488372034
-0.9224897530576399 -4.670211725901932 7.700195223189878
0.30807880678921934 -4.558221267031007 7.854305644881413
-1.3933071318423869 -5.001880779358774 8.240582792560774
0.13897909053341692 -4.354772931846496 7.314552233891081
-1.226171053527785 -4.7943103795828845 6.624577142862266
-0.16037470970533554 -5.085621985868301 6.5495310958082165
-0.3752783269343691 -4.268085494672904 7.099815715817975
-1.3310561325910557 -4.665650198758713 7.526551102759953
-0.39710589049238443 -5.49556790192212 7.5885973952227355
-0.30744702953390235 -3.539475144323315 7.541626228094046
-0.2268366657025371 -4.269347241971559 6.837996632001554
1.2508379728300942 -4.305364430009943 7.353718464692021
-0.5690069346262073 -5.347456562044311 8.029466348580884
0.08022912819569827 -4.359490915825553 6.904169440470455
-0.9819946770889764 -4.5993579032935 6.980391969109331
0.09533381901926895 -5.462050244419435 6.734521628881961
-0.7661801777053001 -5.474244579678217 6.651477491891454
0.6272250825335428 -4.364028180319325 6.786922393991658
-0.5643516336862122 -4.455719196019631 6.845755310490684
0.49874288333302763 -4.894695561337858 7.402516066185197
-1.136214520227407 -4.895511385613612 7.370265237207652
-0.2401860579576334 -5.635964915451029 7.765723345748975
0.6643996890657623 -5.436555127245467 6.810075566762174
-0.275853670643431 -4.672901029066625 7.162016938074878
-0.4603954479085683 -4.068776129491423 7.508570817798464
-0.6276124579299999 -5.0021610355614285 7.454100907898232
1.0280818970927752 -4.91762840828441 6.825098454486527
0.9265997503525237 -5.286107797796704 7.439516130963236
-0.44418691362945645 -5.285145172380035 7.519213189075509
0.2948623585877579 -5.522484437658879 7.683683926361007
-0.021581532001455954 -4.953832749301327 6.663245909550191
1.4951956290562496 -4.979848008996998 7.296942268278311
0.1645166146176604 -5.276893212469463 8.63234955261934
-0.020805500817612583 -4.974566723389528 7.353345275267982
1.3379134716470293 -5.5050925749551505 7.391789708799716
1.0559355318501928 -5.458833688024774 7.270755548339695
0.8906990356617407 -5.562060644014808 7.651662982068278
-0.9502017014624042 -3.7643890701475478 7.51877355544839
1.4207187956860918 -4.410273866957212 8.831340943797677
-1.5856866061057842 -5.600111621265148 8.365835970857914
0.0581565144442805 -3.977157775061304 6.956360149288172
2.4376917707751207 -5.147177822832005 8.126807031111568
-0.683278887176504 -5.28532330367172 7.987222799908347
1.2370253357711471 -5.452113602339523 7.066498764039469
-0.5399095543594193 -5.136955568301347 8.610687094030629
-0.5626685136299748 -5.455342732578697 7.074869865141816
0.3247759110935949 -5.447900511263357 7.71826968355289
0.6908934641849703 -5.089197688878188 7.971153575576663
0.6617626992982744 -5.871346974528829 7.597163237477083
0.30179125874007523 -5.149944247114638 8.045458548081383
1.476331024523521 -4.394395609237506 8.174101716075896
1.6415719366746777 -4.6673210722580585 7.821532772677725
-0.43218837680932143 -5.730797485774164 8.607189882660657
2.675463627057702 -3.977458604198668 8.582823419169214
0.5517287267348326 -4.529507432928794 7.149322151082324
1.378407735735253 -5.131080691964512 7.970072077305185
1.201207109014469 -4.718890684065413 8.273462226879442
1.4577344290918361 -4.663795138521652 7.96591666698075
1.4254317229388025 -4.6628205219703895 7.084056815852672
0.7967891023030937 -4.858117283301703 7.645726676484519
1.15954823934479 -4.39938484644461 7.179258940422746
0.8226947269031409 -4.227401130855595 7.869889650478748
1.829881192146331 -5.047833985977394 8.274968161485061
0.517320508958454 -5.744185382168138 7.785411492917061
1.1797922796051632 -5.920773000346754 8.894958555070065
1.8379518674201973 -4.526973386802978 7.775160309413732
2.402459906497587 -4.999325732329956 7.7696545817050175
1.3941431757054992 -4.562975995950936 7.506132885512342
2.2220616743256363 -4.7135711167451255 9.145713105322233
1.8509892429624308 -4.4102085947704515 8.34193206380786
1.615652581307952 -4.182114800998018 7.412787833338071
1.7362764771795427 -4.045729552456312 8.354352029637361
3.3923878323230903 -3.956487752370038 7.700159386339746
1.5530427780716884 -4.308153544160224 8.089291158892886
3.4348330716039412 -4.838336670017026 8.35386673186903
2.467369965627858 -5.486937743538696 7.464367387850549
0.9841205499995503 -5.024654045818903 7.6017392602604925
0.3055423436761245 -5.339693439986767 7.694613522570076
1.8925107694125214 -4.628250674156124 8.241139009201072
0.401165893462261 -4.086969276068287 8.423760738142816
0.993256467336416 -5.6248999623454035 7.647277032462793
-0.8429875898922665 -4.6645611757159 7.630776972861998
1.6788127745782941 -4.876845509386617 8.327682125944644
0.18660316600302493 -4.983953973339132 7.752315822780803
3.0362238479859447 -4.361506884262232 8.748700162330799
2.501077985873008 -4.656428045762905 8.598374103266881
3.592021905179622 -3.8287611110826862 7.909694232393335
1.7523112715585296 -4.6218172442657846 8.237358667928229
2.829639074412564 -4.682199129703767 7.362219210740072
2.968321030869124 -3.317657276166547 8.149067291886938
1.492603836526302 -3.57798301536299 8.004114497173068
3.3903379208799054 -3.4153318164265123 7.98789848818023
2.5436753912929535 -4.487456467790217 7.795062807730905
3.6731331703146566 -4.753537788586591 8.545099123435458
0.8953312292052035 -4.644248536728657 7.986379889851735
2.2094520399510977 -3.957916896891521 8.625594066839483
2.290155437584738 -3.833813983509405 7.59082382530594
1.9758027561465779 -4.574970816221688 8.787179957067766
2.396031910200521 -5.221424537337297 9.839617981294515
0.8785796740347362 -4.623813983709446 7.935539572748497
2.0766577986344568 -5.452344898098395 8.314152057033866
3.1143823360578096 -3.4730156956949676 7.947124202449831
1.9033187569154928 -4.41578011822473 8.633137102093839
4.358274495261744 -2.2379293171726733 8.990015936270293
1.3868892911962378 -4.977937133091168 8.499132402088932
2.1640037541711044 -4.342619872841129 8.634151163220615
3.352760341734055 -3.4353968722057915 8.611593444763884
0.9488627768476634 -4.192770850497264 8.551674544226014
2.287783885737986 -4.217296491223416 7.469494245241792
1.803892640243799 -4.488145211381553 8.375969292736338
3.2539675102021297 -4.175656255560514 7.63374036269784
2.7875645405496483 -4.353562275137008 7.477470596101435
1.3183910868745836 -5.444988763093575 7.678665556958378
3.4408408621596545 -3.391447016678838 8.544901518466933
2.5844018359410557 -4.121629589272236 8.728714564689353
2.443588800589336 -3.9922848969137616 8.440863366185745
2.8741641059040077 -4.187322375272623 8.553705956784775
2.599311655996793 -4.728939554332624 8.229661556570534
2.3281852057242167 -4.345090761719857 7.901099744621771
1.7574098588349782 -4.023394383021125 9.043331322573685
3.3870150629328135 -4.336010220315378 8.237178704626228
2.6198069706433413 -3.6609846161212363 8.700790313983802
3.397058780302029 -3.864175556907476 8.235189087395543
1.8877900371771184 -4.65417381701184 8.899212948232488
3.8366819754577564 -3.246103531615371 8.17035776181812
3.113648852010363 -4.270770730545856 7.566476250036365
2.767717042315222 -2.9819825198406624 8.34549462586826
1.8323154529513248 -4.9027202814537 8.458557034091514
2.810182754973669 -4.014549471688003 8.02419340025121
2.282191706211697 -4.000909201633848 8.71972993527224
3.463910104290747 -3.16514748678882 8.359795846504893
3.4010896582742833 -4.543442291471674 8.673486024143411
3.9209868998039172 -3.1247606930205376 8.226439654976696
4.370077519454496 -2.089934464185582 8.443330240321565
3.7209272668648508 -2.4956485470526215 8.068323185865637
3.889642274787684 -4.025640987536299 9.247013157159984
2.5196249198410046 -4.565237612062486 8.344531031892219
2.50445575437881 -4.528971267217369 8.653438220709813
4.355552668588037 -2.728839824420291 8.836756201549587
3.7059095220144953 -3.153818054614645 7.878454390705412
3.0905738086348746 -3.453987712406787 9.02661019427345
3.4901822928689814 -3.2153284755965816 9.087748862383307
4.284591641064243 -3.5142571530006355 8.37364040301435
4.234697909627321 -2.632048467212168 9.108959463284915
3.9987701428548927 -2.9180156889908773 8.923983691354756
3.3648492555792284 -4.532303714156237 8.305739727453576
3.1197755967950216 -3.6759029785015227 8.686273389347805
2.7173152969563295 -4.055062193161399 8.691039191078312
2.431222588009507 -4.521723767557567 9.167360045291568
4.6977773900909545 -2.3568114008738075 8.096326731659298
2.555992729428155 -4.07468945520952 8.863886216552414
3.111994917892966 -3.769715240749181 9.071609169940249
3.395208867878985 -3.7614691929711346 9.094645461612487
3.333346374787492 -3.4128905655541137 9.027851815024562
3.2587425300106774 -2.0647621833620704 8.744159262089347
3.052284633338111 -2.9035801077231054 9.050002855932474
4.53287578048227 -2.9681737889015505 9.258023575932793
4.410500941246922 -2.835691720706161 9.286195693292393
3.7711643187961412 -3.5161906232972764 8.796846619990726
4.228562344429019 -1.2010412006086546 8.949308125560052
3.7381312200156387 -2.373023098176415 9.223288910666568
3.891575767579548 -3.487923454788349 9.29240411934956
3.7234777269338273 -2.9240208378177286 8.509238273241245
3.327787067420147 -4.043398391574882 9.045473315060935
3.7731925795487142 -3.778439446673338 9.791289777850945
4.236642487646208 -2.3635080279556893 8.90529424465288
3.9823387693949353 -4.2116697841976665 8.60752236914961
4.240516090701833 -2.6491312692588016 10.06205480104611
4.172613677445859 -3.1586364912920186 9.434792373279922
4.614154530048895 -3.0794308444593015 8.774153313837687
4.576501274263041 -2.265510044466391 9.26701618596957
3.7045822429404205 -2.2227735642782913 8.545371499249544
3.2688822035247096 -2.2375562743457285 8.630907891734235
5.338940411861665 -2.525463427505564 9.486967273873473
2.8859132655425013 -2.731231525319103 9.179800923805576
3.883436193650542 -4.201530335450433 8.193396542325198
3.902596939536592 -2.965805680146139 9.71797819459232
3.5898225314619427 -3.1926724481920123 8.511824722055103
4.811499433779191 -1.6980003184314227 9.013982916415248
3.9044975357373204 -2.5158379913375097 9.416485129818591
3.9715872340328975 -2.8944595279324847 8.909556547242675
3.967768708088628 -2.6082190385629036 8.503521483487836
3.736666491717003 -2.292608668431358 9.972986347715807
3.0662526758147544 -2.4938681749232154 9.80931178866132
3.7254166226524 -2.3528704171608976 8.614723585079474
3.8286863752855647 -3.435808364749101 9.423765903891942
5.00669249744627 -3.054569156281307 8.354281864613833
4.983107283772304 -1.9856915605357448 10.075252868781998
3.869920011783208 -2.7627878044027465 9.245261535247442
4.704046204307096 -1.0115210101539673 8.894808372727917
5.267323579266175 -2.6102797284745765 10.027298382494152
3.4091727950101682 -3.244268292795712 9.968158215370059
3.8725787183150513 -2.7762115448434024 8.814000793127049
4.333721671194337 -2.3152566925294433 9.448193527043372
4.423784433597865 -2.863104930233442 9.380237127324714
3.614544040244381 -3.2816024717893053 8.807225935796158
4.616172210272288 -2.830638763716757 9.677460867567644
4.752162127881812 -2.3865230405587687 8.512796494237987
4.771300945470631 -2.5574424377873215 10.075814216833015
3.6526213711108846 -3.1685920965364245 8.527827883625527
4.207111961380704 -1.3337687139107055 9.905387555364396
4.333963089321195 -2.1684686434562614 9.906284022158689
4.509662712824444 -1.5991866208008008 9.78778039588639
5.534526215336796 -1.6667421838524015 9.661202671031303
2.6107514601625925 -3.733067997570176 8.939766735524692
4.528060135214635 -1.6591687081449598 9.044130467892737
4.827581756067086 -2.101725942987708 9.434893628755589
4.036054217231571 -1.728766903792286 9.747261324782823
4.649694608740723 -1.132608942009667 9.447817255340526
4.894179719864664 -0.9574661086148194 9.688937529330271
4.383631808455468 -1.4838747589235464 9.210594464079204
3.8812878996840148 -2.254912683813451 9.693725834083576
5.161823446362614 -1.8265558337335217 8.925885119433222
4.45364624784031 -1.6360100732371627 9.55908098002352
5.4696729718584125 -1.181738104116899 9.19866776371845
5.4352494636359925 -1.2454045303331465 9.242836842558008
5.490876598111861 -0.9635662881852072 10.15281499707269
5.079835820673648 -1.2623117373167432 9.249785631262615
4.577336351293211 -1.4835152158947487 9.798892763113315
3.9777254703538354 -1.7922143712449126 9.550342133873471
4.710529555764691 0.798630133568838 9.799493424604146
5.097183749436126 -0.48748909904158333 9.978046454730187
4.413897607169054 -1.652173410575128 9.793035894395448
3.4636201240951388 -2.1290490072224038 9.633242103116539
4.914782353768568 -0.038100655175576446 9.277276593366738
4.105136900104022 -1.4767415370792387 9.54917598201615
5.188697407769601 -1.9532433704544796 10.011061305396357
4.822060138309853 0.26748369756897955 8.859663955292648
4.754676323731548 -0.94197037536016 9.763379965102882
5.1205676561194515 -1.239349398483901 9.459306120977152
5.048229512421737 -0.06593187371914952 9.757761665148859
4.952931892682315 -1.7533122989573444 9.959522456673827
5.0099876440983255 -1.8421036381392846 9.383820043485983
4.338456930684281 -1.4456969612893154 9.857261686766842
4.525990126452033 -1.149789477249217 9.753849465388752
5.122944478862446 -0.3756512245959864 9.91049878549253
4.905144161713983 -2.610206540609907 8.836386248853556
4.112384762052149 -0.8459886634242678 9.984561566194522
4.309201599454872 -0.9891971156268635 9.16538797698624
4.11581226793261 -2.0669903713701863 9.979683883501192
4.760973762834616 -2.720934175147914 9.152359454024035
5.670553242725043 -0.32944871328220304 9.437482890640146
5.093638561554787 -1.242624146473551 9.995920800676341
5.759919810462282 -1.799746337667425 9.136064487705806
4.49711637957222 -2.1080878138548838 9.703292341206737
3.8471987289873426 -2.7474650544535324 10.490657407851408
4.879057340790626 -1.9646276100284816 9.506624672700475
5.373694009085692 -1.310489589298871 8.568011171079135
4.279852883365329 -2.009566748189626 9.94873604647014
5.517662075850114 0.22021574099131958 9.87346727618004
5.021670985401937 -0.2501379738483359 9.464304306973816
4.523213499422711 0.49964858292187386 9.489288058161751
4.786992462446678 -0.35456477109407525 10.087136378978862
4.8329052912492205 0.041984288390360044 10.507338881661791
4.592162137805202 0.8864073034151105 10.527876471958614
4.2183347044808945 -1.9496269805028592 9.23890314384314
4.834072696506446 -0.39423820606947807 10.582872008212258
4.98959560710355 -0.44631977537146333 10.417942617312535
5.881906270818829 0.07919880540303037 9.225140357510886
5.658846896572853 -0.17437803660637288 9.785628555566543
4.4132214609229585 -0.06399058538581939 9.657875433730403
5.489857902633998 1.8062006713995382 9.384831908673213
5.485508081185775 0.670386673435128 9.737674394372068
5.078422010060303 -3.0466081410227854 10.523481481565646
5.147554575715123 0.9856251402839648 9.491065977520542
4.1193593093844925 -1.502053730654173 11.097691325827704
4.242884924811562 0.3141570614408671 10.243880581971208
4.970492018529851 -1.7168936063569602 10.649943478416867
4.412574874511428 -0.11070447761015613 10.05557290519337
4.3862780020962795 -2.2199111125673925 9.709120702564535
5.815264837765889 -0.7582977282136647 9.730686353117033
5.489541830198026 -0.7849341943639521 10.279437680965032
