4.13931777750769 -0.009667447712399255 -0.6122325405457433
3.918871245823027 2.196853378942743 -0.8582753269889571
5.147027028257758 1.5990165745260991 0.22398570594087835
5.084904745347675 0.8178110730196364 0.16688856179084743
4.59891288609831 0.8394404187912345 0.7659100999077787
5.454884238564587 1.098367075697267 -0.3007885778265078
4.959914032454443 2.360896059260718 0.13780328140000814
5.130508885924104 0.8648445818283093 0.5460951165976065
3.9525636861032734 1.349502049299214 -0.2641884628685866
4.619644939803208 -0.013469529394954554 -0.7092635834625012
5.072601976594557 1.1492115773965488 0.1043673478515912
5.603280553991591 1.4363300681738662 0.730120720041142
4.99703357127974 -0.12806948955781666 0.4097884421557895
4.495826686762212 -1.144377102043742 0.5853620478780024
5.022253979531717 0.4094954882842287 -0.602117199937226
5.103436527937675 -0.1485889414137725 1.418039238363284
4.922643615564022 0.9595671365744823 -0.4264686623383077
4.761796383438779 0.6833783675300809 0.27423060164108215
4.979366672473241 1.5880392056800134 0.3269965421411246
4.3602727322707615 -0.16579387168851856 1.2940804295883686
5.763424810893748 0.4414719911786353 0.3947559615170039
5.441147164241264 1.6062897683385 -0.7229892762273413
4.165671171011653 -1.188089936301056 -0.09815754424883716
4.525238519248426 0.018247569007121156 0.02075611741871153
5.708536421971608 1.7281877707449067 0.9749915536164588
4.019090708491615 2.5659295337723633 0.928045095537129
4.6386961689497 0.8622457941311743 0.7301189834017112
6.125583647660674 -0.5254227998343717 0.09696031274244729
4.83342934230749 1.3642811797757073 0.7505022176387204
4.762412343446454 1.247257322756382 0.459949537166512
4.653373736947752 1.8256645620288543 0.3893987188162671
5.257170859762995 -0.9498517965939196 -0.3336445580399761
4.456052862140555 1.5238701411607847 0.5152029646508128
5.121513665070272 1.4241540392228385 0.770826680528462
3.8415321454761178 1.4558794996977722 0.5411738973472002
4.93525018139728 1.0466593746063098 0.46703423068664734
3.8507532412489125 -0.44730132005065815 -0.4460051473181115
4.501503424149516 2.9482616080213684 0.7846767780023123
4.565674915348848 0.5887884556293405 0.56655139135216
4.586535104059947 0.6993793924289534 1.0396856305047453
5.105000196129211 2.547425087047203 0.23731759210646416
4.9718845596627625 1.19637813478228 -0.24570438060167343
5.243595330118324 0.803669422871483 0.09859038108959495
5.6315295442726985 -0.3162424512032674 0.6338971810680213
5.448535461294735 0.43277444556316685 0.5550569458678547
4.803065374124589 0.5098012294567051 -1.1663710842704957
5.208159617099945 0.5513886105354991 0.5521738791884465
4.422328878260836 1.7209417025016343 0.3987050968843985
5.078657902311363 2.018027693640938 -0.5340887194971105
4.705575811303071 2.5835970692612586 0.4408248638030682
4.314082767247736 2.788645359713419 0.15929441709197117
5.16856420530618 1.660050924348618 0.9777191804879888
4.478074357966821 1.2565202132999502 0.33283156935325187
4.70631701496711 1.996708511973045 0.3699229739022226
4.386630230846812 0.7382496639988877 0.1203736174193426
5.723051133358428 1.6032925645940521 0.08727446433246272
4.155484935893536 1.6998856700844334 0.11156590830921076
4.4062483355808455 0.6761667005918586 0.2569254321742435
3.9438956487231573 2.7333712549645584 0.4406094943327693
5.162299938482201 0.8489514613129302 1.98817496204645
3.949768169289873 2.5171176211435164 0.3401934634744214
4.504802821547293 2.474724072711344 0.41131245614901113
5.644642424737477 1.6083845818278757 1.1730433897333912
4.400632604794689 1.7152523911113544 0.8762163306387434
5.627436453874779 0.45696832460903125 0.5281084394173514
4.874752480793252 1.229667664468325 0.29703590992505613
3.287320573286879 2.941797138588286 0.8963721610615187
4.466775236367643 2.9562880274906385 1.0284707455035882
4.545447848371119 1.6943430054973312 -0.4229374701473071
4.956778340690718 1.9841916930447807 1.0742939818608346
3.245904054894876 2.04164427481599 0.06657746866052805
5.429470465361081 1.692328879887779 1.5836996053639716
3.22055395876639 4.300561509487119 -0.046432893080736615
3.8448069870106556 2.7996981651695005 1.1519286181406836
3.956307242827787 2.3124313986810443 1.2594606649216433
4.619046622786746 0.8039916907782095 0.6600143248164473
5.715275498316892 2.2493643552146607 0.30384122356544935
5.867642040834438 2.1639533650051823 0.688781629750632
3.9332707125462365 2.8859301334288543 0.5332218178918183
4.051912003316293 1.9665229812637997 0.3384279420054432
4.873467728220894 4.21264441290517 0.7120613350514635
4.386887518468526 2.9909319997953228 1.0718443374804223
4.672189834075611 1.331995210637509 1.172355418784523
4.421670153998735 2.682062609879425 1.4133789699743637
3.7491967940991433 3.0656743056241624 0.6295919091328216
4.567718389429554 3.3988449977616333 0.2611862737204411
2.8971558935700026 3.1854765668474303 0.977554772691434
3.721449970806124 1.9643378504450395 0.08632421009665614
4.129943083863559 2.905504902446237 1.2542169784551793
4.411847048907181 2.883369457493992 1.441944257038795
4.439618213946412 3.2163235167380746 1.1406983585198847
5.522399366557122 1.41619641272159 1.2582852596871135
4.860027901021217 1.6414422933147066 0.7080141852538941
4.649111919854059 2.579656950135273 1.1174331048092907
3.6586231389453188 2.2593471923445874 0.805232904167459
2.8353723121472303 5.022034483160982 -0.010970409415972826
3.9388566687226008 2.4305843999504058 1.0121444910081725
5.650191391027438 1.4183829470718865 1.4286257124050288
4.040627650232902 3.2237040300513122 1.2000212030116004
3.9271739014923686 2.863356895768994 1.2357254971578469
4.859767376352636 1.8479855813706019 0.831175095053107
4.754978970137129 2.060665946191778 0.6302176613935133
2.979397925149909 1.8198907359263448 0.7537006859333508
3.8346278981576343 3.9234854539315145 1.3050859381714877
3.6911760933414786 2.5354474566709886 1.4618807698978489
3.1831513240090197 3.0860969595142285 0.6474083022462782
3.558485980200627 3.995032735550846 1.1731186614965308
3.3859246066502053 3.187461088006751 1.3284017478220116
4.576831023989526 1.433001210888191 0.4457788676556905
2.8219935522325885 3.206253821901599 0.8384432020807222
2.854988580913785 3.819975443290318 1.745579661990269
3.4720320647894334 2.9370622213302116 0.9063059897808138
3.7647460175341627 4.210893478409565 1.9396014967692006
3.982077629714214 3.055969537040687 1.489290790831836
4.302233605661752 3.7803881601004274 1.4571546123656463
3.341667534008169 3.319637059156964 1.2642326660035113
3.4092606022000904 2.3445033654988583 1.093368243086141
4.244696427902036 2.6203002394964514 1.473739491179917
2.992107793718822 3.884264847568263 1.0992342038176905
4.447794961568172 2.523613509757357 0.7868954727337489
2.830931143235688 3.95818231724024 1.3787651642635876
3.8848560436794934 4.225153159336381 1.831929158896501
3.326695366130115 3.5505295980818103 0.4785055760658501
3.933950210439872 2.7176996324979754 1.724357487864948
3.5638295924459484 2.5979529603146023 0.985978183528087
2.986897363021205 3.8342964365904986 1.0440609420335267
3.322114175753429 3.076151608875714 1.5429857219679919
3.833684551398268 2.477304495871226 1.0144750351581049
3.0880163109011907 4.0647603734868785 2.4664308031674738
3.796552623513171 3.2188129599248274 1.6150564398230252
3.4903530010573576 2.8244160813168886 1.3967446963871737
3.08914894523185 4.42691468801523 1.582300246267912
3.055130329682592 3.578713755391179 1.7471096328941391
2.0342275647675 3.79225546782439 0.6916335360876353
3.4310179423123337 4.36799753558937 0.6026000039293872
4.21190070070564 3.762308234037321 1.270333820049004
2.282639849565694 5.217006474210362 1.9405056353062653
2.6517414862128335 3.7099880463707806 0.8626664947643526
2.5213919172331622 4.706121825077199 0.6999323729408201
3.572264155011591 3.2226090062400172 0.5791825099184446
3.4778370427471876 3.8031614856821077 0.4128610642168721
2.15670455804516 3.714226521205511 1.8772185189409643
2.6662850293024594 3.7991624846296386 0.9906880304294369
2.2736104426284736 4.952543388215407 1.8506563942805845
3.535117307762967 4.285860226892596 1.186458656317364
2.5343196978884044 4.263614427392924 0.9127764006548466
4.50068242247523 3.3275806585966214 1.4022876525134043
4.662483550751804 2.1218548578227674 1.1101527367087156
2.369259992493208 3.6324172765776277 1.2213095206686466
2.978668976121456 3.4252535712588323 1.9932611296260192
2.7753384998056814 5.0376712989266395 1.6331490570499425
2.4919129069271104 4.4116247536206075 1.7503995396613412
2.652936321197276 3.6983847198688182 1.0145490849612049
1.6170091878945045 4.632824941079888 2.3393797744081306
2.774594964858509 4.132262127005101 1.442529974720653
2.7512780595757445 3.3759582816281135 1.7777660832015845
3.7028817540364027 3.4199346137103106 1.7673802083106411
3.00961247895247 3.215131787481671 1.048781843598065
3.160098444505251 4.9437095934762745 1.2763130828885556
3.6325517345573153 2.6691137933982785 1.4577349805955715
2.1223614339467662 4.699551255578445 1.0749477662048514
3.1311196182738947 4.55488976068377 2.3339663181306203
1.770193549425985 4.254790695470791 0.7478713000904157
1.4767937058719034 4.9184716917140126 2.2872206310872563
4.498755614024595 2.5442253654796096 1.574794162368079
2.0193396787644153 4.340307253035493 2.1276463780237793
2.630694545344339 4.291674172805328 2.0203492014229707
2.3741455021574924 4.27840953690147 2.411576430413012
2.6244913833077637 4.384228578713822 0.8195530763775389
1.5303967094049895 4.789911304358082 1.6785385010062317
3.6614257122427887 4.158731450660872 2.0344584380220203
2.032252956339635 4.5741690041449905 2.6157620304966325
2.877543263703937 4.1407538565739275 1.7675023690384144
3.4563571491269176 3.5578689030811224 0.29034205115798506
2.937330533839268 3.7767329886662595 2.362903836233814
2.412105276947476 3.813263571805114 0.6111672888007784
1.5809058038021828 4.190470075007264 1.611248029567626
0.2888679801923795 4.403856082288948 2.71088419899401
1.9535865700912032 4.822091659193945 1.9489166516560086
0.6077801393276352 5.267622424205473 1.8102740589289532
3.064497672979925 3.982599095519368 1.2874791574130513
1.5334312965192036 4.646463782718234 1.7970324503925819
0.9966898604697227 4.626731772793387 3.064831812909694
2.0524216959812907 4.861233429483487 1.8345884263158612
2.457438052202878 5.194887616855656 1.6503603103394007
0.8304771168198529 4.562332394332001 2.1185166399251356
2.523652780476066 4.918469538672056 1.933942057698737
1.7695197857414793 4.113632210988385 0.8733857072418714
-0.005242095314318924 4.753885821047767 2.4460956842235158
2.845373195293992 4.421581027745176 1.486709789185883
2.656942356881427 4.405887728051686 2.587546922337867
2.2985655361803237 4.130644369610534 1.0119174681829588
2.165370544860981 5.220180823587515 2.122602948873862
2.1539522578698147 3.9609312776611905 2.4534426096788575
2.7134678034846207 4.462652175690658 1.6113957685355211
2.2019614555124565 5.265640548167016 1.8741128498283741
2.838296544659509 4.5177423220297435 1.8638472051855515
0.8922978729737646 5.378778015036456 1.3999486988599759
1.8073783039087659 5.862308447662136 2.271606425916984
0.7325515467261043 5.54343508470747 2.3905063553302917
1.4329939429830145 4.8344811958954805 1.130890339508384
1.814905148678939 4.52815492321686 2.2327912657462385
0.3420752221211273 4.23612870669746 2.175114549317254
0.4504095042271984 5.589467524388673 1.36559744059632
1.9589782618843443 5.5544369830057345 2.2064637440927424
1.0443231311337873 4.829330499103284 1.8192964674902559
2.2920402212827615 5.733876327753667 1.8452754151147674
0.32223300027701507 4.46159871757019 1.47482817659241
1.9203164867099567 3.989535170483025 2.4666041753482717
0.19428782273502448 4.2671658131248025 2.204675257452078
1.0549261471064026 4.6824136718117435 1.9889698586941102
0.5107883896397273 5.12149936790531 1.806451271635258
1.7306154332825143 4.205451973454384 1.1867713024246689
1.090478572942699 3.722468137162423 2.619569361260812
1.867949716162986 4.0695292542617345 1.7971805343533405
1.0856954322779768 4.406310976189721 2.7516464042979423
1.5503897023149829 3.577543878539136 2.1568049941939598
0.3629020896595236 4.386773216772914 2.10044047469129
0.4400045341079841 3.9404337077726836 2.165993837294348
0.726064994266853 5.145154930019132 1.5205303012107274
2.0161623024724946 3.9514422112941316 2.1239461259645274
1.5773535253547837 5.117096262153036 1.614531160027429
2.2121612287691974 5.233518919223569 2.3801659117503076
1.961787468047496 5.3866750427227 1.8273616126428425
-0.158998242753293 4.636370122602815 1.3841108578278194
0.31700670115573837 5.554067396915302 2.1022164500941543
0.01888253292468375 5.226933780156303 2.431026835109732
0.7222634888865714 4.942769431020108 1.9438091845217436
-0.19550547862604487 4.714790492984501 2.7128678625867657
0.7671253361135648 4.94491316632977 1.6349444637343429
-0.636192137762786 4.499941783296484 2.4849050713776455
-0.3127998092705086 4.6453047190025565 2.3346999057898
0.9921807920664862 4.569433061421575 2.2418241142479673
-0.5087267814616386 4.88706687664807 1.9847969322897077
1.1996245151056617 4.0752999534343 1.9952186045630729
0.6441351679189914 5.6273245695220915 2.458878735706658
-0.20395114193948943 4.554925234067835 1.7272518703831727
0.4576091062418247 4.713951014892598 2.219234540584461
0.548649095278475 5.600271670972366 2.5334553971279985
0.13323972996588165 5.078177761229758 2.748714383358211
0.5421403875623284 5.422783500433718 2.179098830596729
1.1052676255406513 5.381457732937682 3.0092139265184796
0.8603512580080495 4.851453774447979 2.438643261146992
-0.2579945768697523 6.010315938927293 3.135243879857536
0.08250684536649147 5.440064877052476 2.951438486221742
-0.1943978011394592 4.147499170544869 1.5580760427314633
-1.7060652502654092 4.413522687303318 2.411007835038663
-0.6089667734905945 5.59179151586742 1.768910958219665
0.3966817178627804 5.054943370053472 1.833330806876078
1.2025045339342308 4.489052099589128 2.0290235627351683
-1.2824780677646892 5.028728603281925 2.223885747291826
1.260011938512997 5.094439559054823 2.7859455990975306
1.8255821994314825 4.567956609518715 2.4577728881499423
-0.30276038667033356 5.186999536553128 2.828864348251641
1.4150288296893583 4.574111396267351 2.64790655531013
-0.8823057598189453 5.042368689847125 2.5302024673538797
-0.060812087749816224 4.925402544929416 2.8791179189605263
-1.2517099371079565 4.584944867406765 2.5466449263006368
0.04008881472691619 5.353857870668945 2.980256475758414
0.9207598972873928 4.099266802043389 2.2064562676940453
-1.6075724577845991 4.527940663865096 2.9895279904498846
0.5567876444210612 4.500686846383432 3.9088340835050293
0.05670872170876569 4.6680510956760894 2.782201640293496
1.463737221643901 4.99971950613918 2.3882106882991705
-0.48052718827688756 4.492154542860801 2.2262832676307425
-0.7178073216502077 5.040017860205157 3.4500830895588894
-0.9560937065861425 4.695688656016649 2.938440364999503
0.6360443719099819 5.333505929738199 3.037333350344727
-0.3581789700570346 5.15348386588269 2.6873978256226905
-0.32443084475811795 4.8612599031124795 2.258339729161823
-0.47242039499689303 4.476393944469964 2.0477444908206577
-0.9232632540571044 5.62154002672123 2.728757775157008
0.5128186146680492 4.667354131163338 2.883090115055918
-0.7312736161176389 5.272752080702831 2.629624901000687
-2.553758580450873 5.674056823176062 3.041034289982571
-2.2712798054768797 5.287043393870428 3.500039672971295
0.8265021241429648 4.91807730481985 4.004837321615003
-1.119373401867794 5.094679024369123 3.3236495013727856
-1.248735435182302 4.3012601828150565 2.660182480136837
-0.7517848686481153 5.1445592330910666 2.4197475433232123
-1.8138274336803548 4.872515704227028 3.2237776129126416
-1.0491446670905828 5.01356843008175 2.684727191033401
-1.5201274558150384 5.328895871310626 3.330095798615116
-1.749568761851389 4.485268951940044 2.862346419741484
-0.5044865544833121 5.757691753581283 2.92324595627236
-1.0980586007831774 4.59874133555468 3.5129566549128994
-1.4339549288010098 3.7902040270401063 3.33412557120213
-2.2697758640950463 4.2468903901812265 2.5668243727068263
-1.657902700490575 4.293240244890825 2.859067214249031
-2.7609147828929914 3.84675134844713 2.0798424021657844
-0.37054399041687947 5.048062414507312 3.163023075351938
-1.0622137013633224 5.148341114900945 3.0850351806297738
-2.8396707413185593 3.4692457754316837 2.7803965400560324
-0.303427270541763 4.830338874880582 2.3619104280689935
-0.9822043861561147 4.909211017189855 2.6911646010594388
-1.6921781370108482 4.936951877608388 2.945850195396199
-0.08233786378903689 5.2102741655488565 3.4078689184064204
-0.4372053624264077 5.309363515583679 2.6897871701112086
-0.2924267983419289 4.298174818116465 2.810647732270033
-1.2046919811618573 4.61332045460427 2.924769270750726
-1.043646749068396 4.021648399430409 3.3358633619332436
-1.6460590214173505 4.763362531144774 3.515655107774571
-1.9183977247217325 4.34753131865315 2.3532235250687994
-1.0406172691093962 5.552585894979646 2.9032634763441796
0.944606099599591 5.515958053154561 2.8709328126072857
-1.820584397824646 5.542413358108654 2.9574645282127157
-2.9089744769548713 3.8071590182432824 3.1598288612321097
-0.6683544721196134 3.827690386487582 2.613740813203332
-1.1369081854954646 4.717069307181548 2.8087721551026026
-3.6679178371817382 4.291925295869026 3.211869759857192
-2.9710747449372263 3.4539624070377974 3.6597652937813656
-1.039495502057293 3.529915637605346 3.906978977937598
-1.9052731873417095 3.6425977244367402 2.799725634853699
-2.590222298918503 5.33935801137325 3.083889848832393
-1.729964991667999 5.194002701472452 2.7125151628011293
-0.7748288497496857 4.858331507113587 2.6743722113177495
-1.46827565175408 4.306946454087583 3.1992537942475976
-1.662159138890315 4.446147551713599 3.1470280719673163
-1.6744006977802737 4.798898139873516 3.6179484955532977
-1.6373566597834104 4.575691606346631 3.847656133836141
-3.2133854512019524 4.348128024193536 3.82423533556873
-2.062699774873798 4.409170402940546 3.3849188436744497
-2.6887746990710024 3.232700135505943 3.086855199859922
-3.751717031318004 4.885350358688325 4.236952910777459
-2.900853302887475 4.169691451615776 2.150573650967119
-1.9099099110205287 4.757842585171633 2.9332687993764623
-1.5970913209431032 5.066066344494936 2.5871610754874954
-2.173067617852745 4.722431655605973 3.4286714649644776
-2.6622253126540727 4.217070180396877 3.744464754936379
-3.1279402274057873 4.276800958722877 3.005156597370897
-2.5732059175589854 4.800813344269032 2.5283042939098976
-1.4745981615826824 4.846013105687063 3.7276875191941308
-2.2962547491930723 4.2779816486025135 3.3821448480094176
-1.5305279547364035 4.079839381107071 1.4406195618716828
-2.0544369769574056 5.090527744141368 3.626067993107456
-2.048012279918318 4.39343600494926 3.30575564786137
-3.7019004030158786 3.5319461473843994 3.1133436952041467
-2.0614897978099007 3.9820208843452067 2.6270773926700537
-3.188381609640927 3.9300808347878373 3.985653895043656
-4.77413793087923 3.152119906219615 3.7096454304242292
-3.9350334607251902 3.7132633283651852 4.552302227703037
-2.6024662286219433 3.7426541995887677 4.108222797019548
-3.1851739758913054 4.061061289242726 3.8531026994069424
-2.2073663451278978 4.206748179058798 3.5731811802237448
-2.184561413024344 4.716335227030159 3.5247756781813817
-3.265032432377909 3.237892713384109 3.2496399561734792
-2.9406185984247406 4.920120925623274 4.19552108799103
-3.4186749845650426 3.8313797242637886 3.3116664860836735
-3.5784592030046927 4.530131726665035 3.1368180645942516
-4.010114277406454 2.0317560528735767 4.0287727030700555
-3.138969499348861 4.360624500358488 3.217669703474223
-2.8697136261754443 4.6517014094547084 3.413367923112635
-3.5384809535449 3.952837220176475 3.845103690146436
-2.6425056087014345 3.748644127601812 4.168191889655061
-0.8674394240473515 4.686147361040536 2.5431850874235833
-3.4440292842841567 4.092004242552788 3.0763126281462467
-1.779112610556522 5.0554515129362025 3.845764096671385
-2.5986564769871556 3.5628287919578736 2.8257723414934297
-4.154864209589753 2.67361234975576 3.3963986233008163
-2.3730554391306375 5.100281562094098 3.649685162469457
-3.1886928251793285 4.010973824162978 3.630195790580246
-2.0888995862784356 4.027072933334985 3.755813560247132
-3.0879951232014906 5.176853711269524 3.4094956373685004
-3.992649256050834 2.429890893369541 4.119532902497645
-3.066774025709233 3.237676230043478 3.092808728393593
-3.792024921746686 3.1338030868859286 3.787437832823078
-3.181554407768994 4.236000867157455 3.3208837025288314
-3.5114218680368596 2.508267471144363 4.628029634313336
-3.46987357692859 3.273872561593037 3.946869932851125
-2.703223040088477 4.046544935328406 4.435484211649602
-4.765311299728226 3.1508172801001058 4.003114671048381
-3.753259717087664 3.08303854203044 3.5300836391615724
-2.467019707492101 4.085123189697167 3.7044638282888256
-2.9610320996294575 3.7973232741155725 3.1886690907903352
-4.348730983484761 2.9924499627262824 4.209015917999299
-3.292968820801306 2.78695425364286 4.302637293648131
-2.36577172421318 4.0431173369179 3.421053907575449
-4.112689273007383 1.1912899469288203 4.313103916681742
-3.8941521270849337 2.960135175239259 4.081085733869917
-2.1542806684781284 3.8596915048323535 4.109597914801073
-2.9514176658092506 4.078704190995761 3.56573204734819
-4.978527428783723 2.9447486858396004 4.365854437257655
-4.691504772502574 2.837818943132155 3.65133988297247
-2.6668135470621626 4.621096285082397 3.758286317316536
-2.2566916800250336 3.849893128751818 4.092200189062243
-4.270833654323328 3.7539806435899683 3.916573924652702
-3.462648548743057 2.9413475561314084 3.6437648639943494
-4.398905035849636 1.8176079968437804 4.1441699577047
-3.1104289949172053 3.842974134054645 4.20823215371674
-3.0774195417097654 3.3977560541585956 3.6872376051855684
-3.077074710931267 3.0590200184972614 3.828413945856554
-3.6153272805506855 4.215924128466864 2.8123244846324713
-2.6481915714980575 3.510942241456279 3.7059039417044435
-3.8864971663990096 4.374327035869641 4.1449062846378055
-4.4678016091036845 1.311888987695146 4.438482758651428
-5.06368617028136 2.234788682667365 4.206503483375747
-3.8769846296579167 2.921721153437086 4.588778323722197
-3.840590686198257 1.803002080495134 3.0507450095430886
-3.2466052324138084 3.379213657670363 4.907128525770896
-5.283774058162723 2.224609566085925 3.440391875272491
-2.9143943318312804 2.557512929461522 4.468703608102979
-3.9919666594141288 2.955277454452293 3.9560058400401585
-4.415314971006541 2.599299994994072 4.725070837265199
-3.248579710911724 3.550545326693931 4.375919925693426
-4.164713109844344 2.02876341954075 4.3059312554742055
-4.295063679177029 1.6341324162714665 3.9615410154936943
-4.075896207690412 3.8684881900065324 4.202970121045553
-3.5795162476199756 2.8852084225567816 2.890311704872399
-3.094742461973216 2.2100766100891467 4.134297901964879
-3.6649380431310985 2.6844729677769568 4.997543680915895
-3.2862979121478766 2.755074811677877 4.50666529563738
-3.533169266502486 2.7007991911923734 4.24178798688132
-4.910003661659658 1.1722749811630013 4.677238300538979
-4.8871517319529945 3.3832157219710237 4.82656831825561
-3.9720041452985213 2.2229111162110797 4.215968621441265
-4.385390337484068 3.621048861640875 4.1245676310935
-5.436785423254611 2.567588234580532 3.230365324285379
-4.57607348049981 0.8040817312295774 4.237453144790767
-4.860911869971923 2.361724618009743 4.226743815996393
-3.792090581045573 1.7205638842458315 4.574581471231104
-4.6273211842010245 3.1820266127178805 4.500719672550055
-4.484516251681898 1.3303457920287094 3.656271526612664
-4.349232948778089 2.543214346860877 3.374903929955252
-4.669807737459601 3.658181269139969 3.8436066376051827
-4.592099096142514 2.0505065776589877 4.776017267415092
-4.933665371285968 1.37384142281195 4.275235351914665
-4.327540412489564 2.101567627915574 4.818045885031611
-5.238502678236595 -0.4058480523850868 4.672088774286574
-4.793273148181406 2.608026612775023 4.729926536528709
-3.9884870177566683 2.8655108714691195 4.247317707882383
-3.9202133969848103 2.3339862043857362 2.8942525340561707
-4.720450239444205 1.7897405802928348 3.6637291327978954
-5.657641632695165 1.2335750297464743 4.253735719870815
-4.5711060293481225 1.7303540542725218 5.182377575170057
-4.417460690479418 2.6507838365985195 3.7402581509809343
-4.392702246301467 1.0050572888145426 4.40209276768334
-3.709497178399022 3.123851862347555 4.974376964334092
-4.665983403767189 1.7719772123769097 4.756352947163155
-3.7703814578069013 1.9219740737973556 5.330957753447725
-3.80149988237203 1.7223533219658347 4.226675817814326
-4.260529583281515 3.0820713588312234 3.826900410590648
-4.6471934255203955 -0.18185823307965718 5.600495061566111
-5.143851642558873 2.875938552122406 4.529173812138833
-5.256556504496245 1.34582238379201 4.842869890603236
-5.5619050682792315 2.463811041789916 5.455408551364884
-5.198956947241536 1.0257843868202443 3.950145873238822
-4.519463150056399 1.7501469837792354 4.19227618382935
-4.624797476934942 2.697379576887306 4.032947698531278
-5.644927476962988 0.8085154102612335 5.042785382337209
-5.253100849414796 -0.1871597930394247 4.418315606468847
-4.764211088068559 2.139234089246222 4.7719038758131385
-3.8778196805039244 3.567062850182363 4.993737993700732
-4.214423525859995 0.6934681565906268 4.315152590523912
-4.226660342990357 -0.2660020178042656 5.241975403626482
-4.468121165187564 1.7581583184566614 4.969501001344391
-5.184548581133462 1.307058546682935 3.8957210365604356
-4.877614425532078 0.9728942994562384 4.4649362943708715
-4.553750459150499 2.49140618661087 4.745802031904153
-5.252868906501569 0.5243558868002884 5.227809721902809
-5.365983236714133 1.0466402952883211 5.16318493028325
-4.856141407786291 -0.9140007282594831 5.076106959983142
-3.5865254652483487 2.3911078862056065 4.335112265066208
-5.599206498951773 1.0399658082128729 3.8691052302154887
-3.9776512163593107 1.3482861992242767 4.721579460729625
-4.439439067151384 -0.6980575056486618 5.168628193160934
-4.468178049364578 -1.0214333152812975 4.690861265370003
-5.137368582649854 0.8933528586599219 5.146935799676094
-5.510739165152275 1.223089575149081 4.563426945136397
-4.39342310617712 2.7577921921085875 3.8370663017871083
-5.242586045718402 1.5160095274087038 5.350827437060451
-5.167841383991717 1.110918826543556 3.8430007920220595
-4.509476842418834 1.4777385113514399 4.425233644736787
-5.0682623591437705 2.650247698995005 5.194392303604464
-4.761559542841595 0.7107591286979477 4.993019665087207
-4.554887053592758 1.1861508168684864 5.0268636056527525
-4.537675013830886 2.5771165285991873 3.827269274126653
-4.701592764903595 -0.38819959394797 5.501316567976324
-5.163788168726692 0.43056664298667885 4.730500350584554
-5.511555620662349 0.8057142663202559 5.067987766579733
-4.527640701863186 -0.21213825613162973 4.725452975781895
-4.520042298416898 -0.05975182559666699 4.477351508127339
-5.264681825867493 0.5375454131886352 4.610418621526091
-4.410239257262451 0.036302584055910914 4.490170642682578
-4.083374664433071 1.346651697394505 5.41148623204566
-4.326067560371772 -1.0272280921454642 4.51840574676424
-5.438072618091204 0.800151390613234 5.258877427698655
-4.233062159215161 -0.36489148841407915 4.930611629108485
-5.419910115862216 0.11468234349250467 5.584963736504141
-4.612577346928819 1.6247992700371046 4.694484020267084
-4.973147569471614 -0.6804266084796945 5.959276149332038
-4.914038347269007 -1.0912249357223691 4.031174145992363
-4.922424693156438 -0.520411104254863 5.124389161343138
-5.22810427657674 1.6102176133409112 5.0456530199109055
-5.101802855700139 1.2988512510692392 4.354159283754909
-4.93262195925468 0.2610830750370753 5.413619092067166
-4.63144174855576 -0.3742714132223253 5.421253951085992
-4.764243138212322 -1.5893304694136392 5.693986663845768
-4.161981045676616 0.10332904340495962 4.8459184088123655
-4.124549028106958 -0.042565267352685364 5.311288599865002
-4.733217733828192 -0.6467225849519701 5.854902941491334
-4.969608628159859 -1.3006922515352592 5.3083666422285924
-5.842476904919214 0.06630118741476045 4.749796615420913
-5.453957034882617 -0.6028492922297733 5.791688160428373
-4.72492060370807 -0.5664738645308965 4.778652907557324
-3.8952765357628176 0.6890593307158781 5.653161937759445
-5.562190511463465 -0.07683723755592174 5.519352654210142
-4.545726342461624 -0.2840083372390915 5.537629651053202
-4.8278129887135535 1.1659900015775204 5.4944085113086985
-5.044551974515952 -1.0665617458899448 5.262007267553678
-5.355732893680257 -1.115619634028639 5.597066414792042
-5.240038136762708 0.4761860648956938 4.7159567485817435
-4.149303253683164 0.943015107845146 4.554699294926214
-4.951272299975907 1.3301340344005368 4.933860175081243
-5.399309463827935 1.51783552353449 4.8052305073696875
-4.311882855547332 0.913388762455051 4.43695189350746
-4.224692432232594 1.067427757011858 5.808859754828642
-4.7272433743031295 -0.5393627169476648 5.076435454887365
-5.360333500348277 -1.6140580600896013 5.064873482526916
-5.0932255355754075 -0.6339821129451402 5.527574870025528
-4.611628663746531 -1.729535975477348 5.992938447174227
-5.336954471470989 -0.6973636623175437 4.921957216462467
-5.2040416323610135 -2.3965247692809646 5.732833951859277
-5.984903536319288 -1.0582987656503307 4.92864733118105
-4.323620739573673 -0.23748445156435025 4.505522162043561
-4.756535430108524 0.011670939877183602 5.754748350756244
-4.669762727670022 -0.2811006896447572 5.457780835704435
-4.645634363482246 -0.5113031520230827 6.256891702376577
-4.372153970401851 -1.0364381400586928 5.506580317316706
-4.265936692745879 -3.639929930464429 5.342930791067505
-5.365901333560688 -0.7405770292163649 4.861203390547831
-4.694437475297513 -1.3373102956237857 5.2081174923874896
-5.0928578696318 0.18346354284531333 5.508307665907366
-5.367690937643497 -0.22423681787840702 5.893765805643961
-4.219651668832199 -2.7830317200342556 5.645753729025197
-4.943242708950929 -0.7572782357896084 4.490151417512761
-4.415456871341493 -0.34526150377556175 5.439441707794184
-4.703151211013723 0.6819238325538812 5.375008575166117
-4.719378850031113 -1.4844301881992712 5.511374756961034
-4.228594515413602 -1.3400789542225575 5.420614968865558
-4.0278586515059915 -3.427018646583519 4.603955854317193
-5.229199606902182 -1.1830951943141488 5.082571907605784
-4.897347334627754 -0.3897132615661662 5.147477823740782
-5.630266448835722 -1.140186281268312 5.570329897200674
-5.003716010876249 -1.7140320103365856 5.572334558572868
-3.888237513920249 -0.8097221544539954 5.90011473721078
-4.7761312846975885 -0.7588379022196974 5.286766937138105
-3.1269317450338865 -3.2015566588148388 5.012444462685098
-5.23937896401331 -1.817909476113054 4.719163860517764
-3.588980852837728 -2.1857901019801598 5.365242395721118
-4.671103866939542 -2.3024511540312993 6.623259182211903
-3.9483361541572104 -3.056299066456578 5.814923070150607
-5.305600244020609 -0.08291512671869235 5.213132183413895
-4.045651731485851 -3.269293098931699 5.836127120944963
-4.538148206527527 -1.3365762301258342 5.887589789377034
-5.540227152362798 -0.5211960834252575 5.268104600431306
-5.139262994732432 -2.7476103826635603 5.736993703306223
-5.4880513557133845 0.7271581417787547 6.465267466615246
-5.5682279810366975 -0.6513455403473287 6.00197162153628
-4.682601258807477 -2.6079161989774624 5.973343528460195
-4.157663232094618 -1.7992319501729963 5.559496834145303
-4.417123537408427 -1.3166826781133691 6.219487972500189
-5.046953597264525 -1.962639176192267 5.116783702094565
-3.190472269860452 -3.521317722392531 5.412082591791762
-5.095540579437573 -1.2360670619062455 4.929499298471686
-4.906475724225993 -3.0391653335366486 6.472165859843677
-5.243072228121655 -1.2640170050857937 5.352881659972791
-4.122335934158283 -0.44072983386743575 5.753240304209218
-5.162975466581302 -2.1181476270141224 5.816699944812946
-5.421864351820341 -2.836675621171835 5.327528130551796
-4.2834060136335514 -2.2057168195302626 4.599501443500316
-3.236572593582079 -3.0977915959750533 5.74999863226592
-5.0316585244664065 -1.2275635477650209 5.474706479261189
-4.6405316672472114 -2.6755419974662984 5.3782625793703325
-5.479789754427022 -0.7862340855474834 5.960275907683232
-3.9742089383066737 -2.88743366975444 5.5848296069013275
-3.8575014781864767 -1.8808166913514843 5.939042085364816
-4.397886247902519 -3.3928340111710855 5.062532972309507
-5.042738727307182 -2.4390266047137192 5.668693472970841
-4.409460669272864 -1.2944947695901174 5.240625789128175
-4.490902216897008 -2.87751810701818 5.6383596370710505
-4.901815255863157 -1.944222559048223 6.547321615875906
-4.005440124631656 -2.543840097280143 5.438379508567214
-4.047896013389528 -2.3269969926534633 6.117970040896003
-4.389647278888842 -2.4229314977417 6.157518166607953
-2.8443958938446916 -3.558809348341857 5.591092999374658
-4.392435511290328 -2.6026360100229438 5.687546357664514
-3.246161229533999 -3.5883667818498366 6.074083272126173
-5.291860396397239 -1.5624038747116304 6.054644162595389
-3.6842956083654754 -2.647277032165368 6.417315634294884
-3.631190263080786 -3.656643581941153 6.334829810924328
-4.005808991675039 -3.93463479320319 5.860676515318288
-4.368582446890267 -2.1432325513682597 6.010695478362073
-4.2238337553673295 -2.57212885565292 6.081301771528777
-3.951333655377108 -2.3858871497411522 5.696413942050051
-4.603455009537413 -3.4511802318400173 5.3571654065453576
-3.7390710330447874 -2.2279129241156106 6.1757070806956715
-3.7006662279020457 -3.44491278892794 6.550597497161835
-4.204002195881023 -2.2153165135319455 6.611258245659316
-3.436482897027642 -3.66035629441946 6.951745334066112
-5.049092902619098 -1.5278251942253924 6.551959997646419
-3.0360233705435067 -3.148437514453537 6.139687891884783
-2.6476515257382833 -3.855047588450377 6.187822507814097
-3.9232644824339697 -3.257209508517291 6.103748359519976
-4.717236467097017 -1.7301327649967864 6.617109636432255
-2.6900838360460337 -4.414628822513109 6.337350855071537
-3.675665630085257 -2.8365546736465466 5.927288459170343
-4.4280934041331825 -1.7770064562428183 6.859885095920255
-4.884060801295092 -2.3196298218527485 5.88797953971083
-2.789850673629797 -3.675020356522839 5.335604440386087
-3.266613143574711 -3.7710336352622833 5.861462042793242
-3.188019317985265 -2.6536730543307088 5.557564183970299
-3.033133480277637 -3.800069177995986 6.15718915377571
-4.072061797760484 -2.8970530099686282 6.321740046146185
-5.023815899896036 -2.8316529172359544 5.666049649777793
-3.6921658559221977 -2.926656118966966 5.650043458777223
-3.862106080806355 -4.908539306240064 7.015297264802394
-2.2779799836024703 -4.266273132836251 6.888759323502916
-3.4901681998903467 -2.884689260653912 5.652236565397293
-3.534125367208476 -3.9875039856115735 6.81075604209147
-5.041409048906763 -2.647402366744399 6.110635159197986
-3.9046325120061325 -3.6277151942902517 6.174986810259171
-3.01491549702803 -4.148651894425961 6.136234652703366
-3.0018830462057906 -4.661559264904811 6.395372670820919
-4.4480059347068 -3.231869710122925 5.199908013942551
-3.3778794822604516 -3.3628033806015005 5.84400900949528
-2.05934884231422 -3.7392564051954027 5.561478467338674
-2.927395897123731 -3.5157270701189063 6.262195214929143
-3.154961840727767 -4.354638128822388 5.743818631625194
-2.3496164279137615 -5.021840089036508 6.865725084955907
-3.3920541850657613 -4.2823433263126995 5.492846401886313
-3.301112375019458 -3.3509880086708925 6.553221857957911
-4.214907853878414 -3.320556725304648 6.9976707042347
-3.3358937524529906 -3.5345436351448254 6.079685766110211
-2.6053344252554997 -3.9041041993221537 5.412919944819435
-2.5394130752796773 -4.601759987429948 5.904048940101271
-3.06215947011624 -4.015589892351328 6.213859253116157
-2.856508500852922 -3.8697972395630837 6.122096527580821
-2.6135588326302366 -4.6064192718108075 6.087957240174819
-2.7581429786863305 -4.401877999184325 7.242733585813141
-1.7549306412316283 -4.351327614392094 5.818496586455102
-2.9952908242825975 -4.4889852570275375 6.99625317007127
-2.5851449189296924 -3.8240870744111373 6.323853109740704
-2.190541516893985 -4.017761921525511 6.619208354196278
-3.4193636705100205 -3.92710531754625 6.378029176104552
-4.3639537129076835 -3.098123258681246 7.203731674933071
-2.3817123575102492 -3.4953863919936694 6.618496162563197
-3.2277448355701077 -3.2926856308544825 6.341949098941349
-3.2235312657529085 -3.569365743008249 7.595140504320179
-3.950041407387615 -3.113261151997666 6.4478952322205645
-2.0735332552313603 -3.892377007239199 6.116754862319379
-3.1611849752658676 -3.4523006651185772 6.841640057684417
-2.7576701558932726 -4.3087529860607745 6.934316139860681
-2.6676995686417397 -4.857241490191011 5.788725975348201
-3.2157947101995696 -4.08902108247629 6.934377064260488
-1.8557936979952259 -4.693920489568093 6.0081762550600954
-4.041340470794037 -3.801723391737211 6.616868551969951
-1.015246846046468 -5.6170050373119125 6.001736225599427
-3.268442436981264 -2.7863823166041617 6.9521063187245
-2.9575331122218027 -4.2487331496647505 6.67992797565298
-3.264974631775293 -4.091870350603726 6.4857218722374474
-2.409522812966981 -4.1177656133933915 6.3923585009049235
-2.5363101865136057 -4.763549027937328 6.374039672030588
-3.3558572004786846 -3.8131603689800553 6.665041719965322
-2.6262331273620285 -4.222714202888369 6.6902128334463695
-0.3896345546861492 -4.78403557064762 6.815511592829449
-2.4099755242165264 -3.6632748097014436 6.095174484364219
-3.9382266560263974 -3.3588748335049714 6.680038816044537
-2.286078905759428 -4.511846252177016 6.557086668125802
-4.1141520970837115 -3.766732533627937 6.9209533581120475
-0.7724651740086447 -3.2271125037631885 6.0556437011843816
-1.4044182846417717 -5.440718433098034 6.580985703100636
-3.0453034199172637 -4.43375546420403 6.549414767937885
-2.7726692422980586 -4.783468558838524 6.597219182036285
-2.811396823156501 -4.262894583959993 7.388790956213584
-3.388695847747778 -3.064533106122334 7.069547898989143
-3.722474380153641 -3.726503131784107 7.5656235021561615
-1.525968369033412 -5.01832396299126 7.336150988917672
-2.9670695819474395 -3.557716519018604 6.02568753415416
-0.06675558633587475 -5.649679339712552 6.659056344084761
-1.6359101055939744 -4.881184671045106 5.863064669331901
-2.0864659770238303 -3.7265589398159435 7.210530213201705
-3.099967779095484 -4.280221179142068 7.151727714930296
-2.2963651600701263 -4.425262165306619 7.621384503320049
-1.7948430475385515 -4.122535630954292 6.32832572144478
-2.3255358556077477 -5.213313457271756 6.740519256859212
-0.48234173275958675 -5.1524996344868415 6.892297356313609
-1.4312339424120157 -5.240014471538704 6.256801498805683
-0.6468994090314533 -4.616467231792484 7.262752973167737
-1.838302469508212 -5.5528238689219505 6.8243237190310255
-1.524169722563913 -5.13408775631407 7.667715666507975
-1.8643721661528814 -4.415150488185456 7.220429425133375
-2.4717972863527424 -4.610752822321427 7.02265388014794
-1.4785860869852518 -4.513736729794845 6.302550533611023
-1.7620617990549512 -4.7189049394905656 7.659141954251257
-1.9990264991742346 -5.161933974657822 6.363353927917345
-1.4466723777486503 -4.476190930234819 6.38259668377637
-1.7056927884148165 -4.414243538644994 7.372545930895543
-0.5624572817425889 -4.874304849322751 8.219223102131615
-1.2248021532209887 -5.34470738666516 6.549896097990995
-3.425576968082265 -5.054209403535115 7.329937152850519
-2.731901637447587 -3.9534935952255026 7.107974774048807
-2.050247506651874 -3.8822032067946552 7.201418190589573
-1.9033186353442022 -5.073704405084595 6.669558540749614
-1.0064072120173349 -4.749647777678119 6.745071296519451
0.440056766121431 -5.5568843177264915 8.011705952383586
-1.300601988963042 -4.947082626276103 5.983268304171759
-0.5518088768376421 -5.165659581150955 7.149308792138173
-0.5840762332402137 -4.654453415778847 6.242675077429139
-0.34468855362794076 -4.807314088666727 6.926799607544502
-0.7564869958610446 -5.161825622382199 7.385401267041403
-0.5827945404599664 -4.905343326105826 7.6194302948708765
-1.5825466097362952 -4.593354257114776 7.0688788188127365
-1.3987178168569088 -4.215572534266782 6.42595959518991
-2.0839213923382522 -4.43324407658165 7.206325206981894
0.6615292872123655 -4.2051813625811905 7.387527290611733
-0.5295502544540233 -4.798674044427023 7.083836269996788
-1.208169335209143 -4.724911634495343 5.926208316810932
1.7261998887718006 -4.716648891236485 7.990297707103643
-1.473773716814421 -4.6666151393555575 6.776521245001768
-1.921165176505723 -3.826804787655416 6.777426578169384
-0.943545819694953 -5.359992644841224 7.631898065653687
-2.113559850252381 -4.461985765038733 7.064091433133134
-0.9177743480848548 -5.475624815011688 6.98055596740269
-0.5245458174519266 -4.247675624702437 7.920506808599639
-0.8898747348652832 -4.233800225422152 7.224794770598813
-0.7268481186154179 -4.8447495866629415 7.256970706133723
-0.5433424668871332 -5.009849168925029 6.867435322252758
0.5451516632992767 -5.623456604307754 6.2722688827169595
-0.2888211808921235 -5.043343012890583 6.894443760046283
-1.4055437494631269 -4.702999113931275 6.779504321389834
-0.8052621800864899 -5.697138683962202 7.379638635822423
-2.103492903698913 -5.14609479226537 7.47821899645069
0.07668618884031628 -5.5660357442353625 6.732362856861063
-0.8288344687143518 -5.338674292561942 6.771485033557173
-0.5556677910478605 -5.489856662711565 7.162160386135659
-1.942880604002067 -5.2245850644924845 7.712526629711845
-1.714836183728233 -3.8730349171961054 7.649655922188397
0.3339050897068492 -5.19588619376267 6.5026804167414305
-1.5123040721557501 -4.327352359746098 7.692232428620814
0.18190251600945762 -4.036571818500629 6.5760307020211854
-0.859301911388502 -4.669326723747899 8.070741895230988
-1.1566704368432135 -5.329657815721125 7.379954793408291
-2.565581560788844 -4.628659107660331 6.353325491142467
1.1829258293858034 -4.420786412312452 7.079981371819647
-1.6580227893633457 -4.254004808518779 6.83297129057705
0.009002192457828032 -5.2647771376927475 6.549881724651719
-0.993111828174326 -4.757264749616061 6.854587047835563
-1.7810255176177379 -4.68621760407862 6.996684565936848
1.3131029833565875 -4.338112091840875 8.072633322191008
0.2300639069219441 -4.284708075193581 6.933533741353676
1.5881762148726275 -4.7994524715721445 7.125302262762325
-0.6976632416682476 -4.138087559464888 7.704657181870161
0.550977958011901 -5.2664469345331595 6.961961654954162
-0.8048445081756956 -5.449021018858535 7.854891300606419
-0.15029449004452097 -5.134853432130908 7.930536588229403
0.867996219585456 -5.101130347201512 6.81497289638405
-1.2982481522678004 -5.825336993038381 6.273074562720363
-0.13608993599644484 -4.45063807063499 7.974814117411794
-1.4067294048108576 -5.056342463374123 6.667069990122
-0.9846440895651105 -5.729875120596503 7.672435379856949
0.2682117065237096 -4.21438221638556 7.557791634625367
1.2735342915668884 -5.048312924644311 6.414298046038292
0.29181543513578323 -4.834121084333699 8.266024599417365
0.20286633955267747 -4.723808397964699 6.724520306613213
0.40765744656173714 -5.610564525120799 7.774476675322022
0.40218126932839937 -4.516629155608705 6.948768095488621
1.1792842096640628 -5.122870257207349 7.7384517934750505
1.5073652760098386 -5.058709088762337 6.454702800872264
1.609994204776753 -5.372748949051616 7.814527968490784
1.0102287700836352 -5.304174254518532 6.958966972332798
1.1408494174621133 -4.041770077267204 7.963280502103774
-1.24540661083417 -4.910140349274377 7.800770685234518
2.3865485011886656 -5.068572163064714 6.970416407364953
1.520850018837773 -4.449000538436749 7.930464856328732
2.2116000015352557 -4.91053077841852 7.447442962289281
1.5079147598058793 -5.1973077804527 7.450750757864964
1.6099758101318484 -4.751039312213066 7.6568004046491005
1.0890688663570918 -5.27670912255666 7.30602288518937
1.383632264805425 -4.5541058576256725 7.515554561654807
0.5501905079017932 -4.627478772980184 8.218868052181655
0.7091322794257385 -5.5253461947162545 7.1594060497277
1.3731723141667405 -5.4103467544587405 6.832363944484063
1.3875872605777038 -3.3876638217901656 8.028028824869567
-0.7470399724443847 -5.426755373344079 8.258030888838936
2.1460313743811668 -4.0753705279457515 7.578306286420897
0.3829828732028094 -5.083541588641442 8.187141698925146
-0.4196490977796401 -3.9904955871533714 7.210974197713043
0.9563319593909173 -4.932920559560093 8.692648300714637
-0.17530890550705253 -5.901684245929131 7.55390565954356
1.585107779894659 -4.398868626214048 7.318719349223423
1.8570013366930485 -5.39077704096075 8.083744342488858
-0.2903220342876837 -4.082810777977484 8.182843265312918
0.7578026199407513 -4.560523266785681 8.531960804808763
1.1265426725010848 -4.204084228421891 8.421953360996566
-0.3025385205511751 -4.996189495615659 7.427582565848965
0.3052573077490178 -5.2274308371205525 7.505274885194072
2.3132304291796864 -3.9640372270560493 8.812018089907758
1.4585795927541658 -4.826625575055601 6.718638707116517
1.1001186095504525 -4.465021094461663 7.37140307928474
0.8065797669626972 -4.425171445865482 8.610731271215187
2.201999671203664 -5.899467902745757 8.09042060798497
0.3870548350083503 -4.969706792705373 7.145355343165834
2.5667769508333294 -4.229671938992931 7.671337827821349
3.559439782003019 -3.903742419758309 8.489319383145167
2.1226892324249893 -5.2360339722220495 8.144832146804374
2.0588853381060046 -3.9485065076522274 7.2345380042095915
2.9917966011471946 -4.726394866400099 8.16835648837505
1.0220902192437684 -5.077171148428666 8.4063783592542
2.3611673357447662 -3.449054099810907 7.9391613898156805
1.5678813011970052 -4.133509790842666 7.578400260546848
1.3183194220145464 -4.561100606316123 7.811076039433438
0.1893447828088386 -4.485415796605555 7.895323155536433
1.5784156117016304 -4.4077425360518205 8.391346391116503
1.5045011454477062 -4.623116464784211 8.775622953099532
0.8519343128664238 -5.018261372929784 7.062870263075835
1.2128914682323961 -5.115826106500484 7.719062467391417
1.5953041770066037 -4.803728919273105 8.315652640952479
1.726946027484015 -4.6849625057540285 8.621222765147408
2.3665365538063656 -5.010350762593934 8.356476409168684
2.6234767435107553 -4.565790647538103 8.394216590192327
0.7160739235515678 -3.976663416045033 8.600857579129086
1.0282287882344008 -5.130925123141234 7.992549419344387
2.0552558309878366 -4.944022351498294 8.625845546095515
2.7370684503044656 -4.471222695097663 8.011612924847936
3.02076020562812 -3.526708768214633 8.440591135301398
2.0653120528581366 -4.5694797165169545 7.84890784710206
1.224557382862388 -4.528751656050875 7.668483243039087
2.458397199178209 -5.471667393082423 9.5036470771114
1.3263336477243077 -4.885077139378198 7.87318594361063
4.238324894069622 -4.541539789169781 8.299966864591337
2.449565857652978 -3.200679703553994 8.443982911756414
1.875364836525746 -4.446398070926298 8.025107688800926
1.7327367231802246 -4.545168363919294 8.4026901979241
3.625236270623203 -3.344261540853544 7.725125622711119
2.621703892683472 -3.5899597550928677 8.739712680751731
3.1188188844650133 -3.6189667811326207 8.349976357631945
3.3964083322980807 -3.7811089348954563 8.566766300449348
4.056269337834274 -2.963307804673748 9.127581454746393
2.245350604224159 -3.569810636334577 8.051530744518592
1.3638864432296842 -5.255253923056314 8.159745055268605
1.2883427580095057 -4.584661097740855 8.579252382389868
1.3131173638462361 -5.214142903139526 9.109109001606072
2.474535234367909 -4.105850954358481 8.322964079739082
1.4833172232641885 -5.257610759202221 7.701293951827975
4.421341026067847 -3.169334986974685 7.76496025418962
3.5132427114747404 -3.0572741461911885 7.191435744902755
3.1368606161424832 -4.307584862837604 7.674872253245182
3.6278872895580365 -4.192558545325186 8.68603654413763
3.0494774381445238 -4.638922815800641 8.360519966167672
2.834588112969978 -3.603487837894008 8.32437080465849
4.69140438290032 -2.9741359181254987 8.748553599969721
1.9582154678480679 -4.196729968098528 9.5036801290363
2.1565469350220132 -4.2810778980079744 8.621593417896953
2.409404931985634 -5.529774313642508 8.30983585076479
3.118134294779895 -3.7927084447629844 8.376243704564887
1.697634434529303 -4.456265215422003 8.036518544155625
3.518916103255186 -2.535908929263927 8.93353878460821
3.2798703748878353 -3.3987663424264722 9.503175362101846
3.83058682852179 -3.480431039524144 7.963036436427501
2.467311020179197 -3.9275978261143054 8.45122676881014
3.6012583386835244 -3.965231438265623 8.544754238308686
2.272414131733166 -4.103585550261756 8.391924568591103
2.804653909109205 -4.577650926582666 8.079679053247458
2.967051664306671 -5.026109406580622 9.1341727602722
2.8239298703176976 -4.288348000489934 8.615516779921695
3.106430959648255 -3.636007141185191 9.493442885810314
3.401959362330761 -3.9193132157624766 9.127111280516765
4.392813098712427 -3.7389437248857313 9.302597929899765
3.507587168415827 -4.6093508262117115 8.047682792192175
4.08437259947455 -2.559826527622141 8.002226381170361
3.734102596017541 -3.9545696071168077 8.774903666846221
3.3869702731731857 -2.8886412995297155 8.038840097890082
3.5152513234186658 -2.2845481195457897 8.131642563201655
3.3534632973883296 -4.260885491631989 8.086422757937184
3.001711759318756 -3.379525449515471 8.857137042162934
3.4406502925588627 -3.0589922480680745 8.587703022506389
3.5795451549756274 -3.148390379888442 9.307914260011351
2.0164244869935093 -4.643293650360057 8.680911232873328
3.2660852962645492 -4.112224018090287 9.194298264313325
3.7441693494965422 -3.1477949069200264 8.92339839554669
3.2536750915250585 -3.6245663436304425 8.902082163092135
2.5107421545686504 -4.5124957709762805 8.73482110984627
3.3530199227715283 -3.895514111302761 7.746727310905619
3.929568560337695 -3.3219991741246284 8.116626009041447
2.6799056334714684 -4.633202509348496 8.959743944277491
3.384156989586984 -3.4582020222208625 8.426896096656694
4.306922919532493 -3.267918189670412 9.44687575776824
3.1463781547669623 -3.176474459101586 9.043591871940391
3.045604385279343 -3.4190805356315126 8.911166344156571
3.771991687624034 -2.420925686722854 8.626088412076786
3.39075460368161 -3.1589787491722103 8.48025369993246
4.007592317163848 -3.2416103829564418 9.167498792762723
3.1739558080932855 -5.071105976396475 9.539424281711463
3.66080819255519 -2.9402285122579666 7.635849170509335
4.312193971478482 -2.8234685407939666 8.63169639610209
3.799373381737272 -3.118360341237628 8.729035507143436
3.2108819385595675 -3.4996973574364363 8.696658948980343
3.2430559351784463 -3.7237408592813805 9.435578893692185
3.8390641416810127 -2.302222411810326 9.358277776994724
4.068328785392526 -1.279612171302244 9.196942281018938
4.5621940711965605 -2.702020093515469 9.538253673524256
5.609453818681145 -1.0554169512104563 9.378445265211282
4.490929278741757 -3.268754698007174 8.422816576287733
4.542655484276779 -1.9572485840891853 9.554062663940503
4.813021753396184 -1.804045661251174 7.8200357148008965
3.164049270256383 -4.307023553829431 8.129588599984476
4.294952576353946 -2.4662205199457037 9.371918570193888
3.9642468486958253 -2.40519749422036 9.126394554176313
5.192314804628635 -0.8340695782229698 9.440529562135067
5.068860721164794 -3.426607101399089 9.840688408746644
4.68304210491498 -2.1372287172714106 10.000852422810365
4.592970539258828 -1.4516985693260627 9.811467762558598
3.2597619001621787 -1.5111578429317518 9.091306780882716
4.788117774411685 -3.4001605992228843 9.582408184820416
4.116619436672141 -3.789998425848892 8.556090758802448
4.2485371110101475 -2.789366958113869 8.183165650966142
3.287802057614599 -1.9166415853882697 8.787973760382664
5.378154942118867 -1.883288487830624 9.030640904536387
3.593050335923124 -2.8012428702454923 9.381734897365492
4.459818537334787 -2.984988192391097 9.869195949227445
5.436423345838822 -1.9692891000787622 9.633374824778734
4.66021894492104 -2.3271550047663188 8.768162884386312
5.289443600898033 -1.6544883641293437 8.698658396193677
3.5512940437527307 -2.49998925896823 9.262478986431256
4.873838779530908 -0.8635601859463302 9.675828556076093
4.164820591573134 -1.7904283873737175 8.691346458052523
4.948360208580635 -1.7314581012093637 9.687407642976817
4.001661100645474 -2.1569895492930407 9.869175355323028
5.272855242552456 -1.730686716503378 8.94462746124888
3.084280912159868 -2.9434517389093324 8.302027367858273
4.637795706291289 -2.7742505376120925 8.573417589460117
5.548471492248569 -1.9516598786554964 9.3827360345587
4.091542549207002 -2.652443259381858 9.94553346670905
4.860979681417947 -1.268028439244334 8.95261853268655
5.120961847897559 -2.2044480037345506 9.687034105049925
3.920831398139433 -1.7274320847699935 9.390188014145222
4.347987972919203 -2.128767894360111 10.48814253231533
4.281991450356107 -2.2303228632747762 9.633453828828141
3.8019004185439678 -3.0193729642640417 9.26168017334787
4.95126759857145 -1.099777739665533 9.316648519140005
4.491450029755424 -2.135076393048993 9.018263861035624
3.524451298156906 -2.3996448625282096 8.465853702924294
4.500912026784795 -1.886800733251574 9.447093602473311
3.660181909647292 -2.8490096094008717 9.079651021968903
5.816087026402693 -1.9147812678141394 9.94469746979762
5.241470252250736 -2.708322171886605 9.476211884101636
4.3188302011412025 -2.914277652550163 9.50229732211781
4.884411641272594 -1.8303551402008107 9.237918502078115
5.33028533093901 -1.3122537507647452 9.951439043592625
4.504082887413946 -1.5180134066863564 9.709649406515837
4.795509915702797 -2.0799363601715064 9.272823974716278
5.39831925146502 -2.8252603095115743 9.667752004537366
3.672516016674447 -2.517892337863145 9.059600992983786
4.906066765579131 -1.8392540907723072 8.909515495149353
3.8594351655142467 -3.358698363695452 9.822109961125452
3.694882371172807 -1.4750431332642946 9.78944943185838
5.429572865276859 -2.4752875493645905 8.999958685373567
4.477272501006472 -1.2544394605760443 10.726681106548092
4.923829856684008 0.5421668780961318 10.252024460756726
5.655484276901388 -1.8190656929782136 9.694475222705044
4.845665819479237 -1.7239983628625035 8.308756139477072
5.064157662015778 -0.8387868741368274 10.040397004091915
4.744015781652968 0.3420338333104202 8.594639337224804
4.748007086256178 -2.4993863953407476 9.364551441189496
4.326288408507024 0.43367218676188035 10.848198136972353
4.558076637139465 -0.4898728105020902 8.881871371227849
4.7491901300537025 -0.9007339437795117 10.180855866237073
5.542264667459767 0.18678846249585931 10.164659838190628
5.160997421831519 -0.9028044963074103 10.467683736070656
5.898838178879022 0.3126336297327016 9.254059970742663
4.565042259046923 -0.6247620596238989 9.244486767787052
5.13597485190835 -0.542817045615566 9.660614816940289
4.901645767142914 -3.587672550761082 9.536583433804733
4.842857286295045 -1.987720975573284 10.341079435711597
5.322606992489253 -0.38115766633787335 8.804673347175807
4.681554594625666 -1.4211100001635653 10.123762645038319
4.676246937858835 -0.570828387562852 9.535422036364922
5.138945493354147 0.11882452295581089 10.683582380939926
5.0534209149342715 -0.7262122475362056 9.348234299632765
4.7728427097431165 0.06387137812752705 9.57523094357597
5.41392091250924 -0.30657160476024126 10.685470037506676
5.00745610404501 -1.1099273703782233 9.676802052985364
3.4763909051261543 -1.04473143006563 10.226972036727119
4.623618372113464 -0.3943046595163186 9.964662329236994
5.192120512222444 -1.2376096891822026 9.718351789483231
4.845532951257308 -0.9873053129056285 9.404182466789196
4.019503869544895 -1.8312299136788834 9.519650976410356
4.901899231005993 -2.0079250844354206 9.875457995159188
4.850946741225201 0.501208788775746 10.213260863178242
5.37055430842454 0.18047388394287084 8.19315810676612
4.700555043879033 -0.32846554823390245 10.135647842078159
4.663259161973393 -1.1159062186950368 10.761441500634144
4.612135397955503 1.1919881277216817 9.405876527466827
4.707966921914252 -0.348453939548856 9.368248951452014
6.263744411771357 0.8195955533246043 9.927476843770329
4.161881917138609 0.0208819633754125 10.529676834861409
4.697310292152065 -0.6321015274727261 9.351623191171479
4.779889556345906 -1.1614215052117063 10.066456691356992
4.079407642871648 2.370714795311645 10.266631747917685
4.9747406773668965 1.0561281746953117 9.90638133959173
