5.2697051784250855 1.887573940703835 0.16112210766242246
4.634597642812465 0.2145517334055821 0.012604686098651355
4.530913694499743 -0.8722380198684241 -0.9196746604752803
4.971688410975361 0.8194360678685467 0.2303431529488223
4.592819668972237 0.9784696935064818 -0.1853397949304143
5.424970911451792 -0.1605043183855809 -0.3393985506654913
5.53767946206244 0.5634603321347292 0.7166140180181855
4.8344182267213816 1.0900863043091726 0.8038057101554263
4.186855379984666 -0.3109957606851479 0.8483805486815068
5.662545810780404 -0.020513503482511342 0.03978049841731807
4.745868328183179 -0.7464679919243835 0.2094847304806569
5.921881231444459 -1.0245627696972115 0.38401816931912747
6.132662981241649 -0.4698883228321128 0.40283514403713583
4.713718845170618 -0.16842714730674369 0.4614286568764497
4.965912621307649 0.03237223847446127 0.2571788735023039
4.4509050483986865 1.9485959614730448 -0.5435947678845044
4.482455259776157 0.8829564256972962 -0.26491859765597014
5.42500567518188 0.993779322678924 -0.18151543880041185
3.9646611742604434 2.6945806987711607 0.2675650593328198
4.9843389076781035 0.5098333389593552 -0.41732240953652405
5.313724273821954 1.878173814987863 0.3321539848003879
4.196970214606357 1.3633019496244723 0.7383557719307279
3.735670973763667 1.1728110935979175 1.2509453401948991
4.573816841676438 0.23482699837616655 -0.06333270104335292
5.179453668921846 0.061071287076884175 0.8851355636424906
5.351854381028546 0.7250286778970724 1.1140229765470964
4.825309769912512 1.2798815148025937 -0.1366761272841453
4.876040904823593 1.3115361688025258 0.7808536089871864
4.7491078511875235 2.232379307598556 0.30576734285405566
4.763314496445985 0.966802726952792 0.6085032112005322
4.945590637508891 1.8494026612058059 0.2462989809435792
5.16059463036193 0.8472542244430578 0.13202312471351285
4.277233012977925 0.039927910832976546 0.1195828426897935
4.588750391739675 0.9980566725717023 0.1643754658446698
5.293205457154386 1.0647376304853386 0.3606597096930843
4.973700190022864 0.13100560466581326 1.2243634347203218
4.792040828290928 1.644878942297172 0.3047615568266033
4.82395203683325 1.5966070869206497 0.35330086477509004
5.043371339072116 1.795805793950717 0.236505697200319
3.978025993637765 1.3365336878451683 0.9595214884174271
5.3795683428255 0.9009297921130394 0.2943167719473674
3.841261414637328 1.8578324488317943 0.29569048744982634
4.774755085242179 1.5892429797953453 0.6771439148189814
4.100670419674557 2.5228241382403 0.6054818072124891
4.4156415871822166 2.9337427215398137 0.7952753888080109
4.617844627054397 -0.029847926481698546 0.29320144451120983
4.508858403585817 0.7856148949103189 0.24736041113197066
5.336877101081276 0.8586926145604904 0.6206756447453659
4.553935435391696 0.5587678668964351 -0.2877108496102453
3.9753170548078334 2.3272513498389253 0.6533878949247539
5.717596595429909 2.0626326622927285 1.2284269077409444
4.3158095429374885 2.340502454828401 0.40373724368915914
4.826161840605131 0.6135123276027483 1.3776560237210265
4.969466639935758 2.1638731444953727 1.433482599915021
4.866227327688408 0.9309189558408366 0.4854819409238498
4.557547045716207 0.4516418062921662 1.6574586548174937
5.579915024229228 1.6715700466986612 0.2915446252598002
3.927549739985465 0.7052342787287393 0.9894763655410578
4.667414126702208 2.601513964116628 0.8592131178868141
5.0233086646723475 1.9485322626000787 0.5829767408831049
4.984151462963955 0.3741914212879574 0.8104649063926922
3.4745262384941467 2.1697601889707023 0.5607817143745017
4.820241226306311 2.8092464879320467 -0.4842707482938796
4.90896277479063 2.1222988834048904 1.0025623082530484
4.590416818190597 1.4228581217353764 0.8673906703806552
4.2085836205699065 2.613299434372551 0.8792487049615778
5.151092093938303 2.4794609195884862 1.262286846082079
4.842724426502295 1.473437813649925 0.507490799151121
5.143585101460561 1.6875126086595695 0.3185956511215264
4.517916016729313 2.6297282027612168 0.4762951355113103
4.222789876888632 0.9714416211898353 0.8469352366387775
3.4157357484903987 2.507621549759431 -0.20717899876225376
5.464673975748601 1.6238027470098928 0.48129293831112885
5.2024807310765215 2.523680812258189 0.8361443412387503
4.860867836181911 3.061199336003932 0.04818648051261121
3.8627693850346896 2.7800606302855164 0.43132699684832715
4.18489047168463 3.4184038784642463 0.5636576281550824
4.237011721864266 1.2571732796384545 0.16620672743374398
4.202883734695561 2.598019623818456 1.173249909138042
4.303700067384148 1.9166713377261442 1.2246769680626524
4.704978765165072 3.2554192651416134 1.3658953138817322
4.477701810149019 1.2032530455411938 0.853987448119922
3.834981642363001 3.184390533910208 1.1983674577910395
5.974140481325239 1.242317386242138 0.5889603689290923
3.8979622475423543 2.99501747516685 0.5502870437986119
3.74737940219599 3.8645082108675792 0.7955491234992519
4.32310410803326 3.288753538993935 0.8534041195402227
3.963586195938244 2.8054220949984616 1.3240654748715512
4.0714239724444115 1.7751301510806812 0.7122441874706549
4.49859496930692 2.0527468374751443 -0.10124572665311071
3.524569517155497 2.7068088049836008 0.5138442458785302
4.034096535021855 1.7354985135833736 0.7186387584686125
3.8914160057071556 2.539132745765588 2.030351371972795
2.318442834403599 4.0006009645743035 1.2289529093611757
3.679668679386336 2.745581557625337 0.49576580809269805
4.324725586004868 3.683267802363873 0.7019702174462367
4.628895647832189 2.889671978424585 0.6707268400132047
4.38366604180253 2.9626486932609057 1.132568130026173
4.926070637307254 3.0924985006548726 0.7657420383053738
4.749897601567493 3.812091303902177 0.08659872515015488
4.981292037369895 2.2633375091532537 0.5783536780338291
4.951865459167003 2.854399781167448 0.9466061712656022
3.463538396483455 3.430507200904021 0.8655456127990105
3.3761110578725946 4.61383425464039 1.242676839093251
4.323571765370315 1.8696547868083215 1.7641511811066835
3.804115866465833 4.332407220233307 1.4457940247580878
3.0987507912714563 3.8132038504869237 0.22800576647129722
4.337429817012911 1.8427308576386676 1.0414826847540934
4.267368130689186 2.132549609271867 1.2467843800530556
2.977285210861254 3.853443638090985 0.9876000944820986
2.227271007713681 4.300092865459545 0.43587647468506996
4.562914149570883 2.3015952715315233 1.6592420162524504
3.727604043107089 3.701078683860378 0.3722503143132281
3.6896270377919183 4.016505810339916 1.3818124920724781
2.2713280339014665 4.496855424033982 1.3932597333775085
3.3444710032675653 2.7189904530530375 0.9174084219684913
4.601317183496095 1.9266803346995887 0.6897689784710751
3.0647268808146277 2.9712465372660266 1.0621698862613465
3.915068526858507 4.349598585231251 0.8521262128790354
3.58452300245551 3.213972284064586 1.1154736150289497
3.816409767709364 3.9455617827631837 0.8296606931774436
3.589692041611713 3.1476396024168105 1.3971853270021306
3.8961300763673927 3.2351180110341593 1.165764247236457
4.094022613735995 3.2545427796644693 1.1856349130391186
3.657155717895005 2.576932433951144 1.444090580378745
3.6176593890193036 2.7474788403140895 1.0591441244023323
2.324401049571214 3.5018277069765116 0.5134831493053958
4.13351926506774 4.370437523540121 0.9012037173703478
4.0372990714141075 2.990993183566544 1.3504824330308964
3.0319014870954857 4.664297676580449 0.5933517316846042
3.010889136141109 4.1825541737019485 2.1013452666784866
4.406474226574897 2.4220054017596753 1.523660963726201
4.155315070062459 1.7780818415535244 1.4245976650802874
2.89659956920102 3.503491196159668 1.1663471467632682
3.0657835447913997 3.571853019610424 1.8576554999473862
5.260084408575465 2.9701646595303726 2.186570856122735
2.0040043028296597 4.866817969311392 2.3898197683830915
3.34481072746635 4.200586459775137 0.7202514180166638
3.102968691029375 3.927340014497253 1.371170577664264
1.9215413445111253 4.477987973062642 2.1800650111619095
3.68537860050667 3.035903997714396 2.429130212852203
3.529475865335284 2.0571626200279494 1.731310167833859
2.3188217301236214 4.8443194712027875 2.0727503425374687
3.998211509554862 2.8872525660513544 0.9267771194887207
1.2301111645841694 5.247600965846675 1.417504193082406
2.611887682894559 5.421886331479949 0.8761285610110989
2.3591567860967735 3.998792513618609 1.5028381534499438
2.4556928911525784 3.6191209178501325 2.20706887770434
2.2028793227380663 4.855988217409897 2.214742175701459
2.970436797735989 4.111174711683747 1.597982130492955
3.6800414272701696 3.9845163075966696 0.9265485939145479
4.707577121402758 2.3726083760878396 2.035207979140339
2.228043014453172 4.245602928335404 1.3166513811673748
3.86061153743432 3.8003472547809016 1.2538375524356289
4.499663291945746 4.569995690497356 1.2024466528154822
2.570481001488209 5.6120081603932 1.8703224791144835
2.3608970780412086 3.9229607690733497 1.3725649569703122
1.9984773136041956 3.386341603035097 1.544353243379226
2.0250833032975035 4.6772047544194235 1.0047977251385523
1.8106692980971253 4.416507897016111 2.364091453110889
4.157864879993509 3.5599138253600224 1.803725241943188
1.2421965276534292 5.818801401056788 2.704921470898065
2.556017762526813 4.772075905220332 1.4426914473924297
2.325597304404446 4.178613795400322 2.099778562477557
2.1719233395942856 3.584390028893003 1.0610668073500333
2.1086069872868296 3.4499525542422167 1.289922128359293
2.3685363912057795 3.3153983254318082 1.2724176536845517
2.130231354785228 4.564334236070488 1.4051647639843274
3.2897772097213243 3.1374823017746203 1.0212189273479804
-0.06238481288556991 5.1486389274546545 1.4238099426469097
1.0499104408170452 4.264457617762482 2.0872703220160638
2.0864235414989527 4.030436607898974 1.4251522111477362
4.010509400570548 4.650186435370292 1.6711724318798589
2.8468007210821074 3.908051920733742 1.754858156800852
2.9969230048683353 4.293948949750861 1.6886342825065042
1.5500405388887482 4.0137414564176 2.2417460013623463
-0.012480555951163014 5.614276929530961 2.269321339064065
2.3445969102263593 4.127775297924293 1.7311787848365343
2.8799822740015992 4.592957105876888 1.9120795331639848
2.6785518051751955 3.6181114323168124 1.098685033490302
1.1935168791046564 5.504406475479599 2.082156186215746
2.5460050780554497 4.287359986796316 2.208371684072249
3.269791868434115 3.2512834929807695 2.141153094426164
2.4755914152649896 3.8724057921558988 2.538013671085351
1.2474172932451073 4.310582172355994 1.5485897409812637
0.17716678826003585 4.692337943088494 1.842129578458398
3.3345941891124142 3.702014853075892 2.0020605993187552
1.8321650036677035 4.86719511871782 2.098441555757014
1.4430680232608626 4.5477462530517165 1.8338874919764767
3.163859954079835 5.823087113471229 1.996692297709625
2.2027117081266243 3.6138752087597465 2.2963002883526986
3.6333167545691865 3.3591867905451887 2.0874473285294823
1.4759546455260486 5.030421783853378 2.081531022702749
0.098235232534695 4.582457509369033 0.9766677067735805
0.7732316575523019 4.609909649723738 1.8176517627164388
1.0636790681054404 5.950917989911129 2.730166977633453
2.963388275286322 2.4998591967319053 2.25391542003821
2.9353850688031082 4.482389393806552 0.9533125522084849
1.4332553070578906 5.314563473502727 1.8945329275031044
1.3512445607905268 5.55811393942596 2.0848804280563793
0.28810248456828 5.286885681800244 1.190408317084517
1.0750018733317155 4.905680283144074 1.7195664570613456
1.6262707381803267 4.85980662835015 1.5830536867001623
0.8087646166754501 4.16750639076418 2.495816992787568
2.8700300255096685 4.2328708810074716 2.0990206348598144
2.0374004965211574 4.804950532940034 1.5966298252585789
3.364066248789529 4.676008150740801 2.245388817186373
0.3067712761395215 5.208303780665219 2.017031256610293
1.175794185658443 5.004865984655423 2.6031898571679157
1.0808325672431347 5.089599341944508 2.0598774153279416
1.9573058150854283 4.478736623723998 2.1258535468046227
1.0490434042556962 5.132662606805039 2.8974388748946733
0.9896330303878688 4.387973317286672 1.7844195726453815
2.2780904147503325 4.422333951011975 2.463264674893252
-0.33126991890415186 5.4530100507988 2.288300489412244
0.009286834481279345 5.477239564275821 2.480113121518307
-0.16420276761096786 4.084340915809146 1.6658521906573145
2.063488414069251 4.772308893475616 2.449912927847611
0.2934200284991057 4.76726002307833 2.119213607170371
0.8006248730263943 4.214662532573307 1.5851898041349672
1.8686693818916795 4.006311319929353 1.6391013298090995
-0.3057953098563817 4.822292667501558 2.848694739690312
1.8955325431458927 4.952526972655568 2.7930763969842887
-1.837642214662195 5.471452859542269 2.200410782459723
0.2726234860756306 5.011729541405952 1.6060582169429025
0.09855789089667064 5.094993711277969 1.7821840288529762
0.5527120874535371 6.368152311439416 2.1075656409880508
1.310133206528732 4.450375816203001 2.5055355592449597
0.08854759750461945 5.958510956691274 2.77976053737735
2.580578422268081 4.938212319047325 1.1651936394159692
0.014348739946644002 5.60892573834907 2.2588708841274037
-1.387859630790534 4.7378980832098225 2.7489320964643293
-0.4268876197255275 4.844785532438452 1.9151465202789666
0.9302837877814774 5.071354961999681 3.200584523955136
1.097054164360428 4.598066740286949 3.646459027324127
-2.1288898645498966 5.495547474268636 3.599949781882219
0.7147063476132529 4.55359478322214 2.7605987069616473
0.6271982973638917 5.571286295537812 2.3131964524279436
-0.2560454452925416 5.5739529461051305 1.5563135505512826
0.02703146211328971 3.947314803418808 1.502358591745523
-0.3338026763438657 5.24849674659248 2.1676983794868923
1.433056102843101 3.7432390713739387 2.075850917614636
-0.7572261005278018 4.751491692163294 2.0238976101485107
0.34536095168889713 4.541901721902139 2.495644996167255
1.8609142502188125 3.242525308109123 1.9434899815931002
1.0537633612868822 4.871834278382602 2.1368222654645384
-0.03228055362238065 4.345620306995503 2.765641710097731
-0.16111723434474734 5.508312220656458 2.334431920968953
-0.9386273805550805 5.050044559485247 2.8759423032261355
1.8766014438268064 5.061184075034361 2.111693978039533
-1.0220850332159046 5.591208438110022 2.645384314669371
0.780421608124017 4.892998427600861 2.6976559148687094
-0.5052069387368581 4.922831954349097 1.9598056299260436
-0.13596552048595947 5.242941936436072 1.4177197417079714
-0.21496726045778689 5.693717940911692 2.0086817649650412
-0.17879238555950872 4.631751448049553 2.065300711884187
0.18417466792020354 5.038386390748695 1.9346173744334736
1.2822503476370584 4.70711475292834 2.134662341032305
-1.6847066085974862 4.242583944095179 2.9081390323017255
-1.156715292443392 4.256382830976333 3.0741129310188056
0.21714695365499576 5.156246366505205 1.7913185523399728
-0.6052897650833978 4.0967204856679125 2.6903423317720407
-0.6398616137238663 4.0747178645123245 2.544259843863558
0.07829452481308938 5.03712366336422 1.9866866003829449
-0.6075607609758971 5.724166173643192 2.2423939900348353
-0.4936668428723991 5.387144571570844 2.364906500117198
0.8554365266562919 5.048492249230295 2.1971322970968
-1.274701763451745 5.012384791198965 2.9019325737663157
-1.0234349832968288 4.164069005316023 2.4111380870403054
-0.3276713286962541 5.156157797081282 3.221024027257626
-1.3605315077830034 4.647821868310497 3.3259816113217524
-0.9089292132334758 5.036661671724225 3.2698724634600564
-1.214979782756992 5.964297657553531 2.3073559889309214
1.1876280945079873 5.769573291918439 2.9768660533596365
0.1344062855808075 5.748557629207487 3.126169795495265
0.83480793709655 5.372496913777146 2.943088602300644
-2.3011786105858074 3.961109921868563 2.9595384714029818
0.3006332040190435 5.599591058805682 2.2776948815276525
-0.8024114785844567 4.262461023628544 2.735189588733066
-0.7624714065771937 4.657406750184477 3.896906476208425
-1.6366435052283155 5.083852529741195 3.068875454369711
-2.0075782437839895 4.493324964060794 2.9469705282621037
-2.445998109404471 4.627208918722697 2.4693514110420516
-1.2399544131407072 5.285824904101963 3.331225718581925
-0.5997605639335076 5.162022907635941 2.0875821108180204
-1.1073567281816905 4.782302501558871 2.3211147260090828
-1.428998167873117 4.886063853675119 3.628884343101561
-1.3732178227276206 5.222364182358817 2.403388080489737
1.0358169774178545 5.60926833672987 2.570615283331537
-2.463679774094391 4.9673704392051965 3.143389008965169
-1.8462613086538657 4.584672510359761 3.9071513710265586
-2.9676458558078638 4.403268589453196 2.8505919525687045
-1.1303663041263892 4.945138243760738 2.729325295262821
-2.0513625936811124 3.975200482330564 2.5305954104124715
-2.279733491385029 4.355541959547613 2.7875222603827163
-0.8545090330137772 4.645808667969947 3.8110379090485935
-1.7005658704718833 3.8540609868102704 3.0609602965955705
-0.9014259171157887 4.768524904875196 2.3836383353704624
-1.8797849558067046 5.079941726258609 2.8053551265464396
-0.41718216791826185 5.181382366407168 2.3256049770457863
-2.0538520017716606 4.103360647626505 3.3698994505630484
-0.6575308817896544 4.830360646183175 3.005597187031328
-1.4125434977312095 5.390558696007224 2.962713467310058
-2.2989503968864833 3.6719905458934092 1.9947579119269667
-1.6059234743445874 3.975444729785856 3.318711948429626
-2.8298426372508665 4.363707055045086 3.223326814964126
-0.6346025561507718 4.986008044016243 2.5987220106649307
-2.537864723453723 4.896423231403129 3.5294616481525183
-1.8321025559551312 3.5362020348226197 2.543582534074314
-2.207458179291835 4.647663298246152 2.6879874259390677
-2.570557527910012 4.07604281074708 4.833112900300817
-2.9802190272270486 3.4001925530868253 2.602403288870862
-2.1541924122925127 4.418616644672683 3.1496537436107497
-2.9999286206256253 4.850582069255655 3.751648961587283
-3.424789274184337 4.317270113450378 3.747627086547397
-0.7946909973422499 4.564982020786811 2.9952916161483305
-0.8044180644798952 4.686109331133687 3.7534563359415465
-2.5628218973061916 4.2349706974506 2.081880502074279
-2.5161255601385095 4.782050208007806 3.6628250116380223
-4.383939616553054 3.9763406857190744 3.5551584808848613
-1.1257555301708213 4.4892107727595265 3.307524931232752
-1.0934401238324505 4.924408023870107 2.867948133149003
-3.6488577003944798 3.1282834607757617 3.1381525279075775
-3.43269321639568 4.4341540674886435 3.2079144194264955
-2.4812173254836436 4.155329111931952 4.708011263946679
-1.028238001843623 5.5740107931349865 3.3373771427386365
-4.097950670710036 2.6519372914601607 2.5560809935366917
-3.2570593979840243 4.464766669833347 3.0980469353351463
-2.1727291109060074 3.8864152743700076 2.281816138169997
-1.6015368109339059 4.147311022971297 3.7535632978718896
-2.2218840102238957 4.1972084711465225 2.537944933878241
-3.2907967231073534 4.161454610398213 3.5108430684092093
-0.2633376590295498 4.5021370117309845 2.838992468432926
-1.622748176188426 4.515451192218694 2.820327670576434
-3.023054838738762 4.808485486132072 3.786550777228477
-4.064836488277233 3.2975344092221692 2.4266685620191595
-0.11653004677246853 5.133636875570195 3.408103013277042
-2.341616562288665 4.400139271346939 3.0234683330134726
-2.200665095521408 4.346854461339335 2.8010387819763793
-2.9925703149859926 3.6837871984015447 3.510167315948308
-2.9580430181284654 3.7767112276621746 3.1133913689815707
-2.972757004579476 3.281695212700689 4.137461811573126
-4.141208775922643 3.4547944977098437 4.016091511839339
-0.5330884732590604 4.5715225243241875 3.2177099283382273
-2.9720514895186523 4.991997346404049 4.078975945901089
-2.101397704046083 4.09138849140254 3.7267536100075724
-2.5855890925475853 4.4691167191588725 3.3150730564751942
-3.9302025924050175 3.504267270875772 2.444737058482489
-2.7560312123105577 4.290129640356426 2.1255425880978454
-3.3522485663694472 3.447484598116077 3.243828522699215
-3.4472453694126437 3.9303219640039266 3.3694642621215585
-1.216557269829839 4.208913532955175 4.566955359875049
-3.053563641648968 4.29694328050512 3.3378949558205844
-1.3706279483828203 4.181661427575838 3.8299188069118966
-3.6821030806579103 3.196775989488083 3.5774617132182125
-3.5542887837966073 4.004676160239263 2.365342388093053
-2.580684193379669 4.2196531381485896 4.574236641160466
-3.0407763951159437 4.196104745926459 4.070736674601714
-3.682697612626347 3.597828602003658 3.0582423877022675
-1.5421830986970664 3.7272209868412727 3.996818108117537
-3.5084356415500344 3.9423315744151677 3.1740693311804717
-4.0236874274323275 3.681640514587366 4.38710285829708
-2.267265407299163 4.196727643134844 3.083476634536495
-4.016096386284326 3.944500258696673 4.382641636828355
-0.6925499361292712 4.998154413260768 3.3727015347628555
-3.361700632590515 4.063377246270805 3.421692637923546
-3.6197558406962043 3.7704920026517907 3.3098054344058814
-3.9041189462638592 3.5826764921262146 2.95854458524841
-3.3559630409050065 3.9504478974795654 3.439983977131119
-3.995699508190249 3.5301676018355423 3.765224553808287
-4.246430609077048 3.019403847175543 3.7652039714173977
-2.6324883619554833 4.05282448645765 3.0046611092072633
-3.4803354187696063 3.6464437284294746 3.72279803390332
-4.562955987675031 2.386910692472557 3.2031083045374023
-3.767662820857032 3.7094240445256936 3.634496272404257
-3.2091132357490673 3.3637239585629284 3.937502778330491
-3.267707200966182 3.500282839370464 4.1184156291020635
-3.3758641308481363 3.403246866534588 4.57456611828354
-3.4463079909515812 3.7834849803658157 3.440230331017653
-2.721885920098532 2.8207796276183643 4.635464774640906
-3.754821476006076 2.825054504780328 4.07606642235751
-5.207053008432141 2.1516978389496826 3.1072838499136606
-3.2468609877022674 3.8938658764979692 3.6882976482207934
-3.978225112316518 4.418976199649509 3.6637631089766423
-2.8146103213641966 3.179710269303796 4.371805991643544
-3.587021306589016 3.152583720540895 3.5735015194088477
-3.2988784861960445 3.920592136514893 3.7485932638628072
-3.4851687970116263 2.701847550830338 4.212806009036948
-3.80291786359828 2.3198967651320066 3.7047753838005146
-3.2657201175605546 4.032424773318576 3.7338810781043352
-3.032040289323362 3.237187861216014 3.360085624924683
-3.48968149525624 4.121438147670199 4.302846555318545
-4.785236056917082 2.529015224580048 4.322212151472654
-3.751852251196127 2.639178616709094 3.2385572017048543
-3.009985044443319 3.232481304768366 4.688426489245476
-4.552749987012336 3.3365831806574993 3.5205831817298714
-3.510717557309763 3.2007671631923604 3.6402913143838314
-4.60072835542298 1.6073365712218253 3.7517502017776936
-4.230979594376747 2.4642672873985605 3.7316853297583084
-4.457195671476081 1.7681908768546113 3.225907542557313
-3.7994074523446346 4.907217859387956 2.6913695568453107
-3.02191543932617 2.317478630221955 4.080673490319817
-2.6908091936691734 3.9888805459153542 3.8883750836194078
-4.402889589884865 2.358950992820734 4.826700297481811
-4.375752467880742 2.730855446558149 4.672962189817481
-4.2753432100504645 2.5720048269609985 3.6800825345727324
-4.448631004511823 2.5812438167362695 3.5886930730310476
-4.483331937613669 3.929256919559396 3.3721453398606522
-3.6185485496446192 3.1091951206461914 5.188617706433987
-4.906713186761843 1.7059897142438911 3.065006891537129
-3.9862658211368767 3.526970518664514 4.452053550200149
-5.1129990984183005 2.323390951658659 3.1643147939264145
-3.7297601923178383 3.835900989724692 4.532308389777572
-4.181907582135102 2.9523391903838045 3.9551914226715965
-4.936343548485124 3.1371607285592216 5.012544082912759
-3.4339915668834444 2.1209396901559554 4.51811923854742
-4.734765992206203 2.001107134813954 4.054876282329903
-3.5683635850142297 3.2466365570280433 3.5714260050590316
-5.2153278651988035 1.5163313782178756 4.791221273405938
-4.947603638825 0.6641590970681157 3.633224373041344
-4.465517391005134 3.1714602871713957 4.473082828362902
-4.529109084711809 2.1134285186859874 4.045744540555162
-4.701616788816832 1.8530794020389232 4.2265982700842235
-3.605138689608863 2.593161071416332 3.8363587736411766
-5.071877935476308 2.9793601618514054 4.673016688852211
-3.8642726756270007 2.6236787859057493 4.916755032343299
-4.967157420343549 1.9913368724313194 3.925733603560207
-4.751110187690662 1.3990244829728973 4.71484255845597
-4.779809526137477 3.2158464304052448 3.9433814296259584
-4.90450396226083 1.0716915872764705 3.6643841910660724
-2.888594820375871 3.4205249321267392 4.874947744685008
-4.413762775872254 2.3134083764509703 4.287917446247507
-2.889283781181028 4.00283979961417 4.1177549542940834
-4.592188119091477 1.545752889187169 4.628862129918303
-4.010799037896383 3.281499219098522 4.138024565293883
-2.9495316336363353 3.205304467610985 4.3635170612026855
-4.636300645132988 1.7400664675819146 5.207726563114068
-3.95411538941354 2.6817043394897655 3.647684757706904
-4.035582399222439 3.1930256603487157 4.573636661711647
-4.772203927615679 1.3390659483136438 4.690774988444698
-4.187638064090385 2.9377274192082607 5.3536187493083665
-4.695400124717801 2.866969094712056 4.140078417668818
-5.033511773718326 -0.8683572381335996 5.458831338268791
-5.062637302357883 0.4880376244430829 4.330709140236445
-4.9684405713685456 0.7381913790068573 4.5162821946465
-4.294652263849703 2.619991871302405 4.980590319540415
-4.004130731306393 0.891282177460677 4.49410721785609
-4.216359442531664 2.1789361820238047 4.572464966140453
-6.023952336392223 1.8821556217588495 4.9302492066390045
-4.60179907379687 1.7241601051473967 4.086894826842631
-4.9430794784984755 2.014468574781555 4.028482533515666
-3.361335038498489 3.6125476040379882 4.80400530864708
-3.595200723075731 1.907757406799316 4.2161368160687855
-3.5228802588353245 1.8671320252709236 5.082780897175005
-4.2993869576225885 1.2441755022977008 4.521979006235761
-5.176500886757598 0.311817734705191 4.535878499690834
-4.920692903677359 0.763710211071197 4.432016608007588
-4.846090983814667 1.4396439216474972 3.920043719545009
-4.6317316987330175 1.1068538632868095 4.516851929630376
-4.423003583553636 0.3755389613134983 3.928364018385016
-3.8488091918148535 1.0542015970256402 4.879609451018668
-4.547750237133992 0.7319820507411968 5.5256814734428366
-4.961854565460929 1.8393762984723447 3.838931260361439
-3.958320443075516 2.297920681341165 4.959967909105271
-5.2316379683667895 1.1915272670278996 5.274272262867324
-3.9914795235998297 0.6202867695873763 4.608819490860407
-4.079119669188836 2.3483355579559526 4.155530131940885
-4.285575944379241 1.1501480563874174 4.647554327227428
-5.416191874234153 -1.2264905539924817 4.690577983636082
-4.945083895040375 2.3245380907041535 4.290475781524299
-4.904738037649095 0.48648149419375997 4.925246867168167
-4.68691437373253 -0.10381499292493025 4.937690403399615
-5.262075022271446 0.06957986166102405 4.723250511292867
-6.27731601066954 0.9933759987384946 4.182940160850019
-4.870403871760371 1.5683422181212523 4.707300366885713
-4.532602623919523 1.754164554871158 5.477543468449855
-4.316977422757082 0.4862257571377367 4.693785620045076
-4.566915528594371 2.7337793317202417 4.501456580051789
-4.011045828232645 1.5400527559517618 4.03974446933656
-4.980096995431775 0.1747612921676582 4.698923473398433
-5.364345152896535 -0.0664163034690944 3.952608155185854
-4.350048209349788 1.4659817266546604 4.72422798096351
-5.622820535050122 -0.18441232161034404 4.458121699932681
-4.835746550316643 1.423729913778688 5.2523030443680465
-6.151736944440985 0.22549305517264692 5.703689105985815
-4.867151045441798 -0.29448352455083243 4.671732715453279
-5.81320730288296 -0.1425784951192919 3.891693201106429
-5.057085183294433 0.4301234990674757 5.344729848069125
-4.670477674598413 -0.04884756979289902 4.583828738862016
-5.473774878059773 0.00855429385658711 4.208950628276752
-5.124447586055801 0.8618574505299399 5.40495009381152
-5.789775141409028 -1.3320694407515508 5.238959617309867
-4.705038391430583 -0.3464082881514596 5.253133699110984
-4.006154106666388 0.5172557375778046 5.852338334309506
-3.8944719732669975 -1.7316495108786647 4.611246144444924
-5.274824067362342 2.347577424027061 5.015644837390674
-4.813705126456398 1.4543161714250776 4.948013447071681
-4.0776841909135415 0.7483727739317853 5.128961855570231
-5.086943263409542 1.171550323168037 4.6565155985720645
-4.24823679261671 1.04863795709307 5.342495934025962
-4.551473585498948 0.6743047777059727 5.478988795799722
-4.1639557124633235 0.20174402816413692 5.2035576693135175
-5.858073418154191 -0.7116635846349877 5.105342052327289
-5.818654361153764 -0.07581923495606074 5.625757290698946
-4.886162731856503 -0.30279171247057685 4.266560129635061
-5.801771760520076 -1.3280748767709196 4.1302304741845335
-4.610959824329156 0.8537830430778195 6.110764978510389
-5.00979847121442 0.7008815156673889 4.9360475591251065
-5.25934259033567 -0.17932269197567158 4.95519691478222
-4.088278259745771 -0.5921716122558968 5.737070481052905
-4.280458579445943 1.2808116835344412 5.499678768817569
-4.441396728064322 -1.2635337148461108 4.941062399634084
-5.133485793979718 -0.48924096796392724 5.827332178155094
-3.177788109565563 -0.7075066857197837 5.059449360780021
-4.767937074565461 -1.047871835719109 5.204345428198077
-4.710302099199581 -1.0960729112275516 4.258087963327079
-5.2014891046259955 0.3414375444302915 5.032463296376584
-4.424893997187451 -0.6923197163569599 5.03006025232552
-5.181846652184289 -1.0089478351217513 4.8555742367787005
-4.601887244624154 -1.1643778907370743 5.293221614733147
-3.573232513000694 -2.403499950053306 4.286360305390994
-4.716116901657059 -1.8939952777911762 6.243182884340681
-4.485823041610723 -0.6162229987537957 5.824640960834759
-5.643214989117559 -0.16114281073437894 5.386070152943613
-4.694936024000665 -2.309016297232298 4.476156656985117
-5.479840434075578 -0.8499238476892853 4.566267645172252
-5.151400473510347 -1.7557632317785867 5.7754402969310865
-3.835025541498203 -1.3913096269203846 5.296325474855154
-4.573114991914226 -1.9850626173224681 5.071544161284053
-5.30937894446964 1.2039924799710529 4.221881334250031
-4.1356066326531105 -2.4776123701859327 5.136492499615428
-4.810967824808366 -1.6618317766966944 5.620294823960528
-4.551116052416609 -1.0710139494412763 5.089436432746571
-5.147056132358751 -0.33306502030331864 6.048522045956741
-5.1567458562449655 -1.1487754048909848 4.809042267454005
-4.216408546348291 -1.0623865437088285 4.747711966238534
-5.5548441426113015 -0.03746572667470326 5.400543860786729
-4.219904643075755 -1.9435154065934037 5.940468438965925
-4.8374810703505515 -1.9747415855733954 5.2383188573121755
-4.611863968209877 -1.7106383403879983 4.879940293663134
-5.166331345635729 -1.6259071884398473 3.967752070201832
-4.707378099603423 -1.2696249064515113 5.424678620237102
-4.247519358173896 -0.8469239482218335 5.371842688699472
-4.675413296210386 -2.063357287817066 5.6976496621444825
-4.89357515226382 -0.807391632883623 5.395577254080368
-5.480890377516446 -1.6898210950682337 6.154955442337716
-4.29210741912743 -2.155445041504417 5.165554989669281
-4.985474857764921 -0.8575780556290349 6.3911660966629755
-5.1149959951086 0.3964736057744424 5.764031021195975
-4.934295088626179 -2.722577969476115 5.329263626219357
-5.021240017536794 -1.2319447554522078 5.774056931411574
-4.464532404529363 -2.335889940544184 5.895666470661367
-4.13743175975609 -1.9525088370562356 5.377585925034255
-4.503914719464572 -1.6579179428884332 5.3729695984055885
-4.036258154423058 -3.134545794068888 4.896957586490406
-4.425720099076317 -1.6669391396154964 5.806504000134987
-4.728767740388558 -2.0754507714159023 5.173942454413031
-4.685635245566687 -2.617324329405961 6.275058989875542
-3.9349275360094644 -3.9322479402628425 5.8944605654170745
-4.191431363386042 -1.1182603670579074 5.565747486248496
-4.462841968241404 -1.8945531516164198 5.501932146749215
-4.688922085256846 -1.7231748470455737 6.674973711422288
-5.797368826550986 -2.4483299912019714 5.215869353031197
-4.8878780055977336 -2.9135536188880646 5.5910190226957415
-4.866919042598978 -1.426479829268632 5.533228868611825
-4.944180177548826 -2.4484698207071296 5.7578851285238555
-4.481623986707784 -2.8326681142739094 6.888248650496967
-4.5377386140505305 -2.760602306056942 5.164013383090516
-4.892372894797573 -2.3205954561043467 5.485457312815599
-5.239658130081917 0.15700967974208543 5.708768198503046
-5.76910669445891 -2.3050422463086235 5.465135416507723
-5.253099336510441 -1.345035291831248 5.282663593883753
-4.750068427969532 -1.236282120368838 5.742310456415825
-4.281085301218085 -2.4956140446926236 6.210140126271087
-1.9091308162834313 -3.4813365150203044 6.444832291288545
-5.350580923486198 -1.8560318530838895 6.303780837019585
-4.002968780919108 -3.040720441678399 5.804001235506933
-4.249104121469908 -1.0303319492847092 5.394479982821468
-4.619301708320065 -2.016020487764438 5.826272026913392
-3.0778451547400314 -2.5901988404225746 6.036863230004541
-3.6263901479989484 -3.9680617650359657 5.805015612101535
-5.406460411437174 -1.581360646450391 7.0555817307953586
-4.6349937639066106 -0.8015707673048845 6.166145911949697
-4.446462840655382 -2.9904760415373053 5.491872009575625
-4.46707245696709 -2.68863672651576 5.777262630902999
-2.8018262984541593 -5.02139020966492 6.0533591081747335
-3.9380447538362167 -4.144164046708259 5.305434226207219
-3.947238522836822 -4.204249907423553 5.807446442652226
-4.702172360868086 -2.0679689449986576 5.742581277853196
-4.855023721923766 -1.834095148019403 5.842623304001506
-5.247012348973343 -1.0028561628711434 6.61059190683985
-3.7194567413006014 -3.3724822003916994 6.329844256440735
-4.0705357768551576 -2.6291822887486638 5.323846919845932
-3.7689476130977746 -1.5619340320787978 6.678635438106585
-5.206758348498807 -1.8034133597298876 5.70241493935738
-4.659274008975829 -2.713153317030746 5.976231170653332
-4.286152832482378 -3.587488840030835 6.698417159491925
-3.5638726232537543 -2.8637430892671296 6.892782787713965
-4.065008476535631 -2.774902211865205 5.027407268489017
-4.4196819072922455 -2.2343061830437936 6.010191217577025
-4.233118575270779 -3.364315698115562 6.092333072181159
-2.8436985739751397 -3.2825092536311797 6.123885779832468
-3.2240415953662787 -2.757961139065736 5.781550367597581
-4.0910070295771686 -1.8695916508425543 5.338922388530231
-4.490861200419015 -2.6490915107741517 6.3083195506922385
-2.9695037478858786 -3.8087270789400196 5.209460128175327
-3.022820263722233 -3.9621344392405384 4.687866404012545
-5.426879903155591 -0.9463853842462733 6.81354693414826
-3.155524614194666 -2.1774870456685305 5.928556122458205
-3.003139841063968 -4.093303345880513 5.491051291425174
-4.178746120107297 -3.367089481980578 5.990054746430043
-3.8372435805005902 -3.626451910021594 5.873029299176917
-3.787251669884521 -1.906270930705195 7.2606510092814975
-3.3488080680986982 -2.7182281302945435 6.1578024950954555
-5.066380698246163 -3.589669839105237 5.678352564363854
-3.0479890357411112 -4.602613159903136 6.2688851392482166
-3.923646693021328 -2.919716958309169 6.3321119702729405
-3.1402618230062624 -3.455438918315254 6.351219262719435
-2.856690049498052 -3.4566676794547604 6.569283180004501
-2.4405109711066433 -3.4581214868489147 6.427901497863785
-3.7070234898773764 -4.2032797837112925 6.065513518664979
-2.233042627223471 -3.338956784986701 6.117881308092734
-4.035656600601139 -2.080496121039332 6.2260421565174475
-4.547588756659977 -2.825983349584048 7.157876775087815
-3.7170230117405887 -3.615525705280556 6.752931513110679
-4.68461740340153 -3.721663678103861 5.670485225570246
-2.536942006625358 -4.183187769996517 6.030584432548642
-2.7400790459388213 -3.7534675808159457 5.735272677919512
-3.5156415044626024 -3.69906944554396 6.362492736879885
-2.450889282160989 -3.8109095643252844 5.853855343399067
-3.2505750577383643 -2.604894272262591 6.675444219273919
-2.760592610468203 -3.411568784356624 6.770553143966555
-5.120767279434657 -4.181697717645416 6.399380091482142
-3.9862572102753977 -2.2557661790328636 7.006022201586929
-4.517036826917548 -2.612629584187237 6.149986480044152
-2.8328549329544868 -4.5909544487821154 6.571630449713472
-2.6745972424126636 -3.734749822123326 6.625911322855309
-3.2118357673100157 -3.2971965974404798 5.959141984825264
-4.099389896079107 -4.167348302154378 6.899513173705533
-1.046057417373459 -5.399019733297121 6.023740826126758
-3.4097952655925 -3.0205904634501675 7.2677747075549775
-3.038248913569093 -4.139536728411979 6.206347010346666
-2.3192220163569326 -3.1680606048655124 5.963781297583723
-3.5089409875794852 -3.5575416549042704 6.736555158444246
-2.024371147092241 -4.0594940220837294 6.573192361832391
-3.173619123102215 -4.097761411472135 6.5196778409298695
-1.9903368984157823 -4.131912174183748 6.642792739923841
-2.7990436711008475 -3.915707231762213 5.917595070646386
-2.7652772503107013 -2.7494695707561045 6.769549014944539
-3.2916367433033624 -3.5338399037579737 5.903662118351471
-1.9785565272193595 -4.438661207883426 6.5288249865607
-2.1303598493832614 -3.755798572732763 6.411245464675149
-0.6754586975181769 -3.841151568200385 5.908454071533562
-0.5976932193383461 -4.534638948182698 5.7895540314056575
-2.6176693629610517 -4.232214833476621 5.491469673242399
-1.3693200327811073 -4.94911660774137 6.9707061199014175
-4.042817484949135 -4.0934510417702725 7.698623628712715
-2.280283126629694 -4.199812042437986 6.530489350996722
-3.1415141462426477 -3.900450647337013 5.815550968299192
-2.6132148080716924 -3.570761853580149 5.5398822264106595
-3.55773014024304 -3.2482183257267594 6.860811802311811
-0.19414837517458905 -5.875020700937165 5.98418615442352
-2.784199690898578 -4.2929206675851965 6.388035967554633
-2.723686313848589 -3.423713508909778 6.4973388102074345
-3.054771270698343 -4.507081677569462 7.276373994560826
-1.949051272789863 -4.57142903038622 6.492622838548304
-1.8875194737412837 -5.334145842384688 6.895580058786285
-2.2689431741445505 -4.811596910488541 5.80194993054161
-3.6052607518163344 -3.734433274654524 6.925766017409611
-1.714671232796988 -5.328158758312246 7.006830459980733
-1.8538825957407619 -4.613382540289363 6.718420118575288
-2.1529057685091817 -3.611793071007025 6.151470293150734
-2.530144810877505 -4.011851939824746 6.625015424486537
-3.404551548732258 -4.201081808542834 7.136158869144196
-1.6690678553260057 -5.079120946767651 6.455946447619245
-2.878405732945016 -4.502827810817887 6.29354317609094
-2.6453811024213647 -4.047721372828969 5.950266573788449
-1.3811883454523737 -5.0778715363643805 6.213970805458152
-1.4105340619821467 -5.02132862473454 7.052938072056929
-2.586404530324167 -4.451809315800251 7.7818127168632545
-3.4989739258772468 -4.402424616446366 7.534740465688312
-1.0371092090184417 -3.942943436905045 5.964563882410443
-3.3316905336260936 -2.8618262849648315 7.432082488732203
-2.740953651030362 -4.101545675660364 6.533470573534765
-1.868287273306974 -4.618193958432229 6.327414035211877
-1.6095024894594303 -4.982807562268634 6.329635003795243
-0.8426965471750174 -4.5948839184605506 6.437902683623822
-1.9046731490059226 -4.552963073974017 6.445737868902688
-3.2027563339192513 -3.888549034896985 7.12453458826517
-2.141027487306491 -4.416673824687326 7.0894826998773866
-1.3529850788678794 -4.860549835645323 7.556076308940625
-3.16270478308481 -3.7757386959381756 6.170820518295269
-1.972074388483432 -3.6185311128305333 6.88484810985295
-0.8056673491502672 -3.593774725587653 6.853002894285208
-2.418860363796894 -4.656614483438972 6.811761300711476
-1.7272750457133133 -4.966110062342274 6.960126407980509
-1.7785123849786482 -5.747939062313967 6.866188924949805
-1.0479222284247167 -4.445275742255291 7.273218938869661
-1.4058449600446772 -5.409940402683181 6.926688657418547
-2.1781721210550997 -4.476149489803763 8.05386613754635
-1.499602378326302 -4.46618542053882 7.356761935053947
-1.718137748099147 -4.873876987135783 7.46400834941634
-1.2814168223697282 -4.800442489315393 7.019402381350835
-2.260624566484518 -5.265045176147387 5.896937319578168
-0.42519966131400316 -5.335400728296719 7.731837751287429
-1.9819169035924378 -3.8809812917862905 7.071200774980813
-0.10489099088389069 -4.065625134915707 6.850270614357005
-3.0684818915427723 -4.113506519359967 6.74179545884779
-1.2516569962874684 -4.51286826962015 7.298850216751229
-2.1519177643945673 -3.1040744295920986 6.365266829333475
-0.1926119090033079 -5.211460562132707 6.506617841614517
-0.6092128069346794 -4.292959568311957 6.493000032978819
0.9258489395203949 -4.634605744699407 7.235170017580508
-2.32502436074238 -3.935419715030796 7.3093061917253905
-1.8231546367489988 -4.81232549118849 7.493440429584925
-1.053818504527471 -4.5864961992839675 6.71362925576309
-0.6617777104344131 -5.446822867068519 6.8039908588370945
-1.9613786654026988 -5.165274096804765 7.831330803910761
0.2273665977783646 -5.173202113641513 6.964649576034793
-3.169541244109211 -3.5573369050238473 7.231225616969093
-0.004790068774469444 -5.368137629112709 6.348877522788797
0.34008369485172246 -5.258108751443642 7.202133663003445
-0.5356772777652745 -4.378195117443386 6.661777636185446
0.41228442640482355 -4.719385180526176 7.798282705821296
0.16753142688735478 -4.859828788668263 7.87050325445735
0.4059817412377054 -5.512467070047402 7.589869511193788
-1.4189437235486815 -4.552786297242911 7.43945213944538
0.41371088295672986 -4.140030303656761 7.582546222091926
-0.06673149133929564 -4.814710797049216 7.283236726804978
-2.1471086043338876 -4.744722486779458 7.861389259346561
-2.15413578294402 -4.5695989474127945 7.1685022579530795
0.4306166046659877 -5.012420725350777 7.2138520084439355
2.0889128471226845 -5.157888501906261 6.2095614140350595
-0.5478670597896528 -5.508928893210927 7.384839634169679
-1.2952011988729948 -5.256181285823125 7.296811741042638
-0.947250269861107 -5.5181000903755 6.610369784514616
-1.7373412142271432 -4.710348015945968 6.605893073583804
-0.9641573872682487 -3.7990950878382668 6.871269052949242
-1.7963264566604866 -4.883517938897565 7.2288333470709585
1.4725905337742689 -5.038996357119786 6.5073529655589795
-1.4962046706082706 -5.076802125660211 7.688374535950719
-0.9594300899798387 -5.117941023746371 7.715922374271416
-1.2355829122761837 -5.3982719033671644 7.51718628682613
-1.2633498092394555 -4.525821854018245 7.547684793125727
-0.49473614503971686 -3.78795316907502 8.351596257126621
-0.38426423735893867 -4.842460420409757 7.3239835442097
-0.09333207676681461 -4.857605902519319 6.627189804205861
-1.6693873259131524 -4.374762500956373 8.478996998335901
-0.13485333209561393 -5.029660168230202 7.033682907375372
-0.6163466682880848 -4.79113832079483 7.551801795158388
1.6122590781834396 -4.62217100865778 7.2015348239489505
-0.9699123688432771 -5.319282860025872 7.325815389938214
0.18047456045400934 -5.047457634133617 8.019744749224195
-0.8421799068960635 -5.342008278741491 7.1983799606056325
-0.32512340192488076 -4.789071963658365 7.896932247936449
-0.49805216022529025 -4.952059626961264 8.022999345279512
-0.14088160165182942 -5.106729666475492 7.696080552160228
-0.6412331835309436 -5.12313991695917 7.70924616711281
1.9125012602852325 -5.243037269915577 7.655245758150838
-1.0148072577569538 -5.385685487848786 7.696953530056168
-0.32709519572694407 -4.292479434035791 8.012279468400504
0.19342580087094835 -4.657007952466731 8.012407295026298
-0.9186872226367399 -4.895199337884807 7.822385783339133
0.16470876684121497 -5.1558941447475135 7.182232614901746
-0.3427238879205829 -5.148981225256554 8.018930371852191
1.1518219828011351 -4.577534298679922 7.404962725332168
1.5924511448251113 -5.236851926460328 6.267481385814882
0.8928074380444116 -4.63034019922749 8.004836804323416
-0.6080932050854704 -4.528028902099113 7.241206852610098
2.266022517669588 -5.105814974575067 8.107393840596734
0.8299577263356739 -4.8718410293769585 8.056663597502924
0.1922157138244338 -5.124472281203573 7.953536430682168
1.4214333825170662 -5.416524675000149 8.057774577301839
2.345274132090072 -4.800680290760667 7.563626276632245
1.129644453388592 -4.8900216713775535 7.024600604622983
0.330607631685638 -4.195710247216309 8.498499706946596
0.30254112827448604 -4.949084172925382 7.20049153292738
1.455937131820124 -5.156342726523054 8.06750757335212
1.7455667852418237 -4.648205201733157 7.465702025366719
0.5664886305266127 -5.062496015051251 6.920265431539813
0.36420538128158625 -4.795837966308066 7.674717306745975
1.0252337691382918 -5.374187570762577 8.055536526284637
0.1352352926984771 -5.517078385547681 7.133821746514394
-0.18725137681006204 -5.175038565782591 7.099353170677954
-0.877860222880019 -4.810275152439469 8.147970215332553
0.9497582178990321 -4.507147966992642 7.607828269680211
0.9609862276916936 -5.326817183662653 8.121771677350068
1.4215282411413501 -4.691587046147586 7.907010439558568
1.3771420472527778 -5.058644643155892 8.538944734344573
-0.38053371322424956 -4.89014492790925 7.150527105530854
2.3927716592435586 -4.654397524371797 7.86986316350807
3.249747715667052 -4.216304865324162 8.426469921253377
-0.2515711403581046 -5.190639300002927 7.009937954841548
0.4879839262564609 -5.334708255464357 8.776446345951388
1.3376103221141653 -4.1814352422545165 7.9621054071832065
0.13573649479828712 -5.571976410090947 8.406475065659736
2.1384904055060705 -4.851372408656878 7.6866701216532265
-0.47269882932923435 -5.2052892994716355 7.255093090351845
0.3612718701932452 -4.912898535656022 7.381480868635677
1.857423626869816 -3.5909439276076482 7.77118933715587
1.3282065369826084 -5.575230819605941 7.924344797134163
1.0758122365798264 -5.021936621977435 6.701530172970096
1.3215765155971162 -4.971296564440083 8.332101196914264
1.1068171788696457 -4.816403644401369 8.086054389936972
0.2680450942645095 -4.487813066562768 8.414335279056719
1.4392610781569841 -5.111294266760408 7.715636312735167
0.01492173237002341 -4.240350801154315 8.544092819276484
0.5525603576017787 -4.962040761981372 8.144704986236146
2.418865565565665 -4.826801682820423 7.627670194255396
2.2222249745977987 -4.345572718219764 8.841188222471997
1.9648711908393595 -3.7355587058854915 7.8520296987334355
2.30821340057068 -4.009402773798768 9.19546186698895
0.7366775010393528 -3.739888587510899 7.459427648887646
1.9446157982118406 -5.293446014727462 8.355410717826695
1.763527548198709 -5.004928157919386 9.383947118520464
0.9291882488965524 -5.454192070961736 8.051195890684859
1.8028111853761792 -4.028748886899033 8.760394153445565
1.738955807801385 -3.373106055282672 8.323941281556637
3.738604964005549 -4.823290191577328 8.008142978293202
1.9169261829017512 -4.012414739467677 8.276942453374195
2.0115007115525376 -4.876341522062297 8.508782612173222
1.4495575191327372 -3.955982878593865 8.159900268542936
1.9772552333136593 -5.5598159312815705 7.104151241138723
0.49941759570132044 -5.710285771534869 7.453527538322554
2.547275218576487 -4.499235450036613 8.580455763726755
3.815250443427008 -3.033464008789032 8.37270279301312
1.7092213602825805 -4.18011695359463 8.744987612647646
3.879676098646243 -4.256910555976024 8.055967228621547
1.6396184434999308 -5.0681541535145715 8.744677334837371
1.8361756443847401 -5.303785932552757 8.15420228582035
1.7295121655089287 -4.111401856651845 8.401548822180542
3.487936820123023 -3.2815436433645164 8.332309634529606
2.939051018420777 -4.05064286448239 8.398035198542427
3.175413920743587 -4.3535159853464585 8.547476209949908
2.1525474540176672 -4.346101087752409 7.4483365016798455
1.137427692605269 -4.750240572412552 7.085241693170301
1.0691684337247778 -4.415646049419855 8.966982970043004
1.3324650929918487 -4.326316482486421 8.379010711107124
1.6904353296654764 -4.4719997490631895 8.8262860505256
2.643013899001032 -5.2027532165119466 9.217422920060425
2.4778118163640244 -4.9016270342808905 8.515352931881493
3.5870621684686266 -3.3753305062052643 7.69946698274655
1.6716985017472255 -4.871427161139029 8.993811064170412
3.2600259898773856 -4.090947022748218 8.749256936750244
2.557378249023001 -4.064461101407479 9.707897619031522
3.952860429316495 -3.2884302025700443 9.034641441960789
3.0061570932745796 -5.24782444876973 8.989903791981494
2.878747081752267 -4.46885384935525 8.796957159658838
3.6164353881705686 -4.228618911943927 8.184179206914296
2.271027952096335 -2.854123637106777 8.436014402873706
2.6958468094979433 -3.84702880957478 8.757452155920735
4.162722037691255 -3.685132834504343 7.541559069957326
2.5684862285075916 -4.436030366033079 8.507832886582188
2.285477191564245 -3.917849584409055 8.420917124586676
2.959438454942121 -3.6538245157376696 8.328243778690354
3.077660652422857 -4.237187619159903 8.451283692163893
3.5481403123654287 -4.0356004523799305 8.606790686337856
2.630391383813762 -3.5502305266829866 7.988426880363136
3.2450523589166442 -4.099367572460653 8.657944606069792
3.8179277324446597 -2.500233774319395 8.480972244115494
2.9382786463496218 -3.5749805312825003 7.092236501198533
3.4115699583167967 -3.374390652074637 8.87467127489548
4.704871161448822 -1.4009713213449047 9.248884989621052
3.9865024767084223 -3.415919935353311 8.693633749676389
3.6083082192362577 -4.125257398210319 8.94995503722559
3.685819582964476 -3.5818591588347917 9.57182896640871
3.8136874135969094 -2.6132377978592243 8.906489787764476
2.7406122297646784 -4.871697513264246 9.342217360191844
3.50151865439546 -4.004022714594692 8.597185071172715
4.219053852748282 -3.8268557054024646 8.504848731315526
4.104718951106985 -3.093642749411294 9.360951314226996
2.8102137474424884 -3.2615498551355975 9.037683993767642
2.094277686150685 -4.291906285221629 8.019166849510027
2.5047583087027436 -2.824788737501532 8.625806542268364
2.066744705042041 -3.3558256129203934 9.084017786407863
3.594786934425499 -2.550171983385917 8.154934821179847
2.513070209723263 -2.706079312590605 9.267776840683219
4.423778261789499 -2.7914482710901702 7.695020164063105
3.629732230912061 -3.213290165997069 9.315730533687553
3.764559234766737 -2.2543995271629247 8.739927702007067
3.46319886394385 -3.861178804455506 8.273902719045452
4.318009175739542 -3.284584940759359 7.698260990681481
4.633062233499454 -3.4880858658555316 8.749819081060185
3.4209273696733966 -4.6717307170044995 8.369570580746863
4.767673016189047 -2.8513408521371617 10.053766377051547
3.693933879491762 -3.2384796103882603 8.89261658406335
3.4510846208147283 -4.316837788668678 9.376099619174175
3.2096287995454063 -3.631164580921707 8.63038326178456
4.716898267412657 -2.40803485512271 9.603246259394465
3.5510482518435835 -2.843380860636934 9.746020592925557
3.5673487377232855 -3.2992302945048313 8.718119985095857
3.582686572376043 -3.6116218882906077 10.11786129663884
5.20417325872175 -2.7125663856889437 9.45731945742701
3.1984468306465907 -2.7770292044831146 8.726479565404674
4.644402131630371 -0.8920414230345989 8.290796044457709
3.237315006320278 -2.902942425565335 8.895513197290901
4.562009512610765 -3.3604469745833647 9.221728844049952
4.5731010289051754 -3.680102263273837 9.476011944245721
4.837686791902078 -3.6428998527712966 8.816762905537137
3.3677180058497695 -3.1892703413530836 9.362668761291237
3.5415902000778146 -3.706920421908245 9.83967146004875
4.0480536084895835 -2.871342243447206 9.161834215717848
3.2622724907079896 -3.7549219108742524 9.347786510965769
3.4477810031933567 -3.7802685795655018 9.410396613374424
5.24677698307868 -2.114975205990099 10.338730961110873
4.079270521407731 -1.9428389443807625 9.684445604265616
3.8960584864843515 -3.5252266379668193 8.597696859325097
2.9740516785148907 -2.1610277714934 8.884037526796797
3.43478595980455 -3.184590919809746 9.935424775439015
4.257016763029663 -2.6676291343112037 8.758072702082751
3.4183938028625516 -3.434982731868764 8.018171324546667
3.187396778678221 -3.2198699409210865 10.33898377937463
3.5699448837954897 -2.6926467129315643 9.994914835679012
3.8719491849457857 -1.1195991710625244 8.809808547429054
3.5209785002265237 -3.208312153962597 8.362237919160835
3.210561053161225 -1.800418138182973 9.110114861035806
3.6367445878709446 -2.0004109412148168 9.145707658441166
4.443700844305836 -2.234387580399956 9.19838447772855
4.3531628607503805 -2.2669581019723255 9.42366592512662
4.186371874933316 -2.20791702895584 9.225118464276191
4.8705783017357644 -1.9414243497379333 9.683900530332272
3.792398075420753 -2.9379737667916492 9.36805389235712
5.0983777818734834 -1.4083451481101292 9.037543179976106
4.317746464258534 -2.2754044828854334 8.868638741373417
3.5284913910465545 -3.211178827718419 9.100586438185404
4.3498855761856685 -2.222782275903131 9.56229000048116
5.118497414055928 -1.5185058679151728 9.603913972575294
4.115871580906399 -1.428240980421614 9.603909021545364
4.529420376864973 -2.391859652686281 8.969852782894248
3.890249586070408 -1.7310481042340053 10.159716434115396
5.022286077668142 -3.1010822186729907 9.001121525762013
4.211330518477336 -3.4511559945812817 9.278901125274608
3.8281533772198473 -3.640391523787821 8.859285974470925
5.020980428956829 -0.9427222172957926 9.460724600650979
4.808444423805555 -0.34897781483318724 9.881612574998492
5.324948639911681 0.03520791681534184 8.953042755069339
3.0155571295135752 -4.2700664274938545 9.392534189750272
5.452840545505591 -3.1157186061961313 9.674741481888269
4.537072733607146 -0.37273940426362834 9.186131793775699
5.018440584743187 -1.680993438707568 9.338255984640913
4.728649563771062 0.07347751233159235 9.7353478870033
4.96598287831634 -3.306497685864285 9.506064452375483
4.409056690093213 -2.211218304744788 9.126298574613331
4.116783769890023 -0.494331562215949 8.401752947005601
3.8372162293842442 -1.4512996254500705 9.728752896010239
4.482557692784036 -1.398872772887443 9.701175630883299
4.048325833641498 -0.9569242408444034 9.657957833677893
5.087558881613942 -0.5134023734002133 9.064039138753019
4.77622949074748 -1.479678864530276 9.79248049847594
4.529216830749304 -2.401105995571824 9.2803004563559
4.729546107758802 -1.3902561672838836 9.952578821901094
4.823410663066549 -1.3543687434660903 9.80679793710432
4.556643512434087 -0.6798828919486857 9.229652449108087
5.982053209153355 -0.4353837437494796 8.750357219693846
5.365133483759211 -1.125033397504819 9.0942775542078
4.488554273479287 -1.688427367267999 10.03121124233848
5.420964722901014 -1.4155498969718099 9.636938324431352
4.346642248732536 -1.4529779234846638 9.408224322982292
5.067384734820848 -1.1004115071910534 9.443757249715446
3.8629459774910746 -1.2739612641368396 9.780575527816024
5.781211941122704 -1.7301566270082853 10.076401678078653
4.25958546349905 -2.4310091669441314 8.92790007270741
4.673856750458551 -1.724877768195509 9.891058432507304
4.5229310862661025 -2.547855321101562 9.604807576535881
5.3089343040040085 -1.622910240002782 9.83888544213462
4.020580196735929 -1.21711555446087 9.137674302140645
3.9448846324172053 -1.871467704046444 9.715583503792102
4.9687815244092155 -0.5368177054611557 9.478976044811457
5.448333069410864 0.7160296581960534 9.334335246865125
4.426311369382311 -2.2519607027637347 9.264958673348291
4.797636678368439 -1.247807939727338 9.928979444209258
5.411241573872509 -1.6347529015009696 9.168120218005834
4.803054811374863 -0.053615882044618104 9.459222386317013
5.286273972801986 -0.0639550336394365 9.223049453097326
5.3919372148149805 -2.034695862450953 9.498896770132015
4.69271997893557 -0.8884611455143907 10.116914268416094
4.0587626686080105 -0.5417113409184677 10.815239071552936
5.3597610321694615 -1.473476495532556 9.729743316042741
3.169341397974573 -2.3240441300994545 9.845397908619463
4.909637635167385 -1.409198036307873 10.438483088735392
4.249080054443151 -2.2639945323423185 9.221912634000045
4.983788548553288 -0.13078576215333235 10.208549448963026
5.344725557665651 -0.7159137560141194 8.919468311389526
5.166009071223074 -0.8318687452507795 9.33332295703371
5.166217711737627 -1.875617908116273 10.017622131882927
5.774851090897884 -0.4250383443160205 9.199885227269073
5.450756905004247 -0.15249495393811197 10.044298522541741
5.232943730823628 -1.0020338767850077 9.173503688325033
5.1234947375836875 -0.47210788415810184 9.251359879237347
5.269860011069788 0.10519096101334233 10.665837973317354
5.02435929879186 -1.0406873822198506 9.427071171438527
4.778891746333465 1.1782806706819007 10.03063182743126
5.018039419495756 0.6423952255421732 10.427867303966499
5.41825456427743 0.09133640808715868 10.009975070513374
4.579187934868878 -1.1665967195493772 10.055841722832989
4.643433566278675 -1.340415890150561 10.226706330937988
5.177278530526638 -0.26131966386245864 9.565889049863339
4.99154821135726 0.9209510898730483 10.398913107054067
4.9835089904877234 -1.0679176121522784 9.855353470795716
5.185463554260655 -2.140021477486917 10.065280542084311
