4.690543332986388 -1.8226573688992378 0.24855102977419805
5.131456922626132 -0.14590464434964578 0.24655016077013303
4.560980614049677 0.9474568551566894 -0.37956969394731027
4.932744867075548 -0.5560108252281056 0.10915186049259668
4.6504568257594245 0.16578124725737156 0.19289053658087196
4.727084453407026 1.1057785418494508 0.2636177629527893
5.2329515203454635 0.968533606532308 -0.27736274120629734
5.070678905654851 -0.01435712928673132 -0.2279024952207776
4.856165484635538 0.8019058604283658 0.23261728666490283
4.808065454564791 0.23524109193529705 0.5258692404461482
4.262387710298348 2.1404550839565526 -0.9371634844828262
5.194744840575888 1.0796439709930867 0.8603732921953346
5.020513108441177 1.404171080972255 1.013007474606236
4.739620050464134 0.9712445408500114 -0.11812799766975968
4.950952281445067 -0.676281665951801 -0.08221151781151495
4.54494377587947 -0.048203440327552104 0.41843317867709484
4.4492156081482195 0.3376899077943883 0.03271098150904475
4.889695841144206 0.5776409312618715 -1.0606639189737022
4.229333421246286 -0.38823839674543503 0.7754978896855198
3.7061153471648596 -1.346309820610697 0.06754683031425349
4.602722745788809 2.3394174861168953 -0.4948737508966529
5.002190682474675 1.2209510060059903 -0.3032478457841435
4.628378713829149 1.265420427196795 0.6371630727264126
4.766215040105151 -0.18187285205107445 0.4367394651304062
3.9682427104584215 2.4153073784876478 1.0697342026395835
4.255244221946008 2.136123649660127 -0.6170257683579464
4.706016956801009 2.3409150183822836 -0.035528603247398205
4.909434025725029 1.960241112973896 0.06395276074437811
5.526908588668738 0.7733695513897255 -0.479761656593927
4.6999817228309855 0.2503566020805546 -0.13976128963219725
4.575224525023203 0.3416584716704076 -0.523297911187266
4.735894412672183 1.2985784824905897 0.842398220346708
4.0109909731158195 0.44863086758326015 0.882887496452603
4.920685244341969 0.81479607097248 0.42154706889257465
4.694251816948451 0.9930083361592074 0.33527582659251554
4.653608798563866 2.1466318335867496 0.840607610795223
5.829824666287256 -0.2835642355599957 0.46987280078735977
3.8333790139633646 2.9540937133650185 -0.29081271746908066
4.661097004508656 1.4789006365581645 0.38798322855259976
4.798375546827388 2.3177194766555527 0.9998354080038822
4.272575433443689 1.493818851771527 0.014141062775361979
5.560600329913535 -0.32306138460789857 0.45790540741703845
5.212694678933312 2.3706623121929415 0.5010996355186633
4.711471647820572 2.983753517165496 0.8624735652101002
4.718394803595638 1.229563284032921 0.5493704724106618
5.089927429491441 1.4397859435301594 -0.0026390441472876613
4.9455383567079165 1.62773939174379 0.08801438208955992
3.744296986293359 4.4248081583350585 0.10589918185438835
4.90649845427741 2.419122993106302 0.6430636774601852
3.9629444505640667 1.7478379649210714 -0.007022327800066008
5.048320384989122 2.205035695680355 0.9244379207503408
4.716069667044048 2.496791172014814 1.024894437275818
4.105174610414054 3.3666677774843876 0.17914150889907526
5.1459596117011674 -0.8795312384873801 0.8143582521749066
4.499347725855386 2.2211692390365267 0.42226110168039
4.677724916579922 -0.08332410069606623 0.534907329333613
4.454346986233997 1.666284303423386 1.025869553306987
4.1753499793670095 1.0949148488384786 1.110851021195903
4.535835658442785 1.1196075984311022 -0.6155411759956706
5.071480541557256 2.1450318531617714 0.2634618097301141
4.661632584381468 1.9534184629050528 0.5737107335157489
3.898941507136547 0.7959013553569132 0.03178019378359653
5.022155148258567 1.0851027290131812 -0.21303231259615218
4.117913338786091 2.4263305960690755 0.530696062117766
3.9056792317009825 1.6458155648183102 0.3619883534530643
4.171574403112957 2.6380627911341628 0.9053439079964423
5.443245576611098 0.3607757799789459 1.1343180101343249
4.709120781620076 2.658365945171484 1.0480841113068604
3.9254599838553523 1.68208491008857 1.0727979958653064
4.7059667521127535 2.661604060127186 0.9025939628084623
4.936954109261937 2.535145694381803 0.6927529931388893
5.253530991232606 0.577660918661173 0.8622954903391309
3.8681815413972482 3.454027040749023 0.32452360405245295
4.584443062101539 1.8539863859341257 1.608123783834385
3.9154305856566243 2.1260576205987762 -0.3413003250140354
3.6530625046505416 1.6914950348888045 1.5101118385690033
4.199635053876231 1.7578239303549605 0.9689128986190956
4.269854380965654 2.1687035846092604 0.10352532970737549
5.0098215712886605 0.9293652439603023 0.37198039196363814
4.815876939145698 3.5968615890870654 0.915603644323356
4.711426218607021 1.8461394848236867 1.1122589356157413
4.488451109797202 3.0933687432785133 1.1023148805711847
4.10866290570402 2.0148802353556143 1.0532759553688205
4.240427219618764 3.385632472391716 1.0516103432278026
4.794509084362763 2.4421114886084716 0.3729515418534606
3.96709469449524 2.8157250893982297 1.3990895259906537
4.698846148481719 1.3542235364307817 0.6267184081722318
4.817686884885702 0.5056120128204349 1.1036918092833503
4.256730720504325 1.4731799564560368 1.295028903860144
3.248941730529293 3.5709485446508133 1.0481285592749596
3.3336630984965896 2.9040804062402823 0.19263093255439612
5.287324982718548 1.6523433871987507 0.41762980962513324
2.4928404833429196 3.564442182408502 0.6927380915052971
4.323588041875779 1.9822444332716942 0.9088755199206526
4.4402835038285655 2.576632668043637 -0.13070926191996235
4.174514077901891 2.3599637878758446 1.4089287232259116
3.802006790133933 3.78390108752411 0.018013452314975975
4.0877423830000295 2.478609200698556 0.9928126024959946
3.258653461823151 3.107251722272834 0.11793097076352343
3.7126051876229056 1.9751774929115684 1.5928111502675029
3.713521315134623 2.942155362604328 2.0320355743130176
5.108134384880566 2.1090480679082 1.625998137081821
2.4036670797933515 4.483513436778004 0.8932520465539294
4.6973772427557385 2.3283409754372246 0.5062592711410385
3.0843134635925376 4.874122429960999 0.16779992966766621
3.9148848707971973 3.1372097446454563 0.44760379604488565
3.763287534458913 2.6845507057879505 1.1230351970777646
4.183315105450879 1.461526368122973 0.9418487443746639
4.809345271130002 -0.542698434851322 1.60954286797642
3.652140321622553 2.606656603356488 1.4024595844545438
3.040598029543003 4.7973621986562565 0.9465782271397597
3.685238617643793 3.2017034343834094 1.4740413298190336
5.331963232893268 1.313295415298776 1.5395924124795353
4.234297820148049 3.5844417800479946 1.5556953691183248
3.290272560932827 3.813037564585698 1.6583273880458436
3.732926574215868 4.014135198188245 0.7162913591720641
3.11597377830005 3.411561056979647 0.40105497452341377
3.2125177179083515 3.6302804460633844 1.376859194352112
4.141567211159399 2.676456688892042 1.6537022260841787
3.2478785611751504 2.774496826406462 1.905946890029192
1.737936024330692 3.4244657643556846 0.4264993081659503
5.070938459150765 2.8754241436541164 1.9355292912840243
4.433584225270485 2.6069706345469714 0.9770072965457877
4.300488113156675 2.8917645585604346 0.9274829092214338
3.607071479094938 3.812669061800891 0.496231882774529
4.019973834712941 3.4595470749900157 1.8077278260274268
3.9486487007359137 4.271274610266514 1.3758961251696806
2.637063134781183 2.9874072782122956 1.7591490821267768
3.6199505263743754 2.6354921867074084 0.9334467016111327
2.289825803751727 3.1211700482155664 1.2429734612191914
2.726044214388667 4.243572157588951 2.1210667067851308
2.399347388116845 3.419911656010472 1.160266260652743
3.747518347399188 3.2090233216946635 1.4743802703377864
3.915357135107432 3.3515554020147005 1.6693406898060474
3.495582534607174 3.7445409348035774 0.5389255781221347
3.865613949311272 4.444259813230696 1.5761825453179212
2.324046229217929 3.4128927234316864 1.805305684273803
4.048567267811588 2.751709682535503 1.1909126440409512
4.218038290604609 2.8649235757807823 1.297200372718097
2.2759049296346476 4.31973553647655 0.9274824145556829
3.07678818014415 3.305393714473078 1.1529353759291632
4.716126268431553 2.2641692814750076 1.3003547506860456
3.731731809052415 4.857138075373917 0.9913926655012298
4.113741408515669 2.339414696490857 1.6046268111727104
2.448140805740512 5.279731286100758 1.3381669053709033
2.558190433070417 4.680028350739833 1.1429473875879173
4.228356135777218 3.1248227431985915 1.7319173141704702
2.436769559957507 4.824018634534639 1.7180114141845715
4.014073622572143 3.6885706214146725 1.046109270427054
3.2176543293944313 4.298973959994731 0.8640474032047581
1.9544996985541658 3.5226569116049924 0.6581862187960189
5.135301554607602 2.8706745170885415 1.521139528439078
2.3317883761024514 5.137834365108733 1.9775864117810595
2.3948766580280685 4.874618649024623 2.2254343473927243
3.1544518007589923 3.9810352910994715 1.5904505645618288
1.790638254006775 5.1485665776513665 2.325309141668604
4.025471938204323 4.014852029018719 2.3092287498258512
2.065468969164994 4.7195546896222424 3.315021115145351
2.8666318166068367 3.896719318394795 2.2462643818133565
1.754273851657094 5.1688783320195615 1.3343132872270111
2.503490281432751 4.786562240822347 2.268299225114216
2.6714614508998182 3.1049959746694085 1.6947192711811894
2.4490533174879565 4.530523576335871 1.4425903288149748
1.3766893477084319 5.350097852628635 2.326934584818587
1.8319683307444137 4.939984165738176 1.398227792181845
3.690737531988306 2.616045401883431 1.0357623063888026
1.8105188633221623 4.388443234797719 1.3287428149441818
1.7543655847010626 3.6600040838466574 1.9817162660462775
2.9037934470757625 4.54586151694689 1.5688228265815303
3.4732418559353375 3.945660216093542 1.9446553747063362
3.7184357129026 4.9031997092272555 1.905328053120296
1.9460774673041408 4.773051319119914 0.7762179981222856
2.073692944025805 4.145868493695494 1.3156820760120564
3.780325886729843 2.8141122268779877 2.7405572776766123
3.2461191318552025 3.8784929171027827 1.7823251830163218
2.4790425683172086 4.216427394956378 1.5730179556467352
2.983969503299439 4.493875122873656 1.304871766761717
1.5659131620335072 4.727588173162971 1.132729640768384
3.7937345694826923 4.673555762895327 1.6108403558033595
3.446469822750855 3.9898208707049623 2.1692830093211573
3.6813164548092705 2.8898777898852384 1.9655755640005181
1.808692030570227 4.575652704727442 1.457953065771771
1.954445086666854 4.2243351338327 1.6596437370009531
1.7727104517030792 5.787835749678479 2.014730569181813
2.390610224415084 4.326384652978218 1.7814407063622253
1.7179896650958146 3.7488604746818717 1.5890751129135885
1.7028906753868165 4.846780639142003 1.5349839396326528
0.887270213211462 5.171238905615078 1.8481846755299116
1.3812481512832877 5.480352256674515 1.9827214239563236
0.6005686408288755 4.884001825195347 1.3313586987685424
0.15523172699831306 4.738648702237652 1.6581394380447778
1.8143315034414933 5.24165114161135 1.6829284458039557
1.5539139521584537 4.633851727792128 2.343246105873338
2.6799767995272585 3.2340443079989774 2.5412477250824246
0.2320199499645527 4.921538188742347 2.7685627203962433
1.5564048988056212 3.4451784571979576 2.634296116375865
1.9084678661816101 5.495513977634038 2.9627915643669533
1.5635191630692962 5.204335006154863 2.459467816995498
1.79310114914491 3.926913698085702 2.206979681381745
1.1700070174491601 5.148276041392403 2.6706934785260463
1.8502674629933205 4.910497575905048 2.3325340896358315
1.0808402001390698 5.114453816492261 2.3407377421012785
2.2887985715172112 3.825362120462989 1.4441515477246663
1.321053865589865 4.079285554008659 2.5297130534671393
2.3141405631712217 5.3744842949025395 1.511302579115121
2.227572951586782 3.1245332479539263 2.7321251771282835
2.2060061956639587 5.200657969825381 2.284630938626486
1.7643241376468715 5.235178110361016 2.2069836400557405
1.6314015910329966 3.9305563789209645 2.5114970759956323
1.6584581326237933 4.517035007670426 2.6378331270607003
0.3583200142481116 5.279659605387132 2.229109736084578
1.33722053322448 5.622621875337081 2.087826063368662
3.9831241038701477 3.1682171739838934 1.4874422979439363
-0.23583539141416643 5.282947576652558 1.7355290880075436
1.3282628011601834 4.984164986094904 2.3135493374728573
2.9152330482682625 3.666102503559694 1.4595052247621934
2.2087334639585086 4.863916352991739 2.2499650745435384
-0.8135899544274462 5.501287146536076 1.4755883451793306
0.6921927967222659 5.282104296498354 2.027025210445702
0.6089640408043925 4.985242778218453 2.427084082895314
-0.4382842857473792 4.608040442621171 2.740094861313679
0.2645957099176364 4.526707003761684 1.3930389796620188
1.6831966572380914 4.796625678358616 3.0295803678531668
0.9431519099651462 4.552187951935273 2.0858951669724606
1.0540351171859743 5.1884147425401155 2.3699718346536103
0.8849175745874254 4.731761948722908 2.649897236509413
1.3824067787182637 4.425891007327108 1.914945579411595
0.2162294469978877 5.040125516398547 2.370030054935934
1.473514028025884 5.504600815063356 3.3143605837117054
-0.08727868483063167 4.953293551966572 1.0773743521865926
0.01903438230652168 4.385380747179629 2.3827263089509194
-0.06854840490850486 5.536418305341767 2.5006583983953283
-0.8837109881662554 5.297640766102959 1.9827075285460674
2.1343806837935224 5.124569739891354 2.27697393326474
-0.45766773950905243 4.78548416096108 2.033199801619253
0.46285692395600786 4.359840695210649 2.5484611197298372
1.3546780246506471 4.589343551486854 2.9080807043239614
0.773168110518048 4.937712274819754 2.1903962937781025
1.5804197534998152 4.611433965970602 2.7651663145713865
1.3929333476358832 4.3113953088761425 1.4526694373121742
-0.18363772730117367 5.3441433914841046 3.288389040964212
-0.08951406270799982 5.059518509374949 2.9825094452187497
2.1696200875192715 5.011467784016456 2.482616958312597
1.331884612948477 3.9278434825106627 2.7836018858958074
0.32044737058850853 4.780708353877826 2.915404460345712
-0.767493462242842 4.8647792373322885 2.7755481983519577
-0.622149028127019 4.801430556963501 1.8509312169142236
0.3890476255761608 5.458230933786834 2.0824974333379234
1.0710414728249198 4.572244045732199 2.0591719066783836
-1.598184541185431 5.817803704231036 3.1887112646868947
-1.8112282967153304 4.569882432818852 2.4065039794682694
1.7673354637574152 5.015940425333248 2.259508655793121
-0.2608695480993245 4.483172917801149 2.2046324286294743
0.5230871126866319 4.694618453793835 3.260091085969952
0.9024401245343696 5.067128776679148 2.3874985655592202
-0.83020229826059 5.28616120023672 2.2193594726765227
-0.9573804174876099 5.223676315968507 2.4630214048990196
-0.04879591532845622 5.352963864458297 2.142760510284465
-0.36569477239222387 5.289733302949677 3.1017341422571447
0.31131931423881276 5.356741893428971 2.7792063782366743
-0.39878224344153373 4.720092743763127 2.7807377897652255
0.77726571857025 4.418151236389563 2.000768711652751
-1.8568528564641893 5.814516476420101 3.2031934380035088
-1.1426995620411229 4.464925577289265 1.9468607093171233
0.0060709650294783835 5.496297929538093 2.7120804834139083
-1.08162784999814 5.610390039122663 2.0304451338463627
0.6390965725408817 4.668720275302129 3.0563878402067988
-0.17338018817940687 4.5463578740611155 2.887688850372019
0.0888339352473229 4.902069893658222 2.995055614217423
0.04461461251031776 5.033687050260425 3.1773661205535566
-1.5035546151090828 5.258649986039993 2.5019957996423963
-0.6516247944157272 5.250604115904036 3.2252626648067335
-0.521690826717038 5.152393356851229 2.3188034686837984
-0.5853509763629374 4.699822511557008 2.400586171650884
-0.8856130536693803 4.332416053911837 3.391446870591274
0.11015953788329635 4.764421162094389 1.4990636701683206
-0.8280011033289127 4.798446214003278 3.9423053937719046
-0.09702183580329533 4.438707928649787 3.3239078337978762
-1.0328082920009627 5.048421746625324 2.271344399385275
-0.36267377600597006 4.139699784080902 2.5434325227656003
-1.5361821616037405 4.548248669547134 3.20136116524054
0.11386055581251735 5.293571179325772 2.5055754253569336
-1.165581930114942 4.881144300396134 2.469587696076914
-0.755203633377475 4.680256533628049 3.4588792099094947
-2.076265334745797 4.3688310694665295 2.729590923737712
-0.14098651042368607 4.338804001659196 3.3219622077514823
-0.655107938062033 4.205772281658678 2.4331403314772113
-1.9579827651166484 4.613392652973366 1.8977727575303462
-2.0575088621046227 3.8066412232096014 2.4821542280434237
-0.03692084457040883 5.4695728625796285 3.0085440304322653
-2.0004251851465016 3.9091011015096844 3.074103302419341
0.1968409014522448 4.460659712958784 2.7822542101451413
-0.9558124780367473 4.632656618544127 2.8862344293203033
-1.018568956287015 4.879685864207031 2.6228629118190296
-1.1000657965337204 5.331435810139959 2.512219166385489
-2.085367047714718 4.498321528460839 3.393692196247904
-1.7716235611670723 4.874153232245416 2.7430871513655473
-0.294881238229069 6.056387126634561 2.850150804981749
-1.9301639194533602 4.879808901707626 3.473617975393194
-2.534391703874421 4.009746991071454 2.1600137590550723
-2.0368783846863607 3.7847000280591216 3.001497810236461
-2.1279704493985445 4.617734769960191 2.8818091339764518
-2.5875649961656255 4.883549179639554 2.777985323712364
-1.7210290639103119 4.82564907452071 3.0712458391068176
-2.7733940080977035 4.6030360200965275 3.0907570948218024
-1.6332531428589212 4.411051868996261 3.0531475971032718
-4.025574661350464 3.095533599992257 3.4752833561547694
-2.2402605440329397 4.804888064444493 3.5347613683176107
-0.907819904894661 4.285604835562299 3.669346834323118
-1.5616575934984704 4.100883931395679 3.4843865426131466
-1.2017015134754596 4.572182855370926 3.7126166684530473
-2.449543759695945 5.236921416165151 3.9519853830571012
-1.3484336903764256 4.7529189824092315 2.825127334347938
-1.493147530459895 4.9820810677479574 3.655128005034249
-1.9706778994838856 5.07598156341052 3.684068763862181
-3.0457016108472117 3.5167265127862204 2.8444606971968702
-3.427106806249633 4.455905181377981 2.6462129027840433
-3.0261384388448067 4.570599769492139 3.2655499384789737
-1.8020365212816591 4.026323242548694 3.1555749765838614
-1.8023274311607553 4.39841896190479 2.562711991902586
-1.4881979796100793 3.6821678486014053 3.517677725577655
-1.4307712542445559 5.085268710442588 2.3079110251919017
-2.4295096764420396 4.790646864492026 3.6149870361916547
-2.539040135931852 3.921453101719413 3.1950962472469624
-2.893951125091971 4.866985369620013 3.159729649715255
-3.1835824710932243 3.3297349657767357 3.4189768906557627
-0.776580436120579 4.361347137399805 4.334415856171468
-1.1715067798231833 4.818876707455935 3.295847334217433
-1.3321935248732617 4.209198406982512 3.547571614288383
-2.5984118654004065 4.969207976639247 2.5754481004845258
-3.044718279996586 4.075376151739096 3.6013783082812654
-0.8238939327228235 4.012169545424145 3.005611640509389
-1.6691864172191704 4.1410195880800185 3.607934838982734
-2.8279282660098453 3.1228573539603177 3.2966733109128206
-2.6784402186608727 4.179444525628983 2.989367298071062
-2.1101037501176476 4.368449913509736 3.1566198969738113
-4.423930668964148 3.693082256569218 2.818601368228155
-0.950229011720354 5.592867287946869 3.3959615614598375
-3.172396956387386 3.4500733834229753 3.6732984509161355
-3.4643598769640254 4.656532561327344 3.063512982982097
-0.9193940948456982 4.708218223200504 2.378511338604242
-2.5007885778894967 4.1718081794737 3.5631322751892265
-3.147817701947449 3.470114786933313 3.7010779793295256
-2.0490188773951377 4.011926188383438 4.147945645390808
-2.8753638517310147 5.458574054717657 3.7289488963766337
-4.778513224558189 3.7877880809070894 3.18290029447223
-2.4912446808806457 4.070795731758846 3.1140738009040057
-3.163709144063597 5.087922428752939 3.514751453412289
-3.677181200670719 3.0098714105756854 3.1241393435724714
-4.352230940817514 2.8861237674563935 3.5158283732491618
-2.1228741755807383 3.73855809407568 3.8668360491175795
-1.4047379859891893 4.291896480217996 2.8608857343272547
-2.8191511808237166 3.346238913178063 2.933553456862031
-4.573124995250003 2.2967369377580247 4.206948783258739
-2.0669676161844226 4.183910258414552 3.580443236885388
-2.8798384674642756 4.197853072928431 3.786912986990165
-3.1516740428731476 3.6881231346707146 3.4467893553940803
-4.048977381259883 3.2914455837044003 3.095420739241626
-3.5198226068040968 4.121683896776285 3.026479521305432
-3.0769403844545105 4.155311455057512 3.350554658830214
-2.264542630743606 4.201450638357453 3.8028425296999555
-2.840772654636667 4.067546226012017 4.287777136549763
-2.539042255226802 4.521888765350887 3.729145690155627
-2.6581563863396522 4.605793569626009 2.7953987901757396
-4.590625366600995 1.929347144497519 3.1923840042103593
-1.505699575775562 5.043156779194069 3.7040510208196658
-2.99056247825226 4.201392363010914 3.7240294598159016
-2.5883716822058003 3.9723691006056305 4.328540311748638
-3.3439029311306396 2.715015654371486 4.911215993968418
-2.610029213799116 4.865184992988076 3.410051743573514
-3.408823708077835 4.751080344863972 3.927063044182403
-3.32847149476121 3.2818171737634936 4.0089830252877885
-4.10731058787924 2.950781155999198 3.442606327733154
-3.8902836425659792 3.2860627223606436 3.4624847653920163
-3.6275848017376724 3.4193303527497183 4.205913933977363
-3.1231958413963143 4.7239079977995315 3.513171061909216
-4.603407587658716 3.9534044265445027 3.349702763787245
-1.585104814966997 4.2887841450143425 3.81171934250656
-2.980000958359438 4.448109850322128 2.917820927346033
-3.7099638734613496 2.5940370911708186 4.210091075381256
-3.0980198348338295 3.910440737247755 4.74171946859023
-4.744388002438399 2.461872929066243 4.11265822350405
-3.4455618252419336 3.681100296835484 4.769275084785971
-3.8354338406091166 3.520975819487947 3.252514157057378
-3.863305417718658 2.777864575105431 3.6563977465844326
-4.844748994250733 2.519777346887059 4.311886687644173
-4.780928211222859 2.5778809224921213 3.762377204474541
-4.016789624874284 3.130537340822711 3.1332956554275757
-5.054548535510511 1.405975950551513 4.665713691036773
-5.271856558184474 0.6208213108839358 2.708764673009671
-3.858614819071026 3.090667717267827 3.922743078181423
-4.490157284566461 2.0995989007977034 2.6793290004310286
-3.902983245975016 2.9548406642278953 3.346775564614312
-4.750631564683639 2.0819058315586614 3.5501876659614364
-4.386418947798105 3.3545040613504944 3.0025758620424465
-3.7053349010242753 2.4042444160771086 4.493460401061316
-4.1652181802913235 2.8562620801363883 3.426494979416476
-3.6150670175250563 3.4463999896851645 3.5446056271363147
-3.7179922815035593 1.3808805259711148 3.3161235673916654
-3.7327733251091693 3.931266605195707 4.002729488233687
-4.738790587542312 2.5442373535108453 3.7394085390191396
-4.079272595029269 3.014238168167745 3.7206949755259524
-2.6366884310080576 4.278263804838239 3.944051676564175
-2.8102434636226015 3.2888797879776863 3.795638968219249
-3.1147745534800695 3.1780358799071844 4.055133418569097
-5.443825141862684 1.5945281904234903 4.678546863862488
-4.454861718470955 3.241463745009648 3.6487772125278846
-4.417771092615426 2.871303392724723 3.497520247930132
-6.033993439712356 1.7248523759458712 4.083259471113884
-3.6643063924679047 3.6168794994891806 4.478044534917906
-4.157101674600599 2.725588334370406 4.292025306728088
-4.745037893298239 2.105921763524243 3.6774823658920814
-5.006062251836582 2.2982894798138753 5.249629605103438
-4.384724395715244 2.685675235911109 3.9440552343555892
-3.3904836442609825 4.282597794457088 3.386623529298294
-4.283464054463995 2.743990203941438 4.937436813267851
-3.7193915910679043 2.4219305402593165 4.000416155976067
-3.5428361011278477 3.559818066153057 4.612702092731427
-4.831773961244411 1.1398206438839504 3.5662485720536297
-4.930449465224606 2.352877422110235 3.4216807765059003
-4.782543830347306 1.9036610552869688 4.0003136541409825
-3.8235019841590354 2.43364346510817 4.069049374225842
-4.908600468291521 0.09313717716553706 4.5193984554949225
-4.142437055339353 2.5301368729001994 4.803004510506671
-5.168202405024541 2.458933312545445 3.5442799372465057
-4.809339265840956 3.343055260092153 3.439199131088853
-4.5070262628017055 2.0890677928200145 4.7396764525137876
-4.150488714505463 3.7844176627263004 3.2556533099633262
-4.846708757421202 0.6613333952133854 4.166530467449918
-3.9351175997629797 2.3393500476159526 3.7527931302797835
-4.769204805887408 2.0000505010445675 4.752199277221644
-5.178403034697883 1.0821372812134777 3.5035450611529178
-4.674659888096811 1.0505840266348794 3.90083493598697
-3.5298932707890986 3.43719451622731 4.693694187994882
-5.198326647722698 0.1427393843206631 4.850325332208074
-5.773550012196871 1.9985233202242259 3.808182911164532
-3.877498619650036 3.2088597007367805 4.526187462277398
-4.611353260210386 3.0001179766890744 4.609427638867122
-5.116672388957741 0.6966730503442911 5.414344805891108
-4.6094621424256275 2.4565774910230327 5.062384781528687
-4.376467132388736 1.3625969932728663 3.4863775096400538
-3.738487834558118 2.6525033135759015 4.02887458554112
-4.535434560854913 2.7980266068590476 4.03298908075852
-4.083204049829935 3.0505912702075935 3.4140476670280466
-4.258642980020271 2.659661686472699 4.210356671864643
-4.59438361853355 0.5238298370570814 3.85196702972265
-4.47617183128039 2.4399550129136136 4.299424485076998
-4.776505980800128 1.8079715024859146 4.712988150441215
-4.210592069891801 1.4149540251754968 3.28641199807309
-3.171450825341156 3.6227173189017017 4.979655262918416
-4.4752559185980285 1.2463562626118108 4.652034833441201
-5.090384890214392 1.0461206176769835 4.221650399393046
-4.222020066388409 3.259579127754167 4.4008005108290895
-4.664969864069093 3.0258654279973216 4.484000670638101
-5.52713262830375 1.5375725718455293 4.1485373340747165
-4.619116438151868 0.9779405555186675 3.8756317840260506
-5.025847953903735 3.7454525516234574 4.415377970028944
-4.169910181465625 0.0889179458077081 3.9727987278981964
-4.046770313593608 1.0286798768381544 4.713460395370917
-4.35674814119777 1.931844080333587 4.707802835958807
-4.552231143305468 -0.034028075363939356 4.936267108425428
-4.347611189173279 2.2850472351115867 4.090376291263753
-5.106304408999433 1.9553156383817925 5.047956232849837
-4.30524610022811 1.4184367138040253 3.7752364385238177
-4.891567360311611 1.8852850633800213 4.318998431324522
-4.2937190080673595 -0.9312043607124619 4.963108953884417
-4.312640374847526 0.5422827288071931 4.681298470507317
-5.25512619013278 1.6266726304882047 4.599341907369283
-4.0641646833201515 2.9032780727921423 4.270335130290311
-5.042747573947243 0.8242388765674123 4.087101108274333
-4.584375007139328 0.6465483133564445 4.362934999383025
-5.51818136400915 0.9368124777660614 3.6946544590440586
-5.120612029367169 1.7970137934816837 4.6514757765085895
-5.300822333946384 1.469165875317426 4.386932573630217
-4.985895525476617 1.6347911652493483 4.680556483397513
-4.218705337281092 3.2962682533277183 4.599246777758196
-5.790311557550452 0.5777032865865562 5.278483466293505
-5.218919849920021 0.6217934373709046 5.00710882100117
-4.651780342595779 2.9486286768931307 5.335046508389171
-5.505816852783051 0.6020577334274001 4.3925055994239175
-4.139027876061219 0.47928960964392553 4.055861767316157
-4.672823340862255 -0.34858001579073755 4.260178293122913
-4.17487661753416 1.063895855784629 5.7256795497126305
-5.322906402818501 0.5888492961449764 4.739869907861933
-4.800299043870425 0.8056307965218674 4.340620166601049
-5.557351045939332 0.7246693195891117 3.941797693650721
-3.7546762875557618 1.6205210508725478 3.9680070094458317
-5.079190241580814 -0.363028723079674 4.7321851774576205
-4.793944056912841 1.137036937944584 4.900864993558145
-5.193563830764942 0.6524700288030751 5.533617210227037
-5.792955399705592 0.21209361265782994 4.492410172495094
-3.6439022832356303 -0.3820901371605055 4.915463723030826
-5.605448649556401 0.02293103528403602 5.751286523628995
-5.429759898662501 1.0731092367018145 4.653603004784237
-3.908434201069491 -2.7015587652832203 5.561134388978697
-4.377717748229284 0.7677245508288046 4.4064124773306395
-4.127145961786963 0.18522372348570215 4.367920415644464
-6.215325486537677 1.1016656316370472 4.675498420686016
-5.248831418376677 -0.08654529367688532 4.313800714447482
-5.476953725342798 1.2316345352130762 4.824819031846953
-5.096009864686202 -0.8248836359906491 5.133721937819618
-5.090971972822001 0.5220682330911268 5.342033551637461
-5.106865289932768 0.09602711682624722 5.460104080121105
-4.832072040371613 1.168419769939766 5.8159254595534335
-4.150060839772356 -0.2034445019949467 5.167664387523827
-4.035162704637556 0.43748259761892977 5.185938719604271
-4.9847559600983296 1.032615625604556 5.210981814290866
-5.2132177343774675 -0.22753496339395815 5.160573179823541
-5.059511310554446 -0.15116635133610473 4.895940640050339
-5.492181182685641 -0.5419765688153821 6.038356119285655
-5.405574645804105 1.2633536731008848 5.107778770143929
-4.53747497297106 -0.9453899364853181 4.864073634128423
-6.2505106240554325 -0.5959252031207942 5.482820116715794
-4.283554667572003 1.9303072282514662 4.7832527086768035
-4.6865366273578815 1.2608374858920786 4.70302493713576
-4.945008898823071 -1.351176923423415 5.023441142036301
-4.549748085527013 -1.4572007722411169 6.016561734305882
-5.088240112336401 0.5002713759696685 4.694760852826484
-4.429567989030797 1.5455215512901868 5.361822373776069
-5.022274156570186 -1.571510185733313 5.3842222195800895
-4.220598305313893 -0.814987431178853 5.3870837628478885
-5.175525997867789 0.2596970360074053 4.6348477909750265
-4.231114687233695 0.3416648117055879 5.521001391222964
-4.443549797600218 0.40094574240538416 5.4324876738092405
-4.863135165351585 -0.17829039995715143 5.3637254232268825
-4.292827743413592 -2.496818751555987 4.747591591088491
-5.093784276557505 0.09563148780830608 5.404123515439257
-4.094793409617421 -3.080026190272696 4.37070933701889
-5.026685711491366 -0.1234604129510926 5.142587253199497
-5.469625298901526 0.09247828243796095 4.741237924547521
-5.06150131400126 -2.158605122310713 4.539364920847632
-4.558064350579924 0.19782805981537832 5.616594814481618
-5.437264319067968 -0.6608670786513606 5.56010083007418
-5.207014099482089 -1.0091133906166798 5.569568914238857
-4.9536845212017475 0.6585152454884757 5.299097818018372
-4.7423436280999764 -1.510642752594206 5.593498725978589
-5.136947843523404 -1.6675939182478545 5.582703460813324
-5.2080968613037415 0.5017405016917913 5.727560981555727
-4.54488706028629 -1.4220504956934572 5.891143374428623
-5.70749403323266 -0.5087699627970903 6.045038713483833
-4.978094192442522 -0.24492494346492005 5.87897732424697
-3.98535614739237 -0.8877229243766575 5.215053246605274
-3.9063949609934565 -2.8202258141438055 5.186023856747015
-4.976887665946364 -1.1265652543101785 5.900759205527178
-4.373837124430865 -1.7198200443564071 5.660540948795253
-4.700495334586475 0.8096688733406671 5.4661628186335465
-4.109749304972103 0.08120780019588676 5.080497992894475
-3.9881309852829285 -2.5269032233388464 5.528660090174742
-4.871339366854522 -1.0585352914855293 6.039811316218656
-4.536888675794154 -1.388430157967161 4.8433669551031135
-4.224090047042913 -2.336933260507861 5.145772165584764
-4.867027262108841 -2.0386635714667936 5.285366795649556
-3.3827653960271564 -3.1249095607356576 5.597700536910452
-4.785162676534289 -2.149871764581114 5.203181670589421
-5.632210303789709 -1.988197978538157 5.607694984490319
-4.194419069645947 -2.851065074280928 5.096235901670569
-5.068784423993289 -0.9437371509959374 6.221818526990244
-5.410296038668382 -0.4492064835079065 5.789564893739495
-4.427166618649391 -3.193101461977778 5.694822276309775
-4.492238839837234 -1.1789681507169611 5.896070914276012
-4.326528407556781 -2.957279589157931 5.6094417169285045
-4.637233129041031 -2.14133013100008 7.258267056676035
-4.947768298054024 -1.654351308700634 5.863075535564498
-5.238268086262209 0.9624540122484267 5.496381437514944
-4.8393637731128605 -2.4901341352256297 5.746081149997097
-4.324467165366031 -1.5294448337718758 5.206929915548066
-4.919384403066755 -2.028697797900534 6.078289216865052
-3.9726200394765834 -0.8530983333029198 5.663904812663668
-5.038814441068936 -3.02496865062386 6.284487067674527
-4.551621160542912 -3.448408960471635 5.308634663630863
-4.303182937098831 -0.4513830935128232 6.522348075204113
-2.9259670877064727 -2.4536678303893726 4.834007139401378
-4.909570232713329 -1.3246451490015672 5.184329112989512
-4.504817262153049 -1.9846526734938668 5.363206317833678
-3.997604589855046 -3.1651999896429386 5.843531218526383
-4.319489850782585 -2.007592138840395 5.9039618590542595
-4.522839717874802 -3.1265156215424295 5.111208978428529
-3.541741442678603 -0.34025908333658106 6.147730761597976
-4.036810627778528 -3.730185167355826 6.449743356497836
-4.392558050744796 -2.387349261944095 5.962329804407927
-3.701485507001811 -2.067697480120646 5.685842370238437
-4.616988193679922 -0.8830403495329543 6.22183780825748
-3.1586083634438973 -3.200255887413698 5.683611793971062
-4.290577676810018 -2.353693514174405 5.558140486467481
-2.686225498668934 -2.704277239681699 5.6314500980647955
-4.003408083151706 -3.1208988283058283 5.558358632161748
-2.9298864539110046 -3.011477595023188 5.221123626769868
-5.426958699180567 -1.5827988405721785 7.097762322006404
-4.290082633038499 -2.1477774566891346 6.273694473992923
-4.008013013707007 -3.024108374442019 6.358158071773858
-3.4992226477168713 -2.097862754013969 6.433084356439405
-4.131640801439445 -3.846814687696551 5.534747432678746
-5.222280015111755 -2.578430825162509 6.202899986674219
-4.033055219098816 -1.85460853253882 4.863121005118963
-4.141667896095841 -2.525422095800273 5.387229694528718
-4.766349737806226 -2.077951060723438 5.1653361594623535
-4.267605609233995 -1.3784013789730991 6.231868315252357
-4.465461601227914 -2.6888976598164147 6.409425233272016
-5.612307291356071 -1.7095048784331388 6.6116254926574385
-3.588311429067507 -3.141862387816509 6.068333744365656
-3.2470674341841206 -3.1397167382374307 5.5193162413793795
-3.7698688481972615 -2.840259224004632 5.38680938437138
-4.880195173623102 -2.714239424611596 6.295081342325531
-4.769878521162525 -3.208050048106128 4.893935379378727
-3.4343149350969826 -2.930274396537911 5.7909362114159535
-4.556152981795797 -3.391489253503355 5.5877793078408295
-2.5933793493471953 -4.853424311006164 6.391915219087468
-2.5729204839033053 -2.0807197368095087 5.965268626249949
-3.805757886511253 -3.8483157783145563 5.452243471441519
-3.291047134189089 -3.120823296341007 5.635319191799464
-3.7393519993720212 -2.6870060580438904 7.182074453010356
-3.078364557194239 -3.1033713556689917 6.065924733722925
-3.9233646395758033 -2.9103602578770813 6.175098919872127
-3.151871304073778 -3.305253415995663 6.495881776477068
-3.477325649317228 -2.39824836762898 6.214762016081911
-4.198079211260273 -3.618258677960147 6.091887478613692
-2.9390563158378056 -4.350334844592209 6.164294843411908
-2.5836765097097527 -4.774900279369807 5.936056157826592
-3.967213515664199 -3.39709744628681 6.577959054421585
-2.8715755296263668 -4.621414406171035 5.7261546892944555
-2.6618305287505177 -3.746580965790021 7.122425312608478
-2.9349128572636314 -4.4854603987110835 6.6519599444276505
-1.0837868540072735 -3.8985700019113585 5.83917510257444
-2.9139303403259262 -4.130578748815906 5.654814269954943
-4.129988294705884 -2.3114115020383568 5.754090168298307
-4.169061061634695 -3.117845503081754 6.852454190439661
-2.9454976230368866 -4.232130781057222 7.070766036836541
-3.4340986095658255 -3.008789101817011 5.951926974049332
-3.114331894298247 -3.052120617890135 6.323155349930635
-3.8339321068037187 -2.3605794321929543 5.626417237417051
-2.5681934456897024 -3.992560337329811 6.121807372683132
-1.9829697671529687 -4.633620625178111 5.934986069528089
-3.1628508900269034 -2.6605033801926914 6.117120553719382
-2.7887670455976434 -3.702568855056667 6.524786399707174
-3.2243695673370993 -4.127222044823171 5.796326241957442
-3.4068551595276597 -3.978582247139922 5.903204431622701
-2.8370343455387506 -3.1970143647724156 6.40800314560134
-4.18574798174452 -3.0010576178956816 6.9552995374815705
-3.8982905538623496 -3.829882374910559 6.653560718427927
-3.342058765881777 -4.071264002410307 6.074260710660963
-1.2309390950478842 -4.82678840898562 6.020460788355476
-3.6867921440104503 -3.69904195547372 6.699083405233958
-2.6258165452102933 -3.9117494421461707 6.1732919422203585
-3.2341269314423835 -3.4314011004197105 6.4540014217548
-2.788948183336411 -4.759283981586726 6.719692874848093
-2.3915108228151274 -4.84422652029422 7.222472685600068
-2.56374316254861 -5.44278682805278 6.02418451505056
-3.7834221420138183 -3.634474417672338 6.411218079687344
-4.512199400709029 -2.404451701311511 6.112694596699502
-2.117612760994675 -4.330020242166889 7.445770381094179
-2.419611304400695 -3.268252390899057 6.686012015669802
-3.098237894329359 -3.5436435650682983 6.285688214613721
-2.433508465699799 -4.748967307730407 6.546008987887813
-2.2311370506570527 -4.218005525821646 6.131838720902783
-3.8010000637692922 -3.675621978245199 6.6938025748726835
-2.4065900607012862 -4.8811527095843665 6.766172053243789
-1.2723479571664982 -5.071858772650911 6.969252151980287
-3.2683520974986506 -2.743539521745919 6.128841196181566
-3.2566202830033553 -3.3473938718606644 6.450237434746956
-2.8982984835707657 -4.9584853241652125 5.90313362914252
-3.750633486943945 -3.0402338374414524 6.504067079189443
-2.458080229643686 -4.674907636587904 6.923181905052027
-3.4647807296204154 -3.9701169808028562 7.372646522973742
-0.4082571866799444 -5.301259479754158 6.943590535421039
-3.3224597622432106 -4.309820677543555 7.104819054194806
-1.3812156906028634 -4.6362827361739045 6.9736371049424
-1.1377516485066848 -4.568557066299951 7.374293031124201
-3.7657169745321486 -4.622652800755039 6.804149007704065
-1.0528897630145275 -4.893443766758387 7.058572626497061
-2.8556253972683248 -3.8540994380945133 7.716965715089773
-3.3139387054688774 -3.9476401445678575 6.55562627759288
-2.386525624398917 -4.174953113957621 7.185240769802455
-2.52301278310487 -4.613548883776319 6.5135391856441425
-3.552574203449427 -3.6509546994391515 7.163327441505329
-2.795783513298833 -4.610073126922101 5.888708259639394
-2.540070203034172 -4.406342188573059 7.139580305778252
-2.3349494168019027 -3.9224372563683914 6.608756213945375
-3.899452678991302 -4.111276602965812 7.265752128882509
-2.281700917208987 -5.359322896598731 6.360669374089465
-2.6523309813950977 -4.835895222845494 6.721243711526494
-3.616932346659693 -3.899274999375186 6.15727865796909
-3.2376205905785795 -4.6337752447161815 7.163970505320869
-1.9966876011926964 -3.1097078762656953 7.1312493815065725
-4.190213752382299 -3.758625458370509 6.503434990506379
-3.244143146818477 -4.613558965456542 7.5089556210928095
-3.0981297546212394 -4.393815000639999 7.60435341962403
-2.810155232375231 -4.8238347768578835 6.6516544760308305
-3.189686834746174 -4.31372097618961 6.502827232167129
-2.100102533773345 -5.619803838959654 6.986330525446531
-0.8157739283447529 -4.058000174802282 6.4428671126287025
-2.624016299796387 -3.179987564134707 7.161106942645501
-0.8420524621155996 -5.135786441590345 6.473000457561129
-0.7701523380207922 -4.629077318199499 7.444607302455703
-0.4679122215954401 -4.5910599660355205 6.930748025782777
-2.4839647402631573 -4.88930249972011 6.371714822320304
-2.3667795631466704 -4.182846507289529 6.614860753977594
-2.152248439142218 -3.862376224313511 6.3918457152305965
-2.2829504803345744 -4.659933680282795 6.909653643830883
-2.6516172618807725 -5.128331970917 6.764528677724143
-1.8210308079793591 -5.880971218360534 6.8794379131620715
-1.5529369762912113 -4.867360821664607 6.599567261408136
-0.6863134514551039 -4.804302453943565 7.495999986566923
-2.4160435212792555 -4.481119329049288 6.989108593787693
-0.9787493821076784 -4.689187940248343 7.6166855226459145
0.332904326892804 -5.205719485133185 7.333487524178204
-1.3168526891546157 -3.222529686307795 6.275198095687029
-0.991419948346986 -4.250822608955392 7.14831738043066
-1.4111847473973331 -4.34474712915422 7.253664980203223
-1.639006838662458 -4.737150202168463 7.441830474964147
-0.49825119756735686 -4.8195231401116025 7.971979143164724
-1.1270301779145655 -4.33774746992436 7.157106294104755
-1.4754058395894847 -4.648076143283238 6.555576025854861
0.6129889489692738 -5.2756212119036405 5.768087951724962
-1.0550549157709792 -5.28767282485367 6.3986394811937615
-2.0649628433431637 -5.311192844912743 6.603913776548223
-2.7055224794148494 -4.651681693347729 7.43591430153087
-1.53398434734952 -5.4332543206143225 7.436733785054905
-0.2025855264487487 -4.38396443710635 7.705548246709408
-0.9021514790974514 -5.885230350245299 8.06240041682435
-0.6840213398880184 -4.603693428976851 6.9988240988208466
-0.7797721050005115 -4.979693364967484 8.233257333243834
-0.8670564633654179 -5.144987017017 8.050539911064824
0.363119470597683 -5.87636573560086 7.0112360765425885
-0.2070793688820548 -4.937529774615995 7.009706038643936
-0.7799229541930974 -5.470372364695219 6.92521151063709
-0.6926812675128073 -4.8582986159476205 7.814180028823824
0.6330768577450312 -4.73485489150676 7.24305973064625
0.1512509362696194 -4.6707605409344355 6.902592151918655
1.8530275043791358 -5.0285793344215515 6.738099366208971
-1.9280162829975218 -4.9611284571251595 7.566311500386322
-0.8053536632172247 -4.7690625526392045 7.3441152645510765
-2.020005033792157 -4.722641635539609 7.089986529092159
0.21852324191939745 -4.230945163463343 7.849172051612818
-0.7569639657460718 -5.284091684794899 6.311692221520742
-1.2782072364770347 -5.170103893372119 6.650997688142808
0.9748132910864291 -5.665903873416677 7.33144928451397
0.761670440598572 -5.159993675714586 7.732281907227275
0.32456139302530457 -5.556399469320085 7.283668972780591
0.22153686741523254 -5.125968787778566 7.44837767334205
0.06413074296238874 -4.095611578299364 6.800254649170954
0.3511533585967215 -5.907560623747271 7.357218496808074
0.15355737754391385 -5.412203108331621 7.504650044936298
-0.48454638090810004 -5.424412567629531 7.636793410631307
-1.378568597414556 -5.245420442659766 6.545520406466916
-1.333342225131805 -5.265419076450782 7.591062306699702
-1.352885306744601 -4.6755896613264305 7.800345367110317
-1.1945590678043982 -5.098723181227028 7.977950799327134
0.5669171148480872 -5.133778166578465 8.000855520481432
0.5229244155771547 -4.6166177335104726 7.322629042611171
-0.36050906734953514 -4.247574530597687 7.771168193554381
0.560818686721645 -4.33422938123383 7.316701534042933
-0.3189227214398735 -5.389357418519165 7.195214436156746
0.49360053204866033 -5.329962490226318 6.957190322728721
-1.3258494980098345 -4.526305480950733 7.778677160293856
0.5424890979851448 -5.7814382207241914 8.413476231658455
-0.24506946835726254 -4.264391133143652 7.520398484881305
0.7075740191336682 -5.350330972477178 8.537233090128789
-0.03884897260585078 -4.328617457724779 8.421967031797656
2.7962289533272267 -3.9872786683319545 7.760203866230915
0.5178169095247286 -4.4238703041660195 8.004681976967557
-0.2866014340928345 -4.273878855111508 7.943177649880155
0.7581707987380212 -5.264578817561561 7.4089979706107165
-0.12100028290179621 -5.2679389632129325 7.134003253190033
2.077827126100771 -4.478675203355558 7.803421514035055
1.0762713814497185 -4.412686154447614 7.538530194508318
0.8705633366954811 -4.959885537501982 7.435692583614814
0.7876809520186757 -4.924999836564155 7.0657090627460875
0.8786694096382939 -4.458804134798817 8.15504860929912
-0.10640024045370425 -4.672283838066229 7.68187988102337
0.4271487468926628 -4.56237260180632 7.227139369155127
1.9433986927323967 -5.420772835302392 7.132839634222723
1.6326001387958857 -3.9759221326143934 7.838138257939501
0.7005263353408024 -4.771068541052865 7.589993432973268
0.9937243444452716 -5.364010374861952 7.8693240974003045
1.1440128800232763 -4.49085707622656 7.182575832422226
1.3114468475574574 -5.034804160084767 7.420616867328577
1.834770217788907 -4.4364562142978805 8.123500695663074
-0.20370200447774509 -5.02166957180518 8.390185659585974
-0.44173347652687095 -4.900423496890034 7.068353847044942
1.271111366292539 -5.333141461120755 7.054583980497677
-0.5591742170200412 -5.162095847453431 7.762203133640195
3.4445940687857743 -5.67762674391475 7.1495910112561205
1.0617799814908957 -4.1566340838354465 7.470724926952489
0.7393546916294569 -4.844821643870362 7.934456014153551
1.5723633015765184 -4.507642704090994 7.9120627341790355
2.120668754227177 -4.544009556215657 7.981989949973433
-0.23876672723337736 -4.722452548362102 7.117814316168341
0.12888215172205925 -5.532436521263423 8.704822339265638
0.8447042335356343 -4.774358879609972 8.399954705743289
1.5681879564224723 -4.5099047218164525 7.848119727028944
0.8215037271851993 -5.063402453754038 7.69058532589255
0.4863469413057764 -4.453644831205782 8.311370401968503
0.7382629799826426 -4.964614524351654 7.152299776692167
0.3951895460100029 -4.737438889248577 8.759053118112304
0.10956844377814998 -4.854775351140328 8.055892980625416
2.2293367563164384 -4.065871620096024 7.110556604645254
1.1321190798238314 -3.9221113823185374 6.851681485841215
1.9194787985205641 -4.667092941982683 8.17115060609275
3.1267262442740367 -4.467095792689976 7.234830634149563
2.069198096709428 -4.9625207335541965 7.522116299347511
3.584606633799041 -3.926859636974345 7.802416073021753
1.4862799125759216 -4.4015943692694846 7.877855036657144
1.4270695793937727 -4.764973089359321 7.977525001079204
1.078184723165667 -5.2430506817856735 7.6695544545441905
0.5632121292231999 -5.695974157632109 7.85213367695677
1.5590124583193579 -3.386047395751286 7.491198486306518
2.230913529623291 -4.899939227392695 8.685500332430815
0.9359374124996689 -4.814583892938457 8.986884017892963
2.059530735858831 -4.936340262518373 7.2283521457467295
1.6113704552232853 -4.4639677669881745 7.651133036596657
-0.05242238219997522 -4.477446022336951 7.309899238314288
1.180929638656104 -5.148896216249091 8.084148856690181
3.0615227188756435 -3.5377192531952772 7.814148301052801
1.859032131595692 -3.8548296053508655 7.872519931443308
3.7014308481513574 -4.106399201342165 8.184182399901001
2.890039588147204 -5.1265370311564675 7.96990799226403
1.3030627012939888 -5.402466917201661 8.291909262909494
2.488831162906724 -4.528883209250317 8.567372952365416
1.3824747259106676 -3.878273019895401 8.130450508409966
2.3118038152703733 -2.376219935016135 8.115467387714915
2.2912170566834744 -4.850078991549429 7.830775168074543
3.6894510250890815 -3.308959675276711 8.963562104499886
4.960353212745365 -3.893467424675978 8.449564904511766
2.2690298246024665 -3.8575521408298266 8.11006739458561
3.0411213086544744 -4.521070020342346 7.326187654731626
3.506444530827724 -2.877934868149722 6.999354105602926
2.1491242463105578 -4.3970571949992765 9.005459791294609
2.5578889298602605 -3.4160657590881756 8.535933266312732
4.048703026544607 -3.9817159904147528 8.23293748724591
1.2343905700060485 -4.6413741626515 8.988988272848976
1.6462092053706587 -4.497634967887532 7.39729635588454
3.3697499965804765 -3.7027922390978776 8.590925925526662
1.0320080004625691 -4.733702256863441 8.409925947721328
2.1768778663388817 -5.561331409280584 7.160197034862102
2.710951988228215 -5.243753967344579 9.242948120507675
2.6794597174423402 -4.957070613680834 8.501953073757184
3.2204285199868465 -5.003564960814037 8.64760333439144
3.1204146615003627 -3.92890173246717 7.6070620449834285
1.772729794312225 -5.196901836774381 9.268832220132378
1.5835971526878658 -5.614518300843818 8.542295137643004
2.773774097127167 -4.573806762088708 8.852006907213942
1.0329012930725525 -4.594185140209429 9.211709655449456
3.743380134748904 -3.498662445463553 8.706941654130656
1.587552322277318 -4.151508575511993 8.468902768864613
1.9508389047543815 -4.10227739037347 7.975798431123546
3.2292589516873886 -3.880039126097549 8.29555238146609
1.155193802368757 -4.305225595657226 9.2379574300216
1.4406642254571365 -4.557249649297967 8.31946377033617
2.5223298507946184 -4.880248795808666 8.161764286208761
2.7437364726771802 -3.9419620762661163 8.239717544211606
2.9879582329075314 -4.343923511658785 8.78921909963644
2.970551042553931 -3.911370149009271 9.220874064069756
3.3307244020612545 -4.098611804988927 9.191802918912341
2.2065658666328214 -6.059240583414445 7.799464000123248
4.037248031699046 -3.2351225803981363 8.713810778834414
4.299736483357137 -3.01407870836613 9.35907262282172
3.3331471324828357 -3.576753949375626 8.408394159966011
3.60093794961014 -2.872690867862146 8.83128728706034
3.5815441957800584 -3.2403875543742733 9.531482869550814
1.714796497317846 -4.752186148257906 8.435936894130549
3.449967826267386 -3.646883424491947 8.152514094415345
2.465938753165049 -4.524986923485641 7.745961658859333
2.229093660637592 -4.406515704433851 8.31863636388693
1.327543678558067 -4.309609669473256 8.831955755116025
2.310622311209107 -4.318531938052799 9.756903747181452
3.0168148556176875 -4.2687189634539155 7.827768244340512
2.410788535310002 -4.004229888721623 8.879559548352814
2.7391624282817784 -4.097651274498091 8.597551987377217
3.3587274710212074 -5.387762336850939 8.665750414001138
3.013078226568544 -4.177519488276281 8.37744563778956
3.9405219431685987 -3.2624127535628253 8.725450484220614
2.9972413334166537 -3.366096588650501 7.424757089272383
4.232459546253233 -3.4523054012509315 9.328879506332166
4.161045589867882 -2.7242377710300643 8.1910970124376
4.0905803353552335 -3.4254485932690075 9.114389072144057
5.0640947028550976 -1.5823378162062622 8.922969030559628
1.57122471699152 -4.404913543268402 8.243963373136255
4.484103480608914 -2.4090520945437435 9.330576182627402
3.580400321407314 -2.859337994074394 8.739394189366493
2.8225341451304145 -3.892525735599512 9.054616817596957
3.222274794438115 -4.56052147806013 8.20319372766071
3.4222162968105274 -3.9990084636131793 8.982371732789884
3.2469498010385074 -3.6197694391942252 9.41161243373961
4.248483152668284 -3.149240410757121 8.843751570136714
4.079438519171092 -2.918864968132548 8.774222703814203
3.1930647003881862 -3.3472154795517817 8.152813097926815
3.589345839477048 -4.404161615629671 8.837792670955114
2.2837319972698986 -3.7237507477177156 8.641525482448978
3.2946234516387984 -3.050870485173231 8.899018398917393
2.965749865672321 -3.063424841112551 8.908911317301461
3.8194327706510034 -2.5701658220164156 9.031805808942318
3.7974738098407625 -3.940776332683587 9.843057794236596
3.998413820430606 -3.3795305470362096 9.181796419080982
4.300163035242286 -2.7478311535534576 8.956699648786474
5.637254116866792 -2.7516882636482816 8.416886829705811
4.319940326768224 -0.7829885011860078 8.418235278942221
3.52341545933851 -4.228618117550031 8.747823176872249
3.1977182795535444 -3.2252310811089138 8.823370052599321
4.411280831461364 -2.0974511671652167 8.482149014954771
3.3570150977094997 -2.9949690253570846 9.498633428983787
4.913582539824334 -2.6099755461515683 9.38867713718669
3.7004049321930976 -3.279112726748119 9.0793596535143
5.448661075187593 -2.0316004614455947 9.032465210328798
4.610554464164811 -2.1182174756825862 8.530939026128602
4.829821831420842 -2.9780694628049353 8.999499633437775
3.0692207913458263 -3.4214084133752105 9.91757204020588
5.111526209501717 -2.244785532398805 10.06680558507461
3.476790014012862 -3.221395730083813 9.195798833057703
4.858874537685669 -2.146040159966863 8.840679143715693
4.845051910478732 -1.3218399340996612 9.634002198982035
4.162160920389509 -2.4740393354184165 9.002629352429121
3.17684085737689 -3.0239217344976055 9.158322190355944
4.74667092615285 -2.2792296025519616 7.769720078963925
4.67065927917905 -1.9697947412597365 8.75431337832593
4.01194059348288 -2.5496490585202802 9.449489704741652
4.134730485469883 -2.094162944187719 8.588793470000192
3.4172196537526 -3.4377969951557805 8.889053093140591
4.131864594548957 -2.3492139937132848 8.05227327403767
3.0963004558370475 -3.3626178848386945 9.437085176655994
4.540025358330965 -2.0999156781503467 8.981335319704897
5.240337722174676 -1.9801174056123738 9.290840573214156
3.600629464960597 -2.2510500338045967 9.056595917314876
4.826420947015119 -1.3312141233186188 8.08682553816465
4.693817441146249 -2.3047029475999743 9.625701068450121
5.617271178692419 -1.1890380511634366 8.715892699694754
4.884337017251634 -0.8119846559963048 8.565481556634925
5.236239557451673 -2.271992779537993 8.27171895330667
4.287230486902848 -1.1556353147768217 9.577672869536702
5.149848248600693 -0.08237655426077917 9.161208876508685
5.022758894180669 -2.1725160761960143 8.974617305671009
3.893152553818402 -3.0048481587896725 9.564409359014903
4.682736132157574 -1.4121240361755034 9.207973878139175
4.295350785360445 -1.7326304938313697 10.486934372761322
5.277010870526177 -1.6871703371567692 9.849480856173477
4.370100348425035 -1.8740450096128607 9.706613020759168
4.497880469321765 -1.3809174395414616 9.293258137002336
4.3027820026808925 0.15069010200183214 9.917692300235643
5.465382074215001 -2.1788736236773714 9.227985964462947
4.7994370979477985 -1.6890801691164892 9.211357802030781
5.177407825502949 -0.8371370537657482 8.87090219520774
5.20718218731977 -0.38387870805486424 9.319401779666897
4.0380665883677835 -3.0286595692786014 9.08895072301202
4.965968448481884 -2.7046518966512862 9.374946371891333
4.1729021535952215 -2.5291190479586247 9.432374579542266
5.082410455466215 -1.2227665613122354 9.654749487100053
6.051276514878139 -0.14218252607928253 9.700401894224429
4.69498143517416 -1.5959532030607255 9.591710825951397
4.9264234691848925 -2.3259486166540357 8.115555042628996
5.290854443372884 0.5232142984725292 9.414528111530815
4.142875562512565 -1.18991383265034 9.698843793540105
4.6250673075641835 -2.1651894301016466 8.760511182550808
3.9740284855487924 -1.8887751594966946 9.458276103948897
4.440797023220328 -1.2715225799508036 9.525322091628395
4.438269772732495 -1.047396432293355 8.631416678908785
5.266618086307958 -1.4710549839320437 9.614000148886005
4.3235185028561816 -1.0254402708788506 9.183850171338927
6.185124107273917 -1.3195952275774046 9.973345076440584
3.229198804925974 -1.7858577196224157 8.941327139540087
3.7732452634086457 -0.6106105977955963 10.057063762815606
4.365100103830786 -0.9499862473333954 9.898704568267242
4.617766608629242 -0.7884368509751715 9.270438490521961
5.0015867402767675 -1.0893350988139816 9.694169488337458
5.091067145463937 -2.2394081708194076 9.337395523616237
5.1665953588606115 -1.1206750243419905 9.855907624455293
4.776663664554829 -0.5878284183425573 9.857034121501176
4.182706436073841 -1.8038164942751422 9.155031117747296
5.240631864516579 -0.22981371841703432 9.4851084594854
4.806903040250222 -1.016668404195607 9.188551734091137
5.6912334740311215 -2.145568628564846 10.277033035323836
5.603374109662014 -0.1818722917117985 8.974054043356293
5.247170860882914 -1.0147129538828246 9.333472119678735
4.0635087458211965 -1.5188774432665029 8.874548873877568
4.190523226666866 -0.8903179326712339 9.335495788933374
3.9826029527722957 -1.2552619323994192 9.587803107164486
4.154205496079094 -2.0703452424494624 9.844125535712116
5.397407259440867 -2.145171961364814 9.982007450433896
5.124351771835708 -1.9484801009126753 10.392554266954102
5.3878614805400336 -0.41394776838573466 10.874170810834139
5.5994075818595155 -1.432247456608761 9.298448342197105
5.270519468636203 1.0720008184422793 11.420351711421091
5.182325378348299 -0.7031035980935183 9.574494804143177
4.815031006156728 -0.8319064560600203 10.061266084347988
4.482556165849151 0.3330205811027959 10.433248943663576
5.466029746224155 -0.7299347822494416 10.867823147537766
5.137536915383819 -1.1620571565162692 8.718226556191544
5.625140953034816 -2.027486521829253 9.763683853496104
4.637300869729518 -0.04998395252223147 10.068496423509991
5.943155872201677 -0.10392649717243697 8.445812560177327
4.326324732733676 -1.7835624067396336 10.918936715691808
5.377512950282664 -0.8578678740790037 10.576886330707167
5.697729452259923 -0.5597727832227224 10.202193253081312
5.011476469965721 -1.2702689029668117 9.585749223462999
4.998648355430174 -0.48291668676998795 10.22654050655309
4.946925420985631 1.9801374236388924 11.021639916432038
4.8916842596862375 -0.7930123909761612 10.348433731633396
5.369122971216675 -0.1035987108612083 9.052450260662372
5.389813987188975 -0.26044572157998996 10.957371070860338
4.843595005543695 0.7841789027966409 10.4906381961254
5.167505793784781 -0.20818860799910155 9.909023770749657
5.130479370685046 -0.4514374493612409 10.282369865314001
