5.014112571151028 -1.0517316732813984 -0.42124131447984053
4.6797688558076365 0.43427647110467826 -0.24430827702913244
5.398035164007409 -1.4024072825815235 0.0829945113867632
5.07235878643205 -0.31634057124065895 0.47823498514934015
4.9069938880688095 0.550332247176207 -0.15469776054413428
4.536831542081146 -0.3852286931496236 -0.04089556179539082
4.449470848344565 0.4955755911480491 0.5832726391322125
5.743571119460122 0.20336651466027086 -0.10368320096422717
4.560153493071947 1.4849152445913405 0.5139442728639892
5.101940448589346 -0.13337898080315794 0.5776160066483476
3.309839041392565 -0.8522795644086069 0.36040628732344926
4.570387553474927 -0.5047624307248743 -0.04919855890937158
5.417101121397819 0.6155475808984903 -0.08430308582109941
5.092490811588963 1.6245880711556653 0.5964477885860248
4.6802191007794285 1.4337824124544791 -0.6579805183805373
4.2596429031443765 -0.9629846538103495 0.33516215499469537
4.401573895252243 0.40768450793015026 -0.062332547041039216
4.13050991320631 3.012946230495807 0.13394491260213265
4.78648581656947 2.2229684314315845 0.4791984300110303
4.914457843375052 -1.1277753270473538 0.5481447221154282
5.743711359632773 0.15710506528364712 -0.6251894199274775
4.957044016515879 0.6964114403481707 -0.0961565624419104
5.446600539788952 0.38752171138874836 0.0015971033161638615
6.021875316618175 0.8192767147552545 1.044439725089347
3.7683598939439245 0.46907937318994847 0.6272983375758208
5.112142624113583 0.8807636407542658 -0.3762573796228522
5.323739703256692 2.0151299720323745 0.5925246930553851
4.953357569892532 1.4434380059027547 0.15323517419445862
5.354954358625738 0.9338749968310234 1.3017158899103476
4.99248152811043 0.8330618097636993 0.5983991043433117
5.544637833106368 0.5382859838631725 1.1590596851173038
5.167715890783213 0.877685649932583 0.9275911872779841
4.506943768112888 0.5011346534282695 0.2061195958985021
4.9656828751246085 2.1128784683268185 -0.1930404114741055
5.330612440886502 1.127205998539129 0.2394826554126547
3.6927064597806 1.4575362766153352 0.2611730293251202
5.799650671392169 0.6393641780344134 -0.4899763629074383
4.122001114330197 2.5283228186852944 0.5165985834545024
3.8921897460569643 1.20917865058583 0.23572945086070363
4.581182155918596 2.4488094540597047 0.7681771924772622
4.546311596639786 1.7487378414181116 -0.06097841681045213
4.675025991462846 2.0291571169415725 0.1731952641986265
4.262673634625268 0.8736949443119761 0.49570096768979965
4.463511923255634 2.8859952964958167 0.8382607412465461
4.465031167401195 1.4599303828802193 -0.03166731893973751
5.240820016327917 3.0108016121743546 -0.043900658176515395
5.409144914617741 1.6141500628027985 0.05391159225294401
4.484065333142394 2.759651468486886 0.5810502488244815
5.090124254848267 0.07410817161730772 0.27515337124216466
5.554633268197307 -1.0665081257410063 -0.07578244115733468
5.353933506365092 1.0592053415411216 0.09814501740103504
4.423820566307048 1.901861373023655 0.7203352563652532
4.188695785420348 1.7578071250090723 0.5295912306946152
4.967479243304033 1.3053277188141346 0.8819088798155313
4.535210178107668 1.4396805702295246 0.929144757753857
4.58352566561 2.2063364557945393 -0.504834956705039
4.271966490946255 2.506626242458341 1.2209960294005422
4.949253100057554 0.36732082349756334 0.5948348242206238
4.796001349643983 1.9899844289632158 0.3668824120814127
4.953334764719757 0.42637518722888357 0.9248983873090908
4.11702974370645 2.264253545478293 0.3204236470281442
4.1055472727154925 2.3394684329322533 0.30178149685005207
4.4953346141533075 0.8982753757194274 0.614081408016661
3.7519193842995815 2.6111040212381442 0.9686573813019366
4.04149257389521 1.9205390789168861 1.2770024361323755
5.38206320178286 2.104349005305329 0.11260103519779607
3.8440686919708678 2.3736506912653157 0.08724691531183093
4.632524865625697 1.7202267356943979 -0.15360792363013365
4.445890472678953 1.972622226880912 0.9383684323671322
2.809642673628022 3.3002188391120075 -0.3160846678667154
5.4957411657073205 1.1541752992187495 1.373105228005587
3.682215823731676 2.6316212905962657 0.7840127733899622
5.11738168472689 1.3284879731299502 1.4391081049434975
5.103732751366326 2.1135902904009742 0.452899736508842
4.229235360151816 2.65365814807675 0.9569225198498594
3.5528258530828984 3.946714610868061 0.075532931255193
4.072040197202983 1.815339010012326 0.550443343073229
3.774556414772995 2.41255611148815 0.5134742770456175
4.334402149407202 1.55860476431673 0.10403021639715027
3.6134691694434427 3.4507654383713766 0.058936979086568586
3.952053321916853 3.029742284715321 0.3088439491848012
4.459520215088781 1.918074724444583 1.6271936559201525
4.443219118090123 3.2323353033397244 0.9320469030934657
4.054643877660208 2.21965698627317 0.221301574438865
4.166986650330321 2.157392619586126 1.1173152303747196
4.885195363536676 1.3508549696511463 0.8402435002710776
5.256701575618665 2.1283298092535077 0.36953699237337945
5.806624196559107 0.6762917912687011 1.3848150418844623
4.32682427366081 1.7191495722767747 0.31399789810723144
4.173523744395629 1.0427553545085175 1.0241030454653441
3.6939852264706796 4.269870478275633 0.5763346132511947
3.291223946150921 3.3089543914495785 0.1770806060421971
4.5152116187442255 2.27339327506718 1.2698463282960448
4.770584501072673 2.8208486436486617 0.8849205398725154
4.332982510966274 2.2097340654719813 0.2717880695149961
4.105851999128898 2.553886236270375 1.5288034499121221
3.188025960717402 3.4241214365248065 1.1444798328562176
2.771599633971807 3.1346144768088324 0.7845003419674472
4.20853320071092 2.2069927216022482 1.4099616254563134
4.37796479475548 2.093033564989351 0.046621797911789775
4.138797966528517 1.8584896533631257 1.4619959959985445
5.047332842118181 1.2569807953034369 0.43995532215867716
2.7628537956787147 3.914482996410468 1.2450858903227615
2.9076225518006806 3.929332966713949 0.6601179599183026
3.8598796752969693 2.011043873157212 1.2789479234320371
4.556380295438278 3.165429816346073 1.5110924367520968
4.656000135178146 2.5383103553690254 0.5333645179038705
3.3026103790819334 2.85316095405437 1.7310000315356118
4.8686038933305715 2.0294302063409764 1.9373478027932387
4.279888243118156 2.412126791067892 0.41380508190482423
4.973959228542893 2.7403088918834846 0.9579751922695846
4.133400583192339 0.8155741855421711 1.6338117324236243
4.011743629262247 2.150417464514367 1.7223952259319861
4.098306534826708 2.663410808613112 1.6228269106611932
3.082552382043856 3.302204669571234 0.8157101481564666
3.2851013356237866 2.8617046291221757 0.8737246276488002
3.5635211168142527 3.7179735400702034 1.509820185910681
4.122961957305666 2.352773003999692 1.0938623683233568
4.647581717928239 1.989174750273064 1.4700717283763902
3.8239370424146655 1.7509182189980095 1.0775918001347873
5.337743032430113 2.6700549598938914 1.5485639621959033
3.0370477140354812 4.21161233382233 0.9855752220589156
3.7801578378021987 2.2549946213492453 1.637939758892537
3.0078894608772675 3.9114555700448483 1.1380588055760157
4.806143450202275 3.385463830596566 1.322696298810294
4.224206527771791 1.8282949257758574 0.8119365161980174
4.233272294018292 3.14971931829821 1.4293944426516998
3.7718313326948563 2.5586619528887162 1.2239225852489815
1.808704148667936 4.362354544153811 1.2246936434686904
3.545984277881009 2.2064319519567377 1.5309323523254077
2.738937516075851 3.8424919772296744 1.1128634334093657
3.7640237247314663 2.738303824237494 1.7977972950197894
4.148931998145252 2.5632051901811894 0.6848584547680593
2.682886030833885 3.9932141004442525 1.108598714779598
2.3710680341931583 3.916668621869435 1.601519060195374
3.1068019606775477 3.790713049530725 1.5051703948332067
2.8096756769006253 3.7902860814972983 0.5088966149889174
4.308215841203723 3.1400809626837574 0.9708890466084947
2.2088816582569 4.476344579581645 0.6730368512215825
4.052512725887101 2.152247757202834 1.6950925926613778
2.5459761270016883 3.445608210661663 0.9142083237814993
3.600200067123762 3.852711950273821 1.5400274976998822
3.0684705309815654 4.235084984997723 1.5547694756704253
2.6853806751358085 5.389420536327274 1.5224545068171764
5.168479276498441 2.679126154039754 2.430227701695311
2.8377964978529584 3.976006026313635 1.2951053183866816
1.9701163282629992 4.827265945009493 0.804214712608233
3.857923043091635 2.859846355710706 2.2568552089082066
1.7630084339692407 3.7796030436163517 1.511900683505547
1.7742032810178392 4.669883704006268 1.742425766573188
4.4158927137895265 2.798240195189195 1.0878721423785684
3.2346081254744865 3.9151689945607773 1.4354700329866592
3.896053979023879 4.646982156504449 1.906613666841897
1.9815848137276064 3.9209224443906145 0.8930930363236914
2.317975213707762 3.676358058664084 1.3216979542389655
1.2865398155818941 4.584961343923039 1.910137634133019
1.7209928244150527 4.749076339743089 0.5623909705155876
3.389378511212919 2.8298989230512985 0.8904547402363544
3.0456868947765545 4.665451699926908 1.5235631644269259
1.6104064368903512 4.439584896681455 1.4974182869316481
4.193842927158276 3.5136219613672397 1.3965593274260235
2.850878653227242 4.8713129631550895 1.7107654133331982
3.5471597777022836 3.5109307711792965 1.6431096184911222
3.7815388651043396 2.3332866112636013 1.9608862766235795
2.9641633531942997 4.2287298437242775 0.9601932672354829
1.258737194882056 4.332270105036677 1.9039779352979491
2.6062401969434865 4.272382942897707 1.8585433528508364
1.8861284015373563 5.008826444018033 1.5069759622463421
2.7593018945442562 4.651133082553745 1.6014137035153093
3.6411535033040003 3.3591472411043033 1.4072044323301116
2.2462374125815976 4.621192579739355 1.795450561895274
3.697131945704765 3.555358263467528 1.774025597420596
1.9109650794703696 3.833178978269163 2.475953644266893
1.6346891957367076 4.209983615119073 1.786497734915884
2.0773760577586455 5.533840851865033 2.699167772767002
2.608141401581856 3.899006929610009 0.9868879460523031
2.5951091824143777 3.9740259382499596 1.4249942508876128
2.23213047423168 4.626808967705983 1.647023181336811
3.367198843530386 4.1924813468609425 1.532864470365749
1.6988948572391707 4.365218277849592 2.1345322827574873
2.202990681061622 4.542938698485552 1.5473294359766547
3.0404517136601084 4.456913170742671 1.7791263410376656
0.7505763787332188 4.974507555479081 2.4593267174792643
3.1792679701009883 4.190078899503708 2.3986835134208784
1.2388851650084176 4.730972277261104 1.486310928007684
2.963494543584655 4.628026265839233 2.0370461402432447
1.391753645987749 4.86762831946543 2.785536658688358
2.8103874657952375 3.9772371376510978 1.5147800267548288
2.0308451976218818 5.141319034343611 1.589242398506162
1.5574731039645737 3.948341688759598 1.6080603816026813
1.813465560755159 4.523903125866929 2.0237896190390323
2.0203959864781997 4.1557148011687515 1.9207324205894796
1.8633193785689437 4.693370673186259 2.875256810329311
0.17406769217302287 5.089209426073645 1.5911472860831397
1.9846481678657424 3.9591251781125734 1.3796703250382105
1.0161317236566458 4.173473069845743 2.454732163573272
1.3066136615627082 4.728966650522218 1.10024237986215
-0.136214571800075 4.842566830271386 2.618015232499475
1.4828417534048048 4.490190266540464 1.5773240505017436
1.5814991188237268 4.433227935635091 2.5439542783038456
0.4037732238059821 5.503771814992947 2.2442735376869534
-0.6833986134572813 5.779753416103606 1.6569800012355458
1.7027904173643222 4.804338610746846 2.5530333866045636
1.355197359154965 5.324011881241861 2.154418803279124
1.4922862822889005 4.256732947187117 1.46207564024093
2.4207959041776617 4.842298446747024 1.0275633280712555
0.6477230723139159 5.055285526101244 1.8903635279226374
1.2649976064305901 5.922368557356011 1.773491996415038
2.9250683478077186 4.250347839779766 2.1570911955462826
1.1362990200366356 4.708999914272341 1.6078261798935312
1.8464323287181315 3.9721044078364782 2.0064085804267933
1.4271233977269784 5.226668109758432 1.7436117060679164
0.6789610900948966 5.148839092637556 2.2471621862374596
-0.37340315395676377 4.263579071407644 2.3619780354079163
1.8291464054139797 5.262685499765154 3.1516418587632185
2.099522391393708 4.9258116925678825 1.489732387605995
-0.09618114963454066 5.077447601986466 1.6473102590030457
0.6161301931184372 5.238839350769209 2.0102942893124514
0.49419415159120467 4.115790764296348 2.662399862807045
0.26024947926572767 4.85279605005942 2.7825186656902625
0.34656177493737805 5.231179597260018 2.047144244125598
1.1241003311107154 3.6744175494093887 1.2746095956605599
1.6913236510196192 4.870203753004103 1.9608860338889247
0.2365697986717835 5.852092607548162 1.9384280427889156
1.1679852136817555 4.209080485961076 2.131620981727603
0.0920531507228783 5.123637105882387 1.341443805485997
0.5726872989928147 4.479531688990283 2.227839277827644
0.24221474458161646 5.081333171877083 3.0687434455767666
1.8849826185099623 4.524429265471104 2.1726801820205717
1.0895669368427094 5.17853644187858 1.9121023670964925
0.9183143597979645 5.883188136446867 2.869045177273726
0.319924018883135 5.329266571516533 1.5177407395709572
0.6480841082633049 5.966303815592175 2.455316764077097
0.5862628621751547 3.8901310790544392 2.279021328640592
0.7286293763816896 5.723716628023682 2.4153146222345776
-0.5026575202549219 5.336655495923721 1.8121075269560856
1.1886104068337213 5.0233667829545 2.8721082180983197
-0.8296786458987236 4.693242320073683 2.550748392122023
1.5799346250258879 4.283712982338652 2.148343614268596
2.067241653419264 5.464893621713012 1.8673116888084116
-1.8382816650322127 5.053644703349861 1.4154933343165363
1.3277983716554373 4.559201503872142 1.8067007814219564
-1.4620893032340536 5.032921398421216 3.1564338709872795
0.45101206152542295 4.47422529903634 2.737241677553394
1.040331538266776 4.894910167832064 1.6036922585045201
-0.6458247283294393 4.027927453466776 2.047880850866127
1.1402551283448612 4.90925986677205 3.063909535272797
-1.202486472973325 5.163013697651656 2.8525348358307454
-1.351809474848315 4.831740225243264 2.874639365724378
-0.23748922689093732 5.698625472830365 1.4313124379298143
0.6829131313150011 4.380308192144778 2.2828404587020246
0.8212705203875981 5.792185569957624 2.4490143354990286
-0.46194819138368476 5.331277729350657 2.868265700311948
-0.4633975825983134 5.086835636032415 2.150704495538421
-0.9915630027174276 4.5846410763133925 3.934215059447407
-1.8281361744423295 4.9568254433198025 3.623683390695823
0.3152441685409059 5.402394354176338 2.42015567385295
-0.7046044592661347 4.726332870779516 2.673259631110354
0.8414468592371446 5.239316423874841 2.099365337264455
0.17787134491123946 4.428011244629894 2.8093106683335125
0.1749076455575446 4.201035192991225 2.7066223064117616
-0.8917177267016531 6.1688017899821075 3.0130202366295857
0.4958023176052388 5.290331804774782 3.2819141934136935
1.2884541596911845 4.7775074532759305 2.6936275615645333
-0.8328791709556697 5.440994561727406 1.950775088642957
0.29939777129191464 5.131681982884129 2.3884037090730588
0.9356116462172246 5.228755528284676 3.14737148884084
-0.18151760480582294 4.342906910458844 1.5855567406078643
-2.4052994699690418 3.9780940163370904 2.613350905038044
-0.6177302421260338 4.561240147817981 2.1007325748686823
-1.7602422156276005 4.553228558074649 2.573722703634064
-0.9601678743264099 4.719673743822691 3.085572241402718
-0.6645645155445042 4.758816868266381 2.736119634225141
-1.2163060673263475 4.833881422832568 2.285014921177688
-0.15111882427305998 5.842631886897064 1.8915408341826718
-0.8532688697247803 4.431409388869655 3.1787160575955316
-1.0222954385178091 3.844125659191128 3.1524940575193887
-0.8756892318326792 5.480092391323363 2.217701358413419
0.7168083081317942 5.4679117753353275 3.710782225831046
-3.195464773917838 4.8017936778427295 3.3075639738094678
-1.3434594182151676 4.702754387460972 1.9141723106733268
-0.14801457365298518 4.9066037868790815 2.4041609139856934
-0.8321389707403041 5.55878363092646 3.271410159228064
-1.9392772798707718 4.870533450446981 3.529304048949413
-0.15128205207983766 5.0297619601296315 3.341888827407692
-0.3406442422745712 5.51445978071721 1.5502960343086578
-2.726132552568052 4.415871977407298 2.9663085810215803
-0.3218977177118276 5.430736851327382 2.8259923939460925
-3.1787934546290466 4.60171065286925 2.6546338747928657
-2.486053223652604 4.923164209646938 2.7765974157808753
-0.5199364842199187 5.625753979852127 3.680091535000564
-1.0215082650361886 4.069224651347638 2.9091063178918395
-3.3636399091537768 3.736164586374177 2.9165936959886176
-0.7465742723573255 4.41811706955938 2.4155236819938297
-1.9612589663954112 4.99468653888684 4.595887454104453
-0.5677027773152089 4.130183640162112 3.53184879670654
-2.9630931245730854 4.855686814891964 2.1060078642582383
-1.4328230352773257 5.080939155318262 2.076785543248527
-0.7688944580379309 5.449291061456872 3.3674912809597033
-1.2975599285211854 5.0514264752340905 4.163836391329522
-2.1319511226294794 4.325739672022448 3.133524055889235
-1.4956807989392837 5.2939319868149814 3.222303060081167
-1.5090009593410894 5.226946543014659 3.1018578478365884
-1.3402024397538577 5.914538172805742 3.1010663693570506
0.8625954683310568 4.567352577810987 2.737749990065814
-1.3373898603952976 5.801602850607529 2.438425824345903
-1.8938960310584698 4.298613441313162 2.784356292017652
-2.017635025170482 4.423396229087335 3.5159077764958075
-2.758599889203324 4.584875813332445 2.2277654774382216
-2.236752092455473 4.692990149479878 2.365913268840542
-0.9240494767572176 4.183267900496451 2.9474528548918033
-1.1220421255558217 4.833706275922255 3.427532889912572
-1.6756362723235385 4.076901027544884 3.493178912670671
-3.8117420418898633 4.1305680696257285 3.3044505830055133
-2.1924031952632856 4.18951985899025 3.013779254219395
-2.145375925179546 4.261061280820362 3.341335078353451
-0.9451233017561015 5.1615701909445875 2.8225775138852067
-2.419746249983271 5.052144244706626 3.0272757783935798
-3.0504525295916687 3.0560132726510845 3.3844844320889416
-0.796838937740746 4.834306882238435 2.5923089734258298
-2.2153614409024236 4.091117380513645 3.0139214801844703
-2.2704323398407915 3.641586955248635 3.267141134191568
-3.151956372571892 4.576661855283114 3.5404369399896183
-2.9229339375202477 4.478471021582829 3.8574660175171003
-0.8075143884717088 4.7210366568448014 2.7293862467056638
-2.7068808993969777 3.240550396024052 3.8591001745083964
-2.0397480288784378 4.273719668678606 3.7349782070071615
-3.120665450881998 2.9599054530026105 3.2251984854122386
-1.887740799643006 4.873593252842839 4.2711146438187715
-2.969310354465235 3.8118655582653 2.993083030821296
-3.609596708337536 3.939814765078436 3.7045177842529906
-2.886547111533785 3.5806082127265597 3.4183411065955713
-2.8756969876206684 3.877628178505575 3.160305584989276
-2.181095193501753 4.5713979714239175 3.5765697303725004
-2.7181337861097057 4.232963621268205 4.129677400493441
-2.260524087507013 4.301892444118226 3.936131735724408
-3.9236718731591553 3.5111562009336903 3.4913595656928362
-4.05737378490183 3.4134779228217793 2.983433828438426
-2.2686598131562525 4.750512811620058 3.6405343076570924
-2.477374855479096 4.351230495932994 3.2223465526670445
-1.3464958796649682 4.5426289666650606 3.652360989259175
-1.526212673106401 4.840254175199241 2.915538671694222
-1.0045192713966724 4.989278403458464 4.028406231714145
-1.585977762871142 4.938948531989938 3.6589818788555983
-1.8675323328554163 5.061899054269662 3.240466720138928
-1.2788797347675505 4.596582028367947 3.7387610412192944
-2.74168691263299 4.706455737431476 3.640218270174158
-2.3091258894967464 4.023084686360336 3.31379145159178
-2.5204449052935476 3.6073728255029724 3.7012398565554445
-1.961374049689765 4.137094792528952 2.713064484250465
-3.0127379419528606 3.707773246223127 2.839716320485371
-2.796520524437698 4.226203911200882 4.693300078356497
-2.7722846137390076 4.904290333418609 3.55265845176028
-1.4926655097727428 5.7034994935072865 4.044573935086624
-4.454899322209518 2.531276407447843 2.996554257577403
-3.917672376731356 3.1919283560099645 3.614630950138675
-4.03249052852249 3.690809437969897 3.9068200573588276
-3.0610902054791898 4.999881240051722 3.467011308244261
-3.354014238580034 3.62710712210521 2.9181604604825377
-2.7482732241984587 3.456514661931467 3.802371101930282
-3.197733450862011 3.84182036661397 4.514314581525217
-2.300926883085724 4.691392681596537 3.346814742105306
-3.3073721432375764 3.4165052839610763 3.211421537975944
-3.4970607414020796 4.013271684750825 3.615382577785187
-3.8379772631197544 2.40488460396647 3.0957934003871532
-3.2339083050216804 3.896753069020003 3.9279085097052997
-2.2464942388636966 4.005978162426694 4.120747428643474
-2.328238230912494 4.190822033580534 2.6539911291030958
-3.7736298137112883 1.6651442683569555 4.013701138109324
-4.154186316880041 2.197356019880856 3.956720013905781
-2.5777975431957314 4.433146664900741 4.428075895959403
-3.2296408493541393 3.1295000398118824 3.742267606041425
-4.3118449227649895 2.2167916892883945 4.250890986840181
-2.344716256485862 4.395889466360629 3.518959487387151
-3.4839564212442298 3.6349203176857596 2.977107174804858
-4.534404642815222 3.49995025971832 4.337273706477527
-3.025696145080454 3.19456070450434 3.5359476384822965
-4.028002563895735 2.6795781423572076 3.7751187524054646
-4.735049162236914 3.3314809094211437 3.4962531535220513
-4.5371834809161955 3.0131797270073624 3.8146388979387718
-4.459182452348411 3.179480951972659 4.296334803468691
-4.068269240359211 2.70957787102938 3.5021821927146375
-3.162417081080467 4.061208154730942 3.7087729332627477
-4.290322069539943 1.8603840450980555 3.429956598171336
-2.9621553977241013 4.5998469204806645 3.9964262894584666
-4.430033044937365 1.994580362370919 3.7528154309919057
-2.2203887381347984 3.211854446063037 3.0489279502327853
-4.069041285259447 2.0649040149002373 4.295317127759786
-3.073619714433162 2.8884160696026053 3.404471757888649
-2.9976456582455455 3.9142820574607855 3.808226979961391
-3.778197997845425 3.551878286050109 4.350154010810558
-3.3841749257635305 3.0703036522350615 3.9028658245382606
-3.9189030486780956 4.600578520207576 3.6817317364268947
-4.43585272664252 3.4546148150104465 4.727595606782718
-3.4064754287961416 2.6641358339644765 3.572841952523539
-3.888279525691054 3.585976247128244 4.461370300908893
-5.359567226747686 2.234571990598034 3.7166588311056628
-3.942282148021865 3.801464825381472 3.936716959386178
-2.7745026075975088 4.205571595702262 4.64253349071495
-2.944991717207915 4.081824429341797 3.2187423618249467
-3.8623499802816768 3.0139471160863414 3.612639899602469
-4.368765669048218 3.034364916830037 4.3244001762414825
-4.133348999252172 3.4357635986128052 3.350527227940874
-2.7147391440238517 4.102667431694969 3.9560537581682635
-4.072906043470032 3.2488052823933082 3.407429099581634
-2.4280873870311734 3.952320285021586 4.421063386849034
-3.4963244938063704 3.2451480625679507 3.6617323249655875
-4.316340970566262 1.7416892283405971 4.248144494678183
-4.464817240929888 2.1156628180012347 3.270508530765729
-4.06259952048861 3.036593115874336 4.463177875244099
-4.432287115679729 3.8469253789968287 4.2766630942401385
-5.836753988401155 0.8349023183598432 3.7697987348626047
-4.116487566921961 2.584219645769865 4.571118078863784
-3.728254882927431 1.8144198485362442 4.351089411757057
-4.364454470043013 2.303914260852432 3.843003927287832
-5.292408495266178 1.8471216250234312 3.6844702325876497
-3.481645870154691 3.251813203368526 3.7382555751746844
-4.376394980586395 2.905889296215855 5.119731937084605
-3.179661975501635 3.5921742429261965 4.1689208952986965
-4.250520112614787 2.5161708272618917 4.724123994375478
-4.831931849777278 1.1452827587200027 3.4468385746341554
-4.485113785061889 2.523461421828124 3.454174283782915
-3.1819657141878523 2.5617649586648206 4.057165098278437
-4.297227966273673 2.1755026168672487 4.694782585305119
-3.6316743383728056 2.8614387059014406 4.636843132390085
-4.400026074878497 1.6743884436317986 4.0455432900505
-5.139503582655013 2.9716122969025944 4.044460844697858
-5.28366561325106 2.777284833566019 4.1028959699920815
-4.391591711112506 1.64818217362701 4.054099163858708
-4.397867861711121 2.359234391494139 4.437932519346275
-3.1833555901640924 2.6933918260002017 4.610865817782002
-4.765112682887778 2.843365605347723 3.7768675766031214
-5.292465437916663 1.2871042481814103 5.43383379242329
-4.677543587607963 2.548079076988575 4.322356449771546
-4.768955686034266 2.3840256785391456 4.0020774654204745
-4.463029224903586 2.4195126722053355 4.043101135876179
-4.031908008703766 1.0671517587384587 4.346030241775733
-4.117994688392723 0.9901771302530666 4.335091422522357
-5.526303662086172 1.8448761477234366 4.0402271190025525
-4.03471077664331 1.8002764968652423 4.0247067377394545
-4.199326962313513 2.4489239792581445 4.096564986703126
-4.430723136938269 1.3265114599065007 4.373278779158406
-5.7545867475782675 1.756520280953409 4.966299948249363
-3.82044439430823 2.257550239422287 4.209221707698898
-4.578750485419593 2.5056733686300845 3.746990555872575
-5.289467641015058 1.4843568908168514 3.865912082090662
-4.24850361939965 1.7139519312795628 5.5571410140764606
-4.310904914664359 2.4270179378934302 4.549991883542331
-3.9943553942517855 0.6919649099337618 4.438591695404158
-5.194531187611513 0.07450456466058444 4.775244463160108
-4.064719020957868 1.281188361662299 4.917753423146546
-4.671508161167336 1.6592954345270154 4.342327549889302
-5.1498667313385695 1.4955840111769914 4.379590849555587
-4.159938788469173 2.61437522712859 4.902001333406728
-4.284157525897849 1.6226773794392355 5.46518067259388
-3.7687258588946975 1.4103208862037289 4.273909463446735
-4.465175818472246 2.090760448083936 4.684031743403836
-4.0252767255325415 3.121286960553815 4.533546474254101
-5.25664838449972 0.8849974881804071 4.178958475583104
-4.546131585400987 2.706406456859051 4.908541631811114
-4.286649219055872 2.506877419718394 4.936888444018532
-4.447656471092357 0.3458451447914785 5.737877974766036
-5.117184087248732 1.1070782957786536 4.695070549313209
-5.051649270609608 1.4456856480172933 4.782728849424326
-3.6000067421024777 0.7964937106215101 4.051903108262044
-4.510926294649347 -0.0030100686085074357 4.122855597090556
-4.691842028044413 2.0849289031685845 4.336057023730392
-4.625280774776265 1.6800615867365238 4.150090796658902
-5.022978041554632 1.8418257264440163 4.045432115495043
-4.711083568865986 1.488956452499947 4.366128410135985
-5.088941002241811 0.35409590048127576 4.571798116227221
-4.1841825558131704 1.724679397706783 5.3276697611326025
-4.037120691923755 1.015877808116617 4.963475894926723
-5.406749015579373 0.3596415795983658 4.789778341039355
-4.912054635778619 1.0286247044298567 4.8148933862463155
-5.31124008171083 -0.38272987232797867 5.111920243429924
-4.571171382576766 1.905676004213857 5.072897939703427
-4.761582418816326 1.1763771359418165 4.610735713035512
-5.922629636343071 0.44198764581371686 4.802275499059223
-6.059563245235214 0.7433977731627499 4.274761978599712
-4.511430127026201 1.5882367361999081 4.570354236970052
-4.673337293384944 0.10961670034919271 4.150168311441323
-5.414261500474724 0.15427621954407642 5.032184024690337
-4.15149466412953 0.6351982752089586 5.0123905177309656
-4.502947859611576 0.3760387982277142 4.880913366521099
-4.136909682085896 -0.4353511180636223 4.767102964385884
-4.537514486619876 0.2993890612344108 5.216388925083452
-4.304228768257377 0.4516340579696041 5.706539193176274
-4.7565893309044 -0.48475243373170507 5.036254498443877
-4.6610024412356506 -0.663175611003155 4.791462598449524
-4.699036213973941 1.739823785964076 5.204941805854963
-5.027815794404357 0.8439522282598394 4.1750405287438435
-5.086835615736447 0.568964341458137 4.620892519378448
-5.09872615314747 -1.4658886265654234 5.434249845541451
-4.454608318143117 1.6858779600328042 5.6701162324812735
-4.9220179094778524 0.6007151050602861 4.233619939802218
-4.747898471498878 0.33339089156565377 4.35417173641844
-6.001376880176152 1.3327099567771823 3.9670288324437166
-5.7346290513281115 -0.8131557513397281 5.098718295124895
-4.601116764187702 0.15414537796987499 5.352783892202297
-4.532140837408207 1.3359224475567788 4.614571528275207
-5.074607757798397 0.2345911509030184 4.81223205734986
-5.43594005629902 -0.48290524447506517 5.02393648646285
-5.824117039099071 -0.3457809492435367 4.521034855198446
-5.55634444851376 -0.7121923701455021 5.151537616022337
-5.069275158289282 0.6866459168195083 5.128958847048218
-5.359186755565458 1.018407614767194 6.383528227830302
-4.692918841969823 -0.27611064665290336 5.467386351127225
-4.658438306098489 -2.0013375014258523 4.721647293960685
-5.028385402114569 0.44665553801821756 4.4725340921957555
-5.3204660457201145 -1.8910433896641055 4.640789993059068
-4.865684532364026 -0.6953244946433025 5.246846895763395
-5.135193000505786 0.1817728624153355 4.941923148802909
-5.166978461167274 0.2970443432171424 5.3588536748323685
-5.980545531733413 -1.699639995568519 5.1391154154974705
-5.105473940427085 -1.292768289873082 4.9821881254791185
-4.198190740849065 2.0943921761250968 5.742492756491513
-4.931329245122253 -0.25315884627124446 4.873138992308349
-4.960548822440378 -0.613753329127649 5.0495911152260415
-4.937907829963977 -0.8117033382340012 4.593346960960051
-4.866016652045655 -1.1370588204485832 5.316937359840818
-4.018462206761651 -1.5736500675735878 4.380493715605918
-4.94224461378889 -0.32937417553337905 4.935161400018158
-3.9067170065724435 -0.05730334343339473 5.897634353554876
-4.3866114580710365 -1.4325378293251776 4.352010012199007
-5.057630327158634 -1.4409415615055947 5.316567515307133
-5.776618419333488 -0.8888154024176301 5.319709619850656
-5.338978339161329 -0.15716223902673473 4.987212057991972
-4.262387647871518 -2.105500503025169 5.223925753789534
-4.420059897235125 -0.8005212013855675 5.422430561935112
-3.9490432883764215 -3.065233574133161 5.212320387197222
-5.150312114171623 -1.6341688921617226 5.112524150668454
-4.3122021680051725 -0.9135058144687851 6.193977393225821
-4.956475660627347 -1.9100610720471016 6.415909385132771
-4.277600516087258 0.7505157561973699 6.100782550837164
-4.887938376317379 -1.7001695680301143 5.079035031286323
-4.804743611197127 -2.1375950719484056 5.006093214280976
-4.596715050594041 -3.366559803402095 5.478980264832907
-5.410900199252493 -1.416489179765749 5.7423613151958435
-4.98999019896098 -0.8513825798829544 4.849951444419921
-5.021947272736183 -0.8445876417668337 5.224007755642678
-4.764864154441779 -1.2926371939067798 4.925413672416369
-4.517079345498671 -0.3522835601697323 5.7734271004176305
-4.72735480597936 -1.6606616731616815 4.693590705676729
-4.140957382386324 -1.793306501529213 5.319189353427184
-5.0083778170117 -1.9078755862875978 5.2395649756808105
-4.377467784846244 -2.903574398931687 5.595953330922756
-3.336885787853117 -1.4634887884485752 4.914761289458623
-4.6040659931381205 -1.039095662414658 5.864253905175312
-4.412824403490347 -0.6197966051184609 5.1139562653916
-4.177666276770267 -2.1452480746292175 5.164125909012693
-4.292287456074008 0.16031640109389944 4.8953297597621885
-4.627132151075149 -1.7631433932334206 4.389788739928525
-3.7954849734137213 -3.853016807975864 5.299793732310315
-5.232067566660241 -2.1958327201318335 5.687437161171357
-4.919127753171382 -1.9624945518078998 5.40887085212934
-4.982459891448498 -2.68679913467691 6.553824503515434
-4.2439831116841935 -0.16887031861692817 5.767372106328901
-5.698878373867338 -1.832273740709121 5.435719312127241
-3.930722683402165 -1.991774696007342 6.373446023992893
-4.707580916207617 -1.9516522139061 6.613028196941151
-4.6225956134160295 -1.5007794752077803 5.268720509442449
-4.908310897563696 -1.348334060216673 4.914913356468891
-4.102391543906534 -2.3321047565001947 3.8713434916156984
-4.013164260833347 -2.3111081232518833 6.425388659705329
-3.625786757824519 -3.274439432482008 5.927949526753171
-3.480313052660454 -1.170354672597074 5.363671708009993
-4.936621675533175 -1.1625170566879468 5.714819243321437
-5.1955122556931155 -0.4389272957037402 6.32173273522427
-4.955599702229017 -1.5200436923349512 6.066948211710509
-4.3519808683238335 -2.141724951267309 5.41628863847328
-5.023893090517689 -1.928240752415661 5.515156324570562
-5.700423321841586 -0.8158149817359501 5.824443997270781
-4.860063788972089 -1.7153846057777564 5.904189403744953
-3.8845819989779162 -2.4469250327238923 6.086262377149345
-4.426428003166835 -0.8951230477260552 6.407251545935871
-4.842848500880747 0.29453122716378505 6.1440170439727515
-3.488347444976254 -2.7954031605988576 6.372904933540985
-3.494104495762007 -2.9992079220902323 6.11936320380361
-4.495055925709374 -2.3881857799929276 5.857219779904643
-4.699125510411648 -1.728068397611052 5.364050516544972
-4.30550107528163 -2.8788386226349196 6.779177639541409
-4.930499710316971 -2.3683144765220416 5.58278141277626
-5.336934483862054 -2.3443407292414626 5.519013893939748
-4.196108852027941 -0.6672077399754026 5.736414630928176
-3.636091907317425 -1.7790164303993359 6.072683144579925
-3.4429513133155187 -2.2252845266775827 5.79567636238396
-3.6190383870796823 -3.113215964481929 5.378589309411064
-4.088075385131448 -1.6966968921068881 6.185361708148235
-4.011189678943264 -2.0081341111402597 5.000178190887024
-3.4044486889564 -3.2305514616122677 6.066930467257899
-3.7171342590318943 -3.021565928218762 5.612161038384835
-4.2445931344237975 -3.0713854715159843 6.258928863043523
-4.717647660815229 -2.811942051551537 5.603869377477995
-3.535163445831465 -2.0842427593234234 6.346763518884902
-4.171414989171257 -2.7420443741360323 6.399346879024355
-3.740803542247422 -3.0549987578346642 6.006486471323971
-4.294172096291124 -3.006828785210428 5.709199978891868
-3.7313727659094926 -4.46641817094112 5.8703620930497795
-3.2050080643204772 -4.010819057873963 7.261393769939353
-4.582000853038622 -1.3732550825001968 5.960854578272773
-4.502804818923097 -3.946007198635014 5.89983577416569
-4.587063626581083 -3.0108984614638743 6.489936049450757
-3.720510679653946 -2.8116840463176445 5.678754525786952
-4.314384038011917 -2.6231846754242496 5.692979864266591
-3.7957987024233564 -1.9513845301905353 6.309041408480674
-3.7946044226052047 -2.8684765722515895 6.8425448672766604
-4.171291759437327 -2.464297808807647 6.1589756070564325
-3.072547806329282 -3.4520738019113555 5.279413933447879
-3.0934481108446743 -3.177976760190006 5.198286735706572
-3.602503105125563 -2.9261536562195727 5.7487737511403845
-3.737991304000207 -2.600423169290419 7.298849108926719
-4.117397099648787 -2.6804851234036327 6.413205861643538
-2.9447017844423637 -3.9632021914963174 6.1696362965069085
-3.7305471732833833 -3.555780388089427 5.680454974034168
-3.547926744017794 -3.840257066575331 6.706358854802096
-3.700462698506175 -2.8780150816224683 6.457122196507539
-4.652856960383666 -2.851021190667402 5.850504548544676
-4.060374462473456 -3.302629632065923 6.473552485852496
-3.1091160538362184 -2.5550199959705213 5.992567673222191
-3.9928894469497864 -2.9351813714890342 5.738584716030896
-2.7162100925104538 -4.00064678362703 7.16441032641586
-2.0712053075269177 -3.4690046075992416 6.9512055268544835
-3.3945343507921493 -3.4225635726573524 5.9006847435746455
-3.4067859575706647 -4.342779922844543 5.987827937441859
-3.9770904068320614 -3.540011730228846 6.531177905208088
-3.2140542903064544 -3.943302041146691 6.23003257201306
-2.737622039576222 -5.21843139961587 7.3244309343450205
-3.7364130116993595 -4.020325042446442 6.36013848754445
-4.025476667219889 -3.4055080781821605 7.010281897801899
-3.4117248562063187 -3.8013721166524745 5.061405563055699
-2.9953533368630794 -4.551683127877328 5.9523323527325855
-2.3714605545710494 -5.106386803980972 5.819097444627602
-3.423189097548567 -3.5847744656803524 5.541506335708744
-2.762059106402641 -3.42693907360598 6.116508057724933
-2.0310513353332036 -5.4806622532904 6.219400517715242
-3.462669768712107 -2.9002381354784545 5.281898353317921
-2.7104329692184472 -2.4043123364088417 6.911144129542761
-1.8074913953847314 -3.6496433827644736 5.936216192642911
-2.3341354420701395 -4.355396805533799 5.12372095104862
-3.5652048175168614 -3.947911996503742 6.34977036126335
-4.958006182887077 -2.795080923220024 7.507594440457563
-2.343061818449438 -3.8374086618709304 6.378492807051362
-3.3584893886240974 -3.84846054842793 6.137196691124167
-3.525906976614203 -4.387445264061186 6.246654272101552
-4.635081816054945 -2.521533763665978 5.593342339533625
-2.790103860965736 -3.6686017405394917 6.872882680106461
-3.3129594011433445 -3.8732079624738405 6.66275630645266
-3.4640177982310365 -3.7157268518726734 6.457449326150426
-3.8253602148859405 -4.310295851099685 5.8674938375987
-0.6584136091908533 -4.341558368586839 6.758591408167834
-1.4966786848101397 -4.2964884720848735 6.8834604117997475
-2.3179796474337433 -4.94588805507704 6.472741211003226
-3.046599591070673 -4.283468150240763 6.006418848710683
-1.7528245739104653 -4.259981261229678 5.303267571444029
-2.682579055711236 -3.3823051897780023 6.386421643635927
-4.01216341502668 -3.829943593284484 7.085736950817324
-4.374636185702443 -4.088452215416386 6.516590625062686
-2.899860661715789 -4.441487319383509 6.952144389810389
-1.5350943305208078 -3.5028296647866113 6.684615046925875
-4.109127834234817 -3.602242374266615 6.671001734652429
-3.969793863711943 -3.3767847414129935 6.750017535322054
-0.996140741001981 -4.683966538784736 6.986891457547532
-2.766889246303412 -4.199065488314875 6.798877085344256
-1.8281843452167914 -4.257163072557326 5.711103079539246
-2.5486123083186176 -4.3388842218946895 6.7915098693450435
-2.8060866791938124 -4.14339804462032 7.207783450166973
-2.5717112860656974 -4.904604221456231 6.615474850135713
-1.245533728326664 -4.53503115265171 6.2253410949552554
-2.8455056125259386 -4.253818043891636 7.020091829674082
-1.8894925823361375 -4.538219978340926 5.941312579179738
-3.8339950263201734 -4.596154678205404 6.808558899524613
-2.2427980553111357 -4.441172221688601 6.213441071294475
-2.0609503453030142 -4.408249152495824 6.742521983720999
-2.429747360385958 -4.26561142860346 6.497419461530207
-2.5935004248519613 -3.6219370287702444 7.259152859665896
-2.197944592880756 -4.132246893167061 7.034024366433562
-2.9162661728897317 -3.9549121873274693 7.1383183514825
-2.139412229104742 -4.812339223728165 6.479935173987186
-2.947052771816728 -4.389727681587967 6.436839398840853
-2.5405327951971124 -4.4948986614324955 6.821158389351625
-1.554356347258852 -4.241323023204426 6.524267689969489
-1.077637008642518 -5.095714008860195 6.266207464095077
-1.7747543454791401 -4.909545244134015 7.154778988774791
-2.2630921845417946 -4.9632789333654745 6.7338155138113995
-1.8667530889796091 -4.879823401404452 6.999250611043737
-0.983094990872777 -4.288473395283457 6.618976008073537
-2.18266423273713 -5.585171907886196 6.862481812341237
-1.176473080063846 -4.654812919147587 6.570497491183111
-0.3563124119822011 -4.6419278712993854 6.7712305233158325
-0.925038701990196 -5.001380836586783 6.554157058728696
-2.14103851184388 -5.020093552722091 6.026575073545569
-3.3373703699342876 -5.387872643517869 6.657910488896049
-2.0100302821303435 -5.01751560872462 7.020401290874473
-1.9022541045325527 -4.416452757975098 7.471095378191449
-1.3592030177767465 -4.467809418346029 6.5158133553402235
-1.7875990946758558 -4.606477388322249 7.300276481653571
-2.8244520340222823 -4.733016757895957 8.030223475058026
-1.2383982679295273 -4.494704135484644 6.929243876443015
-2.0619655976021165 -4.947896035692173 6.82830671617565
-2.843055921914354 -4.992775667653202 6.784114832129972
-1.510589857114506 -5.525097237496373 6.448171805436873
-1.8609625373445104 -4.449041898019561 6.849588426729262
-0.8191259412314715 -4.52657713123322 7.865590256159724
-1.5875430256025693 -5.067966675295927 7.661137657860469
-0.9591015438868171 -4.838835007066852 7.75834821787527
-1.3095142215511524 -4.320105651743186 6.970186473910295
-1.7340001928318975 -5.1786164436666215 7.659441870262505
-1.8512346815775391 -3.8089051380354273 6.56448333261998
-1.5203651210740574 -4.581585345705046 7.644411752072814
-2.884786950838477 -4.670858194196839 6.793830527980347
-1.3669510712213961 -5.027633262647477 7.016714624882582
-2.0469591646245213 -5.289686085215309 6.547081772128378
0.5849698297961554 -5.313389620211416 7.359914845109209
-2.1614915094658924 -4.248227436662635 6.683638177159243
-0.5779514993361943 -4.44102498822711 7.425468971446493
-1.1536013787868542 -4.535944276127376 6.721960875334524
-0.740295432351292 -5.788161389430782 7.406395534226946
-1.073504254705613 -4.385999641532339 6.401318625673814
-1.7317160743569462 -5.07497769443914 6.704051193233023
-1.4242134166950142 -4.675906769102955 8.05230438178418
-3.042490957516034 -5.07051344180422 7.321098120562296
0.5005177116571865 -5.315298629738134 7.5669413478743675
-0.41536541793697934 -5.2597485538262045 6.266473502242588
-1.0797921235199426 -5.248101793220728 7.087995506225658
-0.019186578803374602 -5.064496896602618 6.895297789409884
-0.3589628491837403 -5.3392476274177305 7.249231049692035
-1.2110713760809535 -4.613300111319108 7.800223899020849
-1.2265952631046402 -4.917406387872844 7.217628559952512
-0.8376468269304888 -5.895663186100513 6.92488113471329
-1.4529767649261953 -4.392898271502127 7.5160856610706315
-0.4358195141656094 -4.5928596160972885 7.779434222140001
-0.0640361970293298 -4.243095263750149 7.577520675330979
0.9099279731663183 -4.247199179201153 6.664233922809394
-1.32617250483212 -4.905286196556872 6.703760655023093
0.9740940877940529 -4.834753939640865 7.074910964699965
-1.9046850629279084 -5.703407643035403 7.258721420829181
-3.7229761319618953 -4.729490933177313 7.04396544772741
0.34591778827455183 -5.446082679014637 7.248415366546311
0.2587987723955904 -4.486579188012809 7.482302436154963
-0.44693994892692873 -5.379102417080423 7.050159705067989
1.7991176095774268 -5.106065539785428 7.866027241755297
-0.3805105372479459 -4.943531964502055 7.561091855459311
1.5903647607695581 -5.536903819761902 7.6171129201003005
-0.49637599564612034 -4.7905779524962755 7.701778170172639
-0.6299807131261034 -4.953932166411852 7.962394046868708
-0.4713611978998906 -5.98428795422137 7.219223066554302
0.837691154954699 -4.375499895696405 8.089221249630832
1.8413818740608607 -4.8528883564633905 7.322981483468123
0.23849680289726005 -5.355325513785993 8.314240331267513
0.07092203288666311 -5.804567490049869 8.225894112668554
-0.4663539252314647 -4.611578935286109 7.396216705116937
1.3210337847003488 -4.891119932347092 7.168525317969671
-2.0198395141257617 -4.558412628184959 8.549719506077276
0.06708302885807198 -5.533204095968242 6.831513932030403
1.060592521710877 -4.457690401101126 8.267403972391199
1.8532080971843707 -4.836154253796488 7.497183286480975
-0.6335179190007966 -4.624058480900972 7.62460013224797
0.5061372486969387 -4.434883096120864 7.699669735444054
-0.31964355792343324 -5.863508530614767 8.147463638557582
0.276119966256556 -4.373760524256494 7.753396930151826
1.7938161208290846 -4.699865497194901 8.382974863230565
-0.032649753421264895 -4.3719998786556875 6.750132558848077
1.1077980298832304 -4.601807488810951 7.376176939667129
-0.9378232728940172 -5.215163176397698 7.051117648339202
1.5685617185627458 -4.975218782215788 7.280751967932227
0.001122739409621087 -4.382859019180717 7.162224944504465
0.9263579423609759 -5.805993715185898 6.949403360386525
1.3625814699880696 -5.2842352013878235 6.341819059837862
-0.48977461460235766 -4.59066652421729 7.612633739910792
0.8754034324663674 -4.768853268607766 8.053207434669053
2.2851029975117867 -3.9971923562926728 7.450268014279592
1.9186683812085343 -4.133208225018646 8.067680683850453
0.6593222601593056 -3.805306855518718 7.376247044928561
2.4079840706225406 -4.543243016244441 8.027460474963714
-1.0415764868852821 -4.887643608629302 7.485582996957408
1.786141950882431 -4.491608478660303 8.124614193487279
1.1221391376776209 -4.265538888326837 7.55400990249028
0.9974186810158099 -5.310239835468512 8.271249353125672
-0.21082037446730653 -4.326012028694176 8.463043360919144
1.9684705361740535 -4.975393527986092 7.623928544709911
2.2723256110684766 -4.7072994108966615 7.977435745451929
0.016926110073537438 -4.463788999383366 7.5912004628086915
2.629156705944502 -4.35376713054752 8.295383648959023
-0.12234536675276574 -4.597567658608994 7.135081587918329
1.2848367868689998 -4.324633346272868 7.668169956333623
-1.16740013283346 -4.36801081870167 7.356635294566313
1.4367920669662877 -4.774715090848686 7.844905710521888
1.4883844847217114 -4.742671520775364 8.4811975853971
1.3305609320171268 -4.778675607023365 8.207287261947256
2.5258265958204014 -4.093547417588553 7.663228875810101
2.1937981513402764 -4.119060706349275 7.543156198411931
1.9200436032597776 -4.949709493811544 7.382997491493424
2.3611985606302355 -4.882257732697957 7.784046237573424
1.312756875042882 -4.484548625594607 7.7342130970096195
0.8424361709906975 -3.9867565544992005 8.085312256450514
1.193835875638504 -4.461609034596135 8.454134756157293
1.7011629416151992 -4.381809372894461 7.355575946453166
0.9276791534300134 -4.9381662958031916 7.939229290987254
1.8119423927044878 -4.525761204396007 8.554110067763824
2.3006360775447683 -4.955565295574081 8.763245508543234
1.1693069963477687 -4.973055763036243 8.190642233070234
1.488771668563219 -5.528693884951956 7.605763831439299
3.1592920785554552 -3.5063182471720404 8.275616540704535
2.244936577709232 -3.752541804040308 7.322052327761176
2.4369801007298726 -3.723015212258814 9.076887329061293
1.8805036106728854 -3.550532847543023 7.516007952521107
1.3416956029125968 -4.267044296564653 7.768910106466014
1.491047384646181 -4.911220421173532 7.981001988913947
0.6736712657569601 -5.375003462671812 8.479946880600243
2.8652567304863807 -5.1028403247542755 8.496841953243857
2.283443317524302 -5.133664400578176 8.441273578920743
2.2590699993407957 -5.045854767294152 7.641597795115668
1.7783407297263685 -4.691025597754661 8.579032422114134
0.546491781601185 -4.79960357434562 7.3812316004013265
1.5093622778442577 -4.794557040103616 7.852932707783162
2.245517993612293 -4.021284715853644 7.378242184576015
1.8285509955444235 -4.043120643058948 9.145131312890662
1.8365378261338987 -4.572830049252009 7.749183991073673
4.284295721676118 -4.6461865024157145 8.412804708423645
1.151842055416345 -4.757913034149504 7.737762009664016
2.718638749846898 -4.304985960862327 8.463028944521865
2.5087978333748198 -4.949976672547543 7.756640640747338
2.0718020881914296 -5.647167742029933 8.458042191012114
1.443154179626372 -4.8275607375219955 8.040940632321051
2.2643673886367672 -5.3646926490545495 7.565233333313675
1.675237579480605 -5.619865799328463 8.090486510334614
3.329573646594689 -3.674651065479112 8.566702300365629
1.3003283053687038 -3.991067325773189 8.385864516024363
3.828519776217041 -1.922740043383797 7.989765172782606
0.5602527437255924 -5.2742026043710775 7.09188963266409
3.2605990259820623 -4.1733395042139705 8.06924485022185
2.3385338702565464 -4.513241710541741 7.715552962673121
4.6129534631838505 -2.9288021627369956 8.141279312484135
1.9038394582182236 -4.974440089102384 8.12983463905243
3.4110889639183135 -3.487847828927705 8.342086922491989
1.655949795432855 -4.607730016787634 9.616626252326812
4.12796901548225 -4.3712979276419155 8.192374162019622
2.1135583401824456 -3.5261716078593026 8.768901194898762
1.9562403325228825 -4.474160989378367 8.579924800525482
4.008379780586296 -3.6077919605084037 9.047029701423188
3.182486628936315 -4.812089945137858 8.904413426599298
4.236837155235357 -3.513037914465796 8.824188076144418
2.7276348164869164 -4.589187566180271 8.613306150673939
1.2030164568778872 -4.8975274301452165 8.44914126048917
3.0678128211679536 -4.725255123707442 8.42774720098591
2.7478828672776414 -4.8608891452 9.092160712638812
3.0365125634268764 -1.981314621037055 8.246400787238073
3.8348910284549396 -4.460526593023447 9.259845421591775
2.5352510743329373 -4.785025043484262 8.030546916256846
3.6164747145016563 -4.0692889840273585 8.266780559514013
3.2025891072370896 -4.031689573266751 8.385664519233902
2.338953618041753 -4.401359549594853 8.015158411369764
1.54982562507841 -4.906739732155139 9.509190277747283
3.418342804658293 -3.9682609428153435 8.850982848983449
4.374596455540838 -4.07268203040693 8.046522764317347
3.837338886118467 -3.8933119974433574 8.069525205188055
3.011257664784571 -4.488169347770887 8.838560373084116
2.9957806244275993 -4.543881699862629 8.313850463763382
3.130746278303199 -3.717218635629914 8.53731003136535
3.662411006501547 -3.5885739125657015 7.934201067484298
4.015022890359622 -4.07114626903268 7.45072711914437
3.2903732612940684 -3.662152122924883 8.920126928488454
4.130089784343162 -2.7651282752591446 7.902625261519162
2.484203435681101 -3.966760970061579 8.7773966678408
3.7815713682595513 -3.2319489569149606 7.843756467455319
3.8142301476388774 -3.5467933561766998 8.603204217377469
4.336894564753291 -3.300080555928857 8.177818241067968
2.4386484679484646 -3.598889310574969 9.094375813418793
3.4909356422194984 -3.6008040063602884 8.514678840345457
3.5884083159493034 -3.864503902415319 9.145393870883021
4.268524680139257 -2.4088600635997004 8.822097859765513
2.6549554010096514 -2.9864959132196573 8.91822996378589
4.923288564047154 -2.3648314427568717 8.073010437072076
4.543084642073129 -2.9332061511351584 7.969008870674406
4.162503141076476 -2.7372252563505963 9.28004432906444
2.367385727440846 -3.735751830430858 8.849995505666843
4.039424542514813 -2.56785326994584 9.620492984729964
2.12493522212234 -4.663460100842266 7.598278489600798
2.994279467664638 -3.1682094939932246 8.060928837222997
3.072245095133244 -3.1650771966101314 8.881761619985244
2.8124072649001457 -3.5814345134160135 8.826693096495
4.160002884288833 -2.4300401459600987 9.215722723885277
4.714805210392843 -3.063930935229676 8.775429124369898
2.8228506455770255 -3.2290861952359724 8.377639191686722
3.0653956900234465 -4.323998623217836 8.614146247433762
2.4159308338395795 -3.1024934028679496 7.741887355338082
3.9901973271697777 -2.2829208441936966 9.559701759477292
3.2192034905225495 -3.4333959145419652 9.49783119335569
4.043465818906792 -3.8353085869948518 8.776587268856984
3.948231206378878 -2.7825707397406467 8.055631609593439
4.114976986148301 -3.589545136863505 9.64866155330822
4.856095289409846 -2.6154288928452285 8.673418481800478
4.027640770800394 -2.8389794463926608 8.603117339356139
3.850207054136683 -3.452411256187324 8.0651341893844
3.4680484655993418 -3.2349901865980493 8.587580298107756
3.7056751793378653 -2.847118045408841 9.291605677103849
2.3901627280833737 -4.529120549943981 9.259340647141276
4.844594700079123 -2.371751537475815 8.667033898867782
3.202093668213268 -1.5490152251036031 9.880087611374405
3.8245753004273118 -3.5015487208053107 8.600911009566406
3.639856566465465 -2.7614727239010852 9.341099825526046
3.731618889242515 -1.3850773080253476 9.546766165375839
3.062977363141131 -2.576216055228209 9.258223577515272
4.928928878455235 -3.281757131226814 9.017345650325655
4.010097935620012 -2.365867678276809 9.257614863999171
4.701697112339803 -2.6302826182502406 8.639436033906492
4.780913402514518 -2.6494489974406332 8.793599559692204
4.373765825935149 -3.4293260197221755 9.232804276349361
3.2720200547916733 -3.696288198938866 8.543728089706828
4.408966915037553 -3.68383512936921 9.358662635514124
4.376796131834686 -2.9218372514915734 8.79261157854974
4.434461397175309 -1.4857052675286753 9.103970907813364
4.238118044200376 -2.386165289085784 9.08531382803173
3.4835971295023795 -3.091075814924148 9.032047476047662
4.236866471097086 -2.0007832360884032 8.537332369882058
3.93319165832669 -4.02620300616871 9.422298721120603
4.249407817788747 -1.6429990534125714 10.170732938861597
4.930471525283703 -1.7186440662870688 8.863951638938648
4.404748478374088 -0.8154024541349154 9.613458958882456
4.125939236314984 -2.115766280400444 9.810227595331606
4.390091930254287 -2.000055017877644 8.838947530038089
3.660574502209696 -2.183220383536842 9.215752374673794
2.585758963435199 -3.5061847697683133 10.03354074435376
4.883775457215896 -2.385290869999429 9.17220856695622
4.3478503681615654 -2.4521872312762456 9.398419073747053
4.971581503441683 -1.647962853210814 9.49543091169321
4.706756063900054 -1.1011172876959299 9.466197977701686
4.0536178851354325 -3.1861574475853383 9.995924533999258
4.585056260986422 -2.6057978192819475 8.88970985285098
4.919094024352119 -2.5147291644284313 10.18770578466982
5.379237967761917 -0.3213533946449076 9.304078595668338
4.501550113437612 -1.3976680794435106 9.529099340433163
3.830699827098638 -2.1821082156379172 9.393153776560801
3.792490741016381 -3.599479510218738 9.021015500462077
3.6604411664184684 -1.9674392369290024 8.672527415339818
4.68146548078446 -1.1953881295760627 9.427466842047036
4.636598904967495 -1.9940469423984741 9.829639444675715
3.0308236749397732 -3.6613563024988536 9.219914578346584
3.759984087049086 -1.9870010484085965 9.358840715366696
4.983850765870611 -0.6329278838164601 9.145862168318898
4.517017355272591 -0.47963938010734763 9.46390350806906
3.693281991674528 -1.266147544982054 10.054968038717655
5.165881583897762 -2.0754070141979644 9.285871301602674
4.496740150995412 -2.8491627253642666 9.649158113847484
4.876665961594048 -3.262027892817208 8.861584179296713
4.41344304128041 -2.117210511326624 8.622038597457527
3.9791056333150467 -2.722518852372901 9.271280315791921
5.428004130358757 -0.41882119165507253 9.622307638403155
4.001395121406221 -1.0098773373682728 10.328305113480623
5.458428099087615 -1.1096248926874468 9.392925430798
4.5495841822112695 -1.936725701264171 10.291218438131901
4.725623127261169 0.20627126698269874 8.873700855533217
3.9488915108519174 -2.189072626136529 9.982215867620143
4.588872780464656 -2.4182764316709107 10.076039017794814
3.6302944423293617 -1.3843930476597246 9.11557509716999
5.5456152324882115 -0.625934479867314 9.241609345170296
4.715781681246771 -0.48860153971558734 10.106559529670765
5.598509360037552 -0.3835918439043684 8.9218435819559
4.504653414650887 -0.3410416037382156 9.332734420444368
5.046995830713324 -2.0678040507089293 9.943424688396373
4.82629475362268 -1.0888834161717982 9.999825161675146
3.8022144715455752 -2.042700372587507 9.579679443603352
4.870699417850694 -1.3736495987749648 8.927616256481041
5.301936938337617 -1.1699251225300988 9.805351226719534
5.23009813504366 -0.5886964109922382 8.495629147331648
5.386727045084782 -0.25971846491100986 9.878604176754084
5.266892649168252 -1.3074352084987904 9.43868118380179
5.642402594507715 -1.3940340198419627 9.18985151431258
3.9437570456762283 0.06055189752214991 10.422611752327631
5.441854981330504 -0.5024120573381468 8.834079769112778
3.5890111083703267 -2.5150184625442327 10.098645390751951
5.414703239651984 -0.20220359655721357 9.817611128639536
4.212063010413276 -0.22456682341159312 8.879685777717706
5.535877961572147 -0.9319678833152856 9.187320813514745
5.500151047534591 -1.0543336611466592 9.386769427020301
4.206934066853217 -0.9943799142044867 9.388731644972438
4.708740325675415 0.28963143024514987 8.933262236876647
4.851510488325783 0.18211118195989057 9.452759641374552
4.048219442508846 -1.8670109579560168 10.137635297166891
4.296321517108415 -1.741352569212758 10.334481099185252
5.0556007571144885 -3.3181196312430057 9.159140129862205
4.368489156343267 0.5705825864854832 8.867125513113436
4.967849276977986 -1.3988022031887666 10.097938175347203
4.354577693109312 -0.5607536838555769 10.737004416562499
4.7650900562389795 -0.779219785353454 9.704664026232615
5.21908331734483 0.054034554058710015 9.05247820494614
4.464757906612731 0.546822042632101 10.085367570814459
4.812250011090922 -0.1915789596796917 11.165605224655263
4.819916056332417 0.13016212005301311 10.145630139311042
4.927108446632803 -0.49225148858534695 10.067332810341252
4.558878407167386 -0.513463574944339 9.83005540408256
4.48632157207145 0.16265233687990727 10.93040029262715
4.9092759849777154 -0.2976964217323883 9.945877551296977
4.673805977336051 -1.3178797637048973 10.301524371609146
5.720322978624995 -1.557069673221449 10.411356847765033
4.919768805807027 -0.5305802145554641 10.671580262722022
3.767189141022594 -0.8589395395918996 10.59382087449861
4.599768347342636 -0.6361650242197465 10.115455918862743
4.0770215908459715 1.614459396166881 10.13534384850468
