5.149935347711813 -0.6571778755224981 0.19897305372822333
4.834809084343449 1.3754077080703009 0.5050481492115687
5.204884897690351 -0.024447444143981995 -0.5876708749516547
4.4562828237781416 1.0617057707923723 0.2657613117805737
4.017129123080813 0.024867867398505637 0.0022697395981195953
5.133206997955374 0.4331349758384441 -0.1006933239301747
4.287334566474151 0.04256654508781595 0.1344947757765112
5.0249127178688475 0.4727513561338428 -0.19641926321887704
5.566096721964099 -0.9659814476508448 -0.257529100879118
5.2337215549968255 -0.24574360912741888 0.5341072226689415
4.410343193438161 1.8396215567099166 -0.3256849227676307
5.208856464902996 -0.46947956208077124 0.3527558733773163
5.604587298953171 -0.14348717172679665 -0.3065528285437094
5.022309949323943 1.5600895427492714 0.7023870525530926
4.716931535176778 0.23476383431005746 -0.14246581760021232
4.391699442798863 1.2557470200591874 0.05189217794383301
4.170614183703129 2.7386060086458106 -0.3210224381163923
4.287100287227785 2.053309157592995 -0.5202481522439266
5.216330415836001 1.3577933180495099 0.388838394914385
5.176131145406858 1.2240998776340102 -0.7133236425700598
4.7197122767670034 2.0013834229892407 1.405628877135487
4.198909082217027 0.4707919971781687 -0.024007336201901375
5.303096084448239 -0.3100441350302342 0.45777556874021563
5.377656427651229 1.8972410091477763 -0.2503183373349364
4.844895768956738 1.337179871140059 0.1398502646283785
4.067348254358159 0.5095624816701074 -0.3551332294212144
5.624951249307293 0.5869730003570036 0.7770983916621532
4.5141804026288845 -0.8542813284602729 -0.17852512138983273
4.304257465991409 0.8024131143767638 0.8098450530654565
4.8897596831058 1.8353141500795096 0.9007662525598629
3.3820079890748467 1.3692529120877677 0.2682456249248998
5.171756552102017 1.4856005681313424 -0.4104004975605799
4.712788536095048 2.9338715578965084 -0.06531530631627414
5.436279757269214 -0.30836133204969945 -0.0801614485335227
5.789699351212553 0.9172989718387555 0.4270914912206452
4.554386009286836 2.3264569026657416 0.586649113805268
4.768730606417971 0.9249996082774509 0.030233276987545354
4.368106904413953 0.5340533962493785 1.2893256400460362
5.5653827549452 0.29800339443404456 -0.0959480844506827
4.928649493829628 1.39466685275947 1.0569889179627634
4.286433282463891 1.1021594513725619 0.16424317400253494
4.811008418706956 2.1219752052566645 0.8504557582732267
5.635496850519743 1.4000814957110008 1.4047305920361883
4.459322451735904 0.8400216357453023 -0.29559560875000557
4.489722066766528 1.7507195648846212 0.7532517224950543
4.7202697298021326 1.0718780334376845 0.3942654171668258
4.489049722985858 2.7406858705827704 0.868070204863681
5.0193931230890705 2.469897751761714 -0.29447138934749006
5.070218483728356 0.25670420201407057 0.1061241846920929
5.203145352256485 1.704162571678514 0.9595875994680299
4.125027289517801 0.898962824378642 -0.1954428699845695
5.12587651568799 0.203753661398119 0.5288925002834707
5.113361979843447 1.7606040037343087 -0.295151657772704
4.922889358976594 1.8519336329313438 -0.4330307068724165
4.437352503572525 1.2254800872488316 0.5356240940668983
3.8798037379532926 1.0415307482503788 0.5652507932311707
5.400665374049144 1.6370609589040706 0.4186341153414287
4.72829197245008 1.4357518086391432 1.1809452957935758
4.77797134454031 1.3101566858067748 0.39909440169735655
4.776176966915217 1.4902051417891866 0.9770961381206755
4.691004867581021 1.592589756981977 -0.34913459378346434
4.942916300762125 1.8083860688685105 0.47462582491821326
3.536808474631582 1.7911694700716754 0.44754438539734753
5.185897631008574 1.4711571302788544 1.1979971188930416
4.804159900119842 1.709035370214701 0.5489776361795721
4.878879874799449 0.7187630443782004 0.2969896781277849
4.89625805588931 0.8482167174685956 -0.0327518860679924
4.184837682085525 2.2519757479237503 1.0754072787741151
4.596366961008749 2.098033779700046 1.7374664836524456
3.394266304274996 2.1184665641049594 1.2534823789654115
5.456255919780532 0.6023490186795885 1.103514099634379
5.083919405095166 1.9342852697382722 0.9992179302757676
4.819826296886058 2.8731213292789013 0.37729082221173227
4.839186506511486 1.3518543109976793 1.2029320097125618
3.7263990161215657 2.29051164145711 -0.2396495285090744
4.959143590472256 2.422095031787085 0.6878433048356619
4.5976608283364495 2.4575320220955104 1.3639070823258908
4.427292216849496 3.1189321207727785 0.4165909069208253
4.56278653334656 1.6344613584419037 0.39514026075597397
4.93971967745205 3.042138187384295 0.9258728898430435
4.62174361862374 2.565846128462722 0.847505267791528
3.9847217913341386 3.3741986320777064 0.9716051371977731
4.311087400340134 3.8163312350220417 0.9644945635726547
5.136728006805328 1.5597216696467042 0.4166620245034324
4.665656635409674 2.534965104982408 0.5255720198841214
4.0312007454263 2.6989910909531454 1.1475802873091474
4.617349786862091 2.1082818039477655 0.7386102206293492
4.531725436772227 2.3167280393161276 1.2599591633938156
3.212340335137358 3.4362967529440755 1.5810559519258285
2.8954842952688087 3.6339370064334404 1.0288441767027086
3.580330303095902 2.691759718629469 1.0172310120798373
3.1611775655702887 2.751823944313826 -0.2773991601743009
3.5379418692484665 3.3310802972737075 0.4830357552932033
4.618717388113259 2.967369399188439 0.9284762040224038
3.8823319513154897 2.990930365705259 0.9098442325821484
4.848393642872766 2.9839151973252536 0.3425428749072804
3.925393594971677 3.399477299206574 1.1004198918605002
3.920540859363511 4.2688846808307686 0.3458478880935886
4.205031435797679 3.4004337921079455 2.191878386892025
4.5633866741720945 1.6372028664325946 0.6831855079541402
4.073000924425799 2.9844635105388826 1.5439191140698374
3.1051099299788225 3.8496547685504794 0.5968401729811594
3.607258870754872 2.1072648470580932 0.3349913375636371
3.8646852953266007 2.6194787287465915 0.6059126365610545
3.28609477875778 2.4750569680119834 0.8057082398273239
4.308087391667578 2.730940286311801 1.5619933643808421
4.645149771755148 2.8906644889804225 0.38679926057795555
3.1981480046987447 3.843743897961248 1.8988343523631128
4.295142689608355 1.4600577207517569 1.120742538529504
4.163617348253348 1.6700178537077581 0.9386391658546871
4.481857864324655 1.7258866963224995 1.04616955463633
2.5806522573026913 3.861605295110403 1.0265214559635873
3.5910899679284807 3.6013133836906284 0.6922356926259245
4.992734893858567 1.6526280428575224 2.035993068835526
3.7848171829722816 3.9980912995494453 0.9675358984078042
3.051822832138792 3.0936020386382657 0.36129882932541646
3.3312894088625953 2.652032892734998 1.5829765564954215
1.6243204496648522 4.3588179123948025 1.290493683043011
3.888216241003287 3.7918363995852826 1.2348652462281082
2.636263873770401 2.7505617787043937 1.1489594072333886
3.518546934529103 3.6121472435640665 0.3640576613366322
3.094009738011385 4.204665336483817 1.3440638261214863
3.453861646805905 4.270616885596003 1.2296142501372396
3.7022410087226327 3.2426391674589583 1.355566612270982
2.473998422691267 4.4332680971499805 2.4206167523470423
3.2016284402964548 2.3404384828301534 0.8554976432730669
3.450681626668444 3.496926035561432 1.4485448553908515
2.5463315344633783 4.516675519133844 1.5149036185631095
3.3336957353609176 2.4433063080449964 0.7370413472814258
3.0992458780445817 5.308143640009055 1.2056176059258101
3.601753700279644 3.5052835012789285 0.5131660897426835
2.1645908650324475 3.9295786258264296 1.1335331036872305
2.4848061854734227 4.327749391423133 1.047853840385934
4.172141138769501 3.3923259085485733 0.7666204332323493
3.8963995947108727 3.8743186935474707 0.2504035691261486
3.3193715920994804 2.9126143689485575 1.7593230457418019
1.8487409203386163 2.78293474581705 1.5368171180724004
1.5443565361521117 4.293925011765666 1.5834183200128442
2.2194431086198168 4.4998467861670655 1.1837884856873915
3.887293956008567 4.182692994326083 1.620658420052007
3.53115429998659 4.193068776238686 1.3646969401369267
3.8047353345611867 4.31712047213308 1.8719877450177713
3.5144220417128746 5.3567085056338914 1.4981366323642888
3.2154513474509843 3.531565494580417 0.9448022467521418
3.742947973776066 3.7530347998920974 2.1924472274622127
3.6913070187061066 4.558338145062683 1.72633159455607
2.124512687589817 5.219659956420525 1.2772078870620167
3.3445056881884354 3.962167701142883 2.333219615680503
3.106650074514138 3.4753344744028376 1.0417081620629824
2.4382258667190824 4.403826545449013 0.7185991219860138
3.8030522697644766 3.698842027091651 2.3203095914905405
2.7584600118611093 3.7476901467058377 1.589504768309412
4.724429825116683 2.5139780091063666 1.8317140755468504
2.9234961221289186 4.5281570406548575 1.6755237860263998
1.9417058746302147 5.290716973808179 1.676537096820105
1.758957303311588 5.049445009634776 1.620749803834982
2.5242981771139177 4.772154910456406 1.7926881779194046
2.8524237037447624 4.034584897844652 1.2044801393906832
2.171008214301405 3.758573959407562 1.580754493419888
2.588449540667611 4.287590474892711 1.278415630673963
2.741927594192233 3.8169037318552625 1.638770069297171
1.8219842900891345 5.10550141883631 2.318163330107965
3.1567436509121563 4.644980685268709 1.9413615722421527
3.1026729539520237 4.422438703741651 1.167507456073976
1.64705091637092 4.854746108988174 1.2843715959672126
2.978949546311951 3.1648794804207574 1.0923625379407609
3.893932397069364 3.178881214417289 1.1442348468081636
2.2866470471253986 3.658938197714216 1.3688359172323348
2.51657237742473 4.028838779882814 1.7358987494337383
3.451980677142005 4.200822865361196 2.3865060582687034
2.424997896664816 4.417963599488781 0.8543881928236305
2.5879242979964463 3.555525417760407 1.3777288178055807
2.4177491625964795 4.968266941537483 1.79546992785214
2.567445798168382 3.8523271278246045 1.1125782847545926
3.1081145909978742 3.6065663885228516 1.4543968742428652
0.6940095663638093 4.445891957913587 1.7505851719385854
1.9156189019136107 3.667426889381002 1.0499033716914827
2.4732312803400487 4.706369704314265 0.8157517504063333
1.2502712020808988 5.028184274751446 1.3985392244570702
3.61589923827573 3.756216775548137 2.4649658466474413
2.5838188299820404 5.020916832845922 1.4259323926407863
2.0077687332064182 4.68152322178988 1.078936857890763
3.8626591361935025 3.326231904975715 1.061987880958491
2.8341609413805284 4.402381943171537 1.8819959878241528
2.1811707946715675 4.8144198919867724 2.2630730320337165
0.9755210763425822 5.249691328138289 0.548776535471283
2.70616225203588 4.898744301014163 1.8296587898922645
0.4391489446430109 5.116613075293667 2.423352406004624
2.238436211694438 4.646392898500909 2.0613670941214046
2.560527415358914 3.449663274945398 1.9046741712344248
-0.15239210794411814 4.678276211243316 1.0193333892989531
0.9333792867244054 4.076553790598468 2.179890020475259
4.260247033581344 3.2288874153847753 2.3023938909383164
2.161767476634077 4.233586311798084 2.054758833793145
1.5731407440878187 3.9327261200683172 2.9190656001744273
2.9724242089128814 4.630001455979775 1.5480669325362202
1.7660805263926624 4.975971358602193 1.1981866205456617
2.812827055081906 4.041273130563849 2.2184788538877567
1.0427197264816908 5.2888770788101 1.8042376357720529
1.7051579985673146 4.833290287948475 2.318551109289386
2.5639118978499913 5.171687566627823 2.242751059488449
-0.23482995273461688 4.322743575305526 1.7847349095439935
0.3457893424537558 4.556780036836852 1.958159939028341
1.1038424427963252 4.577298419536551 1.5929288021161139
0.9585416025981649 4.268159391955608 2.4142329694262195
2.7102258538126223 3.9996015589521896 2.971511258815009
0.09310102638397798 4.626683310862887 1.4719355128336293
1.4823879076074142 3.4387359126742774 1.3838288533582592
1.1238372629627567 4.878598192762857 1.894336873445344
1.280530039165484 4.458076744894811 2.5663446057115697
1.603999610044384 5.2401814334933965 1.586339467157151
1.8680447076851585 5.251750763225937 2.4400566292878594
0.815151073213378 4.158245940275819 2.383146147205559
0.19239618757982074 4.605827385417089 1.928954953040972
0.6442555552906665 4.761713450999099 2.0597043294567867
2.378606287224037 4.464320120366502 1.8711018731201126
1.2564821739502219 4.496632296203352 2.05008383387094
0.48621431349307426 5.931543747418837 1.6715939995333267
0.155958310869048 5.175182161921854 1.6899279982645954
0.9497696135920716 4.9445383903512905 3.4224782735534385
0.4306839045645431 5.43403416860744 2.8115144104435883
1.5820512636888975 4.571497502840752 2.4047557875532215
1.1568538377171738 4.921945091450104 1.418042692750988
0.15886974698680228 4.442732677731673 2.0153939383423256
1.0596867854801297 4.4471555606017485 2.5975692137347566
-0.5347083499344921 4.905966586269613 1.7954913149807794
1.8537942589659737 4.961847851805534 1.4391964125739567
0.08864567313287189 5.554593608861087 1.7231386870684036
0.5771048555789537 5.579357681192784 3.159918707098436
0.37688903411432034 5.533277703349272 1.7273947502775755
0.3053090553169461 4.765949416195699 2.7011437247905503
0.4499492332317985 4.410272669331325 2.320724040421279
1.5083462909473844 4.891761961686288 2.232474013512062
2.77688356979033 4.280589244248671 2.3460376009788577
0.01849875691615631 3.876829920971807 2.899354822796111
1.1474508771093423 4.737647205530069 2.802739940444329
2.3510268288930134 3.9924520216604793 2.9764262345437094
-1.2480841637597535 5.582601826159608 1.4589947341510934
-0.40387092683501835 5.226174389650949 1.74223422874486
0.4041511868280966 5.079401864929476 2.1817894212607216
0.39433834819769986 5.40822537204226 2.5137427741737386
0.06291067143559616 4.497708260688902 2.6647854915640954
-0.4554966762551851 5.168968475916781 2.221097649196249
0.9326923013212497 5.011474461735443 2.434519830111648
-1.9446569343972129 5.066711421854275 2.1367386977596627
1.9598476611647182 5.122672534776833 1.8680606051354118
0.9617146534774091 5.14694588758884 3.0622543299009166
0.6282923091982408 4.219555723878185 2.720759448615315
-0.1486110379904212 4.329501255344089 3.441081830727985
2.4521080741153103 4.861765329132254 2.188496831254456
0.013613405248488569 5.370138761402107 2.5027552576229604
-2.053999252757153 5.493272247327055 2.0143166692361034
-0.9557003770484919 5.465091645566092 2.3281628122111178
-0.04365604506872383 4.82202681313079 2.5959848678709836
0.7401984191618987 5.031641515107075 2.8356607006326597
-0.05604055556462977 4.711266998970141 2.625659543318897
-0.4643391714967747 4.745240939183018 2.8807616255291735
0.921090953296748 5.147308557795656 2.2657213605329933
0.5288278119597285 4.751906768729334 2.9322611948652155
1.3128820828421977 5.075098343533135 3.1932259333801887
-3.160873200705255 4.348070443694937 2.2568724045576567
-0.9001135186216153 5.2988986317296005 2.304271543876597
0.9631519484187578 5.010647122668015 2.425615929054785
-1.1776566215170894 4.427416368197423 2.747399507621715
0.1646977048472751 4.692142370560365 2.8535587173380543
-0.3689436546151896 4.8476871026531025 3.1119020144087184
0.06772008698295934 5.193126994081844 2.8715018718846013
-0.2891168943048758 4.485632593882935 1.6454832379482018
-1.9109219548741754 4.938394648496844 2.3566567198498625
1.6816140219569007 4.3611519378345225 2.3754884733392143
-0.41121273124630664 5.014989451406721 1.6830984935883841
-0.7193236417910167 5.284601350470004 2.4382838625566317
0.20088245600116156 5.2457332804702705 2.950184313971609
-0.9016161375427518 4.638370857534531 3.1173080728471048
-1.3727089463243598 5.303798341047992 3.3586230363516423
-0.6805855384526999 5.296586258905643 2.623019487747173
-0.29746562174221103 4.872178836043166 2.2221741240589497
-1.0845949875561807 4.829106299289598 2.709646916375675
-1.1255293378485143 5.617210378499998 2.639823951075316
-0.6804839668046893 4.857515824685469 3.0138573188333986
-1.3769796627853634 5.464208852825423 4.379714814342417
-1.7902698682281921 5.214245942620066 2.280619742097678
-1.057067956330548 4.354770871475682 2.991754509083563
-1.701074904790832 4.125685344460649 2.3811304289885085
-0.7622405579143541 4.603717702938974 3.091294101570458
-1.2701905991961648 4.133137533640252 3.163238640520215
-2.6201801019104254 3.7733470656315236 3.2106440777550778
-1.2034823874928928 4.076288589234305 2.7833869481966627
-1.139360190565183 4.937212434334768 2.1877336269011827
-3.6567795273978927 4.155829050622233 3.5752081530518662
-1.6427744093254728 4.796549039422705 2.3305409817667826
-2.7670010952790207 4.877005135167927 3.1630150022031835
-1.8991084840024441 4.428786558981627 2.8600279204656016
-0.6504676972907755 4.705628042726973 1.8417532269000365
-0.5962988176528322 5.128261204921148 2.6964129212548813
1.3155747335371304 5.0466915813670346 2.5385291633596285
-1.3983610687899795 4.308914464426073 3.02483050141375
-1.1992699233862707 4.782538294077468 3.426521259572919
-0.16524970714529352 4.790541546155189 3.2645488667438007
-1.2075805051360624 4.492992215832352 2.783439700614437
-1.136087425241946 4.546568064528058 3.973397617198914
-0.8669887496058929 4.6172109640013845 4.045779855144952
-1.7655967583440455 4.809670116445096 3.5135251058929247
-2.273087725244303 4.7147036887397284 2.7386734088854436
-0.5728603399283725 4.784950697122139 3.529855721252255
-0.9064050614460017 3.4923662574509486 3.0645899873873614
-2.6843761744542793 5.122124144803174 2.333141418399932
-1.0818772822260312 5.309826006754466 2.8243965062973997
-1.1845501738750697 4.588337995885037 3.153511250285474
-2.3367132392112038 4.692042518223556 2.8641440320087583
-3.0510633531774993 4.841267650421507 3.423413548474195
-2.469702608889196 4.334025894870938 2.4687617847167416
-0.834496308172828 5.271653856336573 2.7108383282500004
-0.5209217891202156 5.515028262172428 2.595452610558498
-2.4539283351356636 4.214065130178169 3.0954351773631443
-3.6676589564529145 3.971892163891851 3.242035020522244
-2.0927234459123034 5.661160742638143 3.0211392177312537
-0.7024142157157676 5.4628878640833936 4.029394851673413
-2.654039857474787 4.901812449627894 3.4665279068392176
-1.8692255121900534 4.1618442426550875 4.274908491137599
-1.7076739886048538 3.587038340423836 3.8544311900054016
-1.150570672236044 3.703064710226635 3.042969954962491
-2.159795769742737 4.450561090108843 3.4425235995094696
-3.1499916043420146 4.722981963771437 3.849859668601979
-2.6489906687634353 4.30145382097622 2.699859155162524
-1.26519663572191 5.1204431489195 3.0819962243722507
-2.760417979395212 4.140093823612485 2.994305391584249
-2.567442148540941 4.863579621302748 3.3153824822954645
-2.2137631106726086 4.351064527593129 3.1311574527594828
-1.4316988111521722 4.309177220406868 3.3719730157495715
-2.4673503145918803 4.884127958793683 2.5712539617152883
-1.5188535754505044 4.765471577958196 2.6335628307662415
-2.438017558904527 4.374691736262651 3.7472364251148056
-2.047626297120942 4.608200560983017 3.574324926498982
-2.9140565505065816 4.196173747797762 2.625651589931601
-3.389288415397666 4.703978205381731 3.6595054537169927
-2.31793957040468 4.096105072514375 3.0297093348844584
-2.607253457907626 4.420890382178584 3.372650274149203
-2.5364080852926643 4.245112866533943 3.224985197899711
-0.5249929425640989 4.94222427033048 3.6789299546977032
-3.2479186378035503 5.181638029300395 3.325156723453222
-1.694379546286747 4.619228857046289 2.140110795801667
-2.040295055103721 4.298763595045241 3.594952521258402
-3.0264550663747896 3.5134840858347314 3.32819221914853
-0.8361095152189424 4.935098115702535 3.650556592878348
-2.4945894040569914 4.931050129606544 2.757596659943246
-2.778666698730094 3.9182362492838885 2.6327612921025567
-3.225189825220355 4.54520270431934 3.205399089564936
-3.77694919559595 3.465909535328335 2.78181315990997
-2.7282869701632952 4.425620781526863 3.538682434838714
-3.6758764521425666 3.1418558000150782 3.503656474259218
-4.010913990903164 3.8485526114257156 2.6615511818752444
-1.2263446386367636 4.777658889552521 3.3536076712645384
-3.248115916818012 3.124948071819332 3.875308035493372
-2.132916290605751 4.636662385332356 2.9701821008512814
-4.312051781260057 3.2063201796924803 3.636949430628866
-2.83991356189222 4.193005720681688 2.3612604841215843
-1.6514803398391449 5.460260176166311 2.775022501583509
-2.913669853429575 3.9857791672157505 3.2276478416176637
-2.558783968168331 4.730838974320112 3.7760354910652176
-2.637374298071617 4.293373897443842 3.9384886825054632
-2.2702779520258374 4.072836417940026 4.217525803957269
-2.2469151670894925 4.888696557436254 3.9120579269768134
-3.0569909810734344 3.936417788470518 3.486052530626597
-3.596357580464436 3.1336929608218704 3.5692499302574303
-4.357089732921679 3.998547729977741 3.781009412978194
-3.8387509379906133 2.9027236453877054 4.198003866004101
-4.589544646676803 0.7127889096860773 3.986706355919185
-2.6120876869385903 3.944780531810396 3.700646612974689
-3.405944202488513 3.645984572225002 4.458402437974557
-3.6589750314121217 4.220480563642047 2.7670600201679663
-4.985370057694355 2.701336283920239 3.7781925845179525
-2.211970235187156 3.7636393710801075 3.1196004574840215
-5.203160272668516 2.3730346207018336 4.071055133111788
-3.02250871688458 3.269757268713426 4.207879905361442
-3.0722803768892843 3.4886749195243945 3.321613950789142
-3.9772560241353108 2.2997672932971644 4.027101091563477
-3.5679787918416355 2.229723707280209 3.997453776079597
-2.721420226336759 3.9507696222678153 4.293553164285237
-3.363985522771913 4.050928802409117 4.256081187315339
-3.2147991759486407 3.6925568844003975 4.11706472946976
-4.282024169183079 3.3617594467620555 4.366439128084718
-4.285281499042939 4.032206864007435 4.821289773785669
-4.865714452279343 2.9593592728428275 3.4212095611883333
-3.535190297922086 3.5601884043535943 4.62128728524557
-3.168074395521138 3.2706937274132115 4.446076167353395
-4.437023778530909 3.2162730826469192 4.331422368980705
-3.897844504516756 2.153547120111468 3.4930341245728176
-3.469371008370048 4.828223659935897 4.842323847268347
-4.7114153659951565 2.4057974520516554 4.377918867473251
-4.686762945614255 1.6919771669514667 3.8497180814030325
-4.723429232974535 2.990459742516709 2.6139281450981557
-3.3167991790540334 2.9519388277978234 4.262303605139324
-3.1987242582025965 4.652748632077803 3.6249510738820137
-3.555975518482908 3.253548202296377 4.1028317888265855
-2.8985931960328473 3.454123866156481 3.9791840463127097
-3.477931113776134 2.989088171839802 4.775716494157202
-3.995721965992784 2.5385965281131 3.9433336881036216
-3.4642730850079704 2.674797340879632 4.358545196151934
-2.044440708396056 3.9235901821967754 3.5021598300910477
-4.209900800016454 3.4454244356141555 4.455883532922119
-5.240387801397617 2.128889706906501 3.3158168336478666
-5.414920176544155 2.040487880274321 3.044546693350811
-2.939765692757194 3.903295783842239 4.5856391678474875
-5.007732953132856 1.5873828495611648 4.079469107795041
-2.7689346252557763 3.431025116803336 4.319346897563601
-3.5622488189749024 2.890118513568279 4.142363085993992
-4.030420277459763 2.602557553947671 3.6021654217781807
-3.490497059173307 3.1283321209135098 3.9077048053443395
-4.294190553626751 2.3180018077756563 4.264621444415718
-3.264768309614906 3.5072825363837996 4.183415555996687
-4.114255546946444 3.179998505465618 3.937333985573364
-3.6189864711202495 3.6708385837979227 4.226793634196565
-4.400894952483087 2.2675878657333195 4.436187667635503
-3.62816830027834 3.450898787606155 4.389925548911948
-4.134641141868968 1.5902649834730411 5.368529587963708
-4.015754853203692 0.5923839784360163 4.652858994260103
-3.0177662340967806 3.8314728975448866 3.7994150316273196
-3.7480907461605852 2.743518034656648 4.112095423324059
-2.6543806534643246 2.8451793506931713 3.6066690308711813
-3.882982412400674 1.5474533256604721 5.11727961066407
-4.744544297990985 2.880035842559159 4.49295803068426
-4.987623090537173 0.575013434978052 4.51569059403202
-3.442834712754239 3.342779119366642 4.695715244510015
-3.505711434456976 2.5605635627520673 3.854088807109347
-3.9881938734881346 1.9584803124905095 4.488707557147089
-3.1150166024670845 4.2913340492190315 3.6196843900586915
-3.8630891443416764 1.595009441133323 4.59248828786485
-3.891010662131457 1.780057438034827 4.6206118847731386
-4.451664773419259 3.177972496070343 4.553628115594966
-5.656766385744187 0.6402973085803837 4.33887819739996
-5.804970155467124 1.0652914264502042 4.631651398600765
-4.438433975158909 0.5019441660641776 3.0389492294947233
-4.881372950976645 1.5043726680916074 5.210487032948072
-3.686122675771492 2.6690043788308193 4.664625305976276
-3.608227454214801 2.311797715263566 3.8694022041228746
-5.004173002548307 1.0149985189049846 3.888853776461725
-4.943478130188449 1.418833454187521 4.126025666094857
-4.856018916570465 0.5501397599637284 3.71647178069631
-4.882119931644396 1.08847802354073 4.732123688306908
-5.429879637174979 0.34371958917305967 4.967151493234075
-4.602669302558367 0.8268832698284493 4.188195576734398
-4.604805878990298 1.388523685449002 4.731549152147522
-4.542268346357718 0.2586703478174697 3.8027036015837394
-4.269007236602771 2.6550721901419836 4.071043059420166
-5.294473973330514 1.8173142331069105 4.768048005616766
-3.413456370572564 3.462462568412052 5.2020221736144725
-4.431466065534582 1.3387500112110602 4.347006613472239
-3.6673757991298706 2.3915876252575092 4.8873253954464335
-4.879226561217933 0.5154821673632406 3.7914160507247967
-5.482775251789897 1.4619443023689425 5.143412329110579
-4.328443447804783 1.772288826924245 4.601568895538221
-3.879558843363401 3.3978020734066194 4.146324971502968
-4.469392296558502 1.870331830627598 4.1322416351236155
-4.613289928525145 0.1791201106029212 3.8294097523276744
-5.114688857089052 1.683317628233295 5.162057884292068
-4.9675212451136215 0.4911304104804496 4.737517504383431
-4.761449954377999 1.1164590860420331 5.1219718606224225
-3.989015114642499 2.6913918886782873 4.9400337879993685
-5.070695883130512 1.4804538594495145 4.300733819685686
-4.66498842194208 1.7623508361327929 3.839903232164454
-4.5735115737795216 -0.17319714788032245 5.5899640495395735
-5.722763503001589 0.7559929572579461 4.20084445135052
-4.688966302598918 -0.38299207423096326 3.9146779655981754
-4.9883413519781215 1.2296993278517672 4.19446852251139
-4.562303128521119 1.961452469712762 3.841241318459298
-4.830419880251453 0.26678916113624174 4.763537593197016
-4.843754700712779 0.13861864476911523 5.596837787607004
-5.179490110705791 0.5495442906295529 4.773435828220507
-4.963146423869456 1.0735740073834605 5.601329076302605
-5.559428543084395 2.039113298922029 4.624596225590635
-5.63682077809937 0.8585362552908657 4.683354984562229
-5.247442386198041 -0.483138088498928 5.694193382526503
-3.692007156208346 2.343318225731532 4.274817717978841
-5.241271640465825 0.6589132208672004 5.01251258840051
-4.4266124947421055 1.0017716677276747 3.74662391614243
-5.5783619045785935 0.10082969181781451 4.668384677427464
-4.80539260300507 -0.2409171113659058 4.928317572234324
-5.0005963423929956 0.7138205713214718 5.124672775988486
-4.803348395961038 2.0836606154610156 5.279579352096216
-3.7467093369192224 1.3514134191353775 5.073573760830585
-5.052322663552772 -0.8386011398255125 4.527694715017811
-3.8035018931058993 -0.4806601653604363 4.822686216511888
-4.2239305220180565 1.6482652977120507 4.464972067918735
-3.9342907179181847 2.8744132277240357 5.275752329656429
-4.5581415278784325 1.5246090537659283 4.413535484827188
-5.592023072664182 1.3188153440328274 5.525185120430318
-4.922433086754255 0.6390522170693836 4.5294924832751
-5.441073529181456 0.048189561958159356 4.092622786559888
-4.0823160709056525 0.1466693085164441 4.574835186185077
-5.325011464628821 0.8944183450370746 5.37370851581163
-5.642434728674977 1.0380324418186542 4.696377902721376
-4.911815883238749 -0.44566144397008434 5.962385789059278
-3.9786691563276135 -0.05584149590475364 5.903180123618653
-5.419353682504902 -0.38742948139808464 4.772592916652198
-6.462143356319607 -1.2047005740527046 4.57848385495464
-3.528594879012003 0.46934316707522183 4.846062282874506
-4.956013787609168 -0.33674837073205505 5.3605203162226305
-5.948076995224249 -2.159643007870461 4.5048999106367615
-4.570271106594933 -1.7659442201051383 5.189618519286091
-4.944903585467722 -1.016646910201226 4.447811387288325
-4.5175391787882395 0.5057649971192939 4.979055076193447
-4.656487680470672 -0.17823362742240054 5.031284133224981
-4.6766639841236275 1.0902921734373716 4.247654257893831
-4.596003100946252 0.6310711741907189 5.010036934899535
-4.521707414354784 -0.9548368211227679 4.775788708115114
-5.0227484855301086 -0.07751411713223716 4.935401650808906
-4.332829585723152 0.08374027212283255 5.0469642164755735
-5.068679840909234 -0.8300395177832934 4.34070568136336
-4.972808296804209 0.08758476596684048 5.622963159305843
-5.2697753044503 -0.28113640071274887 4.322614489926159
-4.632276486963647 -0.22545317131581263 4.826549283476664
-5.243191042171067 -0.620887969861619 5.508115381880757
-3.479570762626705 2.366133573240484 5.558121580028668
-4.33323974851482 -0.9337975744128686 5.924687658617215
-4.844393846918901 -1.1095623458420414 4.831558008691488
-4.691198673383526 0.06548305455781699 5.065189730997545
-5.141569528711649 0.6821304099187695 4.781147279025666
-5.206136751366352 -0.8231372603082929 5.283421726865731
-4.699422965374642 0.20906732677469161 4.634741832450841
-5.867189000778269 -1.251069761656221 5.388218735170059
-4.6087396719027485 -1.3853341493282092 6.28652570568693
-4.701913995157554 -2.3539248552785086 5.356673604810428
-4.864047789393525 -0.33544451805243275 3.8062999475182586
-5.081125230634788 -0.19065714453802046 5.401601316104743
-4.06291493582322 0.04396274500119646 4.884750904553684
-6.108957427195938 0.5406528927133925 5.468622459441507
-4.347003090156267 -0.5103063641675687 5.724684118212684
-4.179156411182944 -0.24788714446943744 6.4257208813608715
-4.147927153811669 -1.6400004394879948 6.003887824688601
-4.497821519206808 -1.5964088130301335 4.218193082809196
-5.469059508945656 -2.1590370345353516 5.087964555356429
-4.51478566511258 0.37639647038896634 5.33274094315721
-4.843727651087162 -2.5546056913242707 5.553525527934092
-5.328424125740452 -0.9367640368499978 4.055254479492002
-4.068414913716076 -1.8410233448151352 4.990629416159119
-5.023289788781109 0.5157183179420194 6.0001482363920555
-4.839457320957829 0.1518255154246807 5.578643066084138
-3.991343376629461 -1.375857378160606 5.346417615205644
-4.028496293013689 -2.4972575266159707 5.907035119187475
-4.655284595527832 -1.3027301511376543 5.285339149403432
-4.913710420077695 -0.6112552637953645 6.014513719285804
-4.6658303721582115 -1.2799434028147954 4.651829355486939
-4.269712376246444 -0.5150061830187027 5.161530016465235
-4.726395168582372 -2.331469762587276 5.229071375719244
-4.921445540240974 -0.15580996485793966 4.853397133152196
-4.927473288792835 -1.8228142886281138 5.560473174500128
-4.54959885781702 -1.2119581153634205 5.196162336332614
-5.3990718225388985 -1.2513803506778292 5.7234372236955755
-4.624573032514916 -1.5393968681895749 5.625967812418763
-5.001965297142573 -1.0129034436977007 5.607107680249664
-4.753598395837963 -1.8166682747006406 5.7498888117417195
-4.527957837873017 -2.452528110606202 5.281925715402145
-4.989119219210312 -1.140723864554548 5.08299610764453
-4.155369906005308 -2.513429941811625 5.167242918739661
-4.47858026144112 -0.730900969178703 5.581626491725349
-4.580413871311738 -2.7220275350503673 4.948534079240364
-4.858988733565045 0.35340490760452103 4.953351368124087
-4.402845042611108 -2.38380329329743 5.462286748629674
-5.136799070903933 -1.657624320025718 6.542400550982364
-3.8732680310419925 -1.6154341030970694 5.95673190107624
-4.364449708691891 -1.1435516116552433 5.0797158495888475
-4.989376723073258 -0.3776305633037351 6.273007322892631
-5.026785665060906 -2.891943265621165 5.550623644898504
-4.662613013594183 -1.7228779841269732 6.164054623475263
-3.953730142066131 -2.621331253916925 4.557664480017341
-4.655351413328914 -0.2790268574552207 5.619384653894228
-5.434013610715084 0.37579829621387784 6.162205095543369
-3.857943165073835 -2.436045890704592 5.882497141447497
-5.040106111867672 -1.4625525738310081 6.112934492845361
-6.274352860981511 -1.107370088193771 5.517900068606202
-4.45460928103751 -2.8110820069156985 6.253847815651404
-3.737111407637388 -1.552240132146932 5.502570106585018
-4.624520708804077 -3.1508534950208036 5.418933261675074
-4.222742911182988 -2.5127427045454516 7.359255629567102
-3.7450209955773497 -3.4265812833583853 5.274568574705353
-4.265417486939045 -2.398580878286241 6.41415613052992
-3.70391645503493 -3.2207750267765127 6.450961835538365
-4.510993303884768 -1.8566136338152928 5.963651726909898
-3.2350519403377525 -2.71878089540603 4.951005336019339
-5.209592432817511 -0.6618467744043557 6.050452870253651
-4.960098321244706 -1.8473141557178467 5.975370592143135
-4.715238675836596 -1.8881727143381688 6.035854544929031
-3.349816241989656 -4.266829666489966 6.441886615009723
-5.378906831584785 -1.9269577193374294 5.750660726598471
-5.057906852554794 -2.92178394613474 5.781946347908007
-6.186828257378856 -0.5180551823687151 6.792252665784966
-3.889758848276152 -1.6054927371110783 5.28709918422358
-4.23392176490209 -2.4061210791253296 6.544483400721927
-4.311108885494424 -1.071914609155961 6.713292136756675
-3.6583733110012964 -3.6235553257236104 6.47052995537377
-4.320942081019192 -2.0799888563030304 5.22275194530833
-3.2912458045428608 -4.069150908862057 6.230187802746536
-4.287876195452571 -3.2298324060433363 5.750220178861909
-3.7836163709646113 -3.0420717590589543 5.763588167355727
-3.7374569884097086 -2.9268938658407704 6.404287712803438
-4.382818002029475 -2.706499237962449 4.701396015955253
-3.981532955131977 -2.1342367498227928 5.90613143113628
-4.709110465770069 -2.1306226046703585 5.398344764354369
-3.0762931513324925 -4.076574571710179 6.489245590294766
-3.9105138978212612 -2.4175792179031714 6.550362888178475
-3.2053334850838198 -3.5948026111203077 6.510771042572621
-2.966284485181779 -3.9199509662047904 5.154348295024878
-4.282857867729834 -2.714175812443185 6.181966775906714
-3.7349926230007426 -3.884671011538483 5.9803979010600035
-3.125066083926649 -3.2960361034658163 6.067209370962064
-3.889656556905779 -3.4436657238615864 5.699362179718392
-4.032081105205405 -3.448289402878335 6.82505013591468
-5.078010441500112 -2.244688882002301 6.035884341687762
-4.594044391913571 -1.8976971064765724 6.053315332479248
-3.842953563317021 -2.039932034336159 5.643072651720968
-4.672226476381898 -2.634700638240344 5.9825849245455105
-3.400035331703448 -2.9806605675354376 5.814628011264236
-2.489477027996391 -4.527344643901573 6.733073096430466
-5.376629858250411 -2.9787451323950718 6.1145463559820765
-3.521355770916671 -4.118772317905606 6.223938682387242
-3.1970271196332476 -2.920162235768865 5.957309080661349
-2.869910637757645 -3.179806665912799 6.560990462240343
-3.7380107343161297 -3.7963051057255965 6.629274526328351
-3.5803236018947677 -3.107881107863718 6.2746890091370195
-4.467396203536215 -2.770014040957122 6.168020390073847
-3.665905040973933 -3.1432281527712256 7.191253802323425
-3.4413654472005035 -2.2757035937477625 5.718867320868146
-3.8669256190073495 -4.002455814087905 7.342429301234453
-4.782684528882343 -1.5010158787503722 5.401858468570528
-3.565363971527851 -3.1502185010295607 6.495578472943774
-4.176095709424586 -4.343978849451066 5.728067621326869
-3.1887046903193563 -3.172927619954173 5.857916945367492
-3.9476518618745136 -2.9836726590221696 6.655321595514135
-2.0883534351899056 -3.9525070294995057 6.382712259145847
-3.7381530059187056 -3.9891790061198655 6.460926104578406
-3.589406203154448 -3.8239609597379096 5.576696534644492
-3.1955652008194995 -3.656432251692561 6.440427512083736
-4.406630228550725 -2.8299996538893306 5.888627456365729
-3.542549042143555 -4.159080521681262 6.539627189885486
-3.6847915143889014 -2.9803666788284766 7.2283830902133435
-3.0238513117702115 -3.3100202914967918 6.703680236593653
-4.5076078247381774 -3.594992460110368 6.389773408309647
-3.15452389384858 -4.04739102229975 5.850678476883443
-1.6237385837636522 -4.201803280750866 6.7107258145524895
-2.6760733097214646 -4.9483514812728675 6.060480066279636
-4.6077379467373545 -2.7191558500514974 7.001297004136031
-3.698001067536583 -3.15470310677358 5.7780968319762875
-3.6183851866575245 -3.489490723016298 5.444629722038685
-3.690223321415488 -4.100603245316254 7.091447738417357
-4.390951841045235 -3.1120246862068166 6.42969698862908
-3.76490788395474 -3.657210550254257 5.932067452246268
-2.864780558456283 -4.023049919810435 6.448879556233579
-2.443199828347706 -3.347400043226397 6.117563370845604
-4.86725473081035 -2.788301367880955 7.086297054160883
-2.0770133936168023 -4.597327743062394 6.629966806006577
-3.3093055599787817 -3.387917234791017 6.807542613128273
-3.864047976729466 -3.5608693093361334 6.560846588518685
-2.0363788462863956 -4.284587798598828 6.601378095715139
-2.832086916202229 -3.898071533624571 5.9050422983137265
-2.0502944332305724 -4.7044332649609775 6.166610984415931
-2.6118276509392673 -4.476874920911263 6.935984653478894
-1.1912050232345153 -5.301766120963304 6.476621337154168
-2.6584815306497966 -3.5533526182615596 6.726199685554508
-3.3237918664298927 -3.154470731141071 6.449570825208082
-2.668593996180909 -3.974068155505074 6.262383789803256
-2.564399711210931 -5.143190397164038 6.902462782363799
-2.895801243223542 -4.534320971787192 6.900052829315658
-1.3885418019081208 -4.9319257955062055 7.095913901825099
-3.82857030270377 -3.3392213281157956 5.674059425563077
-2.0024317498673025 -3.443790087807501 6.725876987275463
-2.555886744012484 -4.271379668919253 6.027625265593502
-2.034910011259954 -5.19676385024249 6.765844865100249
-2.6916739566220267 -4.842043545717336 6.545621956905195
-2.242437852830076 -4.36358669660375 6.33677830568621
-2.3680613395310397 -4.783825330416247 6.943367169985905
-0.9985349379966814 -4.973889398640157 7.114834698529315
-1.566998819119249 -5.163460016073555 5.970809932122858
-2.615039813693554 -4.575968998533983 5.556568438621333
-2.710667265464124 -4.519403439662831 7.051512965121359
-1.6995597861809886 -4.434205206658074 7.332800880427028
-1.4407585133314553 -4.9935081407751705 5.889991493242392
-2.5950186738705137 -4.329253467903317 6.403030481554525
-1.8207236456885956 -4.570077585699191 6.753254765998837
-1.2011440803816233 -3.853618364595327 6.92511083113948
-3.1462080305657363 -4.670227313689632 6.615567787202474
-2.0687138873894053 -4.312623416154971 7.7338255729359915
-2.4743998144489465 -5.260942391753239 6.918187449764524
-0.1856265222755938 -5.5550718451214145 6.651119596021368
-1.1172891602431518 -4.6732165653912645 6.610155115016897
-0.9043439283147714 -5.0608231413953835 7.532621399777995
-1.5795474989236205 -4.320788895761536 7.423683343690502
-2.2411989345061873 -4.522189738425272 6.077052666448341
-1.640729429585927 -4.44039395867098 6.936292497054244
-3.3680850499447454 -3.4821132123421465 6.417401006125288
-2.7991923527157114 -3.2404193494528752 7.658096072778918
-0.6863758472636354 -5.507475903610759 6.102286899328411
-0.7153192866344631 -5.887375328113345 6.937697929864116
-1.4489802098584965 -4.619409224622127 7.153974914112113
-1.5152460501060752 -4.506632525708025 7.283378647629933
-1.4471638651993115 -4.04032283546588 6.135798290406685
-2.418417615521157 -3.7347752380812014 6.733054620131936
-1.5958523534359887 -4.728036926724228 5.378646686796422
-1.5080365031766025 -4.301874589933009 6.51336613214744
-2.1334340140750925 -5.118545758706547 6.356718968881956
-1.1168336359756446 -4.567831337750346 7.142574197053886
-1.8537772820881036 -5.343779189372117 6.803473051690425
-0.7451239086350255 -4.8606417621893705 6.817628502531468
-0.9565677275319562 -5.5536645117065175 6.305275233848039
-2.004063504424761 -4.8216757756948025 6.7985171538764355
-2.5347259857833917 -5.110802598352909 7.77068838715863
-1.2870386052072613 -4.7225468450109505 7.087556648633888
-1.9474593868818328 -3.841736716108291 6.458613981847224
-2.8584099099771176 -3.8954858161765538 6.638587106798391
-0.7892722973319487 -5.3303146875327965 6.702463682523031
-0.03154279441992012 -5.071243818070099 7.567279648528499
-1.600697893238551 -4.27422050354006 6.815443433769314
-1.7734909856957768 -4.7431824976478705 7.350101964603844
0.22529075996236522 -4.641109053976508 6.812627995375979
0.43806910325487614 -4.439257315474596 6.689428999376482
-2.079726174428861 -4.810863060370107 6.020456436792813
-0.7032779196660266 -5.586779958293721 7.082902074950393
-1.0503521521790022 -4.976207544948023 7.217594271862205
-0.9861650483244283 -4.440076149061394 7.015519495294627
-0.5935713507403941 -4.807358910886842 7.27917693533669
-0.8251740482296559 -5.430398802400388 6.826447533483289
-0.7996424464599946 -5.4227907594268405 7.402835893726142
-2.6649277724411737 -4.47777648173493 8.239333919036765
-1.4549950916874876 -5.020355076807421 6.873912916336252
-1.7576560169683986 -4.680288272935924 7.273986400295688
-0.7598101735682294 -4.184552363561207 8.49945241895596
-1.3705080954709774 -4.754462331994388 7.259041465500495
-0.959891574038083 -4.368432904480533 6.751597994109617
-2.154094621609149 -4.306668842757726 7.477779626052012
-0.11053550444993293 -4.864093132271185 8.0566875615127
0.523924238958338 -5.217611436003792 7.396103667681579
-0.5494870314237991 -4.878671529688908 7.642662244582308
-0.3082566484252832 -4.827897807151383 7.5955666015338545
-1.3679386918047978 -4.333575110598383 7.516141085795367
0.38679436483525276 -4.7431211582633095 7.792248756043109
-0.555634517264581 -5.53958732675546 7.245296649276054
-1.5135819306141387 -4.91862457894995 7.418738169351733
-1.39307885581948 -5.810669124420391 6.6501034306214715
-0.676560627733097 -5.261575204400202 8.035028775488632
-0.616771936800829 -4.581998308094703 7.527803489075039
-0.891341590488614 -6.0097175941945205 7.401392370925192
0.06915998541241725 -5.379942339105014 7.963580526437918
-0.11027745277611573 -4.655898468447847 7.877777242218248
-0.7648035951955933 -4.509924335381119 7.07625013254504
0.21434484334608692 -3.6994401087876394 7.419576699309745
0.6712059276681392 -5.063799285853772 7.605217807597989
-0.3442301408143919 -5.213746350590209 7.7272091372940785
-0.10534039856945765 -5.43846814040843 7.612556552866497
-0.42640298256476955 -4.9352138383780275 7.482369382796088
-1.08733479071053 -5.153926643376324 7.380210865296854
0.42438417189983074 -5.477877963956708 7.80494666948433
0.11197386440433515 -5.745093168823909 7.160998451457571
1.655705597451295 -4.629517725521441 8.024778140620159
-0.7776843823316777 -4.792908385450122 6.952705878154808
0.2617165445328562 -5.3028901861944595 7.710323162040814
-0.05182952572814987 -5.391667814547834 7.952621782093676
0.908158103762023 -4.599691170389778 7.413266718294764
0.12631876549249618 -4.7273706279373835 7.469520334506701
0.1850738065357139 -5.112826820608084 7.322842976734436
0.8910328866213201 -4.570813881177973 7.374644782856229
1.0829289295023803 -5.454909472853422 7.920077928435107
0.2300350578877838 -5.500856085127469 7.136938678337626
2.15158469440007 -4.454804772158022 7.913986856002987
0.22240991881482544 -5.777932313348582 7.490100665389918
2.2222437454084227 -4.522422090661848 7.938696920420793
1.612100088145667 -4.830958492835888 7.122228908520644
-0.2046289136532858 -4.928225750568589 7.394608216735886
1.3871205419078427 -4.111347828965698 7.307922520452518
1.3418889454733816 -5.008808774445268 7.188857138079418
1.143720802120483 -5.624642223230108 7.822526657477572
-1.2021665877566874 -5.032824700170896 7.943173723939191
-0.6200167236760756 -5.1454425542320985 7.736169802424851
0.612337033880111 -4.849420642791833 8.32903398170639
-1.5879336238863218 -4.4271604471076005 7.276304588510492
0.41816053222775257 -5.405256837230608 7.571110031826372
-0.034824786065784735 -5.361457754473356 7.479669763286901
-0.1377319864409398 -5.3587460230651445 8.299573901741816
1.0248125481611885 -5.400074019278244 8.118827515703197
1.7398918554900453 -4.9300641688583875 7.754750313394382
0.5626106643809222 -4.281779075291763 8.785622506554965
0.67251598968917 -4.747196652565224 8.164572811209748
0.31499007221736436 -4.828669757774592 8.688828421898368
1.622849692288591 -5.2075554976114065 7.213197113745878
2.923120821043964 -4.7293728207834995 7.848227888037311
0.2370151979947786 -4.686919397010417 8.370069985771224
1.6722398303283412 -4.046926184667954 7.58163557625915
1.4295747205438658 -4.847899842114741 8.069249056915202
3.6459103922880347 -4.404933303863349 7.656154296576222
1.0504142924822577 -4.310888623620849 7.699834716486795
1.7142008673759326 -4.902796704614104 7.867135771588221
0.9998987805272959 -4.592351367072281 6.688539691847945
0.48710823089250993 -5.03473540739787 7.2945313537430145
1.5082310174156388 -5.3486848586653535 7.345118341608399
-0.5874128978564047 -5.4994963835146695 8.106730554239029
0.21933993690931358 -4.7910935129787475 7.418699331750177
1.3353390367919884 -4.4835930875782894 7.655945198044527
2.1808353543630123 -4.542849735005384 8.317445444750838
1.032279100166473 -5.371999360543615 8.949601780098378
-0.6065547622322516 -4.351418407129299 8.438521415309003
1.6672643334130972 -3.829295909871288 7.924232425314208
1.2555614712634124 -3.965310170043569 7.291581502247167
2.687186774976253 -3.9196320692555227 7.985127660879734
1.9825651561689905 -4.025631480701135 8.168825233189066
0.9321924141256691 -4.669374261155583 7.103149807785587
2.562822636624847 -4.348148413526428 7.330803168740443
0.7613535103494665 -4.8107111842434485 7.561301850611637
1.579548962417318 -4.2583156656631775 7.539190562204583
2.554452805706561 -4.255873076482781 7.318644181629403
1.7212606770048826 -6.439679899248609 8.001877900611134
3.014246583654431 -4.5604248926859 8.580009432880052
1.559571121876913 -3.707139568979706 7.8759192010862815
0.7563495190466096 -4.69025042966607 8.623301403853153
2.623424913797279 -4.633354834649291 8.119881836463923
1.2502722769525887 -4.751771941488935 7.795351720427251
2.844848820678235 -4.368504970741329 8.215473059671387
2.2383204540421113 -4.694657419768444 8.679395421138661
3.5925670555971028 -3.737365211311638 7.522657366029186
0.3061320918114345 -5.747571454392298 8.223834500647135
1.260393374784945 -4.551058104612785 8.015693765687207
2.5284986247824666 -4.436692904003533 9.016063026891066
0.31679923966735923 -4.688522714803606 8.175712333143103
0.5380316210784817 -4.791076162563824 8.322128209933522
1.017518660699904 -4.561715645552216 8.487404112853037
1.7755755956136443 -5.027556233930769 8.762726587267288
3.152918645160141 -4.916958062779132 7.693307786222644
2.6666817439894737 -4.095098060357018 8.116263253105677
3.8182263126376323 -3.945632870840706 8.637297100618134
3.737378422499592 -3.0831123353599477 7.891712503524029
2.6171044846471667 -4.443473579496731 8.821936507720745
3.013262871392041 -3.2861274391962567 8.518296792039997
3.511595060990931 -3.6711144591293485 8.07686146756355
2.6750647826907654 -4.156064265778186 8.797469240381858
2.641042069516776 -4.847832038538717 8.708751962540322
1.5865498091712842 -4.124011179572856 7.755902953900856
3.2330670101612635 -4.768126492137328 9.353914820694074
3.065178751615226 -3.4391258905764563 8.43862505398851
2.555863285758515 -4.947363086415079 8.714491608963788
3.186986513387258 -4.003243370058986 8.005938037239492
2.398571832886891 -4.178641574463157 8.374356592970274
2.6848615890054335 -3.9627921536506885 8.776590572751662
1.2248217324594546 -4.364083732384064 8.712275972027765
4.5184206006494945 -2.525936995629415 8.07113398752644
1.6032436808162112 -3.8239304057676557 9.2564924593614
3.788446078133876 -3.4158901494222293 7.940856670709918
2.4979583109610197 -4.535842896870635 8.433884424875309
3.770938353085546 -3.9850229560031902 7.5849970389538965
3.2149064349340395 -2.685109929853119 8.326610798672476
2.0667611996407387 -4.170804520132706 8.129822676343423
2.3002571996497694 -4.528639963157623 9.19169143681719
2.1472252039761255 -3.366984929170964 7.900692618527032
3.6064389906970935 -4.3054271584652355 8.58808191842126
3.0666174981380587 -3.3252586736787295 8.700765187804258
3.1410222278218844 -3.894102741233257 8.788293240373257
3.5417257268791142 -3.73456801791505 7.978494588627671
3.7163381002753235 -3.4138982545577377 8.445021451687351
3.677425254949056 -2.4110023628544135 8.691893196341558
4.318340335458621 -3.006885632981734 8.709312888302595
2.8986459241501543 -3.2260783635937726 8.771190996274626
2.3319773003408932 -4.959978491060101 9.21753858646851
4.185614121695695 -2.8903566545979262 9.247958179337143
2.6025097317074746 -3.8414443652661947 9.087149441170428
2.6212976114960718 -4.088039106577085 8.729615528357998
3.030792155141328 -3.8089577308116143 8.66337608972991
2.651943984667719 -2.9862780943976848 7.903618942361698
3.553521940093645 -3.3945202255599485 7.928090585301895
3.2832301933904695 -3.6833338190499654 8.876398184575876
2.910080772208098 -4.027968542931504 8.777264575392937
3.3420207311213783 -4.415117797274585 8.803624894249397
3.34599836925786 -3.0711151936355834 10.514711429221919
2.7016717328659756 -3.200797093587892 9.145964167675587
3.4707683257017683 -4.613185311522817 8.931726597152046
4.175453334744063 -3.4037887045787985 8.284119776411586
3.4368749263669183 -2.345473881139315 8.274908097193842
3.735644343578159 -3.4310021861622912 8.750996501289952
4.650240885514883 -3.5090822434233715 8.053865415042065
1.9385973035841038 -3.9202576634718613 8.702455276276023
3.8550120988709224 -3.316209130596171 8.659576436626642
3.0224518762782044 -3.7205536269113564 7.738655407404062
2.573982874599939 -3.4042649783904024 8.129254147988787
3.837105396024144 -3.805984010169443 8.817479681465294
3.668988906704258 -3.910341945887263 9.357541322949027
3.6366126181053064 -4.102845265756861 8.522613166065275
3.100694928831657 -3.5922217179491187 9.006760301958348
3.6526190811822716 -3.275799782748637 8.82166103999028
4.242575163003512 -3.2524742599123386 9.052327154657641
3.097665335500465 -3.2451417499264363 8.418489570179347
4.227766763519005 -3.183789219663146 9.554927333169076
2.719809235254249 -3.27574884696585 9.231578426395503
4.283021064577351 -3.3449774511181047 9.323302469008505
3.637578576102254 -1.5525105412456712 8.231905405184396
4.604758269833307 -4.569023042202969 8.167949137024458
4.239092255096703 -3.9181626985711238 10.212710694729234
3.415330354097678 -4.373451561220035 9.4277630184759
4.095031250311153 -1.4152174027304187 8.88570630821371
4.741966273278549 -3.3220598131492585 8.84943875778259
4.0142920063381 -2.4855702640766966 8.87736026719005
4.115147990989754 -4.257831163064169 9.250065224035987
3.9308625558259536 -2.8509370114653487 9.282983482428776
3.9893717501575847 -3.3613041528069445 9.03923672385822
3.7355335568082526 -3.0279964169825306 8.724135349083163
4.3471991513495825 -2.3022674518932313 8.779148226673119
5.26969529746787 -2.582256058618583 9.999977870273732
4.105078969886445 -2.2860552058734314 8.309359057805565
4.009244201766086 -2.5107905849372276 8.547746319788931
2.5837613893945157 -3.964382411403642 9.708151409897695
3.887268065715952 -3.362241740354332 9.645474528324609
3.298839628073363 -2.5247877161547745 9.500077342178368
3.911306808485026 -2.935665692023598 8.428753388223555
3.511446891596568 -4.219003835870767 8.71008416011803
4.182085393487951 -2.8519020913615627 9.600017733210178
4.356913630796176 -2.4053253030744384 9.974927195491748
5.976154314781376 -1.3793664729160349 9.073221856466681
4.772149538287423 -1.5327136633830247 8.640219195208761
4.019517384721373 -2.6764805091699344 9.925465623795002
3.584001972594465 -3.729991426519921 9.286736277883596
4.0518132158373605 -2.685943938494526 9.581947631137972
5.117163945693814 -2.7813554041388677 9.148473126461349
4.088486615372086 -3.2966063786397517 10.190979935374717
4.2511459688877675 -2.790808742612532 9.220495395995387
4.496534355642701 -2.433271246029985 9.512352836860787
3.7597325341239842 -2.9591095120720827 9.697512703706918
4.124361971322498 -1.500526886549594 8.591643770305751
4.28314819541702 -2.2173898898734583 8.9611692561202
3.2257163243867737 -3.800684245087953 10.01895852362751
3.0460341887028735 -3.8312347715103736 8.745658372391507
4.803430365505739 -1.4883002510231338 9.197941656034896
4.624670417268411 -1.3805375868786434 9.652781210166232
4.234442915541464 -1.0548772237435255 9.175826144579595
3.9536306539617643 -3.9983712178787374 9.438451851827862
5.343586304659092 -0.12264633128735657 8.796335603431812
4.570800641738683 -3.9115771200457017 8.849819634812985
4.875865230382497 -2.197026670116206 9.525958801811111
4.882541997097399 -1.2177366261274067 9.931387528395922
4.918850098541723 -2.8770256551400157 8.937062170007565
4.720504958306622 -1.9326181215674625 9.746238598233887
3.552056299160117 -2.5592204305622084 9.465342180867866
3.87585271239535 -0.9838753007106046 9.471980251965302
2.5396295639239996 -4.209284810876034 9.18458615042048
4.320820997007095 -0.002497992806327537 10.049666182768375
4.354311940743312 -0.33898287620599443 8.609446017818637
3.836675383760749 -3.0102062968408485 9.306251589915444
4.336486322009162 -2.6546264703268005 10.581684583498834
4.461260052349128 -1.6663219398408033 8.713522080746271
5.533127699848854 -1.759081496537611 8.959853530877705
4.9210404693965 -1.0142150560136263 9.764360375552448
4.7182259582932105 -1.433806922575059 9.38406188615928
5.225496401024215 -2.2018202675077987 9.87495677943922
5.009451966699913 -2.3256253434595724 9.294439580529392
4.462152131848289 -1.6436793598764279 9.286000418834488
5.148259293573488 -0.5188538530715618 9.556684200808036
4.50599684309997 -1.4534805251997973 9.813634008306133
5.0145556815045085 -0.7738729727909479 9.645477967651624
5.049049692318818 -0.8944108645576881 9.184009881523489
4.7884431514238015 -0.7501506746298766 8.548032873785411
3.624545365632662 -1.5703265336493564 9.67744517824312
4.913920561693622 -0.9272516052476999 9.066614408968675
5.2038757219646605 -0.5472836651347365 10.0472624026298
4.852905668672659 -1.1989787022276777 9.73851729785
4.5241284730343505 -1.360821240609001 9.643768606401887
3.945304771685136 -1.8761201887177577 8.923497193182065
5.2102552186222475 -0.8615101102889277 9.812687646825285
3.4789259744486234 -3.4325914904665575 9.048158755263703
4.0055600828482625 -1.8185648740877718 9.965987439694802
4.824519596581926 -1.1689659440111608 10.269917568083446
4.081356189702622 -1.1366074053095363 9.379886816349613
4.4551038631366 -2.277372947334712 9.94455790112342
4.899053789593367 -1.7154941280057976 9.432888337902304
4.745193799251729 -2.3803188270635185 9.7983519473443
4.906588900018475 -0.19458678444406594 10.10420965272679
5.062945693368612 -0.9830114174688095 9.521238859588685
4.706721732681023 -0.15893888090122493 10.678114248081117
4.004042822504731 0.2830175266134259 9.320732561464979
5.08548469491936 -0.13657925094884577 9.764210251436577
5.044943405102945 -0.9512009170427622 9.572843403339007
5.111159247928793 -1.4961943305305416 9.650482414457004
4.452163692073337 0.9021486609663606 9.180322442677442
5.962806258739993 -0.6495493892566953 9.553110041643643
4.953285800944117 -1.0257806782065644 8.89326403305316
4.734580567054752 -1.903782152377151 10.134454046261757
4.705943993575634 -0.42046238181362433 9.21100371921016
5.268259288193265 -1.6711257063577307 9.825882782400157
4.630637105855988 0.504099524198414 9.949915431590238
5.210230428933783 -0.3186710652237754 9.771190817036466
5.419057455101884 1.2988762504608344 10.309809365603785
4.2232715086889865 -0.22972377880258088 9.351699704837687
4.955048685202056 -1.1622950800348593 10.21801099584743
5.53493771552913 -1.427551409344686 10.162508011114559
4.969497877835165 0.020346804677830618 9.834314919270437
4.591512484549058 0.39781387638443444 10.012474115222018
4.661658235289147 0.7660930752899103 10.455919790228043
4.139500185867009 0.8613381736554819 9.630276571729434
5.257551032004824 -0.9046134675527664 8.716439592789593
6.209416820310326 -0.7778237609154816 9.464001877847608
4.977229135131749 -1.5802573102185982 9.501426071058592
5.481403895362885 -1.3947473388367526 10.061169965329295
4.798230572705341 1.280543973987674 10.384099102859869
3.542515410669714 1.0303295262576952 10.353931100215048
5.354818609719107 -0.6945145351718828 10.568492651709441
5.364995593726837 0.17940324527538312 10.849917286048157
4.572543218434392 -2.185375219620666 9.29561049976434
