4.431482339738665 1.001772141232105 0.3731556491286127
4.687601194660823 -0.09759854443503055 -1.326093447893205
4.591959531301458 1.070309224373394 -0.7852226192070628
4.644347408564579 0.9402167635115801 -0.6538160305949545
4.823206261492894 0.6865937836718239 1.1675790059329862
5.294281089860452 -0.09321055461004239 0.0544527342761745
5.3168349983153185 -0.2343300061295138 0.22235767895050865
4.558662625877648 0.9075693091423056 0.42601464388042454
4.561606516205445 0.5999043456122723 0.39457609855824105
4.3469283975475435 0.7205787761808975 1.0295842668671311
5.355758971944986 0.02176219025920358 -0.09884365661449826
5.194222544488729 0.12589294057301953 0.2812076346944405
6.110876188848815 -0.5208821020135278 0.13471562171085735
4.7417521215460425 0.9101614814844918 -0.0850014140276707
5.173646922424929 1.3562987655032988 0.35947859477857125
5.823190026853547 -0.8754096506393804 0.5695285559437736
4.751187340914641 -0.009435284676043815 -0.034546310965646754
5.616418315088242 0.21794931749709434 0.48030716441848
4.64009801915637 -0.13731409422373253 0.0904485751637972
4.746730714280645 0.17367486226340545 0.21335838929500955
4.305624095217814 -0.07328393536159893 0.3466740928071206
5.884202345593414 1.4940137524347363 -0.5786139774639236
5.922625902430062 0.8353711061134614 -0.32775963767579763
5.092956556986361 0.20556748029341582 0.8815630018252731
5.234539598900654 0.8788695226264231 0.4065817688484523
5.04626559750789 0.42987986030733305 0.7078260945048485
4.985105108690692 1.4890815667618365 0.7924903977334979
4.857586254522759 1.8371890022479729 -0.2938569156437396
5.402223459597692 1.5093029932797872 -0.013241837318452465
4.450341240831291 2.23862173434856 0.584111176696803
5.265613479905285 1.1518011093001717 0.030166884632636892
4.367129474862119 0.5500968712790125 0.893050977208234
4.119911187943228 0.052077330047009714 0.03283603025661758
4.8553872057094205 0.15220979836436277 0.5389935919498918
5.276430855238767 1.1270868227544528 0.482576782478747
5.625023224505092 -0.19870321903420005 0.6864464185886707
5.102268403452272 1.268014306907173 0.27855757127852754
5.485982542239996 -0.10519383896165149 0.2241644769522277
5.534994263661802 0.7134430475777581 0.3793276934648146
4.969830264498849 0.5858682184979502 1.7256310885837651
4.932484180596446 0.05610199152005448 0.33504964367364576
4.290837325258089 -0.30630994199066025 0.9152723254916223
4.17785702938168 1.755280424643404 0.1728087244011591
5.471822601029561 1.2410876117873593 0.28517364980760884
3.5059968251064064 3.035981084481399 0.6873423240223693
4.356516834155293 1.7511476460631228 -0.6592755732328477
3.903084650841519 1.2168865936986457 0.8797148466062665
5.021854264073835 2.6127986163030457 0.7639720446924686
5.001488631330843 2.5402652573254234 1.2603833114105845
4.4564418903708845 -1.2190188246348501 0.9254618511823456
4.959445623791875 2.3241035337894123 1.2281213736244196
4.230165413870867 1.2068592488802414 -0.6259929873018981
5.636197293443835 1.8723000147607625 0.4675144855140525
4.151872822213623 1.6205716804893366 1.2987010856914605
4.030667202208421 0.5020612471126991 1.2060074259104558
4.7255548135658625 1.5001440763326472 0.5915335526133872
4.10573326317351 2.4303318836786745 0.7536858741938712
4.7002998580656286 2.32615973298076 1.1806658180341363
4.602795657724726 0.47572796301930403 1.0021644819672042
4.737179109509568 2.6885926523186736 1.3345094111712332
4.948776062439339 1.767232014433394 0.20621544685200272
4.691541769188919 0.2923121038774878 1.0886668326037632
3.9797206343104037 3.2820916569322325 0.9916986671892865
5.04948575054591 2.2760915961909522 1.2121360074773326
4.504607800961834 2.6430135138820994 0.9443655465749436
4.386615722444036 0.4435413963614526 0.8130630048150823
4.557482379368265 1.8659329124395843 0.9159080162704528
4.866575491657711 2.6724748310554465 0.7568573078231029
4.7749916782007 2.2732636285074896 1.0934583062585101
3.6660519075667146 1.1158654053054027 0.503953768238542
4.172588342582945 2.4911573536471754 0.6641342104478629
4.206526880371744 3.1198723111121356 0.8757306415320181
4.0992871741588175 2.932262827969425 0.2953100561952037
4.946208973023003 0.4198656468482447 0.7230264479443259
4.442103049960032 1.3212280492221085 0.7844436648539911
5.016643941201419 2.2862194317335756 1.2839248912689483
5.032898742358623 2.721868606573421 0.47681251158048055
4.2010569610036415 3.282731679425844 1.1023180869804285
4.086217610672468 2.873188067940869 1.4583297542145717
4.502164218049083 1.825481995317624 0.5665871805996445
4.701205767112341 2.4339705044098734 0.6734855232679196
4.4597153368785145 3.6770282467179123 0.5846900187045745
4.609020744968693 1.8704041234867843 0.591162197605952
4.626864560423712 1.806815689554695 0.20864475573308983
4.882200061998193 1.6667331153953624 0.394818483089861
3.694704266378084 1.7866207621585333 1.3559003097519322
4.554876831364339 1.8751011230650316 1.5015475056301395
3.5155760413010304 3.02405405135177 1.2498129278005201
4.317186914405211 2.0241898039337 0.3253514124289293
3.976624534668423 2.6261538246676386 0.5309913800495798
4.6352944241872045 2.504214644614382 1.6052161995527383
4.231337850478625 2.172811280574708 1.308245376076091
4.925249904596076 0.2467557116727865 0.4730255375452209
4.249947384733756 1.6267857721355863 1.8055273624564259
4.275061585421816 3.008332646908049 1.0197056261511706
3.8701712042530327 3.3076476365181935 0.683529886543119
3.4145014551107025 3.2991852657975946 0.7438435935035035
3.932039335984921 4.3320880774567465 1.3229870980211658
4.570874886452333 2.1927908416877147 -0.19228786999211045
4.0562537529909894 2.7022972891738326 1.4583816636893476
2.581854773748389 4.930028432030745 0.37186812585184403
3.6722623409760304 1.840677050302036 1.4998619885708864
3.5555268572770484 2.7145084372553114 1.2337246716897414
3.126973565452935 2.985077532543773 1.0255815058998345
1.727854289592177 4.196303727212881 1.138883807707903
3.8884385087770603 2.3721637920500016 1.2727641021441312
4.213098306108802 3.0784991156174915 1.4382301192759377
3.4713399689094855 2.8932898408750143 0.8795301624708094
2.6531939363917494 4.434415952978072 0.8296947663696013
2.7366091807084962 4.301904770999088 0.10019692995884377
4.129574456302378 4.1552087630684085 0.23198619979745283
4.179384174759577 3.692146230088516 2.086580460115236
4.699052309908018 2.885696783800149 1.2041608200110456
2.6734280307296343 4.013655865820136 1.2889892505114782
3.8578748381995775 2.3770076039296204 0.6958112681090366
3.059735797136743 3.9638734441621835 1.11904478756661
1.7671758066387737 4.791995766010399 0.8987483866947072
2.253094775422723 4.380460588617256 1.4092941979504277
4.393032432925445 2.543326117592773 1.4988733757572188
4.89840860920888 2.1899579465235037 1.212174263709034
2.7788296115253597 3.959365364225012 1.4498218731278791
3.6550907666203436 4.1075888281127515 2.0976289544087905
1.9724398531418248 4.2878795896656205 1.1763780770614463
4.480512320312133 1.3097520328231969 0.9102691620038614
2.342061466745119 3.728374712888825 1.1785145216706787
3.8598492613777076 3.030558731616503 1.9127111826216985
4.379726065355158 2.194357837574948 1.5188772699495268
2.438728920548856 3.2932475159745755 1.4867277631264058
2.360536618686111 4.648541390940505 1.6545536755201211
2.8081232421128255 4.9024025467345504 1.01779492663114
4.242598622946491 3.4245894891995743 1.6246125874279755
3.0722779549815 4.3286868996839125 0.2856263325273207
3.6109456187614954 4.586764529690314 1.3671585712897045
3.4780645895610065 4.527141224960872 1.8262927173549761
4.684340040070628 3.3725917440709354 1.2419233430135208
2.867646528740393 3.954056265905197 1.985019012650235
3.3824638794544803 4.009431629100479 2.065568174164955
2.438419348449784 5.0028513122138465 0.26014593500574623
3.111606129573356 3.389405626017873 1.4226897782251708
3.588038347285327 4.684474474894193 1.7697190610067308
1.8293484126305106 4.184101150708189 1.2099451560930454
3.689820182278919 3.301984070055867 1.3410202449401356
1.4270798441683499 4.174074966715081 1.0800043786880862
2.6010075521317795 4.066153132274396 1.7873982174012895
4.1582790513217045 2.2229084821614924 1.339222212484342
2.14518634426129 5.020826585445626 1.0363150396484233
2.1858860656278436 4.000497802274439 1.7850921963297903
4.155401846772979 2.9260721031975327 0.8822493675330246
1.8534057332835492 4.1241874346023195 1.0011204782799425
3.2027260010376053 3.6316887842318955 1.1844074532786264
1.7624816573479902 4.811726888940481 1.1061246811592076
3.531761389083828 3.729028782616066 1.1749124924015035
2.5187185089240187 4.020483527320857 0.5330625860371447
2.9075992314998143 4.060171046453158 2.098760916452458
3.1902506312032095 4.614646013640803 1.4043086131877267
3.3703032695394226 4.519623869503647 1.2968826708715508
3.4720081802739022 4.5680724350232955 0.5061876157219569
3.954358574395981 2.9201599175059934 2.3788430004164605
2.0395314631574064 4.2620014055528275 1.6516294394594648
0.9571315950500132 4.275896502541156 1.1958449448986386
2.640768657022717 4.173299315543749 1.8067919439336828
2.2114963853955074 3.7921780537524583 1.2218969409315523
2.920867507982305 3.906762093852104 1.7518683857915516
3.07474549792713 2.948154267700814 1.7034966066728536
3.0470736847523137 3.73582834401651 1.9264601190218351
2.2552745048791616 4.039903105015049 1.4756042813789567
1.9447486339979674 4.822954092200639 1.6818035693086473
1.6149496591169061 4.288244125236368 1.9606511257573114
1.5540527303611595 5.164878125075424 0.9429934978566314
0.010794915923880178 5.041709321530004 1.976965852140962
2.727601550376425 3.536215801030489 2.0045831996833936
2.7572926719539574 3.5874867132410753 1.5587778297188426
3.714214961754389 4.213896512746083 2.261294519675632
3.151791376014234 4.460686716726062 2.437999514450476
3.6675758580341062 3.6105060687497907 1.740618318120339
2.19673740458979 4.24169252774762 1.8120311529755035
1.96481568082573 4.080824323468777 1.3601637960067077
3.029531441786228 3.2187949658625685 2.8966302939091015
1.2280904649439197 5.071393947456545 1.8597397964388498
2.565272554025691 4.208421679233333 1.7116113819836267
3.120982201191516 4.397296169095778 2.042329724133247
1.8647357117173233 4.9106139364364445 2.2386614762980854
2.122156304667892 4.372407607202773 1.5528418367960417
1.7329959926799812 4.729811101292095 2.348638491621398
3.68680203905541 4.152308128753035 1.508105657634222
3.4287656254549237 4.031400700072776 1.339298225305976
2.1403646146799407 4.292324370079485 2.6392306613474985
2.8220423755486164 5.216053516098972 1.5430114736964033
0.48858757429770516 5.056103629183995 2.488751686041489
2.721346453488346 4.046170408515835 1.7239952391853675
1.1992765763787616 5.360038404553289 2.343507727533125
0.6613340201735403 5.391499117046038 1.552424663149493
2.0089856891696116 4.571701857033842 1.7247883043644194
1.6971187541441763 4.538164824203273 2.666827744212645
2.6364759943443494 3.8834417232266514 2.558019373140083
1.426329576612133 4.940056340776258 2.274771548747188
0.936896062488679 4.97426737093145 2.210060401005996
2.961140717630998 4.62648930869631 2.242372202444434
2.9285010195147443 4.505003205245392 2.5007292016026472
1.5514511435085592 4.37157634891035 2.172239104771775
1.1242355002588225 4.491083823204029 1.6839707424415093
0.1136145477359938 5.063352335723489 1.4818874484441178
1.9222519398452231 4.360106344103827 2.8226093296023977
-0.6741832039246954 5.541312862437569 1.4684907560906766
1.0348337922634463 5.246311157190349 2.529833669807854
1.1790299315602244 4.592085510441528 1.988663086231553
2.1720019007212086 4.526629123727159 1.864229986867692
1.181851864308012 4.978327523198039 2.873530208800131
2.0760980193698773 4.808487343474397 1.6862936464569722
-0.4276720969186182 5.3800595930123905 1.9556930177597918
0.2591247836940038 4.550464441837222 2.4785228523607103
2.266541071357267 3.846992075600554 2.423600121611603
1.4762273709268243 5.3596400342352855 2.225396060303914
1.0719985927104891 4.783139872714783 1.8362184504157717
0.9579866900262106 5.670157891734604 2.280508317367044
0.6398414738615438 5.365050273866662 3.0332794217911014
1.2131682148727867 4.582572591481825 2.2151707478041516
1.1371577760324052 4.355854036543284 2.596716281753868
-0.08637990558224623 4.302271459092184 3.0853838689662956
2.077106924096389 5.205519998654285 1.4668678341869885
-0.34254975057428855 5.110118390100133 2.1925500782375456
2.456036772126083 4.51336113713157 2.5986004215434146
0.9442732944846955 4.6590442601110675 2.074162992738284
3.2225212018739016 4.415574325215569 2.320282292328193
1.345373473240233 5.269472290254173 2.7913011075022482
1.5000587256126168 5.591974551858602 0.6964251304657856
1.6266996134568685 4.7288662173181715 1.6575903797621923
-0.5652039467053824 5.040415753720065 3.0230904798059175
-0.4874850978640786 4.893977663748099 2.057426455014824
0.6016089565771922 5.042840150486321 2.479387449750459
0.7399288872989724 4.336807237135709 2.515281472245033
0.18397709669829654 4.929613091038653 1.9642123531798605
1.446148813772955 4.106090995695473 2.2292547822074886
-0.004657021483628152 4.864406435125289 2.3999294874337123
1.0999814187982269 5.100434819305041 2.4322767481437007
0.9453758581137416 4.10689550212003 1.5838456531527298
0.6201170464144656 5.7108864113527105 1.9498658000718523
1.6532511816037485 4.591146500948377 2.6983803512233444
-0.5296353847528112 5.033897806529981 2.2076410669247863
0.20150181907121414 4.00435983796707 1.7856669724576024
-0.17042954283221448 4.4604884055661325 1.7489017219752285
-0.1469399284331034 5.02159821073721 2.4041917885922257
0.8102612390744562 4.8584084509327194 1.3821194530916625
1.5767402649599045 4.431287349372515 2.9980225848971425
2.715519436357604 4.9820673712412304 1.8621218783609277
-0.30974801790983636 5.46143823167622 2.1347853143422135
0.896279524397015 5.1519096245002745 2.732947788052541
0.3693672208974819 4.441382700570894 2.6969569226410024
-0.9956455403978386 4.368882408074792 2.5130898911642405
-0.35105654730604435 4.564032083028337 2.697538292211717
-2.07088215550695 5.520094289041999 2.8306495855203964
-0.38595882212004595 4.4644668153525355 2.2857165955402565
-0.08632812230458153 5.606149920619886 2.0473738826595076
1.4989293876363678 4.80661771322966 1.6895591011752331
0.7829526444908556 4.926467467198955 2.29652811059212
0.45430153468762113 3.9507171181050027 3.6592583617484022
-1.1390939213794122 3.828875778389808 3.3342985452122678
-1.0877689123360146 4.883555183895959 2.9800646462565594
-0.039136543197918754 5.0877450983456916 1.431632861902709
-0.4527822784200181 4.496973830942807 3.726104988575404
-0.8737240372661651 5.81328353117923 2.1539470720717424
-0.702590994022641 4.465493098047394 2.6962203772630127
1.0866766736343487 4.57214412318014 2.4204155582217224
0.4865657959074184 5.094325685153832 2.3977854084940255
-0.878915015210301 4.493812306487694 2.87800453366346
-2.3424594016110083 4.191201426176045 2.5137065239953187
0.6153494264834899 4.934049253488398 1.385240226816263
-2.129003100251243 5.361238206727748 2.687503260839399
0.06660359491800932 5.323035425671132 3.10345376389487
0.24937427907795065 4.9342056162300105 3.1745461316485515
-2.212275391990816 4.483805429708057 3.2754629715100907
-0.3082558389877004 5.188235839484956 2.5539620406091403
0.26064329905251965 4.908013122879592 3.015473432452491
-0.9375499554606439 4.955251094697743 2.717413438146076
-0.19480449255026008 4.748709030265703 2.682978363596277
-0.24900971270920624 5.395591832227115 2.107487407240349
-0.3787608305993246 4.561761637922005 1.2870080143733598
-0.24944891530821658 5.222345246039481 2.759833191145883
-1.408510376647648 5.120752620325365 2.5312872135002946
-1.0787214695616167 4.819135376885145 2.680360875158684
-1.7585054575499264 5.1789247375484955 2.856273688410639
-1.7571937735517629 5.378117449034377 2.947831506028332
-1.999871679567981 4.4877078518734494 2.549042523757251
-0.23030254383303028 5.469001125782986 3.3726493390487975
-1.6710418138960823 5.005866826420745 2.433729168298984
-0.6872798242788918 4.943407101808258 2.4729395433814187
-2.273780971935337 5.205550166777096 3.5391982333137806
-1.0688204490927995 4.879771806458134 3.739248890390695
-1.6414598433067769 4.94700804106284 2.7296511274467625
-1.52121345256907 4.423360308449641 3.760888706349882
-1.2647923286229608 3.933913131454054 2.2610915439212307
-1.6302932616840502 4.687512819837979 2.392665591845814
-1.4870431426765265 4.988759979368853 2.7247865302390135
-1.7819194942617063 5.417645385908919 3.2925455384384006
-1.064000940750505 5.077003389911455 2.984556655835678
-1.796210555962663 4.683034128142912 2.1532587978566804
-0.8087524729671143 5.572877786917996 4.3464196646051185
-1.1677480673268725 4.964702374657848 2.694162645114779
0.22166613644767433 5.614851368312746 2.70473668499338
0.891450499200085 5.638407385006224 4.339720451617883
-0.3801006005568657 4.166170186004013 2.9818629672832473
-1.812343381977681 5.591914622951458 3.2444799423946735
-1.6322179849190495 5.060414129634106 3.072953380122417
-0.8324356971541215 4.262553881347711 2.2715530350778894
-1.8644302807049367 4.533059688189415 2.250925391775264
-0.6096568511923877 4.293671006814237 2.792968915393556
-2.1483552058345525 4.72566189523771 2.339024715562176
-1.035300761068779 4.858075023368633 2.7980397892176883
-1.5933450625901993 4.4100304872256615 3.9496188328153936
-1.7341475078062423 4.7534461448525285 2.5948118741870965
-1.681243214301098 5.019197135254389 3.353475421223145
-1.4615468933366533 4.900777815302425 3.5417176484048065
-0.9352103730269568 5.094009098783965 3.9316311296563438
-1.3329462932474507 4.955109999303761 2.6026736523758722
-2.273800106768179 4.873023901856867 3.5891972971464865
-2.322303939127974 4.228164030098992 3.7610729106656016
-2.6846059470558203 4.59009599335719 3.4292092696285206
-0.3980570604774425 4.577307107312286 3.114833543522826
-2.134178555764803 3.298278013918152 2.977282739861752
-2.378342220692473 4.7816108720949515 2.794635740824396
-1.5924721155590387 3.8923956804463655 3.310602408788843
-3.942989760776538 2.6057127495771626 3.1023980347025764
-2.1400254488498165 4.480661633907161 3.5324047509617227
-2.6751120511559443 4.797701662316602 3.289496677336396
-2.3344430007374815 4.251418790549369 3.0958830898717005
-3.0186645732226753 4.368225329478093 3.7639705556924783
-2.8356211992492932 4.828504968698257 3.228132371426082
-1.818059878606946 5.889316121805059 2.225835770725518
-2.6266142792075646 4.316956833707434 3.2965353012906147
-3.6814203853094463 3.4856991050119195 3.6311760847814845
-4.977678591621178 3.293816509851715 3.792211481797653
-3.057175702047614 3.8454847477009766 3.0777539296108998
-2.7361184071152818 3.969964395192136 2.681452280736009
-1.2788837597588747 5.280756830818428 3.9199311058746567
-2.693109075233426 3.9287450968489113 3.4273222933038605
-2.29541864433711 4.9389656666510255 3.7877925149436185
-2.0105602765214567 4.686749520976071 3.1180217985130154
-2.815370359623488 4.024212839750914 3.1448355093150564
-3.4926406779654093 4.6139492532983715 4.044617812395762
-3.874885938867356 3.5483976544306386 4.043723724745947
-1.8940717466750845 5.003761763092768 3.781144282142082
-1.4797280054617852 5.5119852264071945 3.067613459439228
-0.9698928341571075 5.050204561915442 3.040987537994999
-4.245853261739253 3.3069544198328478 2.719153653497728
-3.3230202684768235 3.570996432105138 2.45975439372684
-1.4863772422543213 4.6219545324600215 3.020109855870717
-4.072744998173189 3.1765354744643033 2.843044341754439
-4.7713342596045 2.196567638648823 4.117706571999214
-1.2092643772606768 4.072273759710719 3.9425854336182913
-3.5998079623788906 3.7866861582517095 3.511969812176475
-3.5761041802801525 3.3389948721704887 3.6651248011092603
-2.0378151280133427 3.564302216528996 3.6229511621479635
-2.977025319014605 3.3496281241538126 4.158854761676141
-3.184451355467223 3.9008707593013607 4.45897896888033
-3.21593072809644 4.168781391258865 3.2921835848837393
-3.5080309922487865 2.9865097285147106 3.293604521966326
-3.6978719172505743 3.2520525863353056 4.451880696865126
-4.036309301285033 3.2070023851641962 2.7058096206362423
-3.3370031791877848 4.3565473261375836 4.247580905155094
-2.8316613678018525 3.4581498265420243 4.115292586826888
-4.622763124215865 3.1694644632945406 3.4569229879473493
-2.603619103879049 4.384771660745883 4.088962220026319
-3.167859631825197 3.0553764992937458 3.191065332162394
-3.8275592277947483 3.7317836261841952 2.808472934846434
-1.2048312481853984 4.903228082755333 2.845126254656621
-3.4527299614442635 2.711670436160954 4.2406286185905095
-4.71408758788095 2.646089798264347 4.208240997630645
-2.622555635825614 2.932394420610012 3.287610264143802
-3.74843309143682 2.446327672807485 3.915870584270615
-3.173142936287075 3.8355669291383387 3.1579154714565396
-3.4259762031483714 3.1894626433516784 4.308433619364756
-2.853558522477289 4.5599646340213225 3.3579397185623123
-4.064615975453167 3.1382544610622944 4.666939603019667
-5.216632422458901 3.1547279536015127 3.597328358697514
-2.3817826894489955 4.786333885005379 3.6936357302851306
-2.539684108797747 3.897664806705988 4.138217581485371
-3.0802709578464063 4.04652928525885 3.7870222392737705
-3.7765435865146255 3.044268591682082 4.383418027904124
-3.7340578723996622 3.1074661646404493 3.7141865635584743
-3.632675190482316 3.824529931265593 3.5642191145187136
-4.439161258365261 3.2959984554674913 3.575332483893451
-5.024338195847367 2.9119783190118684 3.946882458651653
-3.5504060715841175 2.998376591476204 3.7807756737655414
-2.7852390107499647 4.355445059173314 3.2354059872537144
-3.2408154846526025 2.5119633197660733 4.673329785902905
-3.2132562116072863 4.701836330672086 3.9446368964298126
-2.764144634568559 3.6366247670489287 3.0015398724604365
-4.678869582915646 3.244871419538895 3.0040676064365655
-4.084933689972565 2.5015685488419166 4.169640932799112
-2.7045321755160328 3.391206264265415 3.785481522001988
-5.474961807803035 1.9812317096962644 4.207528847346014
-2.9482166685785787 2.213549962291285 3.7335909993652554
-3.767064782379763 2.4903213089789356 4.425459363748331
-4.2601285942069556 1.8243240101834033 3.574389996212877
-4.478119531345598 2.954564023178907 3.6007779277260497
-4.768417020615788 2.469420270714652 4.555477501634103
-4.231958629406121 2.4337906783849452 5.007031394606661
-3.305785571170142 4.540686820493942 3.744190803212071
-4.5823847664680875 2.2203987500552653 4.359471451072509
-4.291947611033242 2.594492278335847 4.204504240814701
-3.321979670875615 2.9621081596466623 4.296850479088409
-3.497729329117459 3.7706207567736194 3.8249573812201163
-3.323739562011953 3.624411964532564 3.3074912528698053
-4.367547870532706 3.295223427444018 3.815006436129077
-3.7034632185809926 2.0844004006500816 3.953191734133085
-5.002366253381534 2.444349492377164 4.52425254085245
-4.441092669593721 0.9094454919787606 4.153431683026945
-3.227156639465074 3.8757003775159 4.157884321300995
-5.288278210812243 0.792023429912369 4.273948629303672
-3.3155656497116333 2.6122065134842405 3.198230968979725
-4.383305236450804 2.0973798954359415 3.6741790278882323
-4.688383753711192 3.100043516454789 4.819572260650302
-4.65355062650366 2.3257855302350827 3.6486444303657413
-3.5223423124916433 3.6415878307885783 3.9304408327011684
-5.419860439689757 1.573829895696946 4.216740270466645
-5.501995453401944 1.2042460175506973 3.7682355705632022
-4.070162526219324 2.2718097984155805 4.399454329104576
-5.329260546919722 2.8975694640990555 4.519007692011648
-4.043030347915455 2.367576499773385 3.6834598029038266
-3.292515887689479 2.3159651248898143 4.221156880738706
-3.5264506218045066 2.243720096717971 4.543238893313371
-4.440123077517319 1.4268332480069263 4.57183902202022
-5.035176522823313 2.5972077671789418 4.869439357006826
-4.008793243687157 1.1365018449622384 3.9533412888689883
-3.822653134999004 3.0999058250129288 3.7424501179916767
-3.8837878840872673 3.002118678544112 4.336851861069522
-5.928077176284667 0.7561171043626066 2.9821756397982417
-4.254625007855653 0.6622961946605224 4.955490336879925
-5.166746766491546 1.961235218247786 3.751692449139864
-4.4005977569582875 0.687525926253177 4.606435707337119
-4.348251336483134 1.93606861378326 3.5586351176659083
-5.384343993229827 2.131375789834508 3.952346495049118
-3.729084259526808 0.6880046090500191 3.6967297064347524
-4.416176173057349 2.0380375813449336 4.863454971764118
-4.6580482806794175 2.443993706429386 3.71483432494526
-5.329785162810467 -0.3454661928884607 4.380650918669026
-4.7177739803047745 1.0665165698358923 4.117981475516613
-4.507356326884115 2.5977387740400086 3.9613469295015697
-3.588402809395631 2.280505751278723 4.111549743761182
-4.684059336285271 1.3942082221843595 4.999006317012177
-5.12556062986591 0.273197382919294 4.131015993220463
-4.809873402688057 2.0087027695766033 4.61930886470875
-4.426560720931973 0.909019321793191 4.441708260417519
-3.4855101481252504 2.500516864246881 5.595052324415636
-5.26651046980168 0.9202650346586708 5.412464129157864
-4.834039047462435 1.4175666413088601 4.2285402922747535
-3.7311865356730016 3.775379956336486 4.838311812132581
-4.6504831090982846 0.24963566144905347 4.325793654307145
-5.2971442229690915 0.23557941059974002 4.861205163491305
-4.3422451052440945 1.2136232435923147 4.089021930019616
-6.083290483226343 0.3073579176194134 4.73270353367333
-4.89930320660516 1.49820162995092 3.498160579746696
-4.5734594134651525 1.265108873965664 4.87796259630644
-4.121766056767248 1.4878164631840305 4.560767350438104
-4.794684884876907 1.3501852134015015 5.011129128857874
-4.357132326800535 2.407063694879055 5.491928802016169
-4.158881976460989 1.6271310228927365 5.532362005014937
-5.01120642219452 -0.13920894886307178 4.720138322585453
-5.145727930284512 0.5359069552703185 3.7517383580896198
-3.332319002256795 2.8041527580703964 3.9706651828560213
-4.1465114302989665 2.1032048251290005 4.650707029547102
-4.643815602384656 0.4223569402516962 4.5673927190601855
-4.873873601277854 0.8491654971786898 3.8261781305971514
-4.703554587688478 -0.29185793720026726 3.88039803430488
-4.412413270663919 1.6895848869877141 3.741036997334284
-5.200139530986605 0.361849089173455 4.357694400362512
-4.486175901643228 0.18321429520981508 4.360614111662937
-4.613726717339926 1.0364902415669999 4.881251515162732
-5.248420762445669 1.4703624833241764 5.233054939501351
-5.401744419637518 1.1046949473344894 5.612064172739991
-5.228842773906408 2.12966780994277 4.4770867713266815
-5.024519693085938 0.22030885652903254 4.503054932910362
-5.271250284291104 -0.01628914131297351 5.06028181057079
-4.756080111590394 0.2580673167364318 5.515232005428195
-4.120694717640417 1.1149381377902152 4.7756308255391655
-4.900315133360956 1.4963384199596812 4.494284108871576
-5.127899716488731 -1.2860730881880578 4.465728258093898
-4.849465235803103 2.009267451473268 3.907416567095094
-4.176625389956481 1.9725593212578072 4.676146867924471
-5.024764598064683 0.10724710098340773 4.576318506794254
-5.197897463458387 1.4843364498092808 5.101777777861374
-5.0587988385265135 -0.11874402263900409 5.044825832129033
-4.891698343096929 0.3144861709082243 5.301462512509534
-5.656796618459189 -1.2684391614136816 4.137378598130791
-4.59728647309113 1.1019599186502393 4.408285902446258
-4.659108509548482 -0.6548840651221302 5.098768529399861
-4.183575858665566 -0.3705356401721488 4.52037794376034
-5.2694543290703955 -0.15972767853250797 4.418615924169023
-4.946404410304374 -0.9954906013024962 4.999319558132163
-4.190637070900569 -0.8859209780180028 4.958382642283796
-4.30744447250234 -0.5034645645299473 5.385087543888865
-3.9956365142420243 -0.41541309429957557 4.483893522864917
-5.116888962561429 -1.1369670140294077 4.538154631327411
-4.532656022702264 0.8335468438602482 4.499519498489287
-5.645580534947646 0.6412328246586114 6.043937167004081
-4.852324682985177 1.0034086393116068 4.628370757510018
-3.665470080415259 -0.07824677375254636 5.43623801821707
-5.438862413358315 -1.0651097783193648 5.086641842561296
-5.455626197463466 1.1629192026678543 5.041139948692282
-5.515204653022642 0.20185230112607458 4.742852433093713
-5.265869669331536 -0.954873154427275 4.42232556000052
-4.608082109339629 1.1575292351952624 5.265504044227383
-4.595305551525888 1.202400122652865 5.535658577100078
-4.293275925461805 1.3654349944341206 4.264107002584062
-5.070106975971376 -1.6239731909192194 5.626186869614318
-4.879647721837737 0.4042521547116075 5.101237733329097
-5.372186427122438 -0.8980766959994432 5.324075377901683
-4.787981002484948 -0.5580159515115513 4.5124003212564405
-4.149420391507784 -1.1634750577524857 5.4340007603831495
-4.278888681000108 1.4724272884267415 4.688878352508743
-4.706706283420579 0.36353204005071127 4.443288011707619
-5.326056246578003 0.46616630691530586 5.026387498076878
-5.494445149547653 0.15044571519127384 5.706388511687292
-4.47356961275216 0.8123390251915118 6.329803605181886
-5.462157741079216 0.9185997171364262 5.153575145371402
-4.138497750225705 0.7691303749669465 4.751332353372399
-4.402782339322868 -2.0591932309684986 4.887770226954998
-4.722739857670132 -0.8755760024657954 5.331609455850303
-5.138220313621038 -1.6931150505203703 5.3948698412520395
-5.02572324517399 0.14141876821574836 4.937754558976295
-4.822219536564609 -1.271597464459858 4.363172981583801
-4.4533642291259445 0.362441457926335 4.533001705870739
-5.103934455676559 -0.7819067799173743 4.966203142332666
-5.218313996774374 -1.3760658921696858 5.1220540372082475
-5.240767723874152 0.09915054287063055 6.007035673616522
-4.406386200757606 -1.008787099328179 4.778271990718176
-4.84673709922973 -0.6430326580563221 4.2272241023711645
-3.641330874432137 -4.361760115171574 5.620753081983393
-5.887002152056268 -0.6097569791021915 5.739678420927176
-5.399294103982127 -1.9994740702482028 5.852315611298959
-4.511406826153314 0.02591549320219526 5.150577430317849
-5.094201328837877 -1.726088744447747 5.321724001633051
-4.633979498967289 -0.39424240371178454 6.972357270415712
-4.344128512131263 -0.7646453271127537 5.276362042761962
-5.823580130666334 -0.5525864242394031 5.194870715208822
-4.982066608220881 0.08615550626623986 5.531324680851388
-4.860026941324458 0.06455202226895786 5.387183140340653
-5.58210596915443 0.35035932845854173 4.254713466569154
-5.184347805422627 0.9483363446038064 4.953458564347694
-5.100543510940954 -1.2924496645035832 5.048612359509398
-4.061732773653432 -1.3776864574688414 5.572161959623981
-4.174993618237085 -2.158988234742324 4.8678565397150235
-6.071064210598082 0.6879620279160025 4.731999819157775
-4.8231410349163575 -0.8718347116608824 5.596260020720503
-4.795143064372241 -0.818692236905247 5.308070553218345
-5.537900564244155 -1.2486223688163491 5.539177341514665
-4.643394305638609 -1.5655131250352072 5.3217981402035495
-4.433730024920878 -2.077119857282419 5.767775886184039
-4.023593698563564 -0.5123863093622215 5.21745068423224
-5.0190075247000125 -0.16396840990697245 5.25072288239769
-4.608421247336173 -0.4440162864098367 6.065145617643264
-4.219982135072184 -1.5050306994619744 5.964184919539411
-4.491344081284866 -1.768115886670978 4.968277904883111
-4.911533911823976 -1.998522622854948 5.7596784218284265
-5.217934244291039 -0.3495039775327406 5.492832038406507
-5.423695408170037 -0.8529007309449682 5.794437430859951
-4.801144320900418 -3.5850738219551395 5.9153505586169715
-4.891768940337567 -0.09751662380677746 5.136864714094845
-3.7707895889708016 -3.487656945719188 5.368742070567862
-4.571200444894684 -3.5249782516524073 5.847148125895393
-5.150347949530524 -2.7556408029695603 5.3885379597887635
-5.040523822220693 -0.5875754547227675 4.488050855504047
-4.387544026932738 -2.704545582237056 6.140728757821711
-4.640999819251149 -0.39762283270492726 4.925352108550888
-5.321990102206493 -2.7425379947221002 5.626271916599347
-5.218452023831642 -0.5810285747661622 5.829998087580032
-4.860764466030373 -2.3211162394833513 5.41277923807987
-5.086349745511267 -2.0574456143132176 6.091190866084186
-5.137852404258997 -1.2878519070160797 5.921474479321921
-5.113845072655077 -1.8936477881891753 6.098194036251547
-4.190681770845749 -2.0257232576349953 5.480793655201357
-5.294128565363406 -1.858333533646558 5.269572791740866
-3.6803488200661443 -3.4377078827448644 4.604435794975046
-4.899613189577754 -2.413865461888067 5.211835160794395
-4.0157824898011505 -2.5324538250968485 6.6976470458851605
-4.553077335497867 -2.0537959904160106 5.4597020000036744
-3.504721356886929 -3.6766768483037473 5.704900790260247
-4.017216592583428 -3.1283921802094756 6.03775590526
-4.853004286460077 -1.5797043816267424 6.670118924968481
-4.4805098396534575 -2.666537403393315 6.061219586672416
-3.919881450570274 -2.1482803642504797 5.201022901285067
-5.132071257197315 -0.9320341405810896 6.326052161480379
-4.497575970722735 -1.7069241755849296 6.120709946512385
-3.899845269786402 -3.1416590390281 5.903143403565317
-3.8658904577413526 -3.2578471531536444 5.20530393179706
-4.3531996326969535 -2.6297499692235706 5.7980893115858985
-4.750969207027783 0.18541509302590062 5.374575921907325
-3.11946066565143 -2.8711942990474997 5.716918285585731
-5.164148003484278 -0.18628500647799096 5.77047638366102
-3.8292585494864735 -0.9658597386334962 5.062475417365929
-4.2022340137089635 -3.073165789609519 7.167626227093331
-3.5126225467790846 -3.125033936454747 5.758957832057423
-4.049877433717135 -3.3206853176471096 6.1783848954823535
-3.092954550181598 -4.202771431586059 6.5042006101578185
-4.650288501286367 -2.4108679632050363 6.069994784417531
-4.0116428104604465 -2.4538513800149886 6.952911710740958
-5.130594295286253 -1.9915837368979858 6.695728240649161
-4.793875769833368 -3.3420692974079547 6.072852602251969
-2.4995660473163532 -3.6681274859468247 5.416157041430652
-3.9466524797886615 -3.2723598971788124 5.760110122289024
-3.695234464046818 -2.504011421180752 5.548692750038392
-3.9765995811385237 -2.7526061201950847 6.130460178491369
-4.361804104888857 -3.7645683865948616 6.012055378340904
-3.9345170437605 -3.750575186232263 6.675240615050427
-4.474761598168834 -1.455011751430964 5.409159822078907
-2.881863025523734 -3.588684183746513 5.618420997131931
-4.326821141767785 -3.0380162413397835 6.741617236068219
-3.6316406798686742 -3.1219592226417183 6.046482884044411
-4.08152517308052 -3.906118465795869 5.6670941137533735
-3.913881764072769 -1.594679420717614 6.369636131646912
-3.6620755032535763 -3.7385053485689728 5.964673840868641
-3.6468303220291625 -2.6419867292941017 6.135747678290138
-4.966950885070558 -1.888017210642134 5.166345271657371
-3.9915344492004086 -3.1596524837212336 5.595329629756051
-4.6896414083807105 -2.983628561124958 6.137269319647869
-3.552293735677102 -2.676622969991273 5.679711058831557
-3.8938141502404355 -4.182552750233355 6.5550760538242
-2.5931388973939877 -2.8970152910695166 6.526267599982024
-3.632179727391329 -3.5717891717511536 7.077435898193475
-2.96685113176635 -3.1351515709693443 6.221547857244964
-2.961778820975901 -3.9992708583159016 6.023754127927274
-3.8453614010504733 -3.397553064081775 6.059648972633692
-2.0140137476244173 -4.365829474534558 6.040656485924567
-3.77337494518995 -4.77963342558536 6.172088583405378
-3.0522256477441863 -4.825648210180604 6.975493057957146
-3.1645464439683537 -3.7782066911742396 6.148594576434223
0.3430646763838012 -5.841026268134889 7.041862028984193
-3.0997635393722422 -4.982739495545133 6.088213710689459
-3.5741499817182234 -3.5266193839912727 5.850608517256611
-3.4157462905629936 -3.2237418198691303 5.614984091756396
-4.0255445381010695 -3.64930115059244 7.517925655284326
-1.2977543747733036 -4.503415989699296 6.686994651192615
-3.71663554412194 -3.791509010778309 5.764616533707547
-3.8021373546896746 -3.5791948642227016 6.903360124491149
-2.4850855683567628 -4.243014132982239 6.13080376032819
-2.8143222669026247 -4.348711480249404 6.638598319924958
-2.8046026732616625 -3.8574247245092876 6.833539089728416
-3.8749990043580596 -4.241661160837585 6.6334986622011005
-3.877017309987888 -2.401470929508527 6.03301960253875
-3.391537153016635 -4.737551158321298 5.481396693920445
-2.6268000207292457 -4.539163870826013 6.231763099452714
-2.621707365114917 -3.571433127984443 6.503396144541273
-3.2917574536399714 -4.200569690817169 5.146055777189893
-3.088194911816645 -4.562071628754699 5.725513717235783
-2.2042221702496527 -3.3746346657774406 6.854820939974174
-3.049336244110834 -4.29026653862065 7.512093862346178
-2.318192597337847 -5.068502126793005 6.924740670266437
-1.8499181713297732 -4.606609147128746 6.764013646617129
-3.2855989473299636 -4.381633841486004 5.544538088226628
-2.9212870904983084 -3.54941634121486 6.56356789838016
-3.087274521962536 -3.7883544210303626 7.022097141289662
-2.745994173759063 -4.603611839663481 5.623638275570923
-3.6332092966108234 -3.4843468048525676 6.746342823145085
-3.2478618961473287 -3.867903115818296 6.489476663855597
-3.085630821965848 -4.339291436877638 7.081817261822261
-2.0898064101324865 -4.4535786167692 6.271639134831667
-2.0479631475937476 -4.187632342962197 6.087396232568866
-3.3668543881347905 -4.528974823775535 6.179099506780373
-2.3131080406732467 -3.858259418285343 7.194612046529948
-1.8950911298107116 -5.893719054508385 6.971176199014454
-2.068672829058052 -4.565110195812656 6.359146077888817
-3.008929936832604 -4.922130077396622 6.769262104060559
-3.0274905008193707 -4.14888045764814 7.287431562695165
-2.264790036501591 -4.481304037704561 7.706671168040933
-3.681814782390566 -3.412327308354269 6.712475774989
-1.4106706005344638 -4.327676011442375 6.811801680177834
-4.165576489673336 -3.9713686075527534 6.920802916441897
-2.456949183234736 -3.6258017360723445 6.985243010040373
-2.5333171250353166 -3.8317048854381843 7.752119193859823
-1.2363551708886953 -4.596005705498665 6.659408321326946
-2.4424316415837244 -4.629899867172629 6.157158217632331
-2.1816743182090486 -5.610450632187662 5.79616299065014
-2.178742356876978 -5.1047162677801765 6.914081409031438
-1.8909823564742385 -5.124736668530008 5.848561274097919
-2.7513218059503877 -4.171393496670054 6.8487578811179715
-2.319832464889201 -4.52910282139862 5.725941797773478
-3.116839497585497 -3.6808374315584618 6.810404273482098
-1.6227194622036114 -4.89577109743237 6.390668228484012
-2.0886618813258955 -4.397518707466914 7.109872592583192
-2.227549528022852 -4.259844756684614 7.145189328146971
-1.5488703920580436 -4.442072517399003 6.641536937973676
-2.3096132312337225 -4.012153265500376 6.527531685176313
-2.155626575084418 -3.457829645030954 6.891079556942413
-2.251907349923467 -4.313676820350833 6.327611172430229
-0.14440767802804078 -5.0667514291163345 6.471342143041044
-2.0562843060688705 -3.6847396574995614 6.6021359233135115
-2.395079804335153 -4.4132361094908665 6.3283891566285995
-0.10545949003745524 -5.350642788479889 6.5090971636344666
-1.4048976313549808 -4.873268131371768 6.703257721328262
-1.7184607638229084 -4.697712732652571 6.990603467632564
-3.976726586176263 -2.9486482722443985 6.688168895133177
-0.348451128105355 -5.315995929442127 6.344199924940737
-2.0112382200676766 -5.04387462186789 6.58376434933906
-1.7603498620456535 -3.557060934110447 6.593246449077549
-2.2634214394118564 -4.513375982805044 6.379133030741056
-2.149369552488198 -4.490103348684638 6.42272987116999
-0.888999217885164 -5.203188312546535 7.0569786081802
-2.4362293143838727 -4.294735017922153 7.323597539332285
-1.4728000932788443 -5.5902415964261944 6.946757948601726
-1.0284112842277238 -4.474457577604908 7.0437639356849235
-1.1649769503239358 -4.613836024593297 8.491805354423652
-3.2442938454275914 -4.759592661446421 6.436526567252389
-2.2690299758448647 -4.506169592164954 7.524541274002763
-1.6353694100478187 -4.88587459968923 7.145714606986969
-1.6292450487235877 -4.735472039519377 6.991312404114863
-1.2849433241277735 -3.9449407434367285 6.796970676041146
-1.7856921665926035 -5.252529595117248 7.782623161339434
-0.18190378147691094 -4.68672475425578 7.608394691943738
-1.1336852425919464 -4.64272413598332 6.723226492785066
1.3810317536284022 -4.837572258199797 6.206277714828845
-0.13514015569240567 -4.742145684934725 7.090636068709673
-1.4799524091012433 -4.371463362220654 7.255222739616431
-1.220996026165407 -4.555641460745628 6.387959586588818
-0.7511973811002792 -5.914234878871857 6.341897308062761
-1.4987634555234308 -4.747947273416997 6.384975326436004
-1.9520622699708299 -3.908506775676501 8.107934477725069
-1.2480513634382557 -4.886225577145627 7.152825209098312
-1.0256916793469122 -5.120848705040878 8.084134351905186
-0.8638080272587967 -5.265550018544145 7.104510069000136
-2.2346244715643118 -4.9561224607323044 7.313814829896067
0.23579648525756866 -4.629240369205486 7.262919048883016
-0.38669857404111696 -5.36045432724728 7.359837608183735
-0.9823965372058128 -4.908878212731126 6.649041662192111
-1.0320445854709879 -4.603472600867125 7.911908236520733
-1.6961443426485512 -4.826767679164855 7.7218002671303605
-1.574974483302615 -5.213469265898828 7.387795991748746
-0.2165253100374375 -6.03835848477918 6.815672581698789
-1.319055369403628 -4.999441616781224 7.316804947895885
-1.6253834589923253 -5.1075062225279755 7.789341036924271
-1.7028620474033047 -4.760166597437535 7.18259133164256
-0.17071988604348645 -5.062835904627019 7.652070191301216
-0.001987182391884495 -4.165621513797006 7.025651161932845
-1.9687738972410591 -4.844960937861367 7.056491004828713
-1.4927508511494296 -5.2623150867182025 6.431316978653247
1.7846426125033181 -5.19129904002953 8.06314205736107
0.17001103749152943 -5.3529629849078475 7.022932846141863
-0.5796110302403019 -5.265535762364472 7.584868041240137
-0.3447515963770362 -4.800357266386113 8.104231076732711
2.1002864046784797 -5.510276077172562 8.084075699721556
-0.07590054681521322 -4.428458659370706 8.157030979367478
-1.3497039827174808 -5.170247214651234 8.420166421226305
0.6410681419174309 -4.831682198704881 7.645518999589438
-0.6963159662952907 -3.8508070865951294 7.512106342671901
-1.1694260741211107 -4.833955586713552 7.528254240835103
-0.7269213658239809 -4.271729666053518 7.127779112719097
0.5296194237619631 -4.727025204272184 7.088273169234343
0.9267000111875411 -4.908670933163538 8.098014583260278
0.7450116357621951 -4.174559749544102 7.367668039048077
-0.8116317356317528 -4.874925579428017 6.975556156498117
0.9797230975611361 -5.575264292812164 8.156099511467332
-0.8646332094427354 -4.038229921816873 7.745485634139701
1.4626078527069348 -5.770618850622501 7.833219300752225
-1.2454358083704926 -4.833783761027347 8.079705298059858
0.1313254342494462 -4.96790681289692 7.015961160877855
-0.48914160847413535 -4.228421861008514 7.137062332419078
1.8666302015756397 -4.074441559589678 8.305305251617295
-2.41323766260641 -4.784069447913943 7.799977069945249
-0.11120698630068354 -5.17031254789572 7.568147025342938
-1.1261126731061712 -5.615789945654328 7.249123327304244
1.0371128617899024 -5.649416969994315 7.332929643109057
-0.7433437743985671 -4.761284325430854 6.750857148951011
0.7542148477165075 -5.070509310857171 8.15233233935241
0.5701049571663637 -4.845556750136533 7.584364854510939
1.3908623531157016 -5.145883119322794 8.318077834718164
1.4417771628855147 -5.525461897791055 7.1506535067816746
-0.19885950038255049 -4.309287486414124 7.86851026838079
0.6498673276535275 -5.524252265577387 7.283365404395428
0.8587062351346965 -4.601524872150247 7.462166710356736
-0.19475648630298473 -4.345430720209468 7.936636716314381
0.11211898285846693 -5.064459908648105 8.350921706095487
0.25483500026121286 -4.500390114315445 8.726112032604886
3.1050685105947458 -5.181627026951227 6.363931610674348
0.9501811947293741 -5.091438625280498 8.469792836535168
0.41557553630091704 -4.68318014632919 7.943564243159898
1.19237254321806 -4.92754160187863 8.085975308576622
1.3127017672202637 -5.229814189164122 7.368338328654892
0.22895316307020247 -4.657979838712409 8.608510793612663
2.1243936215995376 -4.714358780224967 7.723118733328869
2.2743047031200656 -4.500091421924783 7.77342356293245
-0.12323692332330556 -5.329457935439949 8.413739642212374
2.2671253054512106 -4.454997181768397 8.154794710587739
0.10429401524634777 -4.654667695085769 7.591150178776798
0.6543763726154619 -5.556558275782543 7.2903671551362175
1.361902437120325 -4.486748048627868 8.236327696313245
2.217143431003201 -4.1051334304838 7.735886004153152
0.6620550241246496 -4.180347149386433 7.941101311951417
1.1264667737885388 -5.1003129478926565 7.9421057637447685
2.5604257594124458 -5.233883638964061 7.940240470224975
2.5419762764430347 -4.839557051423988 7.428302481688829
0.18342801433327996 -5.077550070042036 7.280805108323715
1.5856272254247201 -4.739507787890207 8.754421460777825
-0.8960400021777146 -5.331981493474939 9.4915050327796
-0.03178522748084374 -5.236021013406003 8.145020063498157
1.1944137397101462 -4.666901658814413 7.603535916108714
1.1885842220872624 -4.376742267584475 8.114431390186894
1.461330421466881 -4.642979907395557 7.7038964729295785
0.9174555406925393 -4.761497950162142 7.758986299690802
1.6952113685279515 -5.314948869900128 7.488666769570049
2.233724497894852 -4.507414075140747 7.877188241781059
1.2997214973033295 -4.828194541337607 7.471919741621953
1.5915976762970077 -3.921283813358457 8.022002140386718
2.31591950964017 -4.05568316202339 8.48450399897238
1.332979542111931 -4.224128299532115 6.966720163748457
1.4589039173947556 -4.407309085311085 7.149791093101684
0.6666660963360429 -4.749167442319174 8.428019483200167
1.3186221489861671 -4.487253323273381 7.798490655127422
1.1192842685008801 -4.4508027403277115 8.25790651982391
2.8903017825889346 -4.496678746222367 8.698422531543445
1.9046305664890852 -5.778263919784152 8.066682437678336
2.2362380118254928 -4.323057911023984 7.728306776112655
2.900071960062263 -4.2942865435189885 7.978365093788932
2.31952596560538 -4.223270870138261 7.426228888974124
1.1349047692605583 -4.37403528694707 7.900429317771108
2.6135070871796042 -3.9263075024360163 6.479254718910895
2.3482986350525477 -3.5799693935338133 8.403064426365702
1.1115389234708664 -5.510784609160003 8.232992729371919
1.0739637170887697 -4.341908690776639 8.629856182761563
3.5099951031106342 -2.5710244452700324 8.185212039329603
2.9874154626119873 -4.356954973397961 7.941594818282109
3.6577943719638477 -3.746022684702418 8.186893320847322
2.0700373585834506 -4.090058454067961 7.560917255888287
3.770593823942593 -3.2314826779316386 7.777544271620332
1.2900439249411002 -4.250676704782905 7.33575769046463
1.686563763825294 -5.169903974912105 8.144392611366397
2.2767933981483393 -4.045576620780959 9.2624108825551
3.0153242805695784 -4.440241239077938 8.694701352067717
3.1588956541587665 -4.286198759762616 8.19923020863713
0.569042238827858 -4.928081540591017 8.233173757948833
3.255291432340586 -4.499845970090479 7.275546474218526
2.1851023580356834 -4.916074045669472 7.522560403854575
0.980617450059303 -4.0481359199278 8.642595057353084
1.9482261310035562 -4.565942399969702 7.2770265630652275
2.312710021266892 -4.639497561439185 6.340369696004575
2.385411972433428 -5.251952819336464 8.4188748420372
2.2764609806975753 -5.146233407895548 8.670122035631248
3.290530935273223 -3.421702724444759 8.174512150903487
1.55341799560765 -4.6263362596236135 8.547870726864753
2.2708007201200733 -5.12131957771417 8.31606000407335
2.8732332254770765 -4.694929195010292 8.376857754380522
3.423850623057774 -3.8517903938216516 7.710003227336449
3.5573672061949564 -3.03235116041822 7.46092912260759
1.3405545248659254 -4.731896538379738 8.750857259125539
2.5632957565713386 -3.952048681030965 8.653544304515174
2.8845140566418945 -4.261448364328204 9.066930141919695
3.092028385763958 -3.4988815434218954 9.303106314993059
3.2062611641665866 -3.307394725152221 7.755581500069171
2.578610710276759 -4.216787469002413 8.585988960621519
1.6309038036780341 -5.283536056412509 8.78218662742912
4.187662028165657 -2.9633580393584915 8.671560793478553
4.146060601860214 -2.2436971909895616 8.520836116763357
3.424929154192049 -4.5392256747964455 9.052534496083924
3.361424909269508 -3.849431623361337 8.417590410907941
3.172820104630745 -3.816866229487291 8.695243350376911
2.3700927850249807 -4.376874903494453 8.103891868502949
3.6578826654005394 -4.564059158336489 8.643993353053808
1.5356962123779132 -4.947371624273329 9.334480835113933
1.3529968087216613 -4.5390187606629 9.301847573537032
3.967810957176017 -3.059843252306045 8.875515381144423
3.392590326815783 -3.4877182871786316 9.482387823916824
3.1381961176593594 -3.566880043779262 8.5424890448423
2.346241407853831 -4.769198546372113 7.654097552624313
3.3726870534082503 -3.4152952970197674 9.268909651298276
3.4325605046270864 -3.1385008583574026 8.329161702207882
4.525703452497797 -3.5485920810988687 8.306558195214892
2.569746415844565 -4.648961195604506 9.232048367722886
1.8590401003549735 -5.522546747837919 8.332892120931058
3.171463588562482 -2.0492927089861226 9.002164039769891
3.1070486122285517 -2.3955780764116104 8.625345908575836
3.6798599379472354 -2.9824662796493477 8.641014566933743
4.405418026003628 -1.7622389689050195 7.476171355862334
3.1834355242910757 -3.4763690665158524 9.013646444579598
3.3199531139852234 -3.551941775275485 8.969882543789298
3.46773945128313 -2.371869989432005 7.995220749573094
4.103524926857491 -2.9887176132429993 8.734367409102006
3.349268466808601 -2.19527013157457 8.79012988921185
4.223120585389841 -2.635557582899231 8.344059619335402
3.5865653393207384 -2.1058540219348987 9.043717206250758
4.588017049643188 -2.2250990777213087 9.796352931608698
4.074313189423355 -1.7108597034199196 8.293466743846425
3.3697144972956212 -2.995027130792714 8.629166661480486
4.446092470283195 -1.3337190223582969 8.892827396650885
3.145485474030332 -3.8929776784108214 8.291191771327062
3.4451366298098898 -3.7938954925613793 9.572488150519156
4.156329328309182 -2.55741965040987 8.656801700045424
3.864776006017639 -3.6456865658182536 8.250403171860066
3.9270318574790455 -3.1684966544961357 8.818636391797396
3.346434461251713 -3.7921731702573505 9.551785008685986
3.4524078149444537 -3.9908978390777707 9.241615727225557
2.637447645832602 -4.08079207116677 9.059551819609938
4.310336552723946 -2.1363873743633466 8.955097309137937
2.6058593469663207 -3.3523955057140795 9.117637390318201
2.597472209160765 -3.6781409874498157 8.567601631801613
3.1417313165823604 -3.706015149809561 9.414028728841778
4.095082420422781 -2.6566600076627496 8.404575543660407
3.768948174838985 -3.2634879431416115 8.77058126892192
4.007778294507297 -4.1947283090419285 10.034716673311289
3.810657663021144 -2.4676363609786502 9.075980288353486
5.286413359579969 -1.7315566895563552 8.475528150750137
3.779331661720766 -2.6647639037288937 8.718786494533932
4.756111606649107 -3.9269503077212105 8.764965856273832
4.15605744768417 -2.3478385041855483 8.466868952047271
2.402979078112234 -3.875537623990673 9.711065799775431
4.1829578961360525 -2.076210313700819 9.133246504963575
4.049590239483817 -4.038376319177558 8.94626394987129
3.108253169594926 -3.0124446632123947 8.83744632762313
4.44776980189766 -3.895025820375145 8.830530487240313
3.26771048868508 -3.3122521157798617 9.482117705716865
4.2937833613456435 -3.197922963067598 8.307631754971737
5.753746797551382 -3.06828242108253 9.265726543040577
3.7946902188571223 -2.736503947066497 8.860786541482588
4.009089955389149 -2.9457383003750213 9.014486509971887
3.527836374121915 -3.5227750885582747 9.088841967228802
2.636499065535038 -4.200005414992953 8.620517766700873
2.5028966494894744 -3.104782083626512 9.41090718441273
4.415514755979304 -2.5118904206250097 9.515907594580925
4.339427416122288 -2.4885041320297194 9.983221081923446
3.4600320326768124 -2.211192459716944 9.149628786341433
3.735335488690377 -2.294543918616124 9.344770812120885
2.770828790732806 -4.309314909418703 8.446269804368345
5.054111267791916 -1.4074043919089414 8.730175192062372
2.6518630275958275 -4.0464930067606515 8.65690186602552
5.304814159271763 -1.7076583207387432 8.80575265224075
5.480828055496044 -2.191624132847021 9.398125603362569
3.3056045814098085 -3.4790144649088934 8.764173080544676
4.919511169890872 -2.0330101466520283 9.196981437120895
3.9177876244679704 -2.3290309940969713 8.761172176353929
4.954182145199039 -2.619401261508236 8.381134563542156
4.373292513012399 -1.9165962383283397 9.59598329313463
5.056599028478506 -2.4136615742203875 8.903643913804805
5.100243276330451 -1.760500753277734 8.860134015808383
4.317092304456626 -2.001215484466231 9.089241973056224
5.073298765826501 -1.3583619205058965 9.589433867517547
4.737550838605563 -1.4204218602800776 8.69015426849087
5.350696560313689 -0.9954678220074067 9.556884890652968
5.047702594969079 -1.8006869081220216 8.91047991853955
4.892843215376707 -2.3216890151741256 9.565925253930983
4.5819464714447085 -1.8632615764788967 9.058577647470708
4.542113781065722 -1.9302012765762209 8.940279092453617
5.207246059449956 -1.973031380982459 8.793606391373563
4.921699610768728 -1.0632680124343172 10.511026409853583
4.559225176110096 -2.1783687877355122 9.432411290622694
5.215179277171157 -0.9801937380391774 9.461633073373951
4.7435379056968525 -1.4724171228291987 10.340229812649287
4.198150723085242 -1.8920807817056895 8.871907407156703
4.401413059205353 -3.1000378522827954 8.998696629583815
5.354999728880325 -1.327071463053643 9.768321086056183
5.31945105058826 -1.2804934312701923 9.85438721036366
4.8313205777671415 -1.4094878639709836 8.734170827494124
4.497355395882929 0.15619080019439763 9.559105293348246
5.203069049861037 -1.8552067254769182 9.60250760880084
4.343162867457928 -2.4927389468556846 9.014699004925266
4.64489648363391 -1.3003382576275948 8.952566459018094
5.11677848672563 -1.2864618557119307 9.511995411161662
4.69131959160271 -0.898868414964762 9.528911409819132
4.398808774887054 -2.867182369661006 9.322777796421496
4.8878008807310716 0.3345446066855041 9.311771143638628
4.4764138770089765 -2.721004373100035 9.992722857398482
5.418041893891843 -0.039539049879979214 8.935722240197672
4.816532232317465 -1.0560882780198673 8.769319588705217
4.991079700407914 -1.2542865889007 8.843870099887393
5.320478582614329 -2.0702717245181406 9.672053714794297
5.754527789318037 -0.16790405968252362 9.761620591004439
4.748153290621026 -1.842005734267118 9.908641537935802
4.625289576256232 -2.157151732722688 9.773707947955796
4.083691713414133 -1.1374188103968363 8.93524708470329
4.318548092905117 -1.4132807988206657 8.984793071309817
4.419862120002945 -0.8259646870824219 9.55644987459155
4.4221109871402735 -1.1717078232311922 9.492033275061226
4.883103582859011 -0.003307920896282308 8.855855103397182
4.219612154614097 -1.2578381218031804 9.091243355706357
4.971244189064189 -0.6296026670484622 9.677968679264072
4.444772334905689 -1.8713724820679984 9.15043858881411
4.675304989394065 -0.9225236364301028 9.145407299382287
4.723559411150018 -1.255169139206537 9.59401801250556
5.016294709718988 -0.3484861118169543 9.920662985919689
4.568876178404271 -1.2778736799969723 9.794140335222751
4.681467044506829 0.20219917804049034 10.108842342429847
4.950820080848618 -2.329594953993327 9.478747856609283
5.580953202140845 -1.2999544822784588 9.517453468687583
4.588158175949295 -1.713704297153671 9.323103098200432
4.23203786250137 -2.6081939197412747 8.634922010205118
4.991313374743596 0.06416117558813954 10.457888338957469
5.578258085209706 -1.0872240241327762 9.835495610464358
4.458443054960129 -1.758693247159532 10.250625432222073
4.920185191141183 -0.8948991125671022 9.821716259053881
4.991627072665474 -1.9759070989413106 10.639614197222357
5.116909531988578 -0.9795661105345254 9.36493423329398
4.445862492951251 -0.1819877511095412 10.09489247142094
5.055765220895219 1.0600218091031848 8.64234014636311
4.574919903276426 -1.3822558534784755 10.619234231533516
4.318016840649338 0.062066140797841306 9.433037551538034
5.415141723443852 -0.9392209906082418 9.431770322987424
4.530299392697227 0.18776311113908453 10.004326314571626
4.737293599639718 -0.5727570151147188 10.358777575535466
5.008185368581365 -0.19709443399932255 9.062589954896618
5.077744700220477 -1.6089357738544574 9.515388177536307
4.50571359147629 -0.6888298819596256 9.792433422725916
5.94365516023713 -1.0537911676650584 10.50940498314934
4.063454992881169 -2.083544259637442 9.7822287381104
5.811903526633894 0.6280494968780181 10.072707694082025
