4.560627391012345 1.4129601956688607 -0.08558969665156745
5.017104497429647 -0.1824189319067576 -0.4052908745367591
4.853980427976408 -1.1569798468636245 0.48442807003983046
4.515465011989769 0.6220786368301481 0.39665587043457384
5.072344131599161 0.32545508866398765 -0.6447537251238656
5.034774522116267 0.5004655188097156 -0.7904495541188431
4.961662086100285 -0.5983626145980177 -0.36280553151765527
4.47067457523735 0.5701312353848601 0.659352398996824
5.988783769360844 1.3781496518305247 -0.07942536937475851
5.311991456311362 0.5818270207348715 0.05651120075755139
4.643370536391639 0.06528333841990032 0.9091367680016905
3.8755284431690176 0.3213391672299892 -0.43217092318922634
4.672208149717208 1.5179599762406601 -0.3805129981162285
4.90102441137985 -0.5004364061184631 -0.27998899709332475
5.045687671203846 1.0624890196084986 -0.14904338438959686
3.9536297501512743 -0.846840916106208 -0.4157040733992343
4.021070493142868 0.3944236010873411 1.1773831967303303
3.755173062196175 0.6277797225794691 0.439208093786708
5.07365828013952 0.04982403987479242 -0.017710239632364233
4.584761126915926 -0.4604661990160887 -0.45473993923993566
5.028449892468196 0.7134967478115877 -0.2466830445014921
5.855307591963323 0.5855034918337452 0.758298795943462
5.085878726026193 0.8322477258226525 -0.10642564709132235
4.845804547317077 2.5728701509984866 -0.4195241792733234
3.832460707981735 1.918061663760151 -0.5556430215608374
4.597320988418449 -0.16787055939360376 0.9389942467875718
5.410014325170384 -0.5163890212333461 0.8604770197308533
4.938845097235616 -0.2555994592985187 0.08204779603845075
4.634747046062115 -0.09585586583683525 0.32090962888908303
5.25936137197009 1.1260879225315963 0.3203882187346756
4.204826766087269 -0.2514482580920535 1.1239219560213036
4.6542290825396595 0.6683656575726681 0.4661052750450945
4.326025370617974 3.063466032093831 0.30958842112633456
4.907244620828048 0.6327609190036246 -0.21254103081552728
5.6631604677804095 0.21844583126738773 0.29841407344110266
4.404687247155266 2.5951115002719507 -0.28124168078308637
4.335114317805523 0.47279003936056174 0.31929166424975325
5.329385020181335 1.8380243418553082 -0.011880561301137738
4.354988388858283 0.6290746060134066 0.27655992231403304
5.3788013260194 -0.6637104309044709 0.24787347233770837
5.366009110672087 0.04927308260909472 0.2551889943418115
5.266311456982818 2.742219920540786 -0.11835837606568111
5.357877353060156 0.7984084430760242 0.6994683668781987
5.69074728389412 2.13623453961814 1.1130645211140524
5.056218426882137 1.3745874927624155 0.43264892993114096
3.4144517690536755 2.8861339896215736 0.005044569499072005
4.687834660480492 -0.8970445223221556 -0.7073479674053422
4.966191526711258 1.3872181566977035 -0.37206824308879205
5.5567857906349785 0.9757458730163494 0.8691414134560606
3.722807304109553 2.3269310901125877 0.743489730859952
4.073710818738673 2.5355832777380343 1.0947383935209694
3.5708858078617465 1.3500722482107421 0.2168865063133062
5.396000626188736 2.1582634906405147 0.2518549624431435
3.6583263860913156 3.559374866251298 0.3140231316467091
3.8470337899349794 3.309438568179203 -0.05459041426734157
5.299523053252364 0.195229818084684 0.4651815331701583
4.676435838216752 1.7540574585146804 0.9632312590821266
4.202420603115425 1.5277151982556065 0.9053439529248666
5.708392245282667 1.9663410159213712 1.0886409743894223
5.572775802934201 1.4019302959052156 0.030722424230672618
4.826135412820126 2.3649603205267278 0.26853244020316286
4.838236022476327 0.937190075155147 0.8598142417681285
4.553092289215177 1.9250367965792048 0.9487418386788795
4.571555467656681 3.7237406496326737 0.27261710202610984
3.6162079276147465 1.9688348648283203 1.3013810111427977
6.099087444441222 1.8745114889626628 0.2609809938443432
4.470074779159305 0.31803769225338335 0.2772287003094299
4.250898724729162 2.5278210116977036 1.4470136097506014
5.436162156185999 -0.887678597028099 0.7272854687790575
4.145308258687418 2.671498533628834 0.6788573322627136
4.098911873403981 2.443228251834517 0.8002896292252122
4.935070012318179 1.8718431290942774 0.46362523697520663
3.366358785370353 2.935493108842197 0.7942154047278818
4.139987109270017 2.550293838742212 1.1870509203402126
3.8401728674208213 3.7813686493602483 1.1258305640809896
5.113791487382152 1.6207204495546759 0.5595497751042019
3.985416400092276 3.102748968573801 1.0778759447406874
4.367432237376259 2.580714212322256 0.9328058104811574
3.6963044779329968 2.34740277317191 1.2739090956225962
4.541527340562513 2.0524743601111166 0.9131856632024477
4.6222300011552715 2.774701269154988 0.4895602026146382
5.349581812219081 2.3352092145776027 1.8974477946006276
3.6281077769833012 3.201348855860025 1.3878928658285425
5.0299991527264805 1.6773117238439157 1.8984407906095058
5.030383213555223 0.7427893673104938 1.0800060142842087
4.380493576842976 -0.3101690519564876 0.9978115135335668
4.155940991538364 0.9122302984608894 1.0732946380972976
4.677171828398654 0.413351223684453 0.6546546272608901
3.790038771193217 4.0207518636722215 1.352510779306402
3.638155346758294 2.9940860201650614 0.39293976633561534
3.424748261819881 4.25840846245405 1.2539415244305254
3.851821073572665 2.784117754921919 -0.09906035090268617
3.7898512094445853 2.8243173647949202 0.9227060486883399
3.9363552115208824 1.8211389463318686 1.2842444116452707
4.5889586549957055 2.324402312207711 0.22487804455421756
3.471723709386903 3.402515703750176 0.972604274353624
3.4041631192940254 2.720797900667271 0.8934818892834959
3.7187769902592005 2.6099871131278185 0.8480085739880593
4.16604966965521 2.7853881942572403 0.804813279014152
3.9450123799340266 3.8425013644811226 0.5315536167424759
5.075990485125184 2.0006588754654073 2.081905162658713
3.6045522712409928 2.056856002978234 0.6043552538689778
4.805260985765355 3.2525010509706247 1.1898729229202845
3.9548943652193 2.8763955751084223 0.5199309604635111
3.224334175189472 3.1804899498196995 1.2914628087636788
3.593059061206592 2.723157857753963 0.92336947725391
2.779666479407948 3.3326294504316936 1.9977152126947981
4.733821628594493 3.83588617006823 1.0052228722737375
5.00107610969655 2.520415358746972 0.6758408656470596
3.0445389954150652 3.941462604999835 0.8190572310497815
2.96510191921009 3.5141037809993776 1.0165569532556424
3.959158349469644 1.8179194126004354 1.277266032804339
4.262954713962868 3.542974624321377 1.4424257508012588
4.15795011974977 2.8594348976706203 1.5032227853913402
2.6018814862903805 4.829360441956848 1.5658917530022984
5.199922468007014 2.5087307558758316 1.6090396879754771
3.4618233884697656 2.679569621905183 1.6795570059906295
3.406502794912956 3.4330580609000094 0.541204259637198
3.9265702134606086 3.2020437821916725 1.1843405742926234
4.953787453082617 3.215334931255925 1.9995735686235303
2.638755360883899 3.8912995222765887 1.0301857517669044
2.79580309639108 3.9690202122197604 0.4605735198027274
3.857584600474143 5.612455044389046 2.042969115185812
3.099651559153519 4.707858911151443 1.856851806731789
3.5416760588527763 2.838109903828545 1.6640420977249555
3.6511350375505787 2.9088371999999687 0.12015945167723197
3.1004605507225222 2.7011121246710843 1.0126050841517733
3.9349941807984044 2.484254801470539 1.738552791275895
4.602188528547073 1.5644498485606302 1.6490664133206343
3.5606397615736247 3.349348206603932 1.9184144357476085
4.511526976980637 3.1034322559328773 1.8674944946086796
2.098358835031068 4.6172442619440615 0.8885438930771813
2.19610876866442 4.2819698368783445 0.1978070379688457
3.6290894019834785 2.158374461924771 0.8385695297345549
3.0805442272337915 3.6468974088857085 0.5721710050796011
3.4609407435293518 3.5194389582223393 0.578550249982215
3.2573860653896642 4.833598836981211 1.000047575555003
3.1660090044213316 3.3244690960397256 0.9471193875849391
2.0626546821670835 5.1269953740921865 0.8239742744924538
4.090494195159538 3.829422497377678 0.9453973278730614
2.447129344787859 2.9493021351258166 2.334832217944645
1.9992147752321343 4.031997053831964 1.3742881695191136
2.2960006193982236 3.6174986995456315 1.6336189076356846
4.1979812671662575 3.7148683265642957 2.304294533143988
3.0980607987353066 3.7004094493895483 1.2088655885209383
2.6266696146313797 3.43144416048739 1.1905920124507396
3.479514948171438 3.733137710877554 1.3197322034750207
3.0440436470269456 3.8767796376812846 0.8161214693040614
1.932461830709397 4.402726137358899 1.7746533420387978
2.285147830475856 5.002919106432065 1.0957221783981161
3.0439108113916484 3.447830781214153 1.1626873384800362
1.5195423351063317 4.319535103549757 1.4443557166635854
1.4481794473483955 4.061963856218189 1.5379713119180036
2.7461047156433263 4.086463044222625 0.9039950694170725
4.297296281672457 3.4505440973150123 1.837415207782925
1.1780488178908917 3.543546863739682 2.1051002285948144
1.6864703029285877 4.93753860306036 1.5225590911078504
3.240741654525331 3.652617238108134 1.6417569321759378
1.5445877737311902 4.942707409467647 2.276748904321667
2.185335298034876 4.2996630415671175 1.3470603389280673
3.2934167173410427 4.175559772088947 0.614408673154244
2.044786548882624 5.158001562888492 1.4012259057984036
3.602830432989314 3.7189885717881377 2.338706169586751
2.947740368077499 4.234199483156255 2.104834687056994
1.0265189324923274 4.026336228157147 2.5240318604067427
0.7567816060689722 4.984997886766718 1.6747130387626097
2.5798246252151764 3.2021842090594426 1.2522149578152773
2.1358711708352263 3.922076851917873 1.3934377216988354
1.7384136150330076 5.140335768394101 1.3179418136281635
1.1881410379768271 4.998842938570133 2.292346894703087
3.620614890601571 3.2123252740051806 1.8101403537839826
2.8857759588845484 4.053386374822217 1.8443758643487986
1.4634512928277017 4.947530349507415 1.8927532916970988
3.066662550946297 3.9129130183211878 1.8409285607766177
1.5634678560060138 4.21688973974992 1.679584032565072
3.9385479696144996 4.440344741120215 2.037043287816024
0.7578710466971809 5.197493763995698 1.058759041224823
1.4346758230258319 4.8217993398623085 2.0067691784420356
1.8587843748214679 5.250660979271457 0.592855319650534
1.597761700379097 3.695238302317447 2.070240280027003
1.8380098014151183 5.097172509997861 2.02484472829494
1.1525758076657133 4.293031614024608 1.8864775156869367
2.9720280344578893 3.1091968718280936 1.883373759502398
1.8733591298362613 3.8263632470532682 1.1162718854270306
3.3096693558690466 2.118688309825591 1.6293571970523335
4.2786605492717555 2.7256334691007735 1.3226370216778136
2.788035866083808 3.761239806991357 2.228864235714452
3.730994725523261 4.17752575522303 1.5843168162817236
3.490139415531914 4.507051391262792 0.9778867148344714
1.9447255189333057 3.857442794584591 1.7235980520711487
3.4577458829290695 3.2551262494415334 1.7847116690901548
1.8051541365678296 3.3820161396052266 2.424253974772685
2.9461225141564955 3.5486701103575355 1.440171240083493
2.4701325526303113 5.4472386423052885 1.9092938905440844
0.56675913591747 4.623181917347966 2.1297678721088076
1.4805379196976873 4.771040288121991 1.6859007934823924
2.577390634180092 4.401246221131303 1.777332833456077
0.6564328012598594 4.646074460375654 2.157485972557456
3.591276726498326 3.440869678017242 2.163287233579181
1.195853379433857 4.333217673121581 1.7930179037804888
1.4906014037925766 4.78324251844563 2.0896249297578033
1.3293836731674054 3.716453963083835 2.0445254580181342
2.157362696904168 3.295909014542957 2.155255645754758
1.9707968143297474 4.290462163471673 2.9513544825288647
1.1216778330900952 4.978010375032409 2.101697698345888
3.4001969482790986 3.6006126771627764 1.541900685458454
0.5498640507716075 5.6086073328091866 2.679593028026595
1.1439839318762486 4.9324542882027895 2.226294675317831
0.3649940529153087 4.674970636771443 1.4769061528145624
2.286915947769386 3.0604173193566826 2.277896816276701
0.5075262890964315 3.8608999654350136 2.862969266275549
1.8889628570125732 5.000076439525315 1.8757000881921677
1.0005747465625776 5.028411343895159 1.8285966126061313
2.2641181142274687 4.947861463926379 3.0927535746996804
-0.0015759277904764135 4.463832357515131 1.6920135411236878
0.9433771631995603 4.907401873344817 2.3220962965421514
0.7210695377082672 4.5668185626114175 2.892723520463945
0.3634387365087741 5.586525226454396 1.9524791811493856
1.3978671755704202 4.998854240814012 2.566931080179711
-0.24124151895370102 5.627018044616352 1.4612600559855706
0.9434296587481253 5.608419456714597 1.2262645215226546
0.9897280272884105 4.217299717893694 1.427704204289796
1.5937488439409129 4.789996176317756 3.041642431617025
1.4969229447622376 5.384491696012971 2.5784903993239383
0.9539928643885652 5.477355940915664 2.294549249151619
0.8383658457020173 4.430050116530195 1.9158836335465959
0.8017583787169308 5.269001716453851 2.552007877883186
1.2641166522508134 5.043062315143427 0.8199814898369129
0.6051265695848387 4.044676215797646 1.8144688840210503
-0.18576103877324612 4.438778256275636 2.17904292711353
1.5036443750477397 4.62705883428982 3.1172311968917303
0.0013801023748438363 5.851080370784467 3.1436734363994234
0.9540565192821736 4.419324067656872 2.122664848769065
0.32648928787213866 4.016740195746246 2.7194960664400196
1.5434279263731996 4.785219595172353 2.4622845513746903
-0.802131282081784 4.196754614177237 1.9292418588974327
-0.5052984221027754 4.915339444009132 2.8202347998675457
0.9539256824686234 4.673754372858944 2.903940494502447
0.21336816174427414 4.085363972518132 3.2696916239928226
-0.7173174646639715 5.030285847069231 1.9486732002003584
0.8007995712515538 5.2963227961429125 2.447534942855675
0.37348749857256436 5.120446759449269 3.0195310030096527
1.483181662425727 5.561771556425794 2.9691328017351704
0.9296414012114043 4.586651058845822 1.777892531934823
0.14224292124780694 4.68241691439365 2.53309829236715
0.176453802713847 4.113515206652116 1.9471005548214715
-0.39165008983723315 4.918092160352932 2.6716758661444717
-0.18662439207331707 4.898322019349496 2.3076910270429747
1.3102951088159476 4.72733971304196 2.1097248559984356
1.1825570703629347 4.633844301131909 1.9363757114509053
0.9351987862652003 4.6927976177418484 2.0279692146958284
0.8440540350520978 5.407348701095529 2.168065263705871
-0.15938711096763322 3.9223642583959046 2.3145570706042844
0.3945635515897409 4.662303238814973 2.394184320217697
-1.0265059830663597 4.892500462751492 1.8274082216291352
0.4505720579334067 4.969175425397308 2.387887564505752
0.6803011335026136 5.111106824035828 2.549657940636583
0.2418115808346275 4.617870563665855 2.840996032677953
-0.19402372702988913 4.562672396304845 2.6125777325407875
-0.041105517289509425 4.8796755225597215 3.4460267703530203
-0.5222934678078687 5.448598918892825 2.307387699508557
-2.544545846920014 5.017463591619805 2.416368655108252
-0.6732073223473374 4.982419835550474 2.385539475040797
-1.6024396968035142 5.15969969216052 2.83595535939228
1.651900199675402 5.038616576357244 2.5982481691629977
-0.004743928196909933 4.5777696023705605 2.15630116243642
0.5588422464707191 3.774189308848304 2.2163006641214724
-0.685992347603705 4.612057085622784 2.386841700243367
-0.7016792238623561 5.582582057953993 2.8226607045634213
-0.7067785731049209 5.187196121746874 2.756650780874403
-1.0139712207744072 4.358771063234123 2.5735148888942203
-0.6366575945111187 4.6216945994069585 2.6711355047509984
-1.8559213936541585 5.108586732686707 2.7514605843282394
-1.0875341835135446 4.9392896324668865 2.8203566824922164
-1.3032469480683033 4.654583446311084 1.8647225035772415
-1.3977525809359732 5.070593074049229 2.8447575102409424
-1.8263336248423323 5.1540323196014395 2.2492647214476333
-2.175161901183464 3.6272355447674607 3.296413180283396
0.6476996312491209 4.25153761840295 2.9219977802689465
-0.7186930981631888 4.760177839380728 3.086030238599175
-0.628111405119655 5.234939575316465 3.5212229672867705
1.7811356519095791 5.275387226916912 2.868986152411028
-1.4048807595975636 5.936914072604837 3.5358316399193996
-1.023768398909742 5.288256005098206 4.484647868545555
-0.7155697428777955 4.243614944543745 2.2158379533453214
0.43698192822094833 5.2292387275681795 2.641087244310988
-1.264026982351168 4.539493137182404 2.5706166064118365
2.256362609519835 5.293329826636747 3.1057468339556378
-0.4692511587260027 5.345133085293268 2.6808284431293887
-0.8246709588471 4.8766502106134935 2.8560900761851276
-1.6825532227746607 4.776559265098627 2.985402482294848
-2.0143754931404536 4.080101415475828 3.769900317000249
-0.5265074038440986 4.8116441209733365 3.8700534938887743
-0.518330637374909 5.650964353393268 2.551604472745174
-2.7819865749698858 3.457704789273677 3.1027608817362724
-0.1477109751113944 5.272646739745334 3.287669571050419
-2.1738293582045314 4.372528697541222 2.6833311974754017
-1.326263733727463 5.162198451309903 2.93033575632185
-2.8218188007434195 5.002599873111572 3.620406934167148
-1.5023163522481469 4.608071659812952 2.945467942113177
-0.637084511734993 4.863966991229127 2.9401887712835895
-0.18019879178629414 5.113068403457705 2.8810021367308445
-1.8795878840388336 3.618028816433381 3.1698610020296463
-0.7276820658985378 5.719760365333134 2.378577611863171
-1.1768429634316886 4.667724067169762 2.897434883944274
-2.0467902431295806 4.732247520616676 2.6237514239043502
-1.1156481478458526 4.316109910618021 2.2048080030274875
-2.7021768393387533 5.262668257090703 2.9018557223576575
-2.6497242684360405 3.2202637334675126 2.550363642744842
-1.7386704484806808 4.491523072873293 3.611264505316973
-2.407646987478304 4.3512565749638465 2.317323440179508
-2.069352551658195 4.199425651561364 3.2454353982284934
-2.633714459243103 3.8665274016682165 2.979142904804962
-1.1279967189316813 4.242901349503437 2.9802354278383483
-1.345181819234909 5.558018068958941 3.4658163807764613
-3.481753076540516 4.377741725905107 2.4323589425136407
-2.030206723018388 4.9328985593917825 3.582666870548937
-2.192883157696384 4.996970974812648 4.634752682483196
-0.7489521114901582 4.988530981462393 3.6182194758761215
-2.483672767708177 3.0907451635242267 3.9882901073362014
-2.34765918093986 4.369979844356796 2.6831135670426693
-2.6417852244562674 4.12452048761644 3.7850419975779124
-1.7400608124728776 5.027769823560226 2.99562077735849
-2.6294773039182635 4.815814188799625 2.876039982168333
-2.1671649975642917 3.8589901160692324 3.6112895525998976
-3.0119289449725497 4.128782229805409 3.8345426324775786
-2.5616558614265466 3.856321793018383 2.9372466437424687
-1.1676528069496275 4.813097589176322 2.7159526832721763
-2.7184311535952084 3.8542297974721196 4.187391776769266
-3.4660766096071547 4.622387227683429 3.743336992309859
-2.828753523170251 3.969890623141001 4.270017402944433
-3.142604872619672 4.492830348682601 3.5644877098456176
-1.1972550697334063 5.279545883903752 3.324118444292047
-3.130586075771449 3.5592059879109796 2.4204756741672333
-1.3407088137334289 4.931740140379992 3.5434419608798278
-3.851409738810568 3.2019881978721574 3.5930836707815548
-1.5038311095966457 4.6369792461424515 3.332314366308588
-4.959239283619068 2.421567786221121 3.1223817825082234
-1.0205342742210164 5.273856220679576 3.3693239314126147
-3.8678441890145483 4.062403258451962 3.26205210874509
-3.8651249581580753 2.7950521359444713 3.1663347876285624
-3.5309788745509074 3.2444737453682544 4.4869073612958745
-3.257614876894001 3.8115545288023487 3.535260241296441
-3.2036950211602577 3.526776373490662 3.449001199357063
-1.2662033117355973 3.506577854964615 3.3749786011092002
-4.792066842142484 3.5971938950358413 3.586689266538602
-2.3672548128830218 4.43130400790162 4.073146084371663
-2.0387449025567252 4.222879100039153 2.9540719657011274
-3.637199738856952 4.099904602212108 3.845849291440264
-2.9738728943987214 4.368600526601963 4.2846627039861795
-3.037776878145985 3.9652401637869916 4.139386768823008
-3.232373822334363 3.979447940083516 4.104378694153618
-3.4092736339839993 3.4378434305294427 4.0193507896352365
-2.188005718148923 3.633913816575807 3.0776702492576775
-2.278866665261028 4.23909992227768 4.596615674869252
-2.4376263402846643 3.843509245175161 3.468708943750865
-3.7024816204213415 2.8864760474993822 3.610045825374269
-2.9643649851857057 4.387109053591031 4.103187962835809
-1.7146938995104266 4.601979397408751 3.7798509848297597
-2.909374602335258 3.8518083116508985 4.166566718250333
-4.171229303555961 3.769757724927346 3.80727144409162
-2.9720947763088463 3.1580761880490393 3.7294028485649906
-2.478585294199786 3.2534594986902454 4.016175083087486
-3.957614939300761 2.876976366878187 3.386576631312792
-3.7478893413865753 4.060998532599215 3.6876929788939874
-3.112624604389335 3.6759506022899506 3.9215331741498134
-3.6757708710661343 4.27477930601447 3.9413283987134116
-2.8901427504230632 3.7684955907481767 3.950747849480102
-3.757528730373385 2.909673075211519 3.578563592133379
-4.267579360823045 3.8153037489232196 3.0080411448454125
-3.388699377825452 3.9189495979905176 3.3749840089203444
-3.434141970397339 3.7054897800671958 3.8397472070473198
-3.9450008916159205 2.4021251622882587 4.4128962871727975
-3.4492405949660316 4.351158416530997 3.8048748162486814
-1.0273213358784155 4.380509206316989 3.4692301108161194
-3.672328449998991 3.2798645804857216 3.5109921536698083
-3.8822144653111694 4.012031914366783 4.559219521554885
-2.211972074557441 4.245619948608073 4.046671585373125
-4.305575502595923 2.153942320928367 3.9787504565452743
-4.274314130580141 2.6673515705844975 5.079954542609298
-3.720649767170706 4.27510692548409 3.416724560119532
-3.5270996226938305 5.019649321236753 3.8944253263897903
-4.039301233352057 2.064434394584839 4.2390506140800674
-4.360703814821763 3.1070439665231118 3.2830914988092776
-4.398429455808656 2.5804258111131326 3.465248746151779
-4.431716084923271 2.978466706512525 3.4743663121339425
-3.9812330842147263 2.5836912492988136 4.587259388572668
-3.939915365964363 3.114744033129857 3.9855091348933334
-5.302836887138771 3.3154457961761414 3.6197272858795686
-4.907109555684989 1.457507420128472 3.437934513668164
-3.824389614941946 2.73973127424558 3.6009496593971915
-3.696050068961582 3.5034971611925836 4.649078963877213
-3.4561975920368724 2.6883315727886057 3.9054344009933133
-2.9172259743371898 3.292503056624542 4.019621374321582
-4.6819171887056745 0.9421357777610931 3.9246219930691217
-4.925556042493993 2.085105210810111 4.279320512915657
-3.798995618788557 3.6675304875162924 3.8021471210732902
-4.3570109477606715 1.2955766974358183 3.5164511097187
-4.35343490479277 2.906612093591837 3.4489254849661615
-4.792199203828077 3.2159859264090978 4.20254940532825
-4.058972496122462 3.1054793533380396 4.769563593151298
-4.3437020404031825 2.047567453840193 4.376861393820275
-5.092706830159388 -0.6440040215464353 3.3304490550447077
-4.189812741773308 1.1871522887239931 3.812290864441745
-4.059465157952877 1.5330462559136022 4.606149059067122
-2.72158456932906 3.91322949050673 3.373061557015749
-3.57305794985619 1.433580012520604 3.6292267740201827
-3.847704738543765 3.153777042401685 5.24845763403768
-4.179057827697677 2.6937783376966586 3.8490903798646046
-3.0488829937807265 1.551457001455728 4.0219381215913135
-2.493497487435369 4.8544034039800765 5.090938098982573
-4.320838864546895 2.8541749665930403 4.604474332808619
-4.40489732850462 2.234525899317536 3.794615624054855
-4.358382889246877 3.1275646902284118 3.5325964619206895
-4.146059456356294 2.5206480225820234 4.323573658699924
-3.9612228772000604 2.7721434221885435 4.151664003196415
-4.377826112107399 2.6571894398788283 4.12202119571531
-5.046167592004687 2.9263519411094037 4.087021025775828
-4.152633235313499 2.5895905831337127 4.800372047486612
-4.6555536705951335 3.555990036799612 4.54581329692416
-4.344594846698846 3.234615918299503 4.494443508195104
-4.07602214590596 1.0108935140064046 4.060941839460898
-4.338020747121161 1.884350996144904 5.360372654959617
-3.661418590612094 2.6259290076078017 4.6268352777869195
-3.602777878600393 3.3190822438140346 4.039715163801668
-4.588268018959186 1.2680642962380955 5.707831285513217
-3.8659814151264125 2.4686656880930617 4.540924227287899
-4.444505668197013 2.5952581464733084 4.004047756345775
-3.7064674231653414 2.8140404416451195 3.303383062446667
-4.487737609481039 1.58653205269514 4.208539582906077
-3.522450436345185 4.791692803111647 4.485553517344136
-3.86853117982933 3.7404297829788855 3.3533036840649673
-5.015395828033209 1.9480105231067042 3.6867889433113907
-4.788129169152417 3.3992236215303473 4.976357400982043
-4.2099373474772515 2.0434600860992798 3.7938491824194336
-4.4853352831779505 -0.9377350036058916 4.384734749880034
-3.915198449041521 3.9270078370799872 4.053111159789797
-4.852843205313237 2.973761164541549 4.8381701689473875
-5.046975872324196 1.0442523572759104 5.087688671607072
-4.316416749062818 1.6598379011836433 3.5879972660932102
-4.584016250665537 1.295039985138448 4.089999527378235
-3.556367795342926 2.0250756506177945 4.049223153978197
-4.838453166883377 0.4898549290739119 3.582790823674361
-5.079759288930957 2.1939094389201834 3.949130788716105
-4.14986027093924 2.2562452726066256 4.276890771814474
-3.6514043048169595 3.0303772925453627 4.3608299808517454
-5.235010051398682 2.3180681465670476 4.257290298625611
-4.530706927287261 2.377435023314708 4.906838098400434
-3.8076264938700315 3.3053111980960823 4.489517078336586
-5.011384388891713 1.2821138827837912 4.96638319126693
-5.491495429756438 2.5652688226393336 4.460483890986056
-3.636896334796966 1.8091717062509398 4.832549215844801
-3.7514509824858453 1.0807257106023545 4.610281531007965
-5.620412245294909 1.646172984677158 5.249087787478912
-4.4313848737122346 0.9116132774360048 4.266226677629996
-4.636960372430497 0.9646770905363169 4.896308354781414
-5.78824438414702 0.6164555311478452 3.937139146427294
-4.177396627199347 0.7436503839007687 3.7460927143149316
-4.389624758757618 1.6604514574978744 4.354914923429302
-4.820844751693837 0.3241838449882355 3.7372183884722094
-4.76737213194911 0.3145375874753787 3.6519549537532967
-5.175098103018912 2.2557145126343476 3.770656274943824
-4.8176717642741735 1.7314665283283979 4.3596857341505
-4.479010837326231 0.20425290002466073 4.6300297227743945
-4.70611571811439 2.7778628143614155 5.134364503753438
-4.257522415620208 1.397803569837285 4.146303098807968
-5.0689210312408 -0.19926079515647047 4.115279544220753
-5.296387267518851 1.8718478875124913 4.359688216669412
-3.8754422178852463 1.5016345316331583 4.454682020056365
-4.432330353060054 1.2111982632081366 5.17499899614754
-4.633118954013792 0.6821751398563672 5.474654287505704
-5.0094181110919385 -1.2131111244768549 3.7126136127694984
-5.607151959084785 0.27661037498485735 5.052116690777586
-5.052375139517028 1.56739550349915 5.499183514084259
-5.097132645743688 2.113672486539146 4.574985238806994
-5.013775345332725 -0.46860316697003174 4.0748075827373915
-4.769946824782338 1.4513096470680964 5.450424828147505
-4.63626571420922 -0.6779850425017463 4.269805009678894
-4.842998473718636 1.345006659987417 4.203746013178157
-5.466358647206445 -1.1421327343869936 4.213219598797274
-5.549958418533087 0.9728343275043302 5.073930323037141
-3.9584279371988322 1.9121318884486407 4.596316005281013
-4.287008608680446 2.483436759140011 4.712712917906672
-4.659167051075447 0.7465590439692416 5.3543486084294
-4.038167205475112 1.2349681117110047 4.001407952426269
-3.7336786493902863 0.7719788248784809 4.821432565015733
-5.318209990793006 1.2658107286704159 5.299285569247625
-4.5870173356516935 0.4403816150086773 4.426414097420294
-4.667333921737354 1.3093279881311433 4.562878229442988
-4.786660431752109 0.2497077621142983 5.853187740324295
-4.2225117736160875 3.644537185382455 4.876379150954868
-4.784968115349934 1.0284143005838617 4.947984535593974
-5.541151264448706 0.7612087640479637 4.2049553158535575
-5.60573108595205 -1.0500701733728846 4.769983523601011
-4.878203090868566 1.0428891347228004 5.418713767853134
-4.4197579066414665 -2.5521769219887616 5.482606534846848
-5.5412132580069615 1.0981852250145223 4.244166181237929
-5.105912364343189 0.7557093526976926 5.0183865294214165
-5.083000161278399 0.5992540751426947 5.150006519563881
-5.06104160590965 -1.6812210887975998 4.513599462520587
-4.1113344230229725 0.1896222308972678 5.667344130555133
-4.771237187237451 0.38378169795791534 5.155632724287217
-4.700510918799991 0.24943851110995616 4.931761590185127
-5.647577706143757 -1.2236061289758404 4.796922012924422
-4.679189996464621 -0.4795154939103896 3.7203004210976625
-4.956123933654052 0.22557111451685766 5.039515012144726
-5.214828836377004 -0.21844633027553922 4.5794560899259205
-5.683903159363156 0.15998075161035102 5.656230080558469
-4.3918054144023815 -0.44066572822302263 4.767868987416552
-4.04116063304339 0.05456547738241232 3.49098441036557
-5.625713588191576 0.09541525146352313 5.2149138160792265
-4.929138405621286 1.2565667317531828 5.304497521650998
-5.092526821874876 -0.3320110388873798 4.533465357941763
-5.260653243428176 -0.9914843627199426 4.9378825381804905
-5.520690649837228 0.3533520196067139 5.597983887740758
-3.9922041584854173 0.2241523322615952 5.843671447776084
-4.633406984780015 -2.5787233378230288 6.140117528671295
-4.5952222774297535 -0.40434143498504127 5.888968165899413
-4.980572466796474 -0.4150990664699207 4.4356703565285045
-5.295003987563517 0.39049351666249643 5.63286407056308
-4.7603840286698285 -0.3254044479534423 4.946773006817941
-4.963227479328978 -2.6167441377565708 6.312478335234564
-5.9645615077854846 -0.5656466403780698 3.8635465332639343
-4.857588235757393 0.14726590305085416 5.1249529701771595
-5.187623207405597 0.5211165590161885 4.821395493196946
-5.260844817821483 -1.8078474702381273 4.925059785856331
-5.642943931250395 -0.6691235994676885 4.9139996510152715
-4.936373845557294 0.18588726169780379 4.725828394655596
-4.933777720033153 -1.79423591754827 5.815274217841641
-5.225499205295071 0.401771354739239 4.9144323050444125
-4.639292114531238 -1.1030125608686967 5.6882517234224945
-5.018397642793307 -1.5995491442445615 5.292960209511113
-4.567902611731784 -2.034459861521691 5.553629444958466
-5.114275958037655 -0.29731927677852615 5.036598696096665
-4.6975275388359545 -1.4446964101099993 4.905046745346535
-4.460437845908611 0.7583565621759135 5.19542300815691
-4.659670205492326 -0.6904038304463974 5.375116664688921
-4.366354795828807 -1.3333949954997188 3.914783463984514
-3.980801916735548 -3.04650494608441 6.322307653169071
-5.110657160756249 -1.8494405569253933 4.950531653983101
-4.358598160740143 -2.7798232048983587 5.358869025919858
-5.318360204454638 0.24100681151747713 5.992865561757587
-4.733750103029969 -0.20374715152820144 4.8578228186998444
-4.547400132554488 -1.427264561412522 5.8827942014770604
-6.031832890078496 -1.8524053181317357 5.591686551932745
-4.315117708370499 -1.4777715648509517 5.094440900574136
-3.496808057506697 -1.08595642662364 6.087971739784965
-4.287008741010342 -2.001673014395003 5.7255464265520235
-4.6012481057754755 -0.8858568883580165 5.618486140759748
-5.810564192344977 0.7454118982323261 5.926804362596372
-4.360551292454388 -0.5227320686277681 5.738203301893256
-5.138594966837436 -1.1974221548772706 4.829225287365501
-5.250138876456084 -0.5656114423174744 6.457513759454832
-3.608793557742513 -3.463427524089454 5.540897530040964
-4.204455261841074 -0.5977320094496466 5.921427375451124
-4.315911795403817 -2.47042569216866 5.566132324467571
-5.060005051835261 -1.132597225408961 5.6892455162739735
-4.50650775512366 0.35257420730365463 4.960532378344846
-4.533912770873827 -1.8572594800769107 6.077906480941403
-3.460208760290742 -1.9569422936950058 6.3712041669474555
-3.9620331244978733 -1.3476717038018744 5.202629613974247
-4.802625265612511 -0.6511413231181297 5.19886854224441
-4.5500119510598465 -0.9117949233022344 5.249728202604643
-5.521543329788719 -0.9467895263224202 4.939150803538164
-4.517436077022129 -0.941971623121102 5.669315879609779
-3.629634240632589 -2.8870780180281312 5.5336958537711896
-3.8922624746530876 -3.5457004188372894 5.076282361918802
-4.4341483878118595 -3.306743787501884 5.865546938134792
-4.71530068158394 -1.729228989430841 5.1969575783413875
-4.464721352779518 -1.569853172256438 5.330058308692203
-6.029830191124422 -0.8789452063455241 6.3113079355050665
-4.583915423461723 -3.175719465438155 5.714092133572992
-4.314909545780601 -2.7068750044604366 5.953979215004396
-4.371114796120587 -1.9131955460685965 5.375791848585788
-4.48532793711136 -1.6725093127600388 6.234909138806296
-3.9781951760833225 -2.6763578847386404 6.191604769372036
-4.225840932453632 -1.7076328983887827 4.823141437063361
-4.402927058086007 -0.9751126526587324 5.574626100756987
-3.1664795817414717 -2.738837986068684 5.58809025429455
-4.295549436237487 -3.7726858762440147 6.437982095326947
-4.5419354047382585 -2.216392203231365 5.923733864468164
-4.520004521424401 -1.3201919328784433 6.114185885765614
-5.104505765593946 -1.0131911257396726 4.862917798636355
-4.950028717002359 -2.726728793042396 5.955363360120244
-5.47791460752107 -3.053360230630073 5.506399537656717
-4.491234367147398 -3.116479930910366 5.528184089035436
-4.069931287097689 -2.591739425905019 6.833114481508172
-3.032710101345178 -3.1391046322834244 5.382817506875357
-4.082389480992675 -1.6827152471203533 5.85904912936061
-3.9933563644561043 -2.445460823117381 5.480714079227985
-4.844429489512533 -1.3872228059195781 5.2911292839833886
-4.069721946192549 -3.1974503132009873 5.959070285123176
-3.5872166720241454 -3.083221864807732 6.135528143719915
-3.426680607628478 -3.3632429350164155 5.782756211500407
-4.043404720026013 -3.643285043275997 6.194222173059858
-4.409870313563022 -3.4023437655484474 5.705353494565785
-3.73290331271881 -3.3818809043515663 6.258837637276895
-2.55688837900135 -4.329300523829876 6.720790499254403
-2.783406728499615 -4.235710642977739 5.891401423756051
-4.596301526967784 -3.2371812092352568 5.6166370490945825
-2.891359665704369 -3.040035967099394 6.440947612530949
-4.730132783613935 -3.230929191156501 5.585066221892858
-3.3119611251257517 -3.402907238888727 6.078175127633512
-3.63352153925833 -4.043483468444462 6.24480726980108
-3.8573860142915035 -4.119121762801761 6.1220037548093345
-3.382641771574648 -3.622239787843384 5.583244673185787
-2.722751723845158 -3.744955106715971 6.391372585147451
-3.972038638984965 -2.335598042959744 6.610890648840654
-4.550241210826531 -1.8406423772276772 6.102788400129054
-3.3141258558598916 -3.2488987058449927 5.795367745787821
-4.3659919503907885 -2.9036163248930165 6.572144876869565
-4.815414836807142 -1.418498519718051 7.302054912611997
-3.380518661363921 -3.604675695638956 5.284153314355384
-3.4749422581409672 -3.3159586121671283 6.029808501955932
-2.791429738298258 -2.711343132021349 7.3441615160744
-4.805061834740995 -3.538881215162686 6.970938829785498
-4.438161361459103 -2.9055881027640793 7.154944609880549
-3.454164771292871 -3.02462188364231 5.879010786886529
-4.345528174569989 -3.7741604393247004 6.14210221115871
-4.119854081726326 -3.5724743593023174 5.8313644003558345
-3.0247410984872336 -4.60039179539256 6.327341318684953
-4.4834221612804015 -2.228650097812956 6.271308563753006
-3.861464833091325 -3.2152397137743343 5.823594535522776
-2.809044926052836 -4.755149682052942 5.8416319009851385
-2.7972391811020283 -3.7840639743829665 7.129238696031258
-1.7017198340567565 -3.4800943209797808 5.745184858591467
-4.355034926617162 -2.4763347377193976 5.994099000410187
-2.942526118767776 -3.766629110051421 6.046949459051761
-4.118870846735837 -2.299846368188829 6.454494674449781
-3.3781787380195114 -3.367318085579383 6.492939543399153
-3.866320232032703 -2.7228414893894706 5.687015012355963
-3.3863414991512073 -4.830250989699678 6.71574470985595
-2.1426774256719328 -4.878147421475282 7.05677955908869
-3.0517299136212808 -2.4797040209371937 6.530825777708201
-3.0768081247740504 -4.388531347734024 5.922555189743609
-2.4183488325685825 -4.055753180292575 5.777459526302419
-3.0924991696370467 -3.1744349170589263 7.055068684774067
-5.089119868530867 -3.8159740007251335 5.607428684303516
-2.816844999369028 -4.311955098347207 6.38011810942419
-4.486507280402069 -3.958707565932828 6.096191759006212
-3.415364482186201 -3.6734612487633465 6.98023718830051
-2.5006881177279414 -4.379999559130282 6.872355873709743
-2.9213708180835183 -3.450647531077817 7.11219952073192
-3.174824757456316 -3.5660985846083815 5.8843864463995015
-3.1824823493975027 -4.135585097289712 7.270598372583748
-2.9724679641805736 -3.2029351834900206 5.762717853698558
-3.7842337671999258 -2.680377340888252 7.816625330498447
-1.7940445215612233 -4.7238074734521085 6.032931796779274
-2.6878895392459348 -3.840003593708347 5.751783007787301
-2.015667259576872 -4.601002726484476 5.890823544168041
-3.6565546258805304 -2.6126825704824443 6.6726447905863004
-2.804217748428859 -3.8806546467564282 6.7716156587018785
-3.7084599020893587 -3.5908712672895002 6.022749180237915
-2.8972977452299395 -4.315301136723535 7.000080380910388
-3.7391025107333666 -3.5628824202813183 6.430925498201669
-2.2732728307939003 -4.030412843139428 6.17002010312892
-4.455668361664648 -3.166642178705555 7.303808222669193
-4.036219955171592 -5.227041530055307 7.010479712635919
-2.5286804546144586 -3.596569474523143 6.246530901516411
-3.5629048531344267 -2.952562178307659 6.889598938097164
-3.6354604028771518 -3.0215218719860624 6.267233746628573
-3.9603183850508294 -2.8486759923941842 6.4541208405665484
-1.9396259188252643 -4.778993901846206 5.880852294683235
-2.754997853078496 -2.56404138276518 6.040881058055827
-3.5214466840071883 -3.7146811397714314 5.678919193413212
-2.549564042879554 -4.055189272847126 5.676677539981144
-3.215826553806666 -4.0133566882015606 6.8000721113226055
-0.3713828181832995 -4.275911932367918 7.655376460266431
-1.1213641086353643 -4.7416115238364975 5.62627558899914
-3.6366900916482683 -4.029110266459292 7.225485586881877
-2.3976420122257 -4.926008105436194 5.78954104350531
-0.32748590344053147 -4.230484654782388 6.174077490888253
-2.437538132788579 -4.592222678644906 6.037589698115717
-2.0894202834990905 -5.066984531070387 6.523171214232499
-0.9791978632877025 -5.453290450081728 6.4219206769227055
-2.8553677553209345 -3.432156104519788 6.210565972768871
-0.642482637618813 -4.812772189619117 6.245327153131744
-2.430861023711798 -3.389366856145152 6.697687888036586
-2.6824814273654227 -4.15614630730166 6.946630818996995
-0.17877423540676846 -5.919704495599532 6.630886315403466
-1.5538543876372743 -4.739939846481182 7.15646917379597
-2.227009399620397 -4.197091514644869 7.007242910535467
-1.9391388240638614 -4.407967542723275 6.219399619425679
-2.4575327081445293 -3.968972157946997 6.509682884553539
-3.010934222220625 -4.269957736340159 6.6813677148311506
-1.9428631203910771 -4.799042068790071 6.9190086859668245
-2.365301210859255 -5.141211951767833 6.433857433479492
-2.3329214768142217 -4.94949005801263 6.114405661414766
-0.6599934007566317 -4.546587391429839 6.646947818573331
-2.7561339809807097 -4.485098611626497 6.819793577757284
-1.2396271275698996 -4.559576821759233 6.245377953481138
-2.2153322738579773 -3.933260140366287 7.5167681041290555
0.31321871700198356 -6.108042819948338 7.4837696570044
-1.267062533221084 -5.223874322758299 7.387286804217042
-2.217216203608595 -4.2363221103986834 6.62736933934846
-0.7324358669285547 -4.471390428261477 6.622889596604882
-2.498658463219487 -4.747304001261529 6.997620817806676
-1.170475210366345 -4.10466141958544 7.137300558577709
-0.5398074969411338 -4.431616270996973 6.355004461425909
-0.9997241306292003 -4.671058141019637 7.116086810517751
-0.3998952432694213 -5.185636939807983 6.59959693532657
-2.3864948855490717 -4.667186782367255 6.42126265149225
-0.8080020151085511 -4.211657888987339 6.902465124211516
-2.586288576849512 -5.227864238929483 6.425861625628615
-1.4421475046587435 -4.268421232456068 7.099032616979015
-1.3984452142640589 -5.017981121818214 7.449601554927229
-1.839510047618749 -5.116768643316248 6.557124012981694
-1.0600468944901515 -3.7175009477237 6.381403282451078
0.17718034580252506 -4.135853054670773 7.337569213997721
-1.5118430893004813 -4.6453172722018365 7.12416184339923
-1.7480023494718058 -5.261379975854176 7.14987413752895
-2.6826187137266584 -3.544216724722095 7.034751261567073
-0.958118946133738 -4.840634003257561 7.584229811650317
-1.7822917263110374 -4.845972219478749 7.684486273555661
-1.7544851359474 -4.852202373057313 6.323947238875629
-0.3661284885036845 -5.392121658038542 7.481979082326612
-1.5286784313031094 -5.279544589561572 7.654217727086986
-0.9665829937666841 -5.573141773836523 7.174524586472487
-1.756739147074243 -4.996706265494581 7.949593760873415
-2.3132936743467796 -4.574774417984228 6.398624866147472
-2.726788348147741 -5.419135397607461 6.54030648007693
-0.12130767999957015 -4.42266467293302 6.328014584938164
-0.9069641444090573 -4.4924823324542835 7.433688965894801
-1.2282239363088152 -4.487957888540136 6.730069360725335
-0.4627489600800457 -4.922078974803313 7.463599215171693
0.6042139389772267 -5.034565226174555 7.63735156232136
-1.2890601217688118 -4.50213114535592 7.072697534195658
-0.922500404923925 -5.947316083799612 6.578131493803299
-0.4031425377617548 -5.487015576613986 7.560396367375933
-0.9248362951406945 -5.4862939793921335 7.89863353313994
-1.3489733778878736 -5.181335205321614 6.762000533215218
-0.5317603379731968 -4.983221892629742 7.291721472899364
1.0263240027142895 -4.665501655483984 7.955157080723154
-0.5629121423904315 -4.75956340987924 7.810414375387886
1.2003084127503287 -4.397365548837951 7.3782580266919435
0.1432883260459387 -5.415941129976545 7.933989343913228
-1.3069967138171243 -4.5729990005430565 7.412874843186579
-0.24110744139546922 -4.929335620699172 7.167613721492685
-0.9426083540353435 -6.034969129756202 6.766372340651658
-1.0863788026468397 -6.349777131100026 8.480910074342967
0.44975537581698083 -5.513926224891759 7.898742628515581
-0.9806444913790341 -5.172781039641528 7.66963608896035
-1.6018983831629707 -4.879215416981435 7.491577670720019
0.23642675686932985 -5.123595248970045 7.58507893911536
0.937818845201058 -5.079651754734666 7.0119266049351525
1.528022122544389 -4.572015196646605 8.374608470340355
-1.1644300776369345 -4.717871245813755 6.793293035953348
0.2861110051732809 -5.054335503903947 7.438499114816559
0.7390061233217351 -5.103576349539786 7.944618966615998
0.445333984038728 -4.421989733764101 7.013139462152058
-0.5064540016897033 -4.862085775195739 7.373195274814323
-0.5898216378191489 -4.323916284792997 6.8265013758611905
1.850878510261727 -4.967617896332029 7.756844152723349
-0.5596758749591715 -4.254961016468799 7.548108956725207
1.45824919847648 -4.678343414958992 7.499606766652593
0.2852535557823759 -4.213860476778205 8.089146737173367
1.0786132725558872 -4.796078811814938 7.33830374441038
-0.8255242410829952 -3.8923505895490336 7.493927981520653
-1.1793793709694154 -5.055928993235776 7.711734956829382
0.013624583672501774 -4.548615061932139 7.278580187056932
0.1878435295722997 -5.375532677642847 6.6601477789526635
0.17555119464787744 -4.870590413402523 8.064751301654201
-1.5196355938126795 -5.511146127175779 7.831017411070797
2.3057932913805996 -4.190170802728113 7.3815753378718085
0.4939455396544903 -4.020571735256201 7.875332557385378
0.36394104949731626 -5.403130531927663 8.208575929405544
0.08933334942686784 -3.510584771345283 7.528940824063188
1.3927159768384554 -4.527323577274897 7.968084333185368
0.3937677299478476 -4.815192537042152 7.800477172776895
-1.6958403907038178 -4.935608784076234 7.007872545832164
-0.02868169780248007 -4.824998783979936 7.124735466900751
0.03337678359157821 -5.209159970946709 7.816020119360834
-0.2328487726294053 -4.948852601576272 8.153434656646109
-0.10072336743717246 -5.7683333643731 8.355727281641835
0.07363450139169245 -5.269059852334874 7.05937781441213
-0.06096481389642894 -4.907526300468952 7.306023819649349
0.5990793790134297 -5.064448171247994 7.977099919658301
0.14140708471792776 -4.479961900391569 7.764234482560585
0.9723898629272761 -4.38280943011929 7.586682558523946
1.5017364305937637 -4.9455086551265195 7.522127868159925
1.7899370355701445 -4.86453828443268 8.259893389673302
1.71095760430386 -3.9749407135054535 8.185353499841904
2.152024085890756 -3.5558950003516756 8.179874537145228
-2.7651460274133304 -4.4040045682608255 7.641996807064198
0.8339788868108652 -5.175197876185959 8.393874595204068
0.36924949804186596 -4.927235105609826 8.595140731752803
0.20294592028191052 -5.222498728397222 7.166346882637067
2.671245783695098 -4.895181899653342 7.622858387136702
1.0688481839636526 -4.785154108164587 7.562774943672177
1.6759251085150257 -4.03864729166266 8.159594241291488
0.6928198983738436 -4.487689263099451 7.740256364051131
-0.19271696776688405 -4.608886268327888 6.885321770528611
0.3035983851809582 -5.296409502533145 7.864246598165093
1.8354145011866694 -4.992234708273922 8.495246310579887
2.443794037392573 -3.6640789742614377 9.006766009119238
2.156053418547562 -4.324609958564688 9.159002041079264
1.6329017428031944 -4.5344574947539025 7.6798680223946505
1.1644701648455156 -5.100432718321832 7.489862662190946
0.6863169894302072 -5.699736319531511 8.922527410763935
0.8079225012511718 -5.172878401820431 7.904574116725265
2.279021671154768 -4.145588996177985 7.375687965828283
2.503895018426486 -4.6773120981932985 7.577678646600707
1.69595717766482 -3.7976863663073557 7.510734916396873
0.9409351826379758 -4.734789118846593 8.637907815988003
1.133593869471536 -3.958242943673523 8.609098024662087
2.079006612288101 -3.8712836479192365 7.302724573252829
2.5451806257945617 -3.9069068946162293 9.042790114608641
2.04423442826472 -5.380963479353095 7.400873314816791
1.5604333227742095 -3.4318803634764192 8.473283671693615
-0.6749524217467923 -4.7779390042203005 7.962298216692585
1.1996090336123966 -5.165048951073712 8.014572286710631
0.7130815748494752 -5.417440177199164 7.4000765201634735
2.564612726280212 -4.602719990106424 7.549026053759102
1.1925227892540824 -4.9052344960179814 7.737780130081035
3.59545087211847 -3.2303196149334656 8.09140355597298
2.407072708062578 -4.119200514419369 7.941618685909357
2.0910182621471254 -3.9901617426997533 7.929698445089608
2.527623080116711 -4.466427656984577 7.903652793406864
1.7959138649537074 -4.764233055832689 8.120605991542913
1.402400901116588 -5.151158137680034 8.129412573060105
1.6856257419997394 -5.102337877401004 8.470801219305455
0.4458687826419654 -5.205479492197747 8.155352413505275
3.4157448595819386 -3.51242619591186 8.644176585395988
0.8511149150858729 -5.045545072498086 8.442172312981864
2.0524616713052333 -4.1344436597473795 8.371403031733587
1.9157734685395869 -4.353182534828613 8.30197387447844
3.7764282273091747 -3.889578209765599 9.184851953219617
1.221865846862754 -5.262214692934974 7.7142043218550205
2.2796612927718103 -5.115489034527076 8.354599457571746
3.1927140049978746 -4.0764177281561595 8.782456913569115
0.9957765432274588 -4.441641049264514 8.853009321094184
0.8580942367497916 -4.694189750678201 8.31392479713253
0.13849570201072234 -5.693335020233835 8.595762788588779
3.0379920990934632 -5.033111370410604 9.260212472706426
3.6019154422835684 -3.5961201022912768 8.87140512459789
1.9565926958140365 -3.800307350228973 8.351396081464875
4.460317013988882 -4.683391845205086 8.122876069989834
2.091945426973411 -4.621840614171684 7.860878925499723
2.710498861540841 -4.20921027506494 8.359538978700778
1.8550069045339044 -4.714188225896467 8.445358214491264
1.6571605730289425 -3.921406005205242 8.09437450119786
3.149160014501353 -4.019833509757007 8.438899749831943
4.023859069960632 -2.7308006228129273 7.990472192573338
2.8076807366348278 -3.715669663883248 8.280815752946538
0.9994889837057728 -4.584627828808551 8.863431181922246
3.9630499920770035 -4.370578767230675 7.844825705306901
3.9560947649881513 -3.4107615003585874 7.996013214024979
3.651019844030862 -3.6593250824734636 8.353610505862543
1.1717867603957348 -4.435869005445386 8.427689589248828
2.9020231869193718 -3.717049275726716 8.592576448592352
2.2165789027863845 -4.558873572854143 8.159940785278373
3.3643563045121083 -3.7277853950483206 7.946305898266074
1.861043557531484 -4.26342938647367 8.577271675772675
2.1941796718150544 -5.362827533636539 9.269622797225189
3.305997150537122 -3.739329179969031 8.466191871400248
2.566909287520221 -4.761505614942681 8.703686448215953
3.2558515522112383 -3.659303712843586 9.610054098310627
2.8959473516659657 -3.0913745093223834 8.037217270294434
2.5808742224725085 -4.753823475670965 8.786906102423496
2.7980586039537982 -3.563510145465892 8.417079232464573
3.0873650894092544 -3.694851152223215 8.76857295293834
4.2882121934154975 -2.4661048161394175 8.690553229495539
4.008623867108106 -3.8730817036844662 7.837483637320396
2.939034265864585 -5.1596232290986235 7.3369688953214425
2.7656181110412343 -4.776102650513216 8.783988310489084
2.75131477074229 -4.7359606941717844 8.510808390634487
1.8217906824978203 -3.892375779628773 8.297206477255449
2.8812381517681445 -4.077330487625383 8.222961001866773
4.460095159698505 -2.7872975355141287 8.509980579724031
4.245602489583496 -3.2969016467514476 8.580614570508988
4.638058526986173 -3.070985806219047 8.497575911566727
4.058559110726924 -2.673750142244782 9.087013655294765
1.0122893014605003 -4.286503448656569 8.747237009301212
2.560672919791636 -3.0040664413656772 8.919515936998264
3.7765721862579733 -2.90791165750321 8.785948109484751
4.279252662667451 -2.7297772105298974 8.260731122985419
3.428116592659174 -2.8246161553721443 8.803950494224658
2.698208162209206 -3.913634689017402 9.306912334138238
2.9108176628337605 -2.860414929216809 8.642121159645097
3.360382382212597 -2.3818073304194995 8.112027973586823
2.5930145856800273 -4.933260371895343 9.086985890144707
3.008477606853734 -3.8356781533528554 8.471674928033398
3.0742542357958955 -4.069734265193439 8.9365095768896
3.0428647261667074 -3.481346238988131 8.51321937221709
4.994071740195304 -3.473924347305334 9.160460527865109
4.723026376081803 -1.7720855500537898 9.32642358928079
4.533109961477195 -1.8625795434700794 9.153284903659578
2.9013351966108725 -4.261248216085386 9.05955576335501
3.931481840533322 -4.286969509912959 8.375703906502022
3.393446044339658 -3.888728211249252 10.09120989718315
4.885243638749879 -2.913951724044485 8.049681761324354
4.029454197346971 -4.234128882828335 8.804537872422063
4.818428402517164 -2.4782651119842205 9.152367054598372
3.2949227885985617 -3.8642296547212323 8.964162922006604
3.335532735852978 -2.918929512031769 8.493182486720379
4.507269821668286 -1.9482523535572058 9.682668297660024
4.226116423725211 -2.0861619147954418 9.005469429066233
3.2074240433925434 -4.187651809972862 8.295780371605463
2.643671639394607 -3.788276432547798 8.855734198866388
3.9078698400998086 -3.300046691993687 9.262728479125474
4.78430307386742 -2.858414387829837 9.738960035118154
4.108544734572725 -2.205522467220115 9.30657216796493
4.587400880136896 -2.650137494341176 8.710094846357896
3.921427276295486 -2.013187174734799 10.194119796886
5.563522363877416 -0.9760078598370908 9.165329161224241
2.171485300213933 -3.2196442615864584 9.270861478902576
4.618309133748987 -3.7410176183948813 8.868510493139977
3.8430277324086277 -2.3413376167990796 9.314276843882018
3.139509489637404 -3.8811885400013426 8.267893823717483
4.0616707752101195 -2.7105866165779138 8.968005254752683
5.743213997906956 -1.2175619739134877 8.17956680353281
4.173974446285802 -4.072967333975358 8.634192715864522
4.318070895183688 -4.097295145090733 9.035693563561237
4.122314404163872 -4.241051367236648 8.465089717430129
4.69158441066225 -1.5529437592823367 10.22747721014868
5.198866142755704 -0.7406670594037041 9.733004704244538
3.40026640892922 -3.151464894714968 8.73244906121162
5.171561331911829 -2.3173761430884636 9.361869240176114
4.929575523586175 -1.3597708152811232 9.587159724011519
5.041265698717852 -2.294599221098357 8.964102296027225
5.168934324809259 -2.2926758114377646 9.216061394671653
3.9665793036579817 -1.8804324698513624 8.312162775742527
4.120124007683108 -1.7612429934935623 9.588695548216451
4.250181402087559 -2.129248015691188 9.601967107997275
4.460212419634716 -1.3333441212190167 10.092507258658348
3.2173788341846037 -2.4195089615340497 10.11385689633154
4.512482632425891 -1.721242828470689 9.075255864496448
3.8997157225867056 -4.166301791198674 9.599736661571917
3.522365583642649 -2.8319348405478384 8.775621540282554
5.657938659950955 -2.331181903101938 9.00780727516635
4.052047984837949 -2.9552356853526147 8.61344035869941
5.31885227289153 -1.1965198145233984 8.956181532164626
4.330728227817151 -0.6488254186550696 9.373728621942352
4.110773661012497 -1.7798159402274112 8.574194063721189
4.064366345019519 -4.14470697603075 10.233381673278116
5.111103003253058 -1.5643437911302946 9.038500382920562
4.189728485648489 -2.1342676856556047 10.39843537852369
4.174332901806172 -1.9701639655359413 9.041560763575877
4.561106601100773 -1.66365373110954 9.090279477478832
5.473367598338888 -1.1829982309329772 9.483848539936217
4.0278154463614495 -2.811073042906208 9.329469892390085
4.503245668728149 -0.7651077875302231 9.28287422416566
3.957375747048653 -2.580279045549602 9.671003651084066
4.707404567814318 -2.5739795696582655 10.28435633416409
3.927888557735745 -2.2595151618159983 9.200220522618496
5.0165297058099325 -1.9471293925892892 9.951179303437012
4.787007394642021 -0.7919014592734476 10.010158975691578
5.0415076958533165 -0.8565248011623409 10.222912280466787
4.852795295535463 -0.14433284499890173 8.408821467233812
4.984818543420581 -0.03247906867803664 9.79268685817354
5.512950870427769 0.5863208931114413 9.751972916623805
4.369418913393511 -2.633777996760269 9.667320984493685
5.334019614037048 -1.1008175962328195 9.996949978131953
4.645352428411273 -2.9694943744706412 9.39872142895088
5.163707642592454 -1.7613646172083024 9.52723518641046
5.271749678298972 -1.8000205137415313 9.68365043469882
5.191085283992554 0.18706785293440628 9.907161365669719
4.252208126805156 -0.9114602831075332 9.822382455811459
4.675394447746851 1.3505310207268086 9.880926513324871
4.4074030315902455 -0.4048926216574512 10.219185429702476
4.791438205524113 -2.204400454394759 9.723794182688911
5.418598317588588 0.016877720774970382 10.49899491643957
3.6968585714026214 -2.9905163983418985 9.705168394750126
4.398024614091433 -0.38702371944065467 8.669968963786058
4.697417730174074 -2.2605334024347794 8.761098648839951
5.486675031574447 -0.6549625332290312 10.315364884106542
5.629419616067912 -2.355547825734702 9.697785342604286
5.346690990980902 -1.040132578395751 9.894299810824052
5.227536463163614 -0.7162092791102638 9.371720595085291
5.246449771088911 0.09681745462670792 9.71050641514933
4.63100188285086 -1.1113225387654246 9.583053449897454
5.34624979697265 0.1791310607782356 9.894944650794875
5.772458064227989 -1.1619485003963923 9.364466865233634
3.8946314541260496 0.19702510131017567 10.30071321587935
5.001824363123894 0.14933609358878652 9.63383671537027
4.942246041538875 0.1872443623736139 9.537241782959718
4.441057108436881 -1.192501940285276 8.73744424080428
4.743762645323047 0.582127148012105 10.755675668419183
5.477953314729323 -1.8484549443114098 9.269981628423228
4.769843804315697 -0.2657947562886668 10.619586719292743
4.570515029209977 -1.2948381511504874 10.053086332923712
3.9091315487294827 -0.20442496828148055 9.663137555910508
3.932967651054517 0.20660868995220064 9.221381364914665
4.887486294719035 -0.3560780126327803 9.778376364577023
4.819614807869822 -0.5203519759668745 10.458253071788107
5.272519983071219 -0.0348162266639684 9.869922885583525
4.533174763653289 0.24744213118167943 9.743689303506391
4.582266405371171 0.41479912257791446 9.588940189094682
5.192416715260169 0.5013676323109936 10.356823934156143
4.386555846350529 -0.34585689868455505 9.031257486437054
5.053844999860909 -0.7569707956629143 9.925976125467592
4.326098592489858 -0.04444067029110057 10.698171653787576
5.227487489274071 -0.28197474555058766 9.69677195428242
4.786971052065662 -0.7913870163668387 8.936241246993047
4.702968921622791 -0.0015796398476321495 9.135349823185567
4.486530708347766 -0.4315963946424144 9.914356601935078
5.75106276554134 -1.2837056361468584 9.066605570518542
4.421484816621907 -1.260744624574437 9.391038623051417
4.6294741555091194 -0.5360195228502124 10.940581269710151
4.790832039698438 -0.5717953233358464 10.261237449760456
