5.181553122733715 -0.574458125540975 0.09976913426186357
4.653044724862213 0.6292845154656875 -0.352371598933069
5.362613351366609 -0.24932672421107954 -0.12784909733976238
4.992657844014149 -0.7978175708751654 0.06477208109744487
5.07993404685756 -0.9620489044228435 -0.3944467028928742
5.2257635381462215 0.09202683641185207 0.02568489012464426
4.525688055681903 -2.0500859128201174 0.3718491769915971
4.671394113363856 0.3210534750578796 0.30086382627968294
4.8715534240918315 -0.11219526568302343 -0.3048946881785687
5.37460681198335 -0.3494760663168367 0.03985218542977512
4.622635248975818 -0.5867022524051374 -0.38806757981459183
4.477282434731034 0.059252572158356685 -0.3434343313675003
5.29181012696599 0.36156802482204675 0.23236704345661668
5.596960759939781 1.1053900267448902 -0.06881266780575648
5.46244526834754 0.9783796768335924 0.744733125176352
5.3508388965960565 -0.03239935941476962 -0.17265136857131128
5.096050708016167 0.9628234516857438 0.9025332467572345
4.26604313384431 2.633805813072095 0.46835565169905546
4.946618267255258 1.5293987985202429 0.1429493222749305
4.243801848590172 1.904561325689692 -0.4889180408720167
5.276601055716576 1.2328504864143652 -0.4225124319862385
5.427436139857656 -0.7041579428169993 -0.4093603650607502
4.692706246379558 1.6261560876825016 -0.2529898083225372
4.908465343406333 0.35748683506262735 0.838220660996287
4.4422308427874 -0.36149372201783797 0.6283246634671902
4.244651731478585 0.0838936856882516 -0.7293260880897606
5.303178182907725 1.2920767085183333 1.188833778987568
5.311835192498106 -0.47360446495944053 -0.5716825086442663
4.418097524362381 -0.5305489790208098 0.26391776171640857
5.234011538682218 1.2944950617667226 0.40814015162812395
5.660842712031117 0.19684699714436524 0.9140021775168541
4.881547215744785 1.419636335024258 0.39146903138930395
4.173763570225148 1.7712644179637664 -0.20294379225455988
3.474925655600397 2.501423293539228 -0.2071421741090252
4.869110862814807 1.0790976003938004 0.5212534305414775
5.3708952208435985 0.7878987740144577 0.7494262708606942
5.095379821383118 2.17881920320196 1.0142994539608698
3.8359137261358205 1.7680512874976915 0.8468245853777139
4.087594968732093 1.89491777454038 0.8794758119858983
5.358698277882147 0.47363644437844954 -0.21131056957388583
4.162162387709581 0.8082985121487875 0.06891674033490774
3.9677562062152116 2.6703298994865956 0.7243560592444508
4.424317673917307 1.454872795544043 0.25518014120708404
4.556881182237744 2.488143417728154 0.48609098731462147
4.641327562217522 1.8337072537280938 -0.3944801707985186
3.9322987070276656 2.8378084752411366 1.416736832073778
4.573397657127931 1.4293534230132765 0.542503179600034
3.4403990120264654 3.1561158041941892 0.9059584361791124
4.630900948853587 1.410866287647505 -0.4047269122865491
4.218592104983882 2.2040704608789996 0.31590326251449186
5.178914079052116 1.0360848728380998 0.6561445770442828
4.746604430092426 1.6091759087740372 0.9406460036415255
4.899840481946714 0.5499514827235127 0.32966037498436956
4.6986966364580605 1.632068094634277 1.2870452652773818
5.049707213207978 2.447923107705239 0.8751926435303659
4.637583286023688 2.5961700177428093 0.3687935653271638
5.029307296305763 2.367832668342901 0.6438293258568146
3.736613439956238 2.825231950735489 0.9967857822110722
5.677992123640595 2.5651228817820644 0.6605797825546814
4.11446718668937 0.488876594490533 1.6575475534152675
4.363966277094428 2.0255967644543182 0.09722593639038524
4.811042901961399 1.481171456756223 0.47765610010411363
4.352402008038633 2.132373132517635 0.5475086218764038
5.314947384707896 0.6572178670593992 0.7495242504691995
5.726142201114127 0.9220534560398409 0.8065171847422105
5.371370286794264 2.0494127592036255 0.8798032242677949
4.142482452590711 3.3483576565274893 0.30457391275933393
5.052842561782831 1.4448359339125658 0.24498472260101456
4.1026367847162994 3.7281272860415373 0.9747369293513983
3.7074368077678073 1.0425450018592757 0.6301300909643534
4.703934459161645 1.1198802051566958 -0.2745204866024684
3.804717930436227 2.9821224530094206 -0.08418869658843275
4.647709603296199 3.0359604732649603 0.5496814046816891
5.505536777840816 0.05878450412421779 0.5151871587961983
4.565997697080788 2.0904834198276787 1.4067071499148038
5.086556766949134 1.4363694889130632 -0.2642248634876083
4.294127758568925 3.601552639298205 0.5022309539167056
2.5792218902483683 3.8390791904721335 -0.08035460242055881
3.740877233898775 2.001673816172953 -0.0883736674036334
5.124761707786763 1.0260754072794915 0.8319794334078429
3.303303012681965 2.583079064193565 0.3395917909080216
4.334412323613884 2.137315069323719 1.2037526109385697
4.623587474967628 2.278964098609093 1.0838054283175287
4.353935413168127 3.3745231816087733 1.8909264152022274
3.4229280697189064 3.5528377119439143 0.3275746269936799
4.30933681964261 2.0671011040740157 0.34297104242724386
3.224521752345275 4.212577236447173 0.6133082507445893
3.762275260758782 2.719109176825391 1.0085167812984148
4.119817156448684 3.8125922580304947 0.877740023208944
4.245389332855952 3.516616484429069 1.0096540200270865
4.212768581764912 3.1407612997030325 0.9785419961318388
4.413620977909842 2.557382935913886 0.7719875468525956
4.124360327389791 2.5719887993085337 0.6807261802434762
3.5026844820140397 2.6600098577012203 0.8569753514476695
4.43281776362294 2.1886116344262083 0.8625035366025119
4.0676543253057345 2.4168072194867194 0.1985269766097778
3.7723420163457635 2.4336300431533933 0.8998014566260963
2.900420852680294 4.50425626865069 0.9515023660477673
4.1089540690460655 2.9766778960907376 1.6729805902446433
3.546827310944197 2.4370057780467924 0.1989725964018837
4.669700730136732 2.7373735479181867 1.4428133568365973
4.494231759737393 3.5012980077492606 0.5417027091199801
4.141215892065674 2.914348328216206 1.030928380294889
4.91636646895537 3.3317028255567243 1.1269137070537039
3.385849417876891 3.0136104160708883 0.9410928422654352
1.6510790449466217 4.279035139472016 1.9117597361809118
3.4718434698738125 4.844177885610263 1.2871787536021342
4.309261472256718 1.2494083604821957 1.2487496811981704
4.535216459124021 3.0986033764767273 2.0470531285798166
3.9274918663856835 2.058850267776897 0.7765306682147755
3.983310761124024 2.5888573716070664 0.9937224964053795
4.406721319731403 4.0461732944447135 2.265634695487334
4.830765314989208 3.6072807379076615 1.1708703486679042
4.682109118174295 1.970666005956529 1.1117064823453913
4.239235676478498 2.9654464339714415 1.1953650074041204
5.463698888617921 2.6384891386925577 2.253354641818025
2.8110257947935327 5.020262375086524 0.6757060170094948
2.4187723975129782 3.742424918182673 0.8811074952601022
3.488552336979579 4.339258483647769 1.7938380506465055
3.3559953851499187 4.196017290240773 1.33500001026734
3.867495596561594 3.5604995965849917 1.0219043476542766
3.341861397555867 3.634170832659111 0.9929509151608648
2.5285335333152226 4.364526160879511 1.0053152133170062
2.232661316675658 3.8850917314867335 1.300135161271237
3.3216111445429375 3.8880136164163877 1.0993945257605646
3.260647882040416 5.327597408619245 0.9787299988849449
3.942878402086592 3.3105906792891475 1.1395578634312673
4.295854577601599 3.5442695308533247 1.7288928647540198
2.9455949133065595 3.7372996278139476 1.5198377418296127
3.9015208353103445 2.7077507244371155 1.1597164044756136
3.178019902829483 4.301443116720134 1.1962131541075525
2.645700269744523 3.7422501552413077 0.9722701891676119
3.9395457322024483 3.3977607195927804 0.6145906650728736
2.9305563376909407 4.367370881347965 1.4858141015658506
3.7297257080126203 3.7092780708057176 0.6607659070973749
3.469834715867118 3.2984488065989144 1.7008839752278904
0.8829021598686445 5.340340600922517 1.3834345795755048
3.762465899847376 3.9407258932856553 1.4388360970297336
3.3936554176477007 4.076903806567419 1.087540891057351
3.5418153993226813 3.8849258222314 1.5105813191337902
2.872486876672529 4.143398831496592 1.3032966221792162
2.819880335263828 2.765407714625183 1.8118584971365719
3.109065015071593 3.079244413915459 0.7031748364700028
4.191535691855583 3.4642358326932428 1.7634703402583485
3.1320319263916274 3.7029924260498146 2.091685881644918
3.804162474220787 3.1260444842637436 1.8399487675380946
3.2493754805699124 4.438100919455802 1.7724378784076518
2.60445981880265 3.303828735380809 1.9117410867042404
3.3333803112047393 4.026905281119361 1.0308839596710964
1.3387922898390499 5.15651526037539 1.7129955382294504
2.492803394707163 4.339437203562135 1.6204023063001631
1.9532233020119407 5.277361396931949 0.7989377805804307
1.010942742555164 4.915311468447476 1.476531375075277
3.4600935397036725 3.090088186440564 1.8295621751599382
2.901214452438583 4.303968538042638 1.0240949774031036
3.442802340754411 3.0670967833758596 1.544392447676921
2.082092444876444 4.469595389137301 0.9587617631411776
1.7251800657149046 4.044916590812704 1.427440821283021
2.850161745174078 4.438815637443245 0.978400848529467
1.4461290917129683 4.695644141216759 1.8308026253352616
3.3954158350080523 3.548909975183914 2.575845631241176
1.339686533002878 4.768374466435187 1.2755298976512948
4.359241619660718 2.9156759186246792 1.9823132702712258
1.862874357027348 4.829692715506812 2.463502187014627
2.484991649138876 3.801329704412217 3.087308048562254
2.4566842017972466 4.68343324830604 1.9091441329548373
2.6543169551643975 4.340988318814485 1.2665170199449105
2.1704121933043155 4.709454629309171 2.108365929085744
0.9965796996268579 4.429094989609378 1.915154923440526
1.1926262526161386 5.088489946782175 1.9173699352778961
3.503541625750541 4.854129682374188 1.7305087126651235
1.4561562034222384 4.567380039232556 1.8535877892933228
2.8544036570814266 4.872925746824081 1.3236341842064832
2.3093416218360536 3.1955834476243976 0.8068789907617286
3.220625518546221 3.598278676476597 1.1776031190599499
1.943677546158066 4.940851266087583 2.366011750924933
2.0271116818206356 4.263061476050398 1.8424125397978959
4.084370880996314 3.169812477075471 1.2535701688633565
2.426805691923871 3.5611711282723437 2.1388205417885455
3.012667238810041 4.548847877020975 1.500456448620279
1.0018819855882426 4.391910681206503 1.422064855684638
4.164190538845053 3.8283480113883237 1.9080402872375684
2.2774370055631623 5.049159534042098 1.6033522656813255
2.153179566265776 5.354914731960564 1.7245345246114407
2.1240357233687166 4.538715334228183 1.9715685006312187
2.260415642512445 4.423369560774713 1.3813426096307826
1.635339837189766 5.029803668380677 1.5847308832901799
2.442401044000323 3.742119440347037 2.0882053227098107
2.392729949152692 3.152299580608377 1.946656252489277
2.454232820935406 4.315602002561222 1.0389202950231877
1.0014699293953166 4.262137127695081 1.4862998269126484
1.5953221270376048 4.317530937603709 2.0834619546871354
2.0592578609192236 4.754929370600718 2.442436358876347
1.436959504243574 4.366707542902715 1.0643069762370319
3.0676793355846965 3.3538457561160526 2.3972358883616764
3.007953349229452 5.1560470434631265 1.470769519130319
0.14405820243778822 4.805850226444409 2.141374248647977
1.8903656274748348 4.921231194247203 1.4323974861957094
2.687946305907566 4.154687123910182 2.0244719036166656
2.2875497946189465 4.960929151327864 1.334237064602842
1.7102696199766922 4.475224505121739 1.7161780176338173
1.2727839233310783 4.4708423734146105 2.011341373826493
2.391730838437108 4.158785865677622 2.398026837332662
1.937914221396493 4.50298905318868 2.177099368975343
1.742552285764265 5.250014443922327 2.002018204046115
3.2592284587223785 4.659753834786894 2.4772879330515676
-0.23946741069376115 5.222838344753913 2.0272405984216166
1.486636236699377 5.010175042914119 2.0768888923177355
1.3484276227445944 4.940471644007249 2.248937435808707
1.97443790334188 4.8240791958683795 2.050816576168928
1.7846518064479289 4.980691170815762 1.033609668905121
1.8538341758530583 4.690536093541776 2.246222761071184
1.342317530375159 4.993975369630323 1.4762582068997463
1.9530357492425026 4.909654753368464 1.7478565830653474
-0.6812127522205925 5.461543842752075 1.9061047747376199
2.359890156109805 3.4812858354540617 1.8840173391861197
0.36952132530710546 4.441966965834224 1.772699167886568
0.34379199722856124 5.124138768330569 1.9858269453838946
2.0481300364310164 4.574902453552318 2.4478856983775845
1.1645229751808257 5.465403296272363 1.7772883105527328
1.2602848403252902 4.908121024974721 1.6761281798185055
0.3005392337355952 5.268693373887442 2.2130154288583146
-0.49470176838164254 4.639201359042369 1.365037627675532
2.0167456147557363 4.8598391540179735 1.9511914460106476
2.188033921758991 4.510988666901702 1.5660571427864192
0.7413583760633878 5.495390060564744 2.408299805242605
-1.8308325534333716 4.799829479986723 2.1004936195466217
-0.033121429528862045 4.625870141678421 2.2851172357923515
0.7811634650168064 4.0637824903724455 2.5608819572899213
0.15921758827608518 3.8156852165706994 2.585237364366459
0.19803890106732738 4.747879960617074 2.0212958773122227
-0.20504532990933028 4.863321691446818 2.6085239208854376
0.012606892028894943 5.64155963078688 2.292952876568074
-0.19692961447243126 4.730369415123875 2.1610102772103272
0.902662146097607 6.265914267489582 3.5269308918739606
-0.5288212346904414 5.413130099600251 2.5815165509604316
0.037891715165901084 5.673156624617767 2.2896108647585054
0.5303866918961483 5.870417352937135 2.0983334907067333
0.2662967121943736 4.6234614265949405 2.7564411580349675
-0.2152708383571849 5.498397845630538 2.4787453926761644
0.16661175703741207 5.949071043998535 2.175304206746589
0.37116792793150283 5.302545024104981 2.8485636065481197
2.038557468115863 4.612681470074561 2.883971748806074
0.03627748723836437 5.3891716000981615 2.22919798362288
-0.5277530532988062 5.068009925319744 2.0077391284938098
0.27325999564301806 5.103155551051857 2.065731728053477
0.704267981561216 4.976264064583442 1.3927323367262638
1.2428986862000173 4.467300517134866 2.19154083078185
1.7073545254485318 4.82972776142532 2.6834630805919186
-0.8492942610634012 4.479284442168351 1.9940616090190875
-0.7976946664857615 5.314071293469843 3.109891484278749
-1.5120617526218458 5.325269395513296 2.129508173745253
2.129344869484434 5.414739604702285 2.5828080216092215
0.943871800032532 5.323167485174921 2.2579641887867234
0.7920780279797546 5.332005938782576 3.142618490901802
0.7066537108263424 6.206997983015335 2.5210200598372574
-0.001978507096776598 4.148498729680038 3.509090685713347
-0.3847524929685647 4.536350693678436 2.520830890695664
-0.26212916409205106 5.2382445843180045 2.2942146087870956
-1.6345217197198985 4.73596904754592 3.6893970931450406
-0.37006539175370695 4.05971751560541 2.830544581119536
-0.6761067013643433 5.646525061476629 2.1603148088952673
0.7359243419858196 5.325621032705106 2.35440152282952
-0.01786663652359711 5.003371434595103 2.3975068731255664
0.9737439255391447 4.975632381946359 2.8040452654606365
-0.7155741236891818 4.911587377246606 2.5829801021162306
-2.1750971565660215 4.816928284103404 2.4402864741072867
-1.8189056322256352 3.740947612105857 2.737563587036749
-2.458173073421544 4.917313462419846 3.0968115498705884
0.23473436200677758 4.553740468353827 2.7300874786815905
-1.4441818716159072 5.124810318282199 1.5543142940230386
-0.771694372828879 5.075084526208447 2.738431934412654
-1.2887637594067416 5.614976439234069 2.4203312897394667
-1.8019577161356837 4.279809136645478 3.203632192785859
-1.8912942430237463 4.768463598650956 3.5364251067161137
0.11435563042327868 5.093259979490943 2.4903762259625375
0.38554105082950907 5.241693292513708 2.2483732203798725
0.15085446095430854 3.8671562153650907 3.3342005862419337
-0.6794553606284117 4.260236200698372 3.6334379431896027
-0.9868584977772793 5.055646381852078 2.5985423242330867
-0.9801788324021057 4.634147669659783 3.406643613009104
-0.17845081456445264 4.778105314714381 1.8066876286701614
-1.993420208551143 4.290759986085419 2.773522046121739
-1.629027480955576 5.974197489605256 2.9029099089431583
-0.07919588242328723 4.988935736357837 2.5232880488060645
-0.8439544573981947 4.4155955949557795 3.287256796079357
-0.9687049290948926 4.85111191279889 2.277463972548787
-2.5006677486328814 3.8526241083105406 2.840314878682806
-1.3786230998925098 4.603059415698513 3.7777998833537794
-2.8755013214423815 4.886647620580167 3.2192665348141993
-1.6518026239802552 3.371295567537085 3.8066741883479738
-2.8709478176341623 4.302165159585899 2.261874574579978
-0.5138981202918378 5.237885797813823 3.214230339885334
-1.5816265058476793 4.179804350033017 2.9220009056985075
0.0982981546106121 5.383531521976053 2.494577795338133
-0.27371106809731427 4.224632382510071 3.9133604279621523
-2.599701079893867 4.305419178619269 2.9703492665195577
-0.5683855792289448 6.043980089544606 3.1316159090749243
0.6139708130043996 4.864237831948044 3.382043737345088
-2.2417604173088903 3.9043374334894487 2.371499092824727
-1.7871345812979766 4.184878718125823 3.4205911065219454
-2.49715358652232 3.1021117047847167 3.0600452273648417
-1.2887063808633064 5.53491633705499 2.673986175994161
-2.8926003384145793 4.469982314437907 3.8085446131742606
-2.2623828942356248 4.715067008860061 2.5756325267790823
-2.9762660218711727 4.482849222737741 3.92262031825161
-1.3220111473811802 3.9755064548502963 2.924426148654589
-0.6320827963508319 5.428342436290065 3.0608665131822312
-0.5652672325527168 5.245966570207728 3.113394596616794
-0.9129045734509528 4.477590507865131 3.148024497588613
-3.5214511252897562 3.9873688258802344 2.7404860881227258
-3.5510338242986355 4.212673004384298 2.8603892943825677
-0.4351524905726365 5.536485138508136 3.247809208555856
-1.8070512676271635 3.981608972391255 3.3245987046924315
-3.2947480112728194 3.6703265793298288 3.077572732742914
-2.650812824719477 4.048481651232089 3.4915834346622234
-3.270808352118977 3.462693967688502 3.955879546560947
-2.3375117437474118 2.5504576993461003 2.9579668465176296
-2.258553744993179 4.550248318699932 2.9596374174748545
0.5400114573543009 3.908254767731987 2.9417225942637684
-1.6639280072756584 5.007926716437307 3.0982329887801914
-3.3266577941665103 3.622184214969327 3.2928078598726014
-2.404698615701332 3.835724079351366 3.5278615017805044
-3.052478700614676 4.527145850493521 3.351393735648093
-2.9695049184104643 3.838695065717946 3.3804190970124703
-2.4251738959174296 5.03499661702122 3.28254313890557
-2.62042929683941 4.006285553423173 3.2467075574613364
-2.717431047212197 3.431251939666251 3.587334564472867
-3.255630104707485 3.286677771662438 4.494406379859823
-2.9766207464008 4.5580002977449645 3.003316255468942
-2.3911155614774104 4.146824921786881 3.656961864367434
-2.6202451430895652 3.490768827921212 2.667381244684648
-0.7196490317977707 5.782497402259655 3.758670231817498
-3.3436892781625134 2.3345214246884582 3.657612140497149
-3.7246580501694537 3.9459052614328622 2.0321734622946805
-3.4360996336077236 4.119772804327565 4.188098524319275
-2.067316750930816 4.222526733760005 3.165002324250035
-1.5315759768882486 4.268915624505429 3.832268202385478
-1.184151623425371 6.255378254601628 3.52809404152145
-2.288961208216042 4.554825369704118 4.00883614576228
-4.111263664317262 1.48821653865737 3.9838851461030553
-2.7752159241785375 3.813853791022085 3.2470928079105277
-2.7065048918162646 4.711403655660595 2.5712607183675975
-2.0837269448282867 4.003467326570318 3.1474677703722174
-2.296707635453419 4.036609495746671 2.9708511651332588
-2.251152074661099 4.160110429607547 3.763447973322731
-3.5397389326977784 3.6434788367224415 2.515054575141264
-3.0438266508020067 3.7042063055759846 3.371413914592573
-4.58949984677625 3.2440271186667293 3.6620274096730445
-1.7559755337237197 4.867121823635811 4.75080836067368
-1.7932226198052812 3.7667351369754063 2.2451456581780063
-3.0702746470299345 3.709159828283509 3.552362214676197
-3.582066755491932 3.126936422249817 3.213455452296132
-3.2283242200138065 3.116295539742674 3.8446865770257532
-2.8105084733917742 4.71315556738119 3.598210494548608
-3.0123981122755543 3.9036270329105136 4.671417009697066
-4.321847715895158 3.1644637639450983 4.633355732895451
-4.507773541872661 2.9528839559032574 3.4760907911323926
-3.5522693274270267 3.4000003045633087 3.2655321591240614
-2.9697219342093417 3.9797489701548185 3.432212538942935
-3.62588451710777 3.6994086059051767 3.740939398975379
-3.5712838444998036 2.50631066196606 3.3533072272427553
-4.257583484750024 2.9892930928579777 3.5369676374184675
-2.6432940993352503 4.994516100343351 4.013478909284098
-4.598219642381369 3.5712144146172773 3.6817008123738875
-5.1970465782879325 2.3495773341686994 3.8980612911925245
-2.3992070239455177 3.844347686607441 3.3467325107196473
-2.726609337061862 2.6567969653343058 4.243869661202574
-3.84381559043567 3.726726109228808 4.5870743321944385
-2.4695529340775053 4.901361660765136 3.3320089029193163
-3.075923598140553 2.964289587589291 4.156912973263781
-4.3627816525701535 3.2716938815446386 2.4610376134969982
-2.235028117689444 4.345199894576026 3.936713615685711
-2.6390904507347597 2.7736818290808816 3.642874882417644
-4.707317569134541 3.8482590563461887 4.869317973715809
-3.170410471922086 3.3578919252614154 4.0191132709498385
-4.061127448233524 2.71178477290824 3.668806418770199
-3.116527333660004 3.235265861373965 3.4765948293856503
-3.6787759228174277 4.85198780270527 3.981829200862957
-4.128893136369904 3.7576308386897437 3.9171607974286795
-3.6961566269221904 2.5272332619376603 3.5198456267727556
-3.4127447767549266 3.191407442011818 2.9657901345975173
-2.980850851420715 4.12766180461582 3.1643149702602082
-3.5004215206907974 3.3237780142554323 3.6569276281242855
-2.5447448817084193 4.350055027813173 3.8127924348639852
-4.715106064015323 1.4238548273190423 3.9034411252871544
-3.872304553700275 2.3567652119959823 2.5337387890519145
-2.1139334407145305 3.9770960190917095 3.5410694463005727
-3.140588205272964 3.4664940179858843 3.56502753019038
-4.857271669858473 2.346482197041741 4.296535608930165
-3.8151301809812233 3.709007592343871 3.7247420305784313
-4.469980524855404 2.982190313897009 4.143013109910298
-4.8412143400052905 2.8407454465013857 4.3152036612172555
-3.4577738810384866 4.220096361787196 3.968344597667028
-4.602968559078367 2.1547106449089783 4.703435744670673
-4.345897793962455 2.9626892428100544 4.557193460671936
-4.609977973259243 3.569621838733628 3.655611727023714
-3.6161672164071756 2.5697909397980814 5.35404755059561
-4.106340339860376 2.9802142860879397 4.557338097078561
-4.44776773577018 1.969329333531252 3.827829685777353
-5.32429304048163 2.738447560033419 4.137408932562763
-3.19126385687318 3.674747112940455 3.9386945287812978
-5.108731684300964 1.6762453681487153 3.9541049176014385
-4.271060093664535 2.162243509583431 3.5085111680041376
-4.091377249266912 3.147650854470464 3.5062524044584484
-3.8947729737567696 3.0578624744101646 4.121106391000846
-3.9733439957964474 3.7353308718113802 4.924193855613474
-4.080204643028628 2.674393911003218 4.293791405084972
-2.611051515933873 2.5809681405440874 3.574987637666058
-4.28504236059687 2.5357042137396992 4.23569122151811
-4.414844760945269 3.0810041476423793 3.917780520494136
-4.091010114159524 1.5400832962342983 4.723957089293883
-3.6424142900936385 1.625287119444797 2.9571170865674388
-5.024706202561661 1.9044281442654518 5.283775852448031
-3.318560891759478 4.170487294466454 3.5887119066019935
-5.173097952907666 2.287270487750484 3.251510224474497
-3.559827350613242 1.9349440687948283 3.936060039127551
-4.222224720602706 3.1886744823871718 3.916324232254895
-4.010228722816335 2.7971386580418613 3.8089980898658298
-4.191423885754864 2.728282416383171 3.9579407884736524
-3.7980453755143118 3.0992573105258123 3.8733817663729817
-2.824405362373449 3.286982768553163 3.8069166507715297
-4.850696598437922 1.9942467736208163 4.675500325671565
-4.74013763568984 2.416245930813163 3.7310489219499106
-4.460285386586352 1.5185103357326282 4.345300564331761
-5.986152215842244 1.0736876483604731 3.5401103997365535
-3.7670615635699587 4.024496306071153 4.5450514712699475
-4.127517441732182 3.7614309796839365 4.723898937389267
-3.9844845479332522 3.107264802430394 4.544208050169028
-3.532456166207177 1.9934415018738134 4.935039970496478
-3.6567074477496107 3.7606871170835743 5.61164499379512
-4.826811243938891 2.253978726192721 3.5355683980089845
-4.439592810983103 1.4496783877955817 4.188814077954351
-3.8699654778314745 2.878314138820055 4.834408736336143
-4.932315113932152 2.0027809722878156 4.252268566469484
-3.802155695990638 2.1430539918452793 2.815503858663372
-4.898701469527955 2.1314302111496217 4.585671634852157
-3.3480031268571766 1.7916146696240596 4.369550755898136
-4.933720003448918 1.8325960616606025 4.2337056896846486
-3.4147123748737958 3.286379131520322 4.286476280001068
-5.2365788267666185 0.8296614982779378 3.717970714880822
-4.140306386400108 2.094127782650211 4.262213663536361
-4.869570352889603 2.0426492981610034 4.816889035639119
-4.4237760391372944 0.3962058941112999 3.9417523215931314
-4.667193815153856 1.0355087552264082 4.246838912064425
-3.648661536662573 2.5746356165753403 4.550834814928133
-4.314530459088659 1.4377961804557966 4.293708760825196
-3.906264967044377 2.267874678087107 4.57997128221794
-4.576869831974207 1.1781872326087575 4.293022946173414
-4.1372523170179365 1.6938858085802222 4.7235234875607714
-4.882035100538713 2.5863476487052868 4.331416174423043
-5.340890858439392 0.6345036992481441 4.438862850624118
-4.972696603404174 1.8864503960454673 4.5137465608223435
-4.629638628395083 1.6999528926124101 4.780725984209984
-4.924904156027242 1.238940298340085 4.322925420947599
-4.496832041389288 2.4797347599365502 3.7833730896441535
-5.413343489094884 2.459506124387192 4.110787907883447
-4.773405970374106 1.236829985976521 4.850968501358721
-5.020298377516563 -0.8108267866106472 5.879089348201122
-4.817349004152509 0.14719056057382596 4.328470729261943
-4.410592950289091 2.461165252009852 4.332854339552943
-4.880370587378644 1.779019131815829 4.213423417528211
-5.252115525702236 0.8965834272234112 4.958805884829577
-5.0629240206929484 0.8945955950167067 5.450014617609326
-6.538026827495022 1.2867530270404057 4.611436613124739
-4.7031970210323175 0.8565332037419787 5.084880906876821
-4.698537064076279 1.5423907732880557 3.8305914441314615
-3.6628623792507713 2.5227577146565627 4.173889385478304
-5.201872286396556 0.16143093214789242 4.97675029150613
-4.147298067563102 -0.3462248364167941 3.5720690516818605
-4.400130202199498 2.3689254161662348 4.757628936590902
-5.896419960365851 0.5657582585285826 4.4025041793021185
-5.104422351106043 0.9681108427242102 4.444566394930812
-5.014451233305638 0.09715676670090072 4.647366992761523
-4.359561121835613 1.9864603555236637 4.533905998722855
-4.515258034809112 0.9886117712048116 5.325415488947056
-5.7340602904422795 -0.29682474828784344 4.362599592739914
-4.151190837911018 2.1066197194400136 3.850166030611554
-5.940405910695454 0.792797895213579 5.051225632212604
-3.768118784331334 2.2271497047505457 4.691228166428481
-4.107654833460691 1.0984299337296333 4.412138558929784
-5.646281162714657 -0.31026369535003256 4.654446504486477
-5.2956377919308295 0.9523514350757549 4.6184446558613095
-4.788746117382754 0.05490435498959807 4.861227071479293
-4.069529254364583 0.8629922833135302 4.701197781924613
-5.505823949708388 -0.37910829744138785 4.1688482396521005
-4.5070237324452815 -0.01139394333715419 4.563259631666155
-4.77957629658161 -1.5080331540029805 4.280879791187778
-5.061652532014452 2.0187979059641394 3.463722661949343
-4.721802098202374 -0.5781760936895012 5.092436022118386
-4.511932867684642 -1.134332584338486 5.511791325634714
-3.09924651379494 1.8937838313089363 5.412076427355705
-5.149133215714404 -0.10048625224385456 4.904181577810832
-5.218252952160865 -0.6760360108180462 4.668561300772043
-4.803428522139743 -0.611450207747954 5.057933707309513
-4.790609642302194 -1.4889683655860746 5.751810835787906
-4.600762176304567 2.155186638988736 4.479797853899128
-4.440611896199697 0.7867720569285643 5.233486294326694
-4.228733104932013 0.10536960138888926 5.381633034563971
-5.5401554512712226 0.04693236080170089 5.85208506967045
-5.407209614972959 0.39137715520434435 4.8399043374957476
-4.350309548027563 -0.6387809370096392 5.235804963861886
-4.98536512300008 -0.8732098435192402 5.087399198992662
-5.107045537858769 0.9123055744893674 4.684055652865994
-4.967055679419126 0.11354613123606032 5.2099252546553245
-4.308424750781781 -0.1442688791221735 4.112993512231063
-5.210585860101648 0.6043131301253687 5.184018461923687
-4.7779755970316655 -1.4000481755623686 5.001172613093631
-5.130958153120624 -0.8138460803344564 5.254012586284746
-5.030642840947617 0.35352852078457286 5.7585876063288
-4.517912085691506 -0.1860277898997153 6.022889784663706
-4.3053078240897715 0.13281986398494697 5.286417038766362
-5.129445651733668 0.7622561411341299 5.983093703883033
-4.994255321405285 0.1289573103910178 5.642443431677091
-4.895748521267991 -1.5959154219832266 4.6788223055824
-4.355385534743708 -1.4040157520306271 4.832838743699357
-5.4153069172749415 -0.1714882918921421 4.673973879641676
-4.627795139317799 -0.014801339621809434 5.178225754078234
-4.548259416753338 0.6305862046035556 5.392273513491802
-4.680171746214286 -1.6055060826749104 4.78056402752043
-5.444225872314961 -0.9836630762733144 4.952025875733718
-5.477178393409599 -0.634256297225727 4.439710703371333
-5.41160811043761 -0.9892330806700182 4.590636038283101
-4.35857432398627 -0.597698967704552 4.678611475957522
-5.529883033176914 -1.9787908821847529 5.483837480228212
-5.3658180065012075 0.30485105004448076 5.370691591801583
-5.714657791078446 -0.6912389322913746 6.193555902588473
-4.315765389831008 -1.6500527801649245 6.308007963891894
-4.133172854149284 -2.067356803524785 5.102751783444973
-5.183076352022458 1.004840569722716 5.8746827348934065
-4.563582497440379 -2.754046148132693 4.694508973189167
-4.286232734007763 -2.8186470782451436 5.316795930804733
-5.75736923316237 -0.2702719764682013 5.180071293143482
-5.172015621274383 -0.48818946167346233 4.3421005334956915
-5.015730170764948 -0.6354892096102075 6.115381716089873
-4.181740633357293 -0.11142694183756323 5.023669553956764
-5.617911027475567 -1.8773301925655228 4.675056169811417
-4.573812948888428 -0.3683314966662723 5.193437445220186
-5.852310246714955 -0.8923743754019741 4.811728065045367
-4.349894074455232 -2.9354049142002383 5.144499185369322
-4.525377392624239 -2.9180884001380756 5.566321181035914
-4.642272452578794 -1.012038714656114 5.658968554854073
-5.421040468994934 -0.3996219024206317 4.602309746504197
-5.206393839593287 -0.2635117735308548 5.0823896426360555
-4.9266306377019164 -1.7584111929588224 6.087684323555647
-5.145084074119047 -1.5245189918525048 5.076430200278711
-5.495510128894474 -0.7837264203191417 5.664017341464393
-5.094159498578884 -1.2706856557639779 4.752494307300228
-5.686520518110626 -1.0648650707004133 5.1024305857167445
-5.0011419861716755 -0.06839976197007668 5.593384216964315
-3.7627147700175585 -1.3889752628143106 5.589752301082155
-5.106328808800368 -0.43118341726568693 5.666747936707297
-4.112920404378304 -2.129774428558128 6.533650522575193
-4.513549398941877 -3.0199348936616066 5.2781836291124495
-4.225920374399671 -1.3646644021741936 5.094810641612567
-4.276613082524453 -2.6967319695770917 5.541626075269024
-5.4026843321700815 -1.6898855311353547 5.893824758880113
-4.625910901986031 -3.327694888684912 5.161339237281513
-4.038807853686665 -2.358902919625561 5.087767075221629
-5.363007382866368 -1.5658092287334755 5.34556668394053
-4.585802988566097 -1.0587703661317855 5.991281661978141
-5.153634894503187 -1.4066441616636771 5.662930144201885
-5.0864838561431025 -0.949565302161265 4.651411882228665
-5.187675674066636 -0.970764371896047 5.905737600920544
-4.521813102950514 -2.596523062957779 5.192219490501505
-4.372399920583031 -1.7003068936319579 6.4654823436964755
-4.319520890285855 -3.2497456008736574 5.182263114961826
-4.303829057915269 -1.0077993268807242 5.825927353660883
-3.8273832102689096 -3.7368086412622774 5.475823482445358
-5.150181737208271 -1.1539437939810213 5.405313482605767
-4.430417555895201 -2.8009810993099022 5.17472771904395
-5.100478634208341 -0.37559599177309244 5.640960439591153
-4.368872790814856 -3.1331565981096436 6.0215428513740274
-4.165320538366427 -2.041358132226577 5.813033304442551
-4.1264312266315155 -2.599754975013505 5.982072943895622
-4.71502651504488 -2.1723703142161335 5.440412369976016
-3.49512409563631 -1.735617245266379 5.985731071561671
-4.755768789554423 -2.121561998985604 5.482337246996877
-4.322058348170864 -0.9267762109343661 5.822123540603996
-3.5346734469855643 -0.7245877832748983 6.017173162082232
-4.469139664340356 -1.6075073261100372 5.8644255040401765
-3.8334716980105483 -2.4614970318015565 5.623831360146754
-4.240458398970258 -3.9833198512984613 5.3327980633754395
-4.393601298597368 -2.3448115536256524 6.4859368702510185
-3.8843987739626398 -2.4641147751077654 5.897339059496264
-3.3792393705869883 -2.0983644236591568 5.775505675466336
-6.503984892611789 -0.2830862223335019 5.943088539615403
-3.7660520598907925 -4.0820539739742365 6.213254986097198
-2.411638971711175 -3.6940164718841086 5.6215309352264615
-3.7229487327898587 -2.2760501644394617 6.441772091725628
-4.571943683137514 -1.9499621953178778 5.287010334879836
-3.0463253933493766 -2.992777663693792 5.603180981510009
-3.967790977904578 -2.8367685670277516 5.394647867815481
-4.3387666448078965 -2.485380597263373 6.562567681738752
-4.409126195917606 -2.376440436915246 5.7748184705730665
-4.0742627808769125 -2.1838748593580837 6.051186939970495
-2.862645166714572 -3.3158836676614496 6.1010549331728665
-4.806627074635287 -2.714999156741912 4.950347642266658
-3.7095012837409502 -2.8088384887236537 5.654658899120269
-3.691379326617138 -2.0185867835319744 5.437879418575946
-3.0626404868657517 -3.300166882548082 6.556906775166882
-2.979826675565445 -2.444692277356322 6.5012395506160345
-2.9130109276215554 -4.452089005322158 5.753531096614133
-4.029624924350336 -3.26628969720097 6.655010613190177
-3.9076822922780075 -4.040330123324868 6.35539776951899
-4.230758908402767 -1.2144628835614206 5.724839461567543
-3.6192617263450435 -2.2105230013815036 6.413752645195886
-2.2240415393884363 -3.4583601221686373 5.856237111514392
-4.6748604143776085 -1.8258059721989532 5.165815707560331
-4.104699715271362 -3.503676042844553 6.568023724019126
-3.2715105008975147 -3.666843240110089 6.22864400929066
-3.658734091357747 -2.8118881982767574 5.927478827500022
-3.260945633783843 -2.7337385532500473 6.772088811066226
-3.106581237403806 -3.9660107839629664 5.995237754337033
-4.061582254585123 -3.301925693358698 6.6076601916226885
-4.492665862371868 -2.511907794426984 5.8922167987470635
-3.1673914015174174 -4.480431493211747 5.466235285856363
-2.787326202800195 -3.6216799845273195 5.554466777330622
-3.3919243611049983 -2.919337741505576 6.801982098135088
-2.4465544609861993 -2.9395883646183862 5.745856447052047
-4.371730789696088 -3.4117899551306445 5.807997610723859
-3.04524854204468 -3.5824832486456013 6.492200660458706
-4.585510644960574 -2.7586924873377785 6.811246152228581
-3.219829328524219 -3.747964666793076 6.05569116060048
-3.456046717540023 -4.614998002628925 5.915614991998459
-3.7489200312911697 -3.2809490440200872 6.252708863268282
-4.29988319933692 -3.193915124362823 6.420009559457441
-3.0919004599886484 -3.228904667247723 5.350590171140764
-2.554506630420095 -4.4762402740928655 5.955406369487308
-4.202935702222741 -2.6960422824045294 5.657402277363487
-2.746353320403511 -3.597835463332332 6.926898448506184
-1.4621765440746874 -3.069978516255889 6.064785515408936
-3.6539921805874145 -3.685506983989348 5.951487176195054
-3.5913391837643176 -5.496970559922913 6.254807440684442
-2.5020654784730647 -4.336158665415239 5.1291128990652695
-2.431279063185228 -4.507572690084068 6.214290587812923
-2.342396983771089 -4.028294520746558 5.826664204146537
-2.4293409190278186 -3.874543488637671 6.12913217892671
-2.963694384814217 -4.741285275935195 6.720391466557117
-3.1110270131438957 -3.9624108913058693 6.269471558396447
-4.068299669264678 -2.6579532866741147 6.649906628653053
-3.888032281518081 -3.7921934639186117 5.604132353062964
-2.9342543465403184 -4.444947250694098 6.208097143006351
-3.828088654823971 -4.5906222637879965 6.0959269725029746
-2.8245190402704066 -5.219009268424748 6.970869378958551
-2.9423646147965217 -4.2672769813163205 7.0104198026913025
-3.4461673653867444 -2.7369987954915485 6.051438360652554
-2.3022408270775774 -3.558337898858352 6.873252525137442
-2.461131316837104 -3.6105352124412886 5.4885656867772665
-3.591670594631187 -2.8109890641552275 6.788634927436703
-4.4308962522765 -3.399141132178089 6.731474225596628
-1.1192533845725268 -4.771355173460654 6.739150664331208
-1.9609502664076528 -4.093507794794603 5.977017192342995
-3.35345220895845 -3.341911348275423 6.518114572093617
-2.5990732415167654 -2.88000860352148 7.272733879621265
-3.1144447167046603 -3.152217106351787 7.6715429565909465
-2.0123515453743743 -4.941082876126254 6.569100720008257
-3.5542956418478138 -4.939923503430337 7.109758628831326
-1.5389070880678422 -4.405939744697488 5.719452300585944
-3.6774417277203746 -4.396460333259595 6.723315412460559
-2.4329428388449794 -5.068924055552377 6.133212090835611
-1.6178086459952548 -4.391815236759848 5.943884121012373
-1.960608478080792 -5.087243675750679 6.07390310543154
-2.3347893361472725 -4.841216889982758 7.49526212258806
-2.214210888524384 -4.578716900970438 6.895740365756373
-1.036928084746897 -5.019020107401775 5.541828830932065
-3.4462083006570166 -4.021052452005451 7.0915916020142005
-2.8595612973509317 -4.872738137405708 5.764496494421147
-2.103024986478467 -5.040714320338394 6.295480418440679
-3.9601913434584897 -2.554139710089076 5.553306486743922
-2.0794350281988985 -4.039859875664758 6.301040639060752
-2.4047829587401304 -3.7585039827543043 7.016840116631934
-3.0425775771567594 -4.248813461290893 5.949837757670823
-3.3107070472478703 -3.9756316772529745 5.86048132433886
-2.865767868115823 -4.090611143202318 6.274272807854258
-2.267131246135118 -4.242884874209485 7.34013926918521
-3.393368426998374 -4.6972733752374 7.032140610025138
-1.2815508976461791 -4.74129838797226 7.467262755540904
-2.2253223818522483 -4.656377691354657 7.011060494182118
-1.5874186827082568 -4.4190997051395575 6.039007681165844
-2.658261698413841 -4.2756953764693435 6.797183830460734
-1.8387464964178735 -3.9943980122715748 7.070959442736881
-0.5268661223730322 -4.487683837561034 6.374064015826819
-0.9429017443937582 -5.2431097321393745 6.504881001983953
-3.3281829532562957 -4.591070070304045 7.363544269866908
0.3362166884024738 -4.855367807556036 7.01204149024884
-2.0521024016726246 -3.64783107701419 6.519656305259478
-0.23741374504427382 -4.750917656828775 7.525434238032163
-2.195118854906096 -3.7377018776475026 6.698452244338485
-1.9514408899564117 -3.862351191344689 7.587242719860478
-2.4525598300504785 -3.9675107299684664 7.497421455021134
-1.2759731190176575 -4.794162358316965 6.364292046751737
-0.7985454499890019 -4.67516758079698 6.100390293225708
-2.2197532585527915 -4.139177443708023 6.719260653237067
-1.3222165218309416 -4.9834786358296155 6.250069372598514
-2.4192510691767524 -3.929589754701619 7.051380260215178
-1.088212031334388 -4.830582633621949 7.0598979067180165
-1.8028688711865395 -4.463831802023755 7.066226420038591
-1.8633037083129511 -4.256023603007995 6.686130988870454
-1.172812276649984 -4.082377979578783 6.393514599058378
-1.0484187332496047 -4.017597095281016 6.734561470373669
-2.8024414214769524 -4.767266489933471 7.933320983078299
-2.4895352958289103 -4.211339975469265 6.454705205882983
-0.379847546159724 -5.068547453714711 6.33961141239321
-2.7145294385723204 -4.635322661985295 6.536103110062493
-1.2410885598079322 -5.57650670908528 6.919296591012362
0.07477568353636245 -5.251061002482355 6.987179752763676
-0.8752441363505923 -4.558151181165942 6.580410447523805
-1.2759013804832986 -4.605702073581016 7.532449734610913
-1.1199578955001057 -4.294960057537083 7.063055713025999
-1.525796882805974 -4.514301287299642 6.746448252231014
-2.9161555149876977 -4.503915837210077 6.854329293390916
-3.100500017107959 -4.308765418044613 7.915627167129382
-0.6182981624533176 -4.9079482490218505 6.643515921216277
-0.4278506713716563 -4.789327179243661 8.084465447459369
-0.6637076250606043 -4.75095238296362 6.702744486611802
-1.5714309962642288 -4.626617987911303 7.235455515583195
-1.3215912518654758 -4.896820612382789 6.817588975788894
-1.9033132073230705 -4.418055244413914 6.3874365533859425
-1.0049824638441245 -4.392779380773284 7.361079224368707
-0.7482558549540758 -5.325392583826984 6.555474471522054
-0.7539889118657314 -4.805656279339945 7.36040093573444
-2.228011818923836 -5.33940763479329 6.684699950802883
-1.8961940007115419 -3.8357124784158607 6.373563471700454
-0.9195615877689896 -4.520619392664539 6.526182971143339
0.5023630153793629 -5.210302896036335 8.00402434596526
-1.015378851991082 -4.934990783149188 7.8472785098991915
0.33111833142508296 -4.015197425832612 7.272756347775883
-2.5220798963815594 -4.402359626400662 7.381828128606814
-1.4203813409677486 -5.563844776207326 7.947844921849752
-0.13569166803957006 -5.801615571630264 7.6468264381894935
-1.4896119428512289 -4.691894182867647 6.358862924829848
-0.6741735427236013 -4.913158163891523 7.356494068489709
0.2897626204007225 -5.16444178744167 7.325136242516168
-1.74821971783302 -5.429418308245763 7.165267523095664
-0.280908963405423 -5.26868417339746 7.634947342014245
-0.13375345386737342 -4.51249083782318 7.840653868188991
-1.6513161074666447 -4.4398316060819285 6.766735859619103
0.3569034347054217 -4.405098550498233 7.422748040207933
1.1353667031789485 -5.273254269008749 7.092840118708906
-0.4833128864034112 -4.089205620420435 7.3353377842857705
0.31145704627777715 -5.135989142685598 8.093691324430552
-1.4403269691980127 -4.142903639462557 8.075374028561725
-1.3735916333630662 -5.275688758588878 6.575192085975819
-0.04432492387869597 -5.199627864627904 7.356744852809623
-0.0036219994772224554 -5.265506577465225 8.370566983434639
-0.0997112322418141 -4.45504534862115 7.243293388240898
-1.2199660824815277 -4.5446755419791875 7.530924650529238
-0.4026067569471272 -5.868985363891152 7.672893503941763
-1.028720922471744 -5.206453884654031 8.280399422340857
1.5813750380691152 -4.809499255176707 8.26936997972298
-0.641766823489606 -5.667366345345281 6.844439057874851
0.4670284326560145 -4.554848291657923 7.441213594178785
0.3642066823529405 -4.930570201388679 7.725803356958814
0.4599854463266263 -4.031110140301136 6.830461589634417
-1.5404908765651213 -4.709943421887804 7.2559537227127056
1.7344574117760427 -4.291238510336045 7.5059487364956645
2.071248628657633 -4.474521364685573 8.333920817732409
0.9038175889140965 -4.496611672991323 7.052023311580079
0.6481186645659803 -5.432860796974117 7.888715019941509
-2.2556017099409407 -5.552685738671126 7.43050139175947
1.3692664819598142 -4.840994470563966 7.915520787641438
0.8764270643728946 -5.054416841594791 7.685520817973863
1.4670223441639245 -4.788015555435522 8.654573995206206
0.6855056679457955 -4.967108085320176 8.201220793436901
0.7720729701602775 -4.6916466078867645 7.230107839315316
0.3576500885114864 -4.991418496393871 7.096851574896588
0.04254488617421879 -5.191155052583494 7.731768999858657
0.5257693524261197 -4.980894425008658 7.512367775391502
0.18043048132978953 -4.676546135393512 7.1604779502416
1.5174339054637889 -4.214080969197255 7.719781513533736
1.0802745021090392 -4.972903427429595 6.738002233073597
0.700396661369557 -4.306460869211872 8.281583420980258
-0.1750096603325243 -4.957840832230537 7.873974109733887
0.46189762589280303 -4.671892503728147 7.578854496249567
0.48548422618594833 -5.159087307366137 6.660349608976908
0.347831782460292 -5.058528996153693 7.771553158704733
1.3374956962806503 -4.731833863752618 8.248845945860536
1.216503664390609 -4.718999153137837 6.887975814252074
-0.014813908356656759 -5.198498544278443 7.568852708248607
0.5726695867355777 -5.618564645063944 8.124177394470042
-0.945685852549651 -5.207219554272658 8.4185308395304
0.7356702739901867 -4.469290249982678 7.758806893093538
0.9732597073174232 -4.158338943326323 7.282470075837528
2.2382696792743553 -4.3439258564196175 7.837096600253762
2.275907214034898 -4.190115682399728 7.971827951335432
0.6496127314421701 -4.387509448702737 7.834639846585483
1.7566546632277538 -3.4896254321221445 7.928034210741634
1.1684138103693782 -5.5851396738127566 7.89084138227931
0.9724625854699547 -5.41768037979543 9.010791646568206
0.9942705355776987 -4.951659559017705 9.596998655962514
2.6787485782382823 -3.082506404166603 7.838923362877675
0.28932910867325795 -5.500466325946591 7.748264475836771
1.9156261184872987 -4.552992635228542 9.016098935631673
1.5707086660833696 -5.964833916792579 8.056682913054916
0.37704850916637367 -4.789549199521686 8.414013368764133
0.6225054111101553 -5.056007670694684 7.455258970475218
3.064863944118 -4.273654074949957 7.474215560363768
2.37934607645806 -3.6109977908866666 8.47680200135583
2.5643265507347306 -4.653072517652829 7.658819262330196
1.174329390024151 -5.504377095061713 8.088443294654729
2.220601549773226 -4.963432224839418 7.723034763903531
-0.2973368932295246 -4.7274081322692 8.104752862080268
2.461806784454852 -4.0964605942717185 8.812446852564621
2.677843943022367 -3.7503115277472254 8.61832225662346
1.7134585626326804 -4.319020163493595 8.378314354128806
2.9734808126546786 -3.5050427240335686 7.657668848355735
1.5240541421140428 -5.3773049159884225 8.04843734308463
-0.2363081028233467 -4.508601655523253 7.7328573243255265
2.459850341219332 -4.736335512111753 8.259321454174188
1.1971502254037494 -5.233899971527807 7.498515294077093
-0.18296416894271994 -5.045208480619392 7.886998233069921
1.8660852595234672 -3.7727730917428905 8.171448609708458
2.523012589381677 -4.077745669435176 8.254041395969512
0.9779799957702141 -5.054009202630614 7.925085303745542
1.576433212154657 -3.7762946361925467 7.914752062974713
1.423444232198576 -4.179293920731025 8.102442763844824
3.0252704611302366 -4.492991623062755 7.979292070890237
1.181367506384597 -5.87432880305841 7.487791154081931
1.050278894335215 -5.126442516203985 7.865179640208092
1.4237246361617384 -5.023531521101547 7.2059799953964925
1.7451180847124705 -5.27352802294415 8.171823651330104
0.6497483544340454 -4.786753042357637 7.573576377290057
1.9422455933290266 -5.002742422794295 7.998315343709654
1.3974473056950132 -3.7419777028995544 9.409794145392699
0.9955492944231522 -4.285591496808769 7.962748634748103
1.7497184955260554 -4.993192663385536 7.635354315354714
2.184490980494419 -4.2831167502015015 8.655924821627737
0.5841710378411751 -5.589291985205463 8.95085573186851
3.1920201870672584 -3.4398101778286527 8.935025270815366
3.9047140479318276 -3.4996027431776153 8.361184993349156
2.478270895071687 -3.991725156015953 8.514267142285412
2.708825619053209 -4.259636451756435 8.280856485470405
1.811341309945207 -4.35398574807212 9.063738821294594
1.76818500275535 -4.317922148961593 7.920618549387762
2.4354832818687977 -3.5496022963909204 8.353659074997257
3.445286148675776 -4.043903652378925 7.858202125298988
4.268966933353011 -3.8601787751042433 8.160388659820137
2.1515232876871853 -4.672002169904519 8.62622270276569
2.888057296918024 -2.253289051946342 8.13085831799711
3.2168640622291327 -4.445959519598956 8.561185737805825
0.887995898424288 -4.254669669252566 8.340546006432376
1.668360828697134 -4.412008220204165 8.63395505510783
0.9809260585591479 -4.9571839214268705 8.513312716613022
2.6631536400723856 -2.6992370107018417 8.456223760197924
2.1443889098829767 -3.915315615895268 8.812713618377687
3.176548883186773 -3.7078552461199243 9.023787037811019
2.3311386448585045 -4.978701970683567 8.075424285778805
2.5646735030679793 -4.166960868744561 8.71004334133855
2.4164890925730638 -4.046948783858289 8.201128968887218
2.397543155729846 -4.274025635307453 8.253359283710964
3.546286921269973 -4.675541248637468 8.758995568648965
2.2643930577540137 -3.9706461099963586 8.383230080276565
3.5316617866310427 -3.471178958424926 8.484133635220932
2.7151528945010446 -4.2205587949911925 8.314930098617232
3.091857183982851 -3.713574631229699 8.143559805389343
3.6297285913656814 -4.3049132293488634 8.625450073850836
4.604335710440317 -2.9611092800814003 7.380049139108021
2.3515504210913964 -4.928718141373185 8.438100592695024
2.118128640474539 -5.7743578274039615 8.798676221282774
2.1231518588065206 -4.417067869957038 8.555589658753187
1.5528294026490892 -4.293569178915171 8.41154150831205
2.8591772192688194 -3.824852791518182 8.834387342080019
3.7011241955645264 -3.0271280701770373 8.672129094852103
3.6897128694038472 -3.0645011750803666 7.335227452913793
3.5452769008085157 -3.0412597535226937 8.564698351319956
3.190684735286071 -3.474090154816002 9.08355603657853
3.1206168369612497 -4.673773597103553 8.608475465767627
3.5177270941584124 -3.3638494986237917 8.875930103181028
3.260144831142522 -3.018122636869414 8.83459535256113
3.829965932546315 -5.072673917987754 8.606803784301572
4.275126996879227 -3.5016246106665445 8.958404095920342
4.0969226103043255 -3.5297199235811365 9.162424089809774
2.3273051168974064 -2.89120047385231 8.858185739984899
2.8662279044936647 -3.9497062575395527 8.826287389965245
4.768752695512914 -4.6070770832951755 8.982175540250987
1.9363146739279922 -4.842384091949807 8.950115897146159
3.6912753695738263 -3.5886972732510283 8.955025187643752
4.192761386305822 -3.1187455674473905 9.651856757817097
4.501067824400569 -3.782914912015572 8.93047361959225
3.428097080636154 -3.750095926607471 9.047822199465658
3.3783172371456445 -2.6198025572311647 8.538444169790695
3.3026037958050556 -3.732231898978567 9.518478631321468
4.848735900272713 -3.2375898264751695 9.868436065839715
4.1593466932652685 -3.9838762429596843 9.878854477892151
4.815055449696299 -2.867141471072767 8.269402191059235
4.796942744235097 -0.9448738797277305 8.244748077565228
4.386195852614326 -2.6348817683903873 9.79531770246649
3.281831477498945 -3.511791500262956 8.731187071172691
4.093123702594892 -2.3133900275275314 8.752675007919121
3.698409413793869 -3.3412813454488823 8.695594018952844
4.085582919039155 -3.364276373071474 8.391191403389344
3.189644071572564 -4.6317469123225266 8.929841053765484
2.936088819610112 -3.6168628751322127 9.31581137160564
3.714058961945011 -2.6859427922038255 9.255102149610252
3.8468672190459285 -3.4016812313070974 8.495101594797163
4.882510252411961 -1.4102340047028779 9.202196669369165
4.133965337901516 -2.705006401774688 8.553037590507437
3.6321177213135383 -3.8592923490734674 8.178557143623948
2.957654646727989 -3.23264759758532 8.560882081663975
3.77912384820237 -2.478322623328723 10.308604142049308
4.262709348777332 -1.8415860703111113 9.4062774032335
4.698755102845896 -1.3736355758802699 9.84932456507572
3.6437297639157644 -3.161614122055206 8.594475849444313
4.605905812556131 -2.8139545184805836 8.442926520223887
4.583389556699401 -1.960109900340287 9.605154172891009
4.151221628572069 -2.4141273652402773 9.408538808061406
3.9293486734666336 -3.5703413521824117 8.893287424579036
3.8866068857536282 -2.5477473726371582 9.490550198349984
4.4279760646294815 -1.5198008852572003 9.45074125887706
3.5060999441940077 -2.9884883237434385 8.887590901673605
2.357105544771166 -3.3729577809285813 9.133138118855964
3.4804536334369565 -3.9991390048930997 8.228988786642322
3.2241946653506854 -3.8430467731293305 9.649760331441797
3.990687900391839 -2.143245006800191 9.360061235220693
5.080056631228103 -1.7775474460092637 8.869241059945775
5.034980057362304 -2.512818913822163 8.857788053148074
3.5648276794224136 -2.6835234856524033 9.55407874632761
3.027813703156317 -3.991661797186536 9.195286277515047
4.6094769754320755 -2.037502574535356 9.642780511807494
4.848493628283037 -1.4453936655954016 9.065183524853065
4.3394441194812226 -2.1234562395110244 9.079286169070357
3.97265499758167 -2.611812029949277 9.612744657832193
3.7255752508703983 -2.227067959729489 8.980232218986798
4.422472958567383 -3.2148702646450387 10.245458715324359
4.529038763146183 -2.095710148143531 9.080652989870531
4.593713819666606 -2.6357706728047967 9.224399387274932
4.704401502520675 -1.7583776219342626 8.722573646620924
4.275302298739248 -1.3726737085633631 7.776865696988109
4.18928015875722 -1.7053980045421693 9.167924465364159
5.449261874812902 -1.5236410551001514 8.87832252605916
4.503521544652956 -1.6017615478100524 8.27279871614522
5.165899741950459 0.5922012955862552 9.160843595668451
3.7967030735563996 -0.576636997199374 9.706680924651568
4.368187565139514 -3.0919175657892835 9.82755789159457
4.698224312419996 -2.4661622464291595 9.718189980078074
5.38867332731679 -1.582587849059592 9.135946594955607
4.790106072859168 -1.7294690665700463 8.716401113918355
5.402594992791129 -2.0954823879615523 9.900903929297495
5.049987890591549 -0.04668404947585847 9.742542083990788
4.511127152584754 -3.150794678043972 9.932390069272133
4.669338573677258 -1.189907551746782 9.598832635818649
4.463077575980108 -0.9220242844557458 9.043583488742255
3.2165710178423805 -3.8501156916693327 9.6665457211541
3.5790472866208196 -3.21409116149265 9.18680142231719
4.217158733973886 -1.758789590447994 8.961667507575518
4.195546606318637 -2.3918204462935324 8.67343438537931
3.5621010067805923 -1.7971590485547553 9.954843656656173
3.5040176783026533 -3.981951260580209 9.441798648958157
4.823723060500532 0.7508996953823368 9.612346395358884
4.307779221922428 -2.107971948392142 9.632501759208202
4.710726243537782 0.05911141120023418 10.01144264941112
4.388916233716975 -3.0438082467354253 9.098036238698427
5.265369500770315 -0.7544130641553439 10.827991967201807
4.380671520846821 -3.006000588077349 8.941447839150339
4.317612965926075 -1.3321217275921566 9.242995866959996
3.8656317710338377 -2.348730792989667 9.19057606366567
4.837155484241403 -1.7809103614820638 9.758829246089988
5.685590164764383 -0.990098782034732 8.736564605439176
4.642880310455712 -2.5268304477350885 9.562331787111475
3.6660420768628 -1.9971167156288843 9.857617479151287
4.923010417664372 -0.19667104001025165 10.355487841038894
4.487014357390769 -1.546199241118858 9.724641217389298
4.969206834442317 -1.131163517686658 10.46332726596652
5.36935246379614 0.4630995607452823 9.30548289810453
5.551839077839611 -3.1288163196016177 9.401149426202819
5.2833418390444145 -0.6486133533843527 10.514957411162579
4.9025354878455945 1.4444941561896152 10.023524055273231
5.427734539529869 -0.49030984424547236 9.702876933140088
5.246282408182053 -0.5136646108094525 9.625130066865662
4.698966826762892 -0.149297512346184 9.870745040435626
6.1152383094879 -0.6608381710525679 9.405922506419262
4.224785605013237 -1.4342914918505987 9.091368228569063
4.54412430947568 -1.6563729379170768 10.497877820298415
4.99753620934012 -2.790729157119946 10.395231677875506
3.9144240612877192 0.22764781301348047 9.547664191724309
4.76611720646028 -0.6889217465916349 10.240225847831272
4.521589007315907 -1.5821369757498849 9.898730495118649
4.639154683253162 -0.6940087584417979 10.197290133496058
4.47045218499743 -0.9219185742419755 9.041515380427258
5.055182917927171 -1.426234166131968 9.7973320081573
4.789095375044836 -0.9523111068930016 9.27521310362625
4.4737215344593775 0.7210398243563506 8.844451160576615
5.805552512219573 -0.6624968759646058 9.666641607766552
4.636269628218752 -1.141169537774249 8.47861783845949
4.639322142616174 2.0847018675649864 9.57384263299494
5.341390661467845 -0.48355832549579053 10.860715244320653
3.7650905183870518 -0.49376305597889836 10.365354862577316
4.4779492089103865 0.19077214909780607 9.290452180718663
4.535931717846674 -1.26585244066026 10.45245560150211
4.6048118793560135 -0.5432824322586373 9.835102723464056
4.644037406051065 -0.7560926618675018 10.205350185923562
4.591787191314672 0.9859845256666694 9.4098704041718
5.457308094019838 0.10893295334265131 9.824757973760592
4.7918873016969945 -2.224040494924017 9.565355949334993
5.017693210643095 0.5219219987828414 10.299614702365496
5.203244961107157 1.374526348461106 10.267764051079348
4.695785015540148 -0.16743254684215794 9.732547910584179
5.705824940828155 -1.8494666043598966 10.375843581327116
4.88759173507939 -0.6534305520294393 10.28166637285833
