4.952842005070981 0.4221424714275963 -0.9189114030837463
5.614740637131815 0.5979687819773194 -0.12811575796752572
6.257493950833875 -0.34459486318080973 0.7114576185508595
4.216496065627962 1.8280667023993105 1.0071728126635946
4.627273405827548 0.24885905861637558 -0.2029250923898155
4.4543902770447525 -0.04160282160348458 0.43555912352893533
4.982847378381855 1.304205296893385 -0.051315592640223506
4.7847247978985274 -0.0884835234858979 -0.18271756180313103
5.242193641782892 -0.1977055966283055 -0.42917972827737044
5.741611745970574 0.11636837214604952 -0.45524481860296995
5.086632761685293 -0.297365400653386 0.6266892448401414
5.135199935576587 -0.11048219530635647 -0.5737806297151726
5.07853240281091 -2.1107761790625887 -0.5607122598602294
4.312127742854691 1.1023048323837656 -0.8705612430020914
4.897116590507422 -0.5617647973629678 0.4883840402795841
5.213754749938064 1.4831213766624096 -0.28216022327544243
4.830231239473844 0.48513672118704737 0.37835938962323323
4.81684091221009 -1.4773971719614443 0.21654938368883855
4.271157862085949 0.42438989753512507 0.5172934569060552
4.101152406718511 -0.12528799991125067 0.2156128194094025
5.257982193478808 -0.3152167119836701 0.21004216073784765
5.444104645984025 -0.08749746048699106 -0.05052708693356478
5.210855945858568 0.8180322824143065 0.744912074467259
4.677839118012827 1.3827700272592653 0.5041856989271268
4.999318962705533 1.8900297995914481 0.24011499586695256
5.369252657126733 0.4822325612340547 -0.06383376844730498
4.269342234711317 2.6190811901983113 -0.3484959144577283
5.7331086221921055 -0.15364221522645258 0.2228638748564866
4.50700846847934 0.24706597463835545 -0.0004240800086331431
4.862221813006102 1.573193673455469 0.29876307444481554
4.823716941170739 0.9958233534339789 0.19107516103560593
5.910869249815324 0.7064454231551247 0.7605258609494459
5.853266637012249 0.7837483134030364 0.13855191839683131
4.551057906890372 0.9712505277633481 0.27140556897491785
5.255895334378752 0.4405588425998023 -0.4658926129087894
4.954453122396141 -0.591847581107508 0.20962833572148798
4.235078883226909 0.9489901241208234 0.2777153077358116
4.710687738084732 1.1758106821045253 1.4210604445688002
4.942443423445563 0.7137025309177332 1.3787793394805945
5.395587605756248 0.7968197047800685 0.3336959491593655
5.42392564728483 0.1535251011941925 0.8089861751923457
4.086462581127457 2.8217687922518713 1.179055696638075
5.665677410785434 1.7326459785706987 0.7017133688182184
3.6408050099665528 3.151538997216097 0.2164459828077423
5.365483014119812 1.1698520693706227 0.6860161522047509
4.260838852919565 1.9317725993297257 0.48297052897310183
4.868174481153032 0.707244521529653 0.7502144973076735
3.9644938679817505 2.280913455841934 0.3920659101590033
4.189229031526386 0.07998618996154824 1.040777620123868
4.180479669786264 2.463580621827106 -0.35811834535187104
4.4799706306275855 1.6406247576769069 0.6434490068043219
4.610222465180912 0.9816821006058271 0.6391217027414087
5.427085387831362 0.7953844578174117 0.16556535264097894
5.172904921046413 1.045864192447027 1.1594337348738497
4.914353892149378 1.561519537510945 1.5340152030378125
5.151088588021643 1.1044005569239024 0.5849580538005872
3.5658460431890306 2.828130029810227 0.018874031543528846
4.767549084041151 1.2882472337435802 0.1780879722495876
4.345740824161537 3.1736692983806525 0.6039247784733377
4.151327710663311 2.2895062450847976 1.2232683654501302
4.711459671016445 2.2838554470814976 -0.396686463484465
4.6868107568748565 0.307704519155725 1.406517279331552
5.118152731083005 2.198841132744962 0.4961223222401311
4.418780916536015 0.25091838657327237 0.4263416363288245
4.395057249016497 1.7858086924635002 1.106096371858116
4.032056999808225 1.9534280222128626 0.7442105126186763
3.544188971181525 3.737170767729734 1.5610485468499888
4.26018521175186 2.3635625663054096 1.4131316134069059
4.958123356224657 2.7926613661513766 1.2443280873487996
4.30436816114353 2.746085489379422 1.7700794233875792
5.123782858335529 2.459407943843802 0.39442301988471823
4.092000160346677 3.4400393667376203 0.4147584973025083
4.72145181202409 2.3947260960369237 1.27395835823779
4.69909578976368 2.815829713216152 0.40895202962832194
4.956198732834515 2.2385522411784895 0.6816907344261638
5.043833110733958 1.4753281392661974 1.5630448916892532
3.8809758528633362 3.4592515838928413 1.3387215017000935
4.391691856936809 2.708514944925028 -0.009730463338985751
4.356122774095592 2.9828738174833354 1.0656888601784975
4.927517457140212 3.0621203205401573 0.23269912084113975
4.652928768590559 1.6510334571753376 1.1959465870828967
3.164445396818295 4.232112954699975 0.38535404728530315
3.3836774681657307 2.84641990438442 0.4928929412699402
4.838134438333377 1.3303749800080462 -0.08120556128108436
3.92441307447845 1.8200293341498093 0.7082500646719944
3.4272737331820826 3.0856821410223123 2.03762662546961
5.279262136672658 2.5707966092710035 0.37747523657763765
4.276916156033397 2.3919303372029472 1.3015102882136587
4.0369625934290605 2.2325970239650568 1.683942274752176
4.668540725555643 2.241338806681983 1.4260253998224939
4.3916733096303675 3.0387493201220797 0.45055763390714015
3.9556033907424526 3.1009053883832642 0.4382965422519439
3.5204531416548615 3.269851931534966 0.12256537594767358
4.84951887452132 2.0709369252446552 0.5644721443701897
4.694906517903324 3.117056310646409 1.2731427196996103
3.1173994901099475 4.462398624919065 0.9385583408092552
4.625309896530032 2.0169460636257934 1.0686477000887842
3.7264297289138555 2.6056970268738806 0.9953012455994301
3.563673494974936 3.3399990213431225 1.028397780754938
3.4642444764017912 2.4529046293868713 0.7581092907410519
5.027367691404905 1.6026807970466277 1.161987987431322
3.8805155582240496 2.841993581415336 0.9603658115868167
4.0329387249707995 4.049877929534812 0.7597810125458302
4.004099346524142 2.7252420714869507 1.2853378524937609
4.493145573069285 2.487512815038615 0.3532615110652815
3.6508767070779156 2.0026081180753312 1.3106961268337658
3.3013137600625306 1.6652745403773674 1.7533149394833942
4.770795702292186 1.53070555961108 1.222309044456456
3.7068789498559966 2.5517876038808813 0.45657311339849016
3.2670499756244795 3.232443929120915 0.7365602376178426
3.0206898490627383 3.418081421418105 1.3985756198148633
4.52116999411279 2.1494651654744965 0.5619729201694558
4.206179851180751 2.459723591059386 1.6343897445510105
3.7809014716255462 2.364181696299523 2.0623398301517732
3.2459807231978623 4.233245453872435 1.43713006505735
3.4727233946101346 3.519408780325084 0.6997570047398158
4.188544365953448 1.9152329298638666 1.5075683802460378
2.87802474606628 4.758589663413587 1.6791480383701134
2.106603627267931 4.619218926642923 2.0159017327130666
3.925654940953964 3.731773829178892 1.9911786642047482
4.567997907528184 2.444053595099147 0.5960568299102661
2.9539969404265722 4.630929609403862 2.1139602749704993
2.5280955423928018 3.8286542457857795 0.6670142732888246
3.8043189105528143 4.258345424828363 1.1039172642094617
3.1099331855907013 4.339870493708289 1.471734467236821
3.953769497741444 3.529106104533459 1.2924940732523307
4.689528485663761 2.421037378101842 2.231655169755627
3.097769286873625 3.605888708186596 0.8123276052103785
3.421809958877711 2.2613260892062383 1.5028030973253368
3.568150009435142 3.9093330816021634 1.3955677205466421
3.783903929915023 4.0169601328859965 1.757238235530736
2.3920267337568064 3.92270903239043 2.564318391294937
3.1677364455911925 4.277638969207836 1.4968278863498858
2.1988244722095813 4.004415780086546 0.7405850768983695
2.7468173237891804 3.1030810216375047 1.8614901910516866
3.0683353198886967 4.398689477713573 1.8171378460551086
4.14557806649178 2.293486733126206 2.5304194225041545
2.8678481569648397 3.6179177845192303 1.2359956255274085
4.172871994037797 2.959076958682974 2.184165137531159
3.0710128509213783 4.021390551351201 1.5577116124471937
2.627295246391211 3.6255213736708067 1.2759069319714056
3.3375988207971052 3.0859265088820447 1.7337561856440162
3.0663267716788307 4.904513423318828 1.448854074617188
3.668031270084614 2.763740894980996 1.40072153834584
3.5096777746354815 3.1536752007840803 0.7165538094387278
2.1386164173058306 3.894108615356788 1.597434162259344
2.396450452148646 3.31060575489857 1.6484349727295065
2.8436243153030634 4.705696035972632 1.9133004084299556
2.1330543884318303 4.892947995614784 1.5895094550038718
3.304646555266203 4.68390811046252 1.3049680701412818
3.4928950105712806 3.4601474069222413 1.6338827213409615
3.690559426254931 3.924636762192141 1.0198313671490689
4.413195777469036 3.0334125762091806 0.8064429638285998
1.7912390117882575 5.587763936052101 1.8393637581608686
3.488121210777483 3.5225697077975426 1.7129239672041268
3.4475134239057237 3.0265755151091938 1.2767093745095695
1.8086488482127434 5.02614300766225 1.561915247527253
2.7158417959943555 2.810105924118739 2.2714185278126195
2.886265939723941 3.738283236030637 1.5552959993561295
2.862092952329368 3.706070779635261 1.9694040740296912
1.8282925210880412 5.168177718577488 2.8756359790148283
3.2366495304895824 3.6677992638335635 1.6937576344445806
2.1910642798989857 4.101911106133494 2.7186617121894567
3.2408878117495994 3.9796164756671604 0.8685280230343696
1.9174886694283386 5.03870918925686 2.1466580412351766
0.90828107539758 5.305590111618542 1.9040692906072798
0.7029606267355979 5.574148062104228 1.5972030760434643
1.187262865481861 5.500291170856304 2.164575750530605
0.03529970956452786 4.26203986370607 2.2789588037921202
2.5607459443622487 3.9867781974379883 1.9191136734431784
2.7992843687843245 4.300044397609179 2.5025721980315727
3.119164625497584 5.0959795177637215 2.263159152022251
2.7269470795481685 3.7207725077665255 2.1302959868378055
3.2940517696566856 3.2964139347703845 2.1655282310086523
1.5128460073044057 4.148079358126946 2.0004305019697943
2.894055440038165 4.496600712459897 1.1167658293753835
2.0327560577541903 4.255091466972835 1.1115580526852051
2.4545130750202575 3.6710015433423466 1.1206188479322874
2.6203797647393854 3.4188583245143525 2.059682379403596
1.6015266646025266 4.700262789077446 2.3289259008903036
1.0432104563264006 4.154973687825692 1.6966358697620578
0.03902703509395925 5.819887731813398 1.5270890122406477
2.2754599052668367 4.668642356397455 1.784359885849315
1.833390590111735 4.723808983404985 2.285681912549631
2.449610889356506 4.615595392771778 1.4598923929042662
1.3586185665080097 3.96121677352293 2.081409840821645
3.363212996533537 2.7424173994139935 1.8590517776403437
0.26497516811102945 4.054963141507866 2.045715870470101
0.7042309694548862 4.2093649335742445 1.929338828628034
2.5611211417580626 4.520135295911548 2.562876186216871
3.2885097111374666 4.23410852116132 2.053645259239411
2.0887280950484133 5.1274006608322305 1.4528457137186128
1.1309876188720638 3.2649106848931484 1.1824748556712703
1.393776829944609 4.0598041050437494 0.7676259100122129
1.7044019522670981 4.02891414215835 1.9307782479078357
1.4662262104537989 4.965605703409088 1.1485713643119495
1.9194837797579087 5.199382771069478 1.7921960627232412
1.1827231877943198 5.559288666411085 1.5100019484964173
2.7381788019168165 4.634978359920567 1.2669842113445071
1.024094359223214 4.227336114102389 0.9456212755335487
3.342249152301663 3.120326032089291 2.304155778997552
0.5913274924586456 5.538597601496723 2.0421451249312437
1.9162132714794393 4.748087224135339 1.9805678664546331
3.1751941905632344 3.521168154820517 1.109777895301193
3.0316698290911908 3.8587548935036327 2.551137794612175
-0.5823374219924342 6.161004962292793 2.1055000572231926
0.4004387221859649 6.304696542496569 2.0342560115122104
1.0140402066822856 4.224642961036008 1.8408830126029418
0.15768953973691052 5.796113094579707 2.5240827905961103
1.1810072219548362 5.071987326701485 2.440871169279827
-0.21858518701849505 5.130179315525133 2.6453717465382303
0.4412217230863656 4.477821461779967 1.7097237479799292
1.6234625114663246 4.981098535229118 2.054702839868102
2.518306960221237 4.673921197987755 1.860489317110428
1.3020445934406524 5.141279589263005 1.6787360448749928
0.06348592438601644 4.849961634104863 3.028363289027249
2.1408382897988223 4.835259995416197 2.6148326956213945
0.33111916730194174 5.123848091049609 2.6828065192604607
1.2442818157126483 5.108722136777035 2.0796115999815865
1.0245090738377107 4.225037263147145 2.3467035941675505
-0.46791337909905023 4.6099709606012755 1.7528528259649185
2.0846738443663466 4.087136777611577 1.7932885164717791
0.2895961881320163 4.682552008123276 1.9287462763371601
2.9436903186012 4.350499737041554 2.2528467771842418
0.19927340706602062 5.122346354173444 1.8100336009248117
-1.2170068647500891 3.6645807402977963 3.066860221927781
0.25590019186372265 5.383813969236755 2.8482133764082884
-0.04250596267612274 4.343011747991435 2.3391867461912246
-0.5566598839368916 4.983404463798047 2.7170696598852384
1.242509235031102 5.070007079369341 3.3966008152939215
1.5414562046500166 4.650218137489427 2.2615315446818536
0.49740227272481496 4.792571972776986 2.577519078123193
1.8850365315802737 4.85413170014827 2.3113754200803776
-0.1144017891622423 5.730464579415118 2.609293766760293
0.13462991682074144 5.513380292901402 1.6205567938836345
0.7774544781521615 5.6599810776748285 1.6243898880852328
-1.0080350641577545 5.049157729082113 2.1103528326793035
0.9522932932157543 4.769275079518873 3.745095869261429
-0.4260146968340348 5.122526005778373 3.1946171496214664
-0.689024519716099 5.566599779662508 3.4099180896322627
0.37830569713878176 4.947925124549186 2.4974566429838814
0.8447873743365191 4.536760065168044 2.9723060187242045
-1.0552753492847005 4.626323740104211 2.6576474211328485
0.45144799910832334 5.174996309648502 2.871087972336197
1.3676534274443952 5.866261951598026 2.2295793494335996
-2.3141857808677626 4.260647840277974 2.5000508155839496
0.5497024107561965 5.059313282041152 2.8266014650943183
0.005118394048564069 5.482970602611182 3.3972420914153614
1.1655215588284185 5.1878076958615 2.9187257683266496
2.287180976948496 4.800726263088746 2.402992668472993
0.6160859286650657 5.143693104465868 2.29936472043435
0.5396250716463189 4.669473175816936 3.084293287258692
-0.6279313183987515 4.864913578754567 2.4315827232537894
-0.7552847212025801 5.14784907773365 2.748420380463121
0.06975298327198208 4.599386757051261 2.5756713742957857
-0.6399294101615648 4.57053842712217 1.785868167499339
0.934540715782956 4.267147704031792 2.9628917759847586
-0.6381307888028082 4.616968878982545 2.4209610954857275
1.2664332825214393 4.611834079822996 2.605469619737308
1.6082956912758704 4.787668065544749 2.7883409117286737
-0.04571434278746022 5.011501063499488 2.701328910866973
-0.6105901147889788 5.290384138651403 3.0689344301852786
-1.3716279735651606 5.470638234465331 3.6490828061874554
0.1845893191916566 4.451699529895327 1.9853828215823077
-0.4008650686653213 3.740214497173686 2.2175436356062797
-1.0804823836231958 5.194018334158616 3.3909331428846508
0.4987129561364105 4.750944375896542 2.6535386273469523
0.9623624736815649 4.724108691929171 3.2320065282929047
-0.5600487719680153 4.770017902425058 3.0171451952957007
-0.34829304286327906 4.9742935556913475 3.223135184202347
0.46195852303249374 4.760061249847924 3.263152935672043
0.5932838122948815 5.228673200972449 2.5217605911597345
-1.4751821028906427 4.4354626821879695 1.9811891140271045
-0.30635926880959535 5.699732558520954 2.5659493867532857
-2.6839011435632703 4.2878801387458125 2.3343566966768314
-0.899663285726052 4.0354634487465235 3.0882227355970646
0.5746619864869618 4.711609290652245 2.8976093073181586
-2.5329732292407865 4.471537366550429 2.9594623191534946
-1.5564184318836178 5.463068902857197 2.7229037621964753
0.14273077923597505 4.386271768229724 2.638098518052669
-1.5216572786975129 5.033920797950111 4.237351404168091
0.3315506749397512 5.777068619578492 2.843349839193381
-2.542300683984034 4.637349593623368 2.3957707789346934
-0.8649745853229903 5.318348063321974 2.8242225063667137
-0.7337411216451448 4.808432812976715 2.071760881586322
-0.8819192241612801 5.816023329277249 3.1360747622947094
-2.6320595686517314 4.8427854821684875 3.19128180249733
-0.8796556960704749 4.858731972901629 2.6398481717536924
-2.3333541032903624 4.1375145990288615 2.8624328693199717
-0.6544350555720154 5.955714754593171 2.7772318131519764
-1.1894574851673883 4.260814770871624 2.3760425136364196
-1.8058125442391126 5.030291009389715 3.0458900510040343
-0.8868659597708419 5.172740511787543 2.7816998576728507
-0.2957571693247692 5.6455118941723725 3.604089731831087
-1.4631969196974608 4.326686953629678 3.1806097419357626
-1.5524978431053051 5.107648863498524 3.5622379023733006
0.5639624623067073 6.350411102070221 3.825123041433682
-0.4455038738755336 5.000484225296039 2.6065095794518083
-1.1704161743125328 4.751705121398851 2.9250525395280857
0.03724967024304113 5.3616723146399705 2.7815453638797476
-2.2287290022469466 4.891699584859561 2.8222930125932666
-1.7093167745010962 4.982439514824125 2.9588263201184573
-0.17868870044082058 4.825399222011162 2.6258574867285627
-1.5881529958871141 4.529613876303677 1.892972596672751
0.08148537779624983 5.747683300854412 1.770601042978519
-2.19472876521502 4.62464701151431 2.3083957993893547
-2.7137899330852644 3.4375934176769904 3.118487430734956
-0.9297969656303223 4.559070854905678 2.4840885514063875
-1.0761268126399344 4.405932643897434 2.993793491545956
-1.802430673421285 5.609916901932516 3.516647309899293
-0.4886102939712585 4.720296330992615 3.0078193661078276
-1.4332716152772882 4.978529960101782 3.190478128682244
-2.1972374269669936 4.172278019651814 3.2890063198809205
-1.3282209323046668 5.089388111131206 3.5460804253835003
-1.6437163940581663 4.623017642262171 2.0798821592547743
-2.1675420895902526 5.093965450787782 3.4872498542562744
-2.5919306249066696 4.472376075315962 3.4994454276640403
-3.2569001333643186 2.689204506681106 2.9147119915113273
-3.6298565462787407 4.538925444876153 3.9495193750235247
-1.0225705311548035 4.661681027817609 3.261978745525526
-2.835083980083766 4.1143021876255546 3.1006004854743705
-4.225794344863234 2.7563496218914394 2.6846439470808034
-2.251312972208469 4.167296230176447 2.6587397691008414
-2.078090901691853 4.822105705230497 3.508876820848685
-2.3341666495189815 3.4894238550163283 4.357344379470726
-2.98816731683735 3.518207237667744 3.1843880945546332
-1.2379447517224291 4.249899589291425 3.911480612917704
-2.916765345418367 4.694914986215099 2.9434956173360134
-1.863396910835696 5.254127325934499 2.712058150360254
-0.6459522249818753 4.636689008894821 3.319190295352335
-2.317170102215165 4.232975950790876 3.6625500023039588
-2.354645368190008 4.106791791938708 3.2554483979717914
-3.0875256906605832 3.9837655661015043 3.702134299173402
-1.2744612613325685 4.713362392751302 3.423517137369679
-2.5038225296433594 3.676400288593685 3.443217542389337
-2.5451267388926233 4.263328784031943 3.6186309484660564
-1.8928365013194386 4.407079937502277 2.443337428612975
-3.254873411186353 3.8563800201764677 3.394027624853286
-2.1641779124657448 2.9986492884941907 3.144462417109622
-4.737878000256763 3.8159343468555402 3.1166979304448046
-3.0660122523083495 3.5900098942536225 2.6337000789180047
-4.271162377147283 3.9591491438621707 4.107221010688773
-3.8591029745553898 3.285645866087377 4.072407662636791
-2.4757743014656373 4.167148576123991 3.9358894152102737
-1.978406760578314 4.929889075829583 3.3138103873108857
-4.2326786159709355 3.699481835129288 3.7146632581218655
-2.2314663905418883 4.904607029507339 3.4377600847415635
-2.143962544907219 4.017136223411003 3.164891477790156
-0.16687737014378506 4.955594209345049 3.4504569773567453
-3.5879129147499094 3.5450249967361946 3.042248993185939
-2.2705116630379103 3.914517593546616 4.235491335680098
-2.4442543087766273 3.984887963789723 4.14132596499865
-3.6069145911033242 2.994775524184282 3.4345254542495613
-2.1094123456276397 4.6125934253120695 3.485242067551681
-2.617510495699246 3.144971628485974 3.5386529294786278
-2.8429784501562163 3.629003262564068 3.80504126226932
-3.0670052449881684 4.288456889687745 4.293755871318097
-2.5840435722585267 4.404917468984466 3.610358176055297
-3.4408569949630197 3.4900007108211666 3.1255126006983027
-3.9785411543228815 3.635764066797517 2.8233445342042094
-3.275023720465949 3.4323812305379398 3.213475950286715
-3.0002007043997208 4.9665511418736825 3.1010079445662475
-4.641405411492303 3.3642898867737383 4.236753029902887
-3.940096390364052 3.183193308833506 3.7607213771232098
-3.738804132817668 3.5015839075977184 3.767851874782976
-1.4594265030504807 3.6553187798578897 3.9908912107399357
-3.0120150664117866 2.897231472153766 3.01715839836253
-3.683526355456663 2.8213912153162553 2.671395814108692
-2.9131405341242695 3.208537604370775 3.2320102688026733
-3.0373714882317353 4.695067567201606 3.446543415884171
-4.7730742876936905 3.6903920597647124 3.613977402779108
-2.752323411991619 4.347286571280042 3.5590535322651253
-2.8955129446805516 3.5630837433586593 3.6969504359129974
-3.9792033288093007 4.316278715158724 4.257925030145658
-3.0493813969814823 3.189861489503327 3.156915191004958
-2.8028965946488262 2.5554823292392332 4.248028203398013
-3.4948488516820975 2.7594568848224847 3.8915079367336314
-3.331585202816854 4.192026329063531 3.862599491425319
-3.462858292309843 3.9418786460085897 3.7816933220866704
-3.4652568332893847 1.895801576354285 4.072458425735683
-3.6058988539571453 3.739303995770801 4.151137978291272
-4.6388297824614195 3.54503398570974 2.96220282414373
-4.454376548570345 2.77551615707609 4.492958769318994
-4.167818563862168 2.2314523864729026 4.7485623526780865
-4.524916812488116 2.9409623533059515 4.233484029206027
-3.957219687810355 2.5718242775201032 4.189079968093288
-3.8990627078786293 3.1946613757615716 3.688008245707994
-3.9200724126827615 3.2439352833670188 3.660502392596669
-4.14983433358324 1.152543725391448 3.815879368055636
-4.020615213444269 3.2570109611100397 3.2365568446017408
-3.9234583343209226 3.6700154928738855 3.8155491105432287
-3.317037625319384 2.734443302602088 3.8602384160363123
-3.4880063780584547 3.1818308663153334 4.006813662194558
-4.8703144915431755 1.2533465779745454 3.843413102213221
-3.7262879107890905 2.761578499456077 4.435593351768291
-4.4120785464105134 2.832276432617198 3.575061769090612
-4.048681440492431 2.163472958749321 4.399574212314882
-4.800332197086299 1.9943573971418191 3.061963591196439
-3.7413848233791094 3.643940803043387 5.174189984637379
-3.9635594589119063 2.54085506056339 3.4861677779611866
-3.3714151032532516 2.6324335315881595 4.393187387785751
-2.970005308206478 2.952386314786733 4.367734291341844
-4.491849988426383 2.7372730277328965 3.2153464440343997
-3.949623608802195 3.2701830910248697 4.245825741954667
-5.573731146912742 3.2282943938266477 3.7444921272940466
-4.575689089206269 1.0091693331753195 3.599958568517217
-4.379615859955847 1.1575246995864967 3.517205254165782
-3.629285718420882 2.8721973817317368 3.6910792209212695
-4.33168503443681 2.6873015186295137 2.9384238954922104
-4.9493370300762125 1.1504716263215362 3.4662891088922585
-4.405497915437313 2.2327573533864804 4.305011360257768
-3.503084391252147 4.085766248631034 4.745432911615358
-3.0737257816835792 3.777969646908534 4.686570157043169
-4.375064048758575 1.7233235293007345 3.7153756869575587
-4.645907333862035 2.4967711788238263 4.176052836038803
-4.739749612588246 2.447427691457844 5.027110518067307
-4.164104365238249 0.6850399628265086 3.455808254013184
-3.947328288905183 2.7450843276144887 3.804382058988012
-4.803004146560793 2.1484306200550263 3.840025174364284
-4.408737649813299 2.4356943437231244 4.584221969828719
-4.410762032663749 2.167546861996061 4.356232724845223
-4.330981705710488 1.3852210550452304 4.267126650231664
-3.801769372393002 3.9080417291611416 4.251357268892364
-4.478478711092904 1.8355580298086727 3.475643336026048
-3.545249217981509 3.261715155864788 4.459861741511668
-3.700274727668696 1.7902322055362103 4.289201888833894
-3.9449747987994117 2.6132690945355344 4.354667013756585
-3.7545806364785013 2.6098265569792813 4.211841128009563
-4.132755126078636 2.4800276594910073 3.2358709894703424
-4.51198118856718 1.304960570782418 4.435061684398586
-5.031580309756076 0.3752514511380152 4.892389721040107
-4.1974433429341875 2.2227365968456194 4.268421645411805
-4.928838779023729 2.1585629255744863 4.426065620861813
-3.806337648208979 1.9746423586065083 4.915875987009099
-5.241361999856425 0.7411145644717563 4.068878909357795
-4.041895839230979 2.6959935077825135 4.490748949478242
-5.135887564488965 0.8155215864904103 3.860412661846867
-5.211496583839149 1.1566562434685563 3.9190959705041304
-5.693377450228336 0.7018116766280109 4.394350138070693
-5.422095458925051 0.8505001760561859 4.348489652184466
-5.259323881341182 1.450708722473682 4.8071488649154
-4.612163361688377 1.8390226555556122 5.424170075412052
-5.023322446848047 1.0191197396522533 4.453949692026836
-4.491102178793666 1.5850126647798202 4.7785179159981235
-4.6338247824484045 0.24085730246204734 5.444841132754421
-4.615285275127477 0.5321904707099557 4.508256336967993
-3.759986777470557 3.4964921545406695 4.044004423302111
-4.307189209311839 2.5451600604253426 4.670715268903583
-5.542758369273904 0.5309879758413198 4.493775294543756
-5.414694168958443 1.6819709018257298 4.853153140211555
-4.3745356292659165 1.3457158085470307 3.60527775808797
-5.152460110947538 2.0838285857031242 4.507487314400535
-4.932454384565527 0.6649238800086769 4.5747762700151196
-4.034150736943989 0.3031153365897543 4.9238557863720835
-3.9496057030768776 2.288257867341508 4.548837272656519
-4.536014525837164 1.6697437625450406 3.9447274917140644
-5.196081488100247 1.1245273403702731 4.922980158032587
-3.68576970622154 2.989800150167775 4.648577627340515
-4.961742051074567 1.5818626368195305 4.830278700271192
-5.016479706294304 -0.17907535561779683 4.293596430019901
-5.065781130278715 -0.9503914558484586 4.0415426374894645
-5.227769684999508 2.060646695782237 5.510998615138677
-5.375448099839756 0.85752386807732 5.069227889581784
-4.5980501997893874 -0.09530359847457719 3.8474524148374076
-5.131057712364013 0.34447680881516446 4.633633666347557
-4.6370896893760944 0.8775117821549318 4.807091548995343
-4.928518862823216 2.676583682627398 4.621846611986986
-4.046894212758087 -0.9411542342285487 4.530735328367957
-5.127677789512627 1.8133523635832174 3.808359269094267
-4.121196744189324 1.833766859392171 4.299989757561694
-4.023489155210789 -0.33213126548524285 4.4881098673852176
-5.885698441747677 0.18399926780025258 4.955017035239888
-4.414083987355447 0.4780739604545875 4.475646133033938
-4.866163958461799 1.0374171899949056 4.652171789127603
-4.903866125989846 -0.25648377188909494 4.729258853439721
-4.383871354874281 -0.7000561501936549 5.904068076525419
-5.931876919248639 0.7163848385719412 4.211968714429948
-4.60812428395807 -1.0683664535166046 4.65063477885616
-4.762346576767884 -1.5218934265271735 5.467646636442849
-5.048428009398642 2.0142855143424367 5.2520575747808556
-5.297921738450524 -1.371718562826948 4.717904655336815
-4.9796223071521135 -0.3717079977399647 4.6935159267109094
-4.7415160904681874 -0.9774840133882468 4.543719993536173
-4.168852539250373 0.13753351543389486 5.254317162898689
-5.066302489031984 -0.4230244666761104 4.344241144209939
-4.538924769654114 1.7146753086843418 5.224305967908793
-5.624908418226284 0.700565320740907 4.713012449695375
-4.99546170933519 1.1819234225175657 4.960133190696865
-4.861992740274385 -0.4909400808593502 4.620018983143898
-4.744928002263987 -0.34679722860277606 5.112905675295945
-4.5831293573623375 -0.39717595938548883 4.5014427439394264
-5.528535675739989 0.6517339937050322 5.485264579214753
-4.2898015132517635 0.3570553785298829 4.523501991511625
-5.147281349011216 -0.21028882946561214 4.8992164354409375
-5.809539764060782 0.07577242620172685 4.748036673819988
-5.262810502936331 -0.3630880636954856 4.457657603389329
-5.3321847483134 0.3395730302544575 4.316597249091579
-4.783998488890233 0.40671602084636865 5.635127444299611
-5.403029176486854 -0.589585526187275 4.368077267928132
-3.8036318129222053 -1.9938382624845636 5.710254073889123
-4.338519173405707 1.030944606333209 4.881425547351096
-5.138982313574004 -0.34585914865516143 4.7147449912302335
-5.368663018751088 0.1476092790578245 6.204472210669378
-4.567243836681741 -0.5921919987085938 5.181437303782518
-5.529581753015759 -0.48607696622423646 5.976961311221417
-5.007411973387335 0.26633424735246897 5.055816346350443
-4.995534949888488 2.1434577652343556 4.846636351694157
-4.944391941225674 -0.43719151413242735 4.971240724355614
-5.1541678004634734 -0.9158545641788364 5.017031367017898
-5.444582627931979 -0.5898845078378032 5.141854007441065
-5.160778168118599 0.7815346943576701 5.3234202214972335
-4.409841150509604 -0.5338514149875305 4.781343945452232
-4.425824175953674 -0.29552397472424574 5.459796379429078
-5.470833652642494 -0.4689466036544958 5.151577052108727
-5.280902758613311 0.007664938164807908 5.070013563599539
-5.005581639506119 -1.0332366541978986 4.908518418043133
-5.4170023111678 0.18869949338899417 5.717107808009418
-4.08468277628507 -2.4685949393426823 4.568481655954366
-4.1207537924061155 -2.7185095644397843 6.124588150820646
-4.858246124481585 -0.7420257280911393 5.685474728000836
-4.615132942319224 -1.1516999866073272 5.354968085245426
-5.640341689793535 -1.7289657027608807 6.035901318261794
-5.3797773254558425 -0.0807429093027867 5.4398064456280295
-4.615149291724682 -1.1541919617487442 5.679939261178221
-4.810805902272183 -1.5257855556844007 5.133332497818462
-5.4225533315577135 -0.5697695102303676 5.91429844058512
-5.265284607819912 -0.5309161039086241 4.917373537787255
-5.078086311211581 -1.909048785123766 4.518167879805974
-4.724181287738383 -0.5706436477158214 5.9106210154852565
-6.252889347333556 0.5234440586299656 5.35207367373819
-4.977887631428913 -1.1460905653348776 4.552345610751927
-4.239074696722848 -1.887662773136071 5.486732001951217
-5.466206677883986 -0.8542740156870814 5.549960001747589
-5.3260920192074215 0.8086008491068728 5.371293299173558
-4.32114561613219 -3.3327223732079325 5.287041857649715
-4.633319425810741 0.7906368160367898 5.557208490056199
-4.240304775468246 1.0724878722653757 5.786439672074277
-4.3508758997396795 -0.44451343764725604 5.583904423364238
-4.992588116315621 -0.13203785182874078 5.542650820909062
-4.317698861906049 -2.625995197682241 4.985649329513535
-4.880698190368773 -1.7728754933685418 5.24313996831763
-3.572555246924124 -0.222429296807682 6.073468777406367
-3.6851144091634844 -2.984073090130607 5.416312910360165
-5.012685540202738 -1.0679367436556757 5.4947495397017905
-4.350455275894301 -2.4594619508609052 5.726370535485342
-5.032041607323005 -1.5581764862539846 5.14616967758712
-4.641092959215993 0.28989638642176163 5.224740303183207
-4.118338930385964 0.26739742354961027 5.544016761037705
-4.473713982299703 -1.8628319394950819 6.198507815062664
-4.388487625548412 -0.46167695280576193 5.313860858495996
-4.708875437028531 -1.1536563615796935 5.810584771726787
-3.6186782508243622 -0.9851163330887313 5.856571511335425
-5.116836596380193 -1.8058082179583452 5.781325256764788
-3.5803606371314673 -2.367219235374152 4.917139287638136
-4.4852020958674395 -1.9361111632563766 4.781512018729554
-4.93059432377471 0.5389084036824807 5.358247572336235
-4.59891972882992 -2.4695825963726667 5.092822301767241
-4.302724192655836 -2.838137328252884 5.804101680662486
-3.0139870819294607 -3.775035535517631 6.217441893438035
-4.9277912853293495 -1.0815273746263683 5.294733579716931
-5.119853104414627 -1.8648196121906924 5.92894159180038
-4.849491411693295 -1.5482338169069625 5.820443469081179
-5.685217980434431 -2.5592197936142105 5.3527952107877494
-5.037642248897336 -1.0001747790370832 5.984034656013072
-5.000353787800206 -0.7694296826871293 5.651676977905505
-5.086901132661319 -1.9501211548138624 5.686138481572263
-3.258626864976273 -3.5083206225380508 5.901687349363842
-3.890571715854122 -2.2380207200635898 6.380265002148676
-4.445718409409342 -1.6758347181637225 5.733282270156274
-3.89372014112546 -2.99241623984527 5.9444044069646775
-5.220548080164697 -0.35124829040655886 4.978812300146082
-3.073413581790854 -3.135501787676504 5.264200904793566
-4.962420168705571 -0.5850182039800567 5.328513821607678
-4.650362518790801 -0.3956676399639694 5.476708302967836
-2.535705166352658 -4.14206086888033 5.875360734944987
-3.9230640322265034 -3.5087860853848847 5.426093542281986
-4.5279285975046015 -2.3208760080488484 5.45542392091958
-3.7023585347345938 -2.9329463512555076 5.671250939461978
-4.3843801165781455 -2.090569475660067 5.173284504613901
-4.244218227993392 -3.436670133453898 5.794692858835154
-4.653048408551018 -3.4484388455388615 6.818801642133597
-5.253310203861975 -2.043833212618833 6.127191114328287
-4.733286459067782 -1.4444352878348719 4.39391988554757
-4.081683796510658 -4.8753889535682475 5.589657769508645
-4.086337871723767 -2.1092195810336087 6.238372820698604
-3.697576654249273 -3.4069207798967938 5.951456815415997
-4.35827803905563 -1.8559695705802632 6.117394589131679
-3.9904729214435406 -2.0507422967269515 5.500826670839565
-4.239193339844706 -3.3084094483799125 6.3151352121800475
-4.091598501637491 -4.094679628052868 5.655878181804509
-4.749779357991635 -3.46529485557921 5.434974115839832
-3.477281109572755 -3.779825094383195 5.412427896701906
-4.1713638005661915 -2.6152984612141106 6.352604475659207
-4.778348801304317 -3.1934165462915844 6.238031205042759
-3.011034518797904 -4.005155460805079 5.707409294001658
-4.140650528766613 -2.44688922758466 6.8752964370022145
-2.594651371287497 -3.3773460009026186 5.54870563415587
-3.33887770140323 -2.96041991709045 6.398074231507203
-4.834060926827769 -3.6874233418240063 6.052918917985275
-3.2372824076652 -2.8281588489304723 4.684650387276207
-4.231681896483495 -2.23212494192192 6.140036456446308
-4.060482292882846 -1.8922537728680504 6.450649189934914
-3.908936570364562 -3.3414345712448292 6.143948076606492
-4.174413464809274 -1.5991251481964097 5.646855155154389
-4.106607556204227 -1.6682841627153546 6.688371831883542
-3.8243301708398634 -3.386309926704876 5.883829890728889
-3.23130139089069 -2.9083633449277193 5.038318694819088
-3.3893192034211004 -2.0305179210665063 5.7162614108911844
-1.943932939486145 -4.137236635968722 5.19569764595751
-3.988936817292143 -4.077065824743238 6.389609001897516
-3.1970040186374034 -2.2675532457685335 4.91954979612191
-3.507442702112055 -3.5992629872354946 6.5817929083398
-3.122568095554642 -2.938301728959851 6.150328034506915
-3.0056818513836823 -2.841084631950606 6.220412782406089
-2.3724926257739543 -3.8314609703486306 6.4810675361394905
-4.3680121308062185 -3.7211444573414605 7.120630702423024
-3.3200445575996826 -4.3760732708588765 5.497250504220298
-3.906594161351312 -2.5985166188715283 5.718815874328862
-4.0283715854461395 -2.9500292027832136 6.0800493769066914
-2.0664307729339426 -4.278757262471023 7.040662226767885
-3.349355112843932 -2.697777207716658 5.9873595389558565
-3.163502463131165 -4.05852161564126 6.702265884869489
-3.66298813552768 -3.3814287273672385 6.403261304984991
-4.726170198726439 -2.683819624641148 6.509987854929841
-5.026558432045841 -1.9480259414145733 6.896774023169105
-2.500118213216175 -4.30770134495054 5.57973822062643
-2.952579088238657 -4.256017782644118 5.859176050894424
-1.8203483986925897 -4.668824320996695 5.571144371313009
-4.012817793337901 -2.7477115401543477 6.754454973323644
-3.847276889291486 -2.832536081961098 6.936247215891866
-4.356387582408373 -2.9473388995601075 6.905465370743267
-4.18009614182837 -2.807984123117552 6.766392372460488
-2.8839428093171517 -4.223628216051202 6.163480623750538
-4.0652061868946845 -3.6267585486348137 6.67157928789144
-2.102421840855171 -4.072086666644736 6.78170044972569
-2.233383989918308 -3.982459784990385 6.443337484502519
-1.8236036684604726 -3.8195044538944405 6.728087328024819
-3.6711176471454303 -2.071290975750651 6.450289888634724
-2.715762665986273 -3.393639088280645 5.342754199708745
-2.103411768021148 -4.1488977146786095 6.858937449289301
-3.540663056838899 -3.9608550598648127 6.966976661248124
-3.645361717701077 -3.1412622321373327 6.1262980049235
-4.119439692256642 -2.556624329714553 5.958234756076154
-2.552362559764371 -3.691322013712108 7.839928038838419
-2.0730240667033066 -4.845179497790666 6.586682098108805
-3.9186831421825006 -3.6239758564927755 6.717470644991643
-1.448876632924097 -4.795871297413343 7.265821606510419
-1.8604902373305297 -5.020752908988807 6.272503548372121
-2.617308796486562 -4.436494818366644 6.288359073126815
-2.8857210128613335 -4.575087802119071 5.555477751925652
-2.230226035556066 -5.237076048893314 6.763706598841816
-2.6303688885422196 -3.7989978132078694 7.088024387827481
-3.0274314047866318 -4.217447015962456 7.435518308884993
-4.045535469330084 -3.9244194469457283 6.948874161586255
-2.9445472816750304 -4.72878326922157 7.43809581969302
-2.8095576265281705 -4.756634144603201 7.184083732431133
-3.104903227321919 -5.047448415703181 6.182023915302386
-3.266963730789542 -3.1683869739474306 6.2858209815456005
-2.746930207338776 -3.4784410537691213 6.716792461536686
-2.699225673413918 -2.892329932151295 7.252029592232665
-2.3540193431839236 -3.751632102614541 6.333856298322359
-2.5673685228054213 -4.0209593906026 6.622779972043975
-1.8327510195584167 -4.811946268879782 7.059675183523034
-0.5718417863277784 -4.11876413777748 6.237237508407571
-0.8602865937853268 -4.749435046990155 7.3394230780509515
-2.5311957833301766 -4.618524582342231 6.731442090431538
-3.4909859315447203 -3.8228810449177697 7.1566068023736555
-2.151156584483729 -4.488381675015818 6.425450887732365
-1.925279395498217 -4.6241881823214985 6.005882508272255
-2.0392615249901795 -4.671841898819178 7.741356951511106
-3.2627594591485134 -3.2697691120716876 5.918131653463587
-2.2829011374580452 -4.294072092937705 6.529835027289945
-0.9073276533065746 -5.056291920637936 5.782989819842894
-3.5256773730987536 -4.133323394795094 6.079059822330225
-0.399479522349515 -4.335626981282631 7.141964503414314
-0.5495589300187338 -4.500537566894747 7.655370929398789
-0.6441774713132392 -4.90997414049825 6.431533071655779
-2.5362913525509505 -4.726924721137606 7.4726665787519675
-2.416826541017791 -3.798967708332236 7.202887441285954
-2.4784731695862114 -4.2896394141496765 6.658915110167414
-1.7339326911859447 -3.9486525300943476 7.083254573851832
-1.5618163175889486 -4.9085354546966915 6.613592201900215
-3.019912321366822 -4.325129779953507 7.142989566854716
-2.791707577941671 -3.5165246249387505 6.303426224874207
-2.6371212800389703 -4.1340057658221205 7.123350398640867
-2.632372417199695 -4.789880489435258 6.354330420091323
-2.353256666167745 -4.487397090600895 6.58155122974988
-1.5522825536732685 -4.693231100969515 7.2574777531659205
-0.611782520402631 -4.50010914278725 7.3352872188456075
-3.3764276302413223 -4.187452415894124 7.276236451875931
-0.5069568830604996 -5.0831402772432135 7.813342228642824
-0.9200263010997655 -4.635482847678866 7.020902930217195
-3.0162086106069914 -4.397124650278163 6.245011075855904
-0.9732294974681504 -5.657075255934413 6.9679743300105965
-0.9380659563181436 -5.303306468905005 7.0327722779323185
-2.0068266298184425 -4.72469683040659 7.136316510619292
-1.5086799192048688 -4.569224322518606 7.153353552881114
0.5765496734061042 -5.021877965162184 7.0993281284090015
-2.781542271293428 -4.732346701608897 6.930543759951436
-2.084853591978718 -4.14052986509547 7.3877576198952015
-0.5821656930278364 -5.6087165142862645 6.319846195640645
-3.3259520764713812 -3.6655085445983273 7.023210866947083
-2.9826895154343465 -5.106013970301893 6.986608624236748
-0.8040166139076063 -4.534754010447204 7.411132273219881
-1.0854936394354147 -5.740717063214089 7.080804982536053
-1.418265312263696 -4.774865803685886 6.431832352749641
-2.828010028531548 -4.639825027022068 6.593078770567326
-2.3523104235271495 -4.072218269774556 7.3591450256220465
-1.3523192504828365 -4.942124421159244 7.439467246254053
-3.3891792739722915 -3.6157572685899795 8.237632497545873
0.042686790603167414 -5.337711924071833 7.561443563197299
-0.5167758185115052 -4.277755213869929 7.602483081567343
-0.7437456015767127 -3.5102867081395046 8.411557526956814
-1.6544413743285131 -4.93970248127821 6.3694904344894425
0.038876042791616675 -4.899369253907386 7.415298358534858
-0.8635503698369748 -4.795157815550448 7.534763475583046
-1.8996680640613874 -3.805263306773347 7.098513807082244
-1.3966029671441014 -4.612925961699349 7.5292111312157
0.19547434548628803 -5.332067432389753 7.803328808942071
1.517773177704084 -5.086134113473472 7.095370010043334
-1.5393959447073233 -4.425024060034393 7.289266793788958
-0.17422401462549328 -4.4130110283895805 6.373151698344617
-0.5610153759000029 -4.474599661733487 6.797719447725411
-0.7036541118322444 -5.761192661630373 6.972449496950449
-1.649684675108691 -5.111958229975084 7.149973478390665
-0.32376437547828146 -5.121880848851763 6.487712342371789
-1.0947281755807645 -4.350064732599134 6.455250421101702
0.08861758588264755 -5.097509441870796 6.322678767301888
0.5609056524750553 -4.9168429706674885 8.044184798372449
-0.23009712002317415 -4.584793529195151 7.403458142151038
0.5789163010989861 -6.5928358210063704 7.739050646628901
-0.47353864109189053 -4.636217731423382 8.004931989484417
-1.100504100580928 -5.09257301049296 7.339279430612258
-0.9491569076969937 -5.36023696296844 7.154209555997015
-0.29684733849668365 -5.738966461156783 7.515877725319011
0.42725581572276117 -4.809769450723673 7.329864022925334
-1.6777187358951415 -5.3685894985364095 7.726975533823311
0.28763790401982614 -4.670910942630772 7.272199449551338
-1.1040384064461681 -4.286881391162059 7.385468410982999
0.1530418274244308 -4.45930802494219 8.106358963511926
-0.8683325443346323 -4.932896132017712 6.959921177679941
-1.0810731419306823 -4.537399190024876 7.233674451110878
-0.9812138519783208 -4.775950251805767 7.791998584677453
-0.8912608227746349 -5.5807657223124725 8.024340938878016
0.08214362294403797 -4.70225060252616 6.883468008481217
-0.6447740668743829 -6.401630084824332 6.655512555422401
-0.10438399106000469 -4.596962956095546 7.3967421768847235
0.6302910365393865 -4.760373336007948 7.340906433307892
-0.4242312742093844 -4.77651266184902 8.495945147596185
-0.44645150699918984 -4.237978398524786 8.046739462653377
-0.7867521067209295 -5.272025784174525 7.854385072485564
0.0450470381430639 -4.698852710691206 7.907879111638055
0.30610085146088634 -4.331107417218691 7.495551030312699
-0.03137500100619383 -4.469341907542557 7.8066118975547365
1.2017478667735437 -5.428635424794558 8.440350170206749
-1.2415050553764102 -4.485583010751444 7.691498253105937
0.12693124353177834 -4.221153782523577 7.6617548306957675
0.38855301062570974 -5.154545750978292 7.861309395368273
-0.8308484411704279 -4.192703918911755 7.792010663554857
0.2978974324855724 -5.183964120611929 6.9590477176029335
0.8922884394771429 -5.53886834503578 7.741344788728979
0.828886571917225 -5.002228318040425 7.7423557729472545
1.3301375062054783 -4.679786610458843 7.299001699701222
0.3776232011694692 -5.646226618870655 7.705098576236721
0.07902177749723063 -4.253103385227912 6.2188365281456255
0.8379730327441761 -5.22062860050211 7.842457620564456
-0.46260007400684816 -5.013381179342431 7.911881429187071
-0.28276628643448487 -4.620366332527373 7.542480488597932
-0.08312925621612721 -4.924881835780933 8.448659652195992
1.6619723988990562 -4.325441179256065 7.590222351110245
0.7539899781215149 -5.113868186663294 7.387866706122477
-1.634857731894929 -4.780477912662425 7.698981332543947
-0.2598178672652833 -4.959842033995363 7.384533872866994
0.2427308433533575 -5.320246324313039 8.44493452494429
-0.21134451311623043 -4.504489886295693 7.9057838518544035
0.7184095209621966 -4.757499053257541 7.3494321790819415
1.8250813752278363 -4.417303199330649 8.40534941894002
0.0005313549778481131 -4.214899506877811 7.778512949518458
1.1103146036102898 -4.522884895602028 7.2588093347775455
0.7307518758547965 -4.152801254023804 8.553746644724315
-0.12656974311209404 -4.448750250840763 8.448265877689558
1.1731994150057827 -3.8175868525119747 7.574370437456828
0.9645342802034348 -3.9322224239171475 7.678212383700176
2.280834036370485 -4.5910993759957215 8.352696243605754
-0.1060490680661878 -5.3127076732889655 7.244405737676368
2.9241891894899 -4.8543886169925035 7.201513215660706
-0.3577285644370869 -4.583386111814662 8.49761465773563
0.39711815918307075 -4.548924191884504 8.437302115317877
2.1304338809669723 -4.590711764556872 8.63616106295334
1.252274712587819 -4.996413676514785 7.702120582494608
1.1175744646124022 -4.240332363694757 7.7415073873307465
2.07838955952143 -5.029959583484805 8.361124707537154
3.150992278735555 -4.672699743370947 8.206522749247766
1.9804198526704817 -4.202607409247196 8.773285154985313
0.9158706859395659 -3.7907797663457674 8.509850021292502
1.4235380408783327 -5.233143576248086 8.327796329953168
1.8066819173811104 -4.1820109676364545 7.916334583896856
0.5993336251875478 -4.988145864873555 7.846870959553979
1.791854594433532 -4.749760981108806 8.173685135978069
2.138946014989421 -5.048362301046408 8.149324871787865
0.8371906108705358 -5.2919606838053594 8.496349201721857
0.258292781052016 -6.106379581589573 8.031632845191146
0.7174733178493483 -4.376401477736536 7.073840836828243
1.4854251595370562 -4.265847056809213 8.208509745029655
1.7317101669021606 -4.269881718590327 8.042376179973683
1.885157147392635 -4.59564335550207 8.01126044149318
1.2322315674389281 -4.808284188766507 7.6503062175537435
0.9743867499170634 -5.0965077162709616 8.759941825058181
1.7421215468047437 -4.807508581307321 8.200992278076802
1.7813622643211637 -4.5786252191297985 8.108883957902355
2.0685514480084057 -3.9608266198347173 8.068991479520806
2.4107511909541572 -4.8835455623692985 8.129412309508712
2.6338662429770263 -2.982913966295475 7.870996582886427
2.4014713961381933 -5.10203028541592 7.5410899138289675
2.2020887873957524 -4.080273618652921 8.325936396861993
1.9053225302346644 -3.9441215906726037 7.723885829556437
2.673815485502575 -3.7466051621078162 7.9766413222799075
2.53816435607563 -3.0170085745666935 8.053076319183136
1.3798447732724244 -5.04934361975979 7.718878148007876
1.8025422993991231 -5.200575986885142 8.027849882525777
4.592931421717337 -4.426063566563572 8.82381970173159
1.8674978301770697 -4.575185481077309 7.731274617798872
2.0569845444356303 -4.815926834778417 8.855282089066987
1.9586559511876116 -4.304564755154516 7.625279868506119
2.546916250652697 -4.598466562158594 8.397016630132123
2.971543924572916 -3.469571663708521 8.345789818295895
2.404977950850226 -4.147933492956277 8.484561695245723
2.727951366227121 -4.284196705991402 7.5946503655853155
3.610180582577083 -4.632756605844408 9.940317247910953
2.446271506065845 -5.006863293418997 8.401349635869444
3.1608377339069165 -2.574120604195304 8.665276368018445
1.8046835042315017 -4.389158666524569 9.170756841465149
3.3485820248302356 -4.836154790299778 8.173319970868784
2.116730234955601 -3.9007525166731924 7.799408052432452
3.5585806825682638 -3.3084285660115733 8.106374275180457
2.7880744288204182 -2.8914950843376146 8.66053530983118
3.416224613830052 -3.7607493473347917 8.323598789538824
1.2890373697418656 -4.589346199919474 8.729968227593998
2.81455037447998 -4.6831000904431646 8.531997429636807
2.0971483912714812 -4.843791285716278 8.698647589820299
4.140883521715575 -3.8013713584387023 8.730491178635846
2.9126352449803243 -3.803923099272195 7.786907139182981
3.3871761549830897 -2.417081150373058 8.876124410848137
3.4027314568334175 -3.268889614939079 8.328356479851282
3.909094094016404 -3.5912349358557787 8.254849651741848
3.338750556985357 -3.9038467790081772 8.126770156890355
2.3793971383213504 -3.5828468451606583 7.720156598527493
4.319799134795321 -2.6493002445107585 8.556167165873601
3.3342350868090844 -4.4860728775538234 8.379520427493334
3.231115818566169 -3.396974011194101 8.481797258124251
1.7509744016465805 -3.793596491742418 7.70482501654923
2.4350465561517183 -3.763495866266015 7.419949987601032
2.9137160027909714 -3.0882850694242494 9.142012906010235
2.414768487337794 -3.804898396223547 8.604961278717349
3.3942696224854285 -3.4715970949385633 9.356173436848586
2.147041265516351 -4.524991835624196 8.520443689263574
3.7429132655402606 -3.0296152040009536 9.371756683555812
3.9566270377352137 -2.969192769513148 9.631968828884643
2.0457689989480383 -3.104909095883462 8.02937782200102
3.8595143542853 -3.9499977100774935 8.185083895315273
2.576272927454398 -3.837770819733476 7.77969132163993
3.7104630474092737 -3.1821271361168235 9.347713550824627
3.255712774405909 -3.5660578752545744 8.950123713470157
3.553776636764409 -3.7937299049878197 8.937028583599192
4.628568215118008 -4.124049469711072 8.44985828309804
4.982382567843493 -2.098466267665434 8.793256808118043
4.027572293692136 -3.251865028511407 8.732735146929965
3.7336357012883776 -2.886675967861726 8.767385258525787
4.3798961083522645 -2.931735331029978 8.726584227343324
3.0223557239489924 -5.056268183973591 8.333345544521944
3.1131802171888894 -3.2864843934517536 8.645975727202961
3.6210293805711893 -4.30507306834554 8.405700089213228
3.324438387434101 -4.000110267742171 8.114163816232281
2.6132330448178265 -3.109663519653322 8.633523683487331
3.4992705710055363 -4.373344735955578 8.494693853889734
3.8718317941790974 -3.1655055191343364 8.749306803430118
3.923595399528866 -3.275926365275748 8.780186339613312
3.550080193930255 -2.5453489140968646 7.941629828475975
3.872941921200625 -3.8234602375737228 8.434366169321253
3.924211763303354 -2.4644224079904395 8.888007114423429
5.398341479518144 -2.065432227689028 9.135373037907376
4.336354963992359 -2.836578710837513 9.044394621404882
3.567331898344181 -3.057760055369889 8.507471742455078
3.310723771999793 -3.720431121840598 8.628617294638927
4.597797084473347 -2.5906421748706046 9.381641212768745
3.7209018400937204 -3.6960876552704827 8.862990069207775
4.065568352561277 -3.0724433238454436 9.101447424082505
3.880328428212474 -0.9984923557884258 9.368483017817082
3.7130145108339967 -3.3970388721034768 10.40142362089091
3.6127577048394137 -3.206589053196911 9.57464844281313
4.090378351780559 -3.271588390116195 10.69872645836901
4.496989942608567 -2.7518003730147 9.016547631984524
4.867826368581481 -2.3251206443019496 9.63654519797613
3.4432125698444676 -3.2334244065651467 9.072258682075152
4.309198892331092 -2.706517561641622 9.520085460125076
3.3760478630223973 -3.3221817587352938 9.848183193846628
2.782549635089272 -4.061550613622238 9.767637279271746
3.305292783366179 -3.474280714498056 9.496798515925418
4.587720314017618 -1.808251450634626 8.689881450558289
4.780272899331473 -2.34511084694131 9.18206139941977
3.132328706814438 -2.3639302851555453 8.9829509929875
3.3511401797537443 -3.2213041388485144 10.087987017263846
4.15415623546598 -3.035917173947569 8.506376650008825
2.655932820281931 -3.8635233569608127 8.703243479424584
4.7727300203325145 -2.1179395333034177 8.496987979445285
4.408874496611024 -1.133227616252271 8.26917827554651
4.717828370771156 -1.8573447811036605 8.600499140480203
4.0199749575352515 -1.6971677839496355 9.389767475381056
5.0803576802313115 -2.116593222106323 9.426218516395414
3.131389801804496 -2.964727109239531 9.415634878220935
3.725843716998206 -3.2194729286573245 9.376424805004582
4.5246113470952025 -2.6866035296813284 9.474717952219988
5.010828336926415 -2.8569545111894654 8.636351147627146
4.80148698735654 -1.0020478640721808 8.210130019165922
4.759100608915033 -2.5951612166777287 9.41749843680358
3.867773808916063 -1.6107097206730543 9.431984244278985
4.04808941755132 -3.1573835734530054 10.051988527226221
4.517540338130093 -2.36452815042477 9.294934803099222
3.0565381703275243 -3.4525005438716727 8.922476516883508
4.619444505491328 -3.1388400122927522 10.307900329466525
4.414170371936448 -3.1171316305750385 8.871555689385207
2.747637487373785 -1.9452114498290443 9.81945900521086
5.4498945279882 -1.6118731420890653 9.284367062094839
4.778326498194947 -1.168512351829536 9.829600438385448
3.8782198201266183 -3.302880195573062 9.080324472502355
5.4115556580130315 -1.6661152387673228 9.926594565006699
5.608150164660689 -0.46989562239885135 9.798195488190643
3.880545172148013 -2.7057944823039266 9.446390644507154
5.330267104306637 -1.971063260330282 8.816588359021477
4.035076637361929 -1.6827807821799128 9.964546814346622
5.284753164353862 -1.2054751814806774 9.37877919357667
4.967288903159476 -2.893820039598886 10.277210507523664
4.663253990209862 -2.931100627443653 9.89564493504291
4.426973484133334 -1.6000868380963795 10.177959959673863
3.782799495331414 -2.1613341000730033 9.845655643247651
5.346822965375517 -2.313027725340449 8.438447691772177
5.1810142473704115 -2.18368596232617 8.501175142255036
4.518125766557165 -2.2360740697504955 9.586533959200976
4.775548106601957 -1.2773126353173652 9.593831217382672
4.7814864008224225 -2.1177082191000642 9.36014696778401
5.003317617276477 -2.3401957580407005 9.242689068373359
5.326772550487487 -2.184748502496986 9.273497830209873
3.826432986619646 0.1128392795647662 9.755495820872346
4.631090172450453 -1.2658492228392282 9.115549179983894
4.129590814997641 -2.5971559892571543 8.970048801445675
3.6143666864507384 -3.342437135214468 10.193532181739906
5.0803481810433935 -1.8154233500786396 9.580082035886296
5.568388821257436 -1.241879084956797 9.239273788408857
5.221671994386232 -1.9042117003965384 9.408897285690488
4.537103857314808 -1.6048014333293894 10.234773605983927
4.210499317553558 -2.1909515247369855 9.251966032364312
4.47200559772316 -1.311475413002883 9.330942430854769
5.820351946069895 -2.016517727009319 8.828836049596237
4.0840540085955155 -2.5247534055729757 9.237856108315766
4.665935715467642 -0.5531006158019173 9.716571305459498
4.524075393952652 -1.648023745945261 8.816619051932188
4.465588254085412 -1.1832797363576177 10.200634461114126
4.581295934538531 0.6546667599717341 8.804801107680802
5.700406135840028 -0.41482584321789134 9.477685618280775
3.5560518306567617 -0.20877910090234714 9.981565192264084
5.158679501386622 -2.2177558403868587 9.383868736042986
5.636999867583217 -2.176559588590564 9.266010091705805
5.011383830198295 -1.0683526875128648 10.59925190756632
4.434241234310021 -0.2031470734251237 9.517925956941475
4.909183298352374 -1.170659390001151 10.164387580476609
4.15888333584653 0.3141181755590219 10.818517759196885
3.817191381800952 -1.8535212166595187 8.958319014369089
4.976119511316447 -0.981100826792427 9.998113942731779
4.740978274388422 -2.3177874000797596 10.394368459784408
4.544184122624264 -1.2427608239650834 9.435546554406498
4.360894693100937 -1.4934150449747983 9.759349141662874
5.120819681905794 -1.1817909040781436 9.963423696251372
6.156502348601835 -1.7465488990909364 9.653106595728888
5.101035277591966 -2.043363947675939 9.794402184092037
4.301948303684665 -0.2875382163206622 10.274766264478417
4.681277393220097 -0.24791639030707777 9.753991260821165
4.5503857868155775 0.2844577282889925 9.075201221837316
4.87356743023459 0.04908258890190847 10.104380656087837
4.9472257771683745 -0.722642293141084 9.301523289171941
5.8733028171775885 -0.8104883303176418 10.090933383257592
4.981691109853971 -1.0469097683127209 9.941606905078642
4.767192529845593 -1.2234314028342754 10.199571695148276
6.03306290097145 0.7617196669280661 9.738647622262766
5.6283535777456155 0.44859826909611167 10.285650140430574
5.202442215326568 -0.9270831926196861 9.861338613955658
5.344396926542537 0.1294119301126633 10.281114124700862
4.860999867774788 -0.8947203969690648 9.899291806617706
5.011025684398857 -0.014834524000204376 10.160363109914533
5.7875617247418605 -1.1697536323267816 9.271736488541702
4.7936161827858355 0.2908629530301055 9.840322316631429
5.251298155237778 0.19295747935901086 9.849923814740038
5.673335281954252 -0.9824396936140244 10.387173213415608
5.251938432153108 -0.3664863210317788 10.546264446963391
4.149711653909357 -1.6183211302265157 10.199509706935716
5.707953955453984 -0.1503026929369949 10.396485722484238
4.797568075304706 -0.9268851450763671 9.146495028728014
5.001382557177378 -0.07752359251466698 9.741499350958643
4.7907693030433585 0.8776537163093583 9.834196027370778
4.775062579882045 -0.31364801978758916 10.726587370589918
5.923699362262418 -0.9172508285736277 9.511763312274105
