4.733286191431171 0.7503334471971417 0.3456584398087582
3.8297788565072746 0.7611545994541924 -0.8201879020108643
5.49335623440033 -0.9265831175306286 -0.6754249764972353
5.2236176361605375 0.9223036536914481 -0.7943070036464769
4.416206813361019 -0.365139080824598 -0.3988177164489219
5.982644805404021 0.5551532270563388 -0.12915713548677488
5.991208019078168 -0.43951395740597465 0.16374153827518606
4.452575586913036 -1.4532226974645863 0.9423907834459344
4.217254316914933 -0.7444813827835479 -0.1602487878685938
4.83762467522522 -0.7130090289705661 0.0802705964735675
4.3019910529110845 0.09672605622203385 0.5169697924859747
4.70478405722546 0.12255267138876254 0.27225392573511864
5.26781799054834 1.169306140919481 0.4927316992407263
4.662861302269897 -2.1143974246905657 -0.6837149376094172
4.675996135124613 -0.835076384679368 -0.4566860986802088
5.576529596223022 2.3096271575704406 -0.1641886751324864
4.203561500874143 1.895336645295361 -0.05052115814142841
5.2411180354950275 1.3495284008067698 0.15597362584177596
5.667054054880222 0.8986162064801035 0.047553719104565545
5.544531475856476 0.4254826042531933 -0.580436686862629
4.258708879918398 1.6507533536874985 0.288299307428164
5.186503783450857 1.2102088336027432 1.277576975541712
5.354351473980206 0.954727174468833 1.0417005870308214
4.329875032110127 0.26865409418207536 0.5053551349731135
4.59401238196137 1.274698895283027 0.46378574222225266
5.350285969967676 -2.0176574783757757 0.3096411294649517
4.606243742937757 2.3750291819726814 -0.17581560764065957
4.6272917330082 -0.9141644817758449 0.8371460977567191
5.202455279783186 0.273155665527381 0.18579935268092695
4.163533183964039 3.1476828930135974 0.43934716325977213
4.854835337100804 0.4535247294896765 0.7605408635274903
3.5150711566205377 1.411648854013991 -0.4389363860184195
4.551811110459661 -0.8468379829989016 1.2615816888248974
4.204691260358859 2.4395445979426804 0.5858737689503745
4.700445846255218 1.4330111462297173 0.6706797024838373
4.410123339105891 2.262562485060904 -0.24888845364999074
4.5690349747441825 2.5225810870586414 -0.6871991454547813
5.532366352037311 -1.4539459096166027 0.9019528644486605
4.92340567673172 0.3545558161933413 -0.42504741815523606
5.6191093670073595 0.4057058071317597 0.4343715674348464
5.286503298213708 1.666732236756835 -0.2381150474847019
4.794059747836749 1.1261693145366853 0.11747868261020372
3.55334641201241 2.7176859123460275 -0.18119733866780907
4.159681939491297 -0.05561853460850452 0.1380265820865587
4.367006499190036 1.5923087789466879 0.2612256099296288
5.157317337883643 1.6449437318787856 0.6014506824604848
4.63602309176059 1.911673289684949 -0.03721763395754707
5.2317775076904285 0.9560120900639058 0.27573640753486695
4.572105388768915 1.8689490641788995 0.6919767318876415
4.459507877305385 2.9467950568327512 0.8029743793028923
4.72383610710534 2.3550110493176977 0.5524974786608068
4.758240124030633 3.1246177948798413 0.13269202817322562
5.008008606906389 0.25774818623412665 -0.443810426245258
4.66296230697781 1.0910510270025968 0.2744311332810903
4.791541232156018 0.7239001872886026 -0.2521402973403527
4.307349142121678 1.25551718863884 0.7052778393027164
4.693569134862946 -0.15022812807250926 -0.42679851199789764
5.652643190760539 -0.24153334230952778 0.421230354386257
4.952666810201297 1.6154781711860091 0.6029186159308285
5.110986832459434 1.3372300361015326 1.0434152415802473
5.416114649147508 0.6115135430282523 -0.14883175259243542
4.127063989442366 3.5764700926003004 0.853031555380101
4.404105976537856 2.6413714479764514 0.5260370735722659
4.979685316583953 3.504454404871027 0.2782108740888044
4.82666491243472 1.928260956496023 0.8431991525920038
4.540044519937844 1.7184927455415622 0.11687361582868461
4.797752164457176 2.044221586019315 0.35845056537237147
3.693292458897432 1.9946766104669853 0.5256495944694242
4.457428365724315 2.0195462705334664 0.059606266038961575
4.6847204312190796 1.5458547349387002 0.6333721940425944
3.9428886258057174 4.116304547435929 1.4595637279919318
4.197003115594885 1.390465042428732 -0.31278561633401836
3.60302359498308 2.5063239065743472 0.6513544351171571
3.7732100158302813 3.0894037830149537 0.6927253106202188
4.05180605776575 3.419108936625787 0.7201184408727628
4.429906518949606 2.762237175174765 0.21835927397785704
4.544301341961783 1.0005784798502377 0.38418026087212176
4.832448725303652 1.9957637056677786 0.5842065262870453
4.829672498699616 0.8823501910371335 1.5257635294107623
3.6190971452697602 3.691071722190409 0.7885916352391888
3.844715852046623 2.8778135993264136 0.7406741948030966
4.571854090378493 3.4027816463538128 0.6487383980953211
4.435585944560143 -0.11580474095987861 1.086219500538276
4.191653099472991 2.528437731015025 0.531939915358411
5.166769120010884 3.180927108434871 0.7155382848148629
4.049020892198927 2.353416582001083 0.47593293061194053
4.205768800467177 3.5071319997196992 1.10866009990312
4.323153233081826 1.8596552800323232 0.2383558995282894
4.428064482207152 1.9440023422662187 0.5626817766156029
4.775392038175591 1.7737300050555 1.2472375777474185
4.802708905537747 3.374391896343966 0.6616844819012981
4.634349741443349 1.3016685201987523 0.7596611729287395
4.710760380930422 3.9388074732544016 0.8507720180720802
4.565795108204166 2.8308829169736196 1.0160649884096125
4.4289451358277265 2.7774462865409455 0.8365413922360193
3.5032919258832176 2.7916570277368824 1.507596196947404
4.99106959179054 1.7900478714353178 0.5236290371030945
4.410146220849345 3.4303512487155294 0.993036540387984
4.431401825372872 0.8840420858690621 1.5257658048176364
5.2929195539480025 1.927387488071744 1.322363774795462
3.1257961576661466 4.836653981870855 0.3010689437582448
3.951129346349862 2.137347143447637 0.49881855095072647
4.2711911659548525 3.1126629185092805 1.3750224930946486
4.5917078123179 3.942122479567021 0.6951481295815318
4.258050151991351 2.7702156830430114 1.886883142482561
3.449949780330672 3.3555651855785427 1.0416113681442194
3.85751593288122 2.950395004738686 0.38007572696262937
4.275290210448812 4.121212360348403 1.1722902989956594
3.5246235571620086 3.3836815167865737 0.9931793891177347
5.244493128045549 1.6368861492308466 1.153743545660196
4.544940266264796 2.1478398157629566 2.110908848670021
2.0786181526408924 4.121688275860465 1.685411392877221
4.331010624129802 2.8975000006973537 2.3275497033406918
5.599723933181326 2.9359701782376635 1.5231351559431552
3.8759347627075207 3.4830799124222045 1.6511403816962738
3.9083038662927634 3.967957706346463 1.2857124434064784
4.716491765871904 3.4751538167101033 0.75923280884967
3.9674143499889913 3.337225970888487 1.5646975220340908
4.076115730221966 2.0022662861294296 1.1544669353067527
2.4563516297289016 4.1578525040217915 0.5851613711868917
2.717346309193302 4.338680372054407 1.9131617034262733
3.689665417276681 3.2256077890965904 1.543427694040751
4.4104069680526035 2.4080817702503348 1.7283284166648918
3.455947491321904 1.6869950837125696 1.3583778376044504
4.322557415391365 3.214142703106117 1.2275999960428006
2.1389132515392686 3.5821626870189376 1.324113868675481
2.881330176990005 4.153313980720648 0.8604858519649
4.768813023925947 3.415370123077613 1.2915011165362336
4.293797803251439 2.8616584352155585 1.2344811792465937
3.860508260874127 4.222953948592124 1.889666520422637
2.7601704802598395 3.4074525383795784 1.4945911643847607
3.2520780185811033 3.509841504281217 1.2856440824735555
3.7277339338651667 2.6323482367189297 1.0722431031006443
3.564627360788541 3.0253818997765265 1.2772427240983888
3.2898762009813285 3.102755687949208 1.5521007132409155
3.701665768069083 3.4593121671723117 1.6883549434847296
2.5162339325447216 4.121418863679788 1.981885624335447
3.2888787906273884 4.450477197803594 2.4226472392038048
2.0728471287974775 4.934948747582688 1.1139992565556243
3.9513927650365703 2.8818137666031034 2.13304620815485
2.0546138187682073 5.063177588985219 0.9709886223108316
3.1622329566896763 3.333811066965832 1.6663411309681293
2.9459951076763944 4.141459391182838 1.633337804181874
3.581550257972349 2.8059286848269975 0.6577600376910063
3.925203157218151 3.8306881588643598 1.1437058227577155
4.60163799916644 2.2374162858201667 1.0394329717897128
2.7230031872069764 3.893899807791811 2.1586704604722957
2.077011131175756 3.5974107311334786 0.8856333490391752
2.786383971118825 3.582729614788609 1.6687378084748863
2.989614126549372 3.6852028452518426 1.2142980517381188
3.8636528646124986 4.057252854702333 1.071264662850097
2.6876153560886777 4.05938479955377 0.8993169009887958
3.672497675771632 2.7505665568710365 1.465107133957022
3.147710939465427 4.785869345527205 1.9297907979324522
1.8530204791091638 3.876404368706894 1.2892524016745481
3.2421650541563376 3.9941003063026326 1.5009680603570499
2.539075510813324 4.37181620155511 0.9451223006548711
3.319534211643273 3.655645989558103 1.3025271605957423
2.162748828827192 4.28865602321941 1.7688206860391162
1.8867007013658412 4.495285374677576 1.7813319452781222
2.6566500023124098 4.134242940203124 2.033778333160784
3.0111469376084923 3.297816807555261 1.689978324557738
1.3010335224197658 3.793799880846151 1.5901450532311754
0.5460143847319645 4.8540064592190255 0.6355449721122423
3.5861744776555526 3.2441794904651617 1.5894370881820672
4.343051966657573 3.956594289908012 1.6625944237830492
2.3463046867255977 3.818245165997645 1.7141976579274536
2.2953055504100974 4.622055876909409 1.9761240308156276
1.7326141216189002 3.8112181555702858 1.3019250989452817
3.3237991397340814 3.846880624930731 1.975404705662569
2.1864240439941613 4.7308970375007116 1.571028228458099
2.093859493200484 4.333113028406296 1.6644211657208143
2.39129574013599 3.3534174614772434 0.41380664751808527
2.9139007755580244 3.8756085706912287 1.7560302668031529
1.4689789743245336 4.547767662434347 0.8588769482836508
2.130451082171699 4.28801041050439 2.4217211109254446
2.6507361343602023 4.006997645329749 1.786200874550621
3.0898856114239517 4.283265085706785 2.0197165949706335
3.4600102769981715 4.890774932387094 1.057463648730997
2.1536030841786555 4.949058304475704 2.06130292054886
1.1450701757491286 4.228763767372557 1.099227781041348
2.214537685216313 4.766107519207955 1.29183160595546
2.531964396368949 4.617767321246025 2.0009633131732616
2.2086729534437013 5.171976833010476 3.185692079241128
3.2577188996561257 4.110223676793919 1.8689710207776278
-0.05987193376232768 5.38741699996887 2.4757831044646466
-0.22392392800123964 5.5349640140079766 2.3477905813920783
2.0914593468183913 3.6283609542532713 0.9088844862826365
1.8815633973590558 4.383387933896807 1.3050644604889712
4.2141033016353635 4.4661925508981914 1.1299743111048
0.07300666030394821 5.129426575158857 1.9537436380332782
1.8602251519167086 4.905930279646493 1.7182977285186039
2.0006533890923563 4.270042146801922 2.1645631541176478
1.1238563316345527 3.6470581333368384 1.6796083354811275
0.4543072316077865 5.014075436533974 2.563682178719171
1.5114590680140474 5.235401407675469 0.6834070546794886
0.4832572140428652 5.160496672678535 2.575513022022924
1.339590136633844 5.608041501808732 2.2094516603676273
-0.7798435425747593 4.591675246584852 2.1595115365802697
1.6167574205255082 4.769542134937611 1.8868339182283034
2.3498102340852824 4.728116813280258 1.6036519258196873
0.8309123000736096 4.728313956458989 1.7359760732437453
1.597598747232092 5.216286232223401 2.7224412738886112
0.7123067740688231 5.326467920051438 2.54216958137265
2.115882269390434 4.409835892873635 2.7281691846678515
0.4685426290910294 5.479724167930298 2.2572224536103
1.921773518093904 4.216854135545073 1.4384223181808953
1.9533682595679316 5.714402511041565 1.6957683417042477
0.2692945309507342 4.486699964775731 1.4439597414437517
-0.5808006532771196 4.939574907107001 2.6519519739708355
1.5343144808847846 4.8493578010231255 2.0302761960702047
1.1532599442210287 4.291891498558856 2.5972071531779806
1.5153551108420888 4.292676861950424 2.192382445259851
0.5522863088816921 4.570956127601072 2.6497856685562517
2.6175517165035607 4.464060999120439 1.9656484434371633
1.1421452744868963 5.2004692956406 2.5402454814895568
0.2862455187164922 4.036128742148355 2.7778420724666972
0.20166658312535665 5.085042879554453 2.209071378266839
0.6877756996597119 5.196270218154927 3.516029438934741
0.5939603807249013 4.3878657762395346 1.3879542634626625
0.21737223002834571 5.371091684877304 2.91254876561581
2.070493365640041 4.7312506601466175 1.7958575171406006
1.3411846629047641 4.502926873341008 1.8470682809474726
0.9027954546739322 4.350719875213465 2.0658004175265665
2.275701044237308 4.517116099729387 1.628237202816757
2.6367279955011416 4.381901980966649 1.5785029604372387
1.943897875342997 4.539088171480481 2.035324605321685
0.555934775247707 5.957287382035961 2.9667507479284247
1.314244794384824 5.741058876548042 2.0639697495309903
1.01062574544257 4.38779126393631 3.2247951580960708
-0.32982541252464875 4.5064959351935014 2.924771827434615
0.24467009531883585 4.557372613847296 2.3881561520471606
1.1720221942027056 4.892004883289379 1.9133220694297948
1.2072906161491042 5.156660083166619 3.0667368266877846
0.4412074996529311 3.8370306851208094 2.7355219576104806
0.2519906806687981 3.5881902709452933 2.8067982956132584
0.8075999331533936 5.0137333596759355 2.4949533816652028
0.4484554482803255 5.128862846169745 2.098591942102879
0.1966997836263586 4.869760919272374 1.2544035162631628
-0.3175932237800707 3.828632914892453 1.6122007483293221
-0.2629334351613461 4.5642643886790975 2.945336348068758
0.39646609016343953 5.401377808490967 2.598938898705174
2.3892135324736157 4.240481603226286 2.3801353783046073
2.4012735044132008 4.499168913981546 2.3230127289496716
0.36536610640315736 3.598666717015332 2.5556693285963457
0.6203466994474203 5.032442076989036 2.4631844983432543
1.4184891803641737 5.013751645798549 2.4283895891718217
0.8914154607293063 5.395533787922192 2.4983005178726327
0.5475975678696497 5.116151346599318 2.629215198416026
-0.8614595350303881 4.950492396224936 2.314554418977225
-0.5098265888430298 4.485177897578862 2.1853432878908
1.1950468547241464 5.714908351290045 3.2079638861871578
0.12327127790515598 5.779065307951461 3.0674400185745716
-1.8658687877515852 4.684884805422649 3.163866014152186
-0.6153329000008729 4.428776971675889 2.167991027559484
0.007718117772121466 5.020136355756525 2.188291887111556
-0.7330490613706532 5.42783727576059 1.543173487108641
-1.27895868137874 5.22943711074326 1.705241998904944
-1.6789064700210472 4.434978237221542 2.166845219617184
-0.1657125948531046 5.278655558541385 3.084218763031668
0.8506792374045892 5.312555955295736 3.124865806375032
-0.07557814101698573 5.017664185086623 1.7460522558473637
-1.406488809106745 5.14904938481887 1.9553837200288648
-1.405425803239551 4.061733627550369 2.585120845638365
-1.6268320802844272 5.107814508960149 1.8122288695582542
0.08116415660091271 4.909668050213537 2.867239823077016
-0.41250328956669563 4.12730241799103 2.488325890061003
0.6588249864634934 4.978536021799542 2.0777191867920615
-0.572599932246819 4.521883623190598 3.139945305052394
-0.4310850321478533 5.216548647392285 3.201922541441236
-2.0783666888640404 3.543146123582628 2.6986169563132574
-0.4714636979949674 6.165699239725819 2.442393160904551
-2.0396221811458046 4.6679408757405785 2.9034939078311766
-0.5378489601869451 5.3671414275889715 2.9330722740011534
-1.583361194590763 5.516540101261505 2.334823490929578
-0.1857299798582161 4.2835498814612185 2.9618617360928656
0.9144279078703536 5.322831501501532 2.4965946295617165
-1.748288497517157 5.128668319110299 3.082141666403743
-2.4851550305226575 4.312359570476789 2.835761508689753
-0.21227807527830805 4.65955236162946 1.9220824076920566
-0.61289221659369 5.075028260717721 2.927176412374852
-0.16328868513650022 4.528733275317257 3.1022342708227555
-1.1308048008204301 4.41373657408117 2.494268927798411
-2.00449750924606 4.692356805302397 2.1952517914323355
-1.1700385274434737 3.8277618156681474 3.176727626927189
-0.7809143777774237 4.394456604358645 2.6545749157223586
-1.2047654733973918 4.238193447135578 2.8216980913745613
-0.23667063144714032 4.747081882681992 3.575641184150919
-1.4840201550411012 4.531300383091427 2.690101366217877
0.16023607004579543 4.806507110147054 2.6828448165089065
-1.1183827690607295 4.88176944274714 2.711243058512355
-0.8491966538922 5.1662707683619935 3.1288013730641584
-1.4029956495183071 4.275946190667815 3.773284810201259
-1.3505767310218253 5.387197317681222 3.5240134963459666
-2.2479003853698356 4.354689793532625 2.7668195557646857
-1.6847471231362952 4.4009487626640835 3.4420286481914606
-1.4756211127439869 4.823970300394019 3.1996252850661997
-1.2921897986688748 3.890743016843786 2.5285607672195316
-2.899788232874628 4.946296289804354 2.892589271257486
-0.8962939710382117 4.960626846389638 3.2157151520150022
-1.5451104546954357 4.535579175688591 2.5739137557969807
-0.7436431001984996 4.394232059583423 3.193969139026963
-1.5707020118936341 3.7797396130294696 2.671853609137836
-2.1631417842275216 3.8600432125581445 2.704120607715638
-1.9038608543943074 4.010431015700527 2.36249149611268
-0.21443135099403599 4.638388770052404 2.370494222927884
-2.764558951963576 4.395627135311541 3.3156992040790434
-3.1235795737033247 3.881784066360911 3.2689052707689616
-2.876352943830922 4.142338954371078 2.912451151462565
-0.44617524762320515 5.57628104898175 3.627728677589589
-0.5950524048773896 4.328608719478682 2.5757349519548147
-1.597365242472207 3.766163911585203 3.890131752753903
-2.4147209286274403 3.8537892266410907 2.2949424340663005
-1.4178690365511266 5.40813990732567 3.2595911046011268
-3.683873641434082 5.061816383338543 3.349486960953576
-0.9498145358073419 5.205713355108662 3.6455226074582
-2.5782933804878585 5.061015948295032 3.3002140810213465
-2.76444047423112 4.75282034070981 3.2033637872507574
-3.2915551046208247 3.8118011808448067 3.207520317631305
-1.7948845351715201 4.787862886324753 3.2145141285669228
-1.630099762759464 4.72518323234316 2.1630853657255806
-1.5429771983297478 4.2421396560777405 2.7090895664607775
-1.8798910967160594 4.812863506928716 3.417553661501275
-4.010184659064629 2.9960925417042 2.511457617286038
-2.016144079087401 4.635402239232358 2.5848808272716615
-2.8951587862814727 3.7479514856623637 2.7937228369212046
-2.6003975990566 4.040099368562409 3.36605730073224
-1.7843816583324292 3.8570919184675203 3.3558603733854846
-2.844131875480686 4.655688088259748 2.447798726965323
-1.882673191911511 4.940730739592162 2.8974606870931003
-0.4388030750584075 5.464071875993648 2.4509985333031192
-2.576191520992194 4.683012549735312 4.212977049408293
-2.659158592670098 4.3215025942833245 3.010136360017824
-2.9449201576028083 4.11259511148205 2.697887606194413
-2.222182608711325 5.021206914082747 2.68861279924918
-1.3374892814316632 4.441493472340428 3.154929551191273
-3.802701526977495 3.498777623050567 2.996592153725312
-2.382614229139149 5.416884842057501 3.822460845509218
-3.080842276148948 4.542478719484761 3.571902909695371
-2.307379073659608 4.287087628370067 2.5905438464671104
-3.0954955034036815 3.595312591127188 2.793073231245997
-2.4307171947082726 3.1875044595389377 3.3648584756559923
-1.1921509492053544 5.248446884578002 4.015242970007899
-2.592733618973132 3.6212173912150303 3.154516412994876
-2.2890127458848872 4.741747249947604 3.4922160002042397
-2.73678435971243 3.685082980856618 4.004013623194827
-2.5311889921998603 4.0369988811777695 2.07770341299877
-3.594326702682598 4.030178286044775 2.2787969160510375
-3.1479630500838414 3.70270395626068 3.7758409487592446
-4.0774004985395536 4.99430599443121 4.283405296149013
-3.3063597423244886 4.595295237621756 3.399084366467475
-3.805486735398627 3.6651642660531065 4.039320416897266
-2.909492038788036 4.349735121167661 2.796433870429075
-2.6405184944607147 3.502086947861417 3.4538798415560286
-3.9600011494573266 4.341186845714693 4.118210878254121
-2.989360830256734 4.797465964004878 3.3470346956056365
-2.6450721890872506 4.273758577401362 4.033086886271817
-3.3403673833197525 4.683012338648428 3.528568430041498
-2.2597413369996486 3.9093260980195077 3.340290510734114
-2.090444840301332 4.104516824038236 3.983867980672946
-4.329802673938096 2.2671138097454575 3.04522939923205
-3.442711155289815 2.253740968908794 3.892908124911998
-3.642353696859236 3.2028042798382352 3.494616262934017
-4.197083383544237 3.2910757465109675 3.1790735877502714
-3.1203962650786825 2.955598419657327 2.768571815173532
-3.8057698138650884 4.232646699353589 4.376521854323762
-3.423699492328255 3.0800660072844046 4.5530708253454995
-3.2546626553455 3.665538543587144 3.600326632458562
-3.1361691352561865 4.913199903449311 3.692228081889265
-4.125614869695853 3.1575664027019994 3.21409634438084
-4.178843716371688 3.0010584170213215 3.6588969971260012
-2.1741416007061614 4.8215656684534185 3.0191214238322917
-2.3397189125675 3.9060965518347115 4.358578405934513
-3.751400935771186 3.359518523145783 3.8109117000553177
-3.6598495645841345 3.370161233795083 4.001243860160733
-3.5597832783189167 2.4647324095644776 3.294891585805424
-4.3563946221078345 3.968588087632775 3.905569809187271
-3.040481131414093 3.4810174523230573 3.414400841955055
-4.011683682863757 3.3991144895544907 4.555923912810785
-4.007271172074417 1.9551009088113518 3.9990052483919434
-4.00207709840574 2.2821237248403117 3.310899664608006
-3.706363967189473 2.6073230239299683 4.402537846415468
-3.4034184540638917 2.823087921667299 3.9595042456578624
-3.133852337952752 2.3536101435510854 4.10050305237138
-3.2698077293403767 2.9427682860001276 4.219935682221488
-4.083258650296526 2.6063047486609245 4.273874673576745
-3.3524414416844697 2.7968307605622016 4.057795830095544
-3.784515004719521 3.072470481778586 3.7711113914263046
-4.007768244121225 4.258884933340718 3.818612868836478
-3.9386478581914655 2.981228396694961 3.780549247857849
-3.0157622554578416 3.179516742246057 4.076134919788807
-3.410501984891753 3.6443926291431668 4.500219843773721
-3.524675495654217 1.6389320195161945 3.7853053875658302
-3.0103080620540723 3.0558182652186052 3.9204251915087474
-3.65168800780279 1.6701782079906178 4.135084242504769
-5.5365160907467565 1.0801853095658531 4.059162320178163
-4.514103648073696 1.024317096399415 3.9509390814672822
-3.0864227347119084 3.1544570730123818 4.345942863107977
-4.605452527550092 2.6170318234733116 3.7143518733126384
-5.5242038974541146 2.381951591110699 4.501631188393425
-3.7935180924290197 2.9633668298999303 3.859860750584797
-3.7954678281006204 2.813258978190179 3.7946447805778343
-4.061778231266524 2.7383568954884834 4.231796687642006
-3.779477318752429 2.2959771639134834 4.147819313879395
-3.2251427902682335 2.4357154923675854 5.223071053805418
-3.782414610162225 3.60762805474572 4.123550789195226
-4.952414921912843 2.966119738906724 3.4393348539321007
-3.6443248159271606 3.1129430527005444 4.263129680705625
-4.1446411639469085 2.5398475498955486 4.266106180082347
-4.38392236606342 3.4139622803223055 4.114067551263002
-4.83184408093705 1.6945801059581371 4.243050433699487
-2.9425682091467324 4.371333179683382 4.534745009172927
-2.583038704212793 3.201580738883176 4.7027950000786305
-5.356790050200729 1.4094816910194765 4.631013065874212
-4.105496988726345 3.041290449768043 4.823296635900068
-4.294831692404754 2.541913695937262 3.72438838127451
-5.041911761814962 -0.1577029146350503 4.041580925161302
-4.2352116120045356 2.6645648883053856 4.011526196329733
-3.5461596929514876 3.515089505793839 4.335427672851758
-3.273291113125182 4.034147751418242 4.761736351339903
-4.710891094303615 1.0784547259551902 4.706675952062764
-4.057095614129098 1.9717704825040994 4.577233274733081
-4.555465470265702 2.626872864079508 3.919069343883205
-3.997771457528662 1.7997580199476353 4.71071438148872
-3.834104034902592 3.509978043182862 4.068991685667356
-4.313775979341511 1.8898153912497608 4.271990010572759
-4.527004848982541 2.1524999140558307 3.8797966078166897
-4.317505372536727 2.6555344145314947 3.955830672982935
-4.550142887787885 1.9399779625833948 4.721256971471947
-5.564693897457828 1.4951876460593283 5.149211293148289
-4.474602984037121 2.4806203940935205 4.444542319086525
-3.3365262195613212 2.5652352551556263 4.053201903661795
-4.4290166749043856 2.554590321953257 3.967195767241347
-4.792657437836511 1.827723603209073 4.777452032116586
-4.470110218894183 3.454172094858949 4.9794161326474935
-4.5852724115942065 2.4868227725242025 4.950414424596242
-4.616151254673958 1.6299869757529462 4.6318969328174076
-4.475230829868598 1.871252717967051 4.577585883454119
-4.1768425368271975 1.980400851209093 3.8918765147447774
-4.196012277032186 0.39925079063343166 4.9871245600273655
-4.869045443637719 0.6933773125501724 4.038875884400471
-4.997579934459341 2.161203430469324 4.844985215351709
-5.128801183480452 2.9559255965496267 4.3026670820939446
-5.03849067143055 1.4604360967390613 4.514938485772612
-3.332089773960451 2.460066236945228 4.349604058180979
-5.0740220013899995 1.8868909335395985 4.232943966441373
-4.319947904427202 1.370815428659294 4.414236945742817
-4.579542559545801 1.559677646280818 4.239280213303039
-4.752850377100883 2.7671585664035665 3.8753502803858253
-3.8527033377842717 0.8594614439160223 5.078473726780869
-5.6183996589218905 -0.3118146763589153 4.312059629914394
-5.8383902818023765 0.39176353580119144 4.704625868038205
-4.9160079774787695 0.7290300153355015 4.694162338685416
-4.79171455635132 2.9014785477916907 4.579960466814524
-5.263861650468773 0.7371995516784648 4.631565505803849
-4.482287531459311 0.8363524728142666 4.323822408924983
-5.399808134655854 1.1558647539798605 4.93944437190281
-4.5821517387619695 1.4194680934748252 4.93235205650807
-4.4155738146003864 0.1326397722862444 4.289670773949945
-5.4526078962873 0.8011812096110429 4.621709455251319
-5.023628386669013 1.1028016557493965 3.6134590097310584
-4.957617341694765 2.181138382500285 5.626251047789512
-4.079242157691483 1.870201850258724 4.594214548837571
-4.832061673368395 1.624286225263572 4.349278082303053
-4.656212327319245 0.6399777067725155 3.856864010637169
-4.229089692537211 1.983054658391107 4.876712529336753
-4.724590735818898 2.6419321996383465 4.5993873522477555
-3.9092890221231693 3.1872599264553982 4.412845794361594
-3.567384488024006 2.6943718026759305 3.955106884879283
-5.12580456792662 -0.9122977724168028 4.750129217189505
-4.791734095473469 1.5214148046344917 4.522627609116348
-5.604160235494824 1.5638508952241545 4.399575513519439
-5.105560969542057 -1.221122948432548 4.740190067849058
-5.9668841118287235 0.45990102662759375 5.4932014917803915
-5.116667579346849 -0.35268671757819875 4.305166241386926
-5.084238032279849 0.4161267532464945 4.549704376448394
-5.133330938759121 -0.12628255748365078 5.2988620392377515
-4.417378694074502 -0.5061659885546097 4.862938604025968
-5.639862292529269 0.38508883879078964 4.8328739951519815
-5.174254946128588 0.6027043719285178 5.153140908660307
-5.345712183188683 -0.20363136388887718 4.359871208660266
-5.787137423895855 0.1340405280660304 4.9187709500672625
-4.530013500598362 0.4682124717955571 4.9547055552675605
-4.0539398443977115 -1.2156007272553468 4.761555467504298
-5.108791646194675 0.9461221746017398 5.573325545409194
-5.575531639644769 1.5600941615951247 4.710125735542884
-5.103458922566667 -0.009892630876502108 4.931302452155975
-4.325482569541397 0.22054049216680155 4.281362820301669
-4.647490400217591 -0.7055568856351875 4.297248303882223
-5.279546247155786 -1.0978958901883047 4.840163689637227
-4.767656643742812 0.9570071371330516 4.101498666132852
-4.425030824646395 -1.0440705869178208 4.862317815212486
-5.174530498574692 -1.5952640988688573 4.105835810957558
-3.5656836803327736 1.3384010836963762 5.034818334584271
-5.472645283369712 0.7744518168440783 4.532854993536505
-5.1948956825059325 -0.9264739211271081 4.594373191380978
-3.7647552831278634 -1.024523458944618 5.883279603810225
-4.819407164919725 -0.5104582646034808 5.557542733786037
-5.456855799762478 0.14218368988290747 4.631848808040106
-5.106900713274033 0.36358487198580686 5.2287397406413465
-4.454436002792186 2.60615808577333 5.178099080145988
-4.912125242146017 0.7133883601658502 5.849476869180986
-5.175207141622406 0.10386331998808292 5.298991956155292
-5.276788498001251 -0.4015984744525496 4.897018610677747
-5.495161216136471 -1.7007941103869004 4.3033611717694376
-4.242943311952472 -1.8286847948404596 4.984694236447865
-5.13852722538998 0.5232083299960275 6.241991415455449
-5.378299254888944 1.5596090037084667 5.706145400221954
-4.575695606585951 -0.06980169530710872 6.252868975670236
-4.912029800254073 -0.47029581685268695 4.39739903271811
-5.192972766389438 -2.3576835817131188 5.735117511897208
-4.85296957205951 0.8064660033321883 5.045632079269472
-5.2487345945835395 -1.2338961238448065 5.510178049645177
-6.418927952304592 0.5291077979370342 5.244392342909209
-4.35217623485796 -0.9047775464061147 5.946170967779132
-4.985212678907562 -0.24973226585287506 4.2532589404900705
-5.045096544544566 -1.2566619432574653 4.545696450321127
-4.534896482216505 -1.4377722447439185 6.040101404883061
-4.22902531311274 -1.4837829352384175 4.613018797551955
-5.066599500342476 -0.7199957933140408 5.338796464421881
-5.245627750633053 0.39448573271315535 5.041014742186736
-4.657068102154372 -0.8688845565850823 5.766253720186429
-4.63216789726571 -1.0002456809961793 5.149883450800192
-5.150410830294737 -0.7744120378750353 4.62619800473655
-5.164194954338302 -0.5327662417058155 5.027760963483213
-4.8508507153561995 -0.27460194003353766 6.553525521516015
-3.912868616964977 -3.3580787374902763 5.964369002195811
-5.333009349500647 -0.4057215713894536 4.683093870367773
-4.646492874462923 -0.16351381542129814 5.35114529758697
-5.607676182424292 -0.018296663923220442 5.608844163468293
-5.17388632908335 -0.2285326707069069 5.46212731327974
-5.345573004924126 -0.8743171248693115 5.232759237546821
-5.286133003255248 -1.6107377337154518 5.3536172611462565
-4.202075228547498 -2.5932075998360755 5.921427447717066
-4.45901830663932 0.23339124555911664 4.680327871913796
-4.418413602567436 -0.2714099223007829 5.301776622955484
-4.731995714214837 -1.5265190875554537 3.7672602199271026
-4.024635425746541 0.5157499484264233 5.161399043449677
-3.7335680933454727 -0.7132974054432033 5.494214094118943
-4.43931687409338 -0.6771883015429032 6.129022384340205
-4.237563562218882 -0.9406656315113794 5.5883600269736595
-4.45055873196823 -1.5722659045692047 4.593854347677204
-5.329143860245065 -2.134818378155839 6.384574051564603
-4.5231096183421915 -2.4505180211821465 5.779935430275277
-4.646746563108186 -1.1759759414835016 6.327182419628309
-5.322559363264067 0.11016954700958577 5.3396734848419705
-4.405296993885771 -2.7381258555208507 5.093400735738168
-4.814133822305853 -1.6164762020704593 5.9731823967941065
-4.151468727595362 -4.0151348625148815 4.969853402581448
-4.988866105343176 -1.5677206430110815 5.799642812690312
-5.516946541991312 -1.0858546003862353 6.1568448653322
-5.73482735644734 -1.5385711994169244 6.126427350724203
-4.0750660551977775 -2.6948989158929697 5.553155563438108
-4.491797372445158 -1.5458684094571116 5.035050148369595
-3.837991089885606 -2.0567679851731473 5.448109282627263
-3.7613519419324715 -1.5241388030136598 5.780499794486266
-4.484479405790485 -3.3686970499704487 5.495468476638047
-4.201583112036756 -2.0719435538838367 5.418438343114345
-4.249579389324184 0.005810416458360852 5.1213797244855535
-4.094503550008759 -2.2095453052082448 6.076680154891511
-5.00114359848302 -1.4181502403912205 4.832317865480328
-4.444333735244653 -1.444329534293108 4.940504273054962
-4.883059198974727 -3.044636071060566 5.611086191466597
-5.096932261681235 -2.435872630265475 6.292062338781347
-3.627436451537242 -2.388323561407018 6.196826708869894
-3.770127199792307 -2.328206422291498 5.690438570216041
-4.849206339149246 -2.2105485188620455 5.6397290576118335
-4.627480598204977 -1.6808825919210262 5.153959865335376
-4.466126666514666 -2.2633568685614183 6.508673277321103
-4.487913633986815 -1.9594524997651115 6.7385830092865575
-3.7691464844774285 -2.9632701521488904 5.166461591078149
-4.239263775755149 -2.1226148767519564 5.600188878048142
-4.088967640074786 -2.0969748226842775 5.601762393699217
-4.000009582205557 -1.5228933459164 5.909197433020855
-3.609094780627281 -2.346989547104936 6.129054846070097
-5.758457646670875 -1.1889149157486627 5.877453429441715
-4.185562408924425 -1.8259782169396328 5.680672090392845
-4.674015473918833 -2.871288224353248 5.262591064127787
-5.29282767099933 -1.1332990515682053 6.512304009743844
-3.557991099063238 -3.7100604538913053 5.633642737895128
-3.61469045575463 -3.756404570788844 5.0878041569636805
-4.699388827465785 -1.6080791929101892 6.383637650356218
-5.210142786177384 -1.364368886329627 5.8102361260310404
-3.985653622556335 -2.2346552385411282 6.249116851115553
-4.178387408270166 -2.184939298856302 6.077553451269618
-4.92226903911619 -2.5637544753831856 5.6933941383613496
-4.994160594522129 -2.1957119607140276 4.838102613957481
-4.651975045157377 -1.7881702434552131 6.108394465865795
-4.374985351401996 -2.050891756540369 6.001545354411155
-4.384598259382325 -2.5612511715061093 6.329262603232642
-3.757845561020496 -2.7332078271214213 5.202941836596305
-3.9277215422172924 -1.162893782806364 6.2090121172832555
-4.3499854140564125 -3.674207580635616 6.428671522893287
-4.904930274365586 -2.723048778343679 6.182083629687166
-4.211348546590166 -3.2252747810442255 6.7238869767822225
-4.13230313869398 -3.179684833654414 4.848717744184507
-4.162953534976867 -2.3605538501807595 6.0820229641476855
-3.0982835124325314 -3.1920183848716883 6.281977311312405
-4.313039683753989 -2.267789749367145 5.785805095076673
-2.7878507063141793 -4.10066286948238 6.388837215816095
-3.462743899359064 -3.322641111902427 5.994445351139546
-4.857601609457016 -2.5575767667789657 5.975986295943636
-3.13459622741707 -3.0865597910143046 6.262562318189991
-4.345741160772858 -1.9649398532228852 6.394616890774532
-3.785978450621686 -3.9607963232359795 6.444478969607922
-4.8033017017627655 -1.7962266553712498 6.327458667233028
-2.782743761595303 -3.850512444996419 6.0859884271510145
-5.165411214508593 -2.17451234730226 6.062042737904059
-3.851761418413421 -3.4522805939359955 5.785798056159697
-4.744963745667261 -2.631100028532364 5.557113748061768
-2.893504178108145 -3.7195713597505216 5.312350527186787
-4.798235495076579 -1.5974726698933108 6.059014786598004
-3.623799170912973 -2.961077137096968 7.034271964252575
-3.8489812905899785 -2.7913438636097943 6.315766824067557
-3.2025538278787917 -3.688278910372645 4.843461597799636
-3.7607942503677374 -4.133427857986463 6.478970421693498
-3.5291496143730137 -4.255176480627509 6.137379068967478
-2.8452822651797707 -3.1971738972750567 5.760370539234498
-3.718145601596225 -2.2868319529979395 6.709643713705549
-5.096719458291221 -1.9652083729136947 5.890431780348495
-3.8368587948260036 -3.2125019991802652 6.820263770917094
-3.1381440172448203 -3.8377367927395802 6.42965297705916
-3.5994272057171637 -3.012982640766939 6.658658107581317
-3.8159478866540533 -3.67092522268898 7.067545570131252
-3.7577083236932927 -3.7522651898876305 5.188291816120869
-4.750786680880003 -2.613931363581174 6.725517299120782
-3.5650801752156833 -3.3067520276666675 5.6876940866661
-3.5476220478538165 -4.033446852406095 5.60081010993353
-3.6211050177390707 -3.9590573462921 6.56750786259673
-3.9416272267829804 -2.9153586304239334 6.810196972105063
-3.703803440832333 -4.435633273277002 6.222408955027243
-3.7018542848877134 -2.6957060715262036 6.431711076810196
-4.0925965044394115 -2.493962305836817 5.433682183318064
-3.924241550244178 -3.2421247472233934 6.921499594783691
-3.705285286463074 -3.2541531631628122 6.409094724775484
-3.2903002618976505 -3.8960381265397444 6.807699361102601
-3.596978770268914 -2.6057043462407683 6.954851357776764
-2.755930540072435 -3.461699759617523 7.090187880845154
-2.660466434655688 -4.555529714874878 6.367577229390539
-3.8617444912427774 -4.228004623131399 6.510258538026979
-1.6482194002384363 -4.220321358646189 6.125499612816171
-3.9049646142901078 -2.311406096456756 6.503777606779566
-3.098551216214858 -4.295199310796316 6.728884208652611
-3.656507166713521 -3.1126749853619966 5.734626086655835
-3.1656713871255175 -3.231147412011103 7.141004772438078
-1.8016183761066225 -5.138977206966331 6.797387870222976
-3.4605712010935736 -3.41863086810454 6.7342460943785465
-3.3276731348476316 -2.4692182462189405 5.827952255770407
-3.3354531522605138 -4.396330721074775 6.5030215328715455
-2.7189947263030514 -4.577595051291074 6.3787672510629045
-2.8162069098272466 -3.888384498915422 6.216799160222905
-3.062376402011961 -4.322078507954419 6.162821264790849
-2.515505677161544 -4.019817526489857 5.795192446064188
-3.375786786433237 -4.431139133686051 6.235644209133426
-3.951470553268042 -3.558143093011918 6.969094960490342
-3.388509290512816 -3.2610599825063282 6.5220217492058445
-2.531461218716409 -4.385562590608106 6.475199974675644
-4.09046038583997 -3.013906696707053 6.149938697823634
-3.5334401765471894 -4.200391390770284 6.7883893917534195
-2.675731755420145 -5.107855971990009 6.9881724974432995
-2.9376189529049332 -4.288202128460694 6.765421338916489
-3.455483840382398 -3.604236149156648 6.521869690569322
-2.05848269997874 -4.035686383826784 6.5783736861297495
-3.622773535370353 -3.4552374481440924 6.898444735868472
-1.6423310271479399 -4.289292168747682 5.9560643613585915
-3.9981518314448574 -3.469622775062517 6.6456018969116215
-1.6573306701841297 -5.332745441074904 7.003835237331235
-1.86355200496584 -4.233763746831918 7.299448450095115
-1.1643458733669132 -5.433229252869802 6.063826956005803
-1.2674809350889544 -3.8335148879023278 7.125349149275615
-1.4289774304453147 -4.940123686454238 6.5807595775096175
-2.868650277926399 -4.402141943988447 7.131110458840568
-3.2871593044908836 -3.385414689249016 7.211294248313212
0.30569797284756184 -4.891022227234228 7.095089062252679
-2.8313065301724674 -4.203603742005594 6.080591621747666
-1.222971042284104 -4.780940638356427 7.1115931962476076
-2.9314101976673643 -3.5289054479322908 6.53253862767448
-2.4477106391046672 -4.432218452094747 6.916910426997891
-3.554311394999506 -3.3089992842838294 6.803858091757009
-3.833356456602593 -3.8126029615658243 5.877502182842598
-1.7050422234818094 -4.529920577476188 7.6171696968410565
-2.3041426384648664 -4.903151319771878 6.778863393573539
-3.07551629941805 -4.862281187358953 6.274813371251638
-1.9839770671617973 -3.9575543296369844 6.980699985521814
-1.61522826306652 -3.8191579465192644 6.745987569342257
-0.6249103722219208 -4.214772969073185 7.015174855130015
-1.253381217906186 -4.48086352719968 6.683445783479819
-1.7220292559583843 -4.681408398551148 6.136023209175024
-1.156864406470195 -4.633658033722933 6.251156973365981
-1.0062841849586133 -5.549732206465632 7.31634058067855
-0.46665410617084674 -4.962292223434404 7.139291339060664
-3.230177509524235 -3.6930153757102753 7.037455374303816
-0.0818289775823306 -3.5478063628879943 6.53609120574107
-1.9062557122668335 -4.178883386981175 6.904964389272987
-0.6345060604119591 -5.16849193495648 6.871155928136341
-2.015742750069857 -4.242441062189253 7.5496569092879415
-1.939636171330307 -5.2618872975963304 7.606383674428591
-0.7442320889606764 -4.854425232729382 6.5167461310254575
-1.9382879455189979 -5.151315534066426 7.041344265212292
-0.3502567510979444 -4.250677857327191 6.348029435938548
-1.3365052033752165 -4.490443723028149 6.662166370265452
-1.9013099279343566 -4.486292813700868 7.997447168720612
-1.5519131984173096 -4.052342915895436 6.721382539896735
0.6757506782249002 -6.166579392271822 6.629246718043141
-1.8728560162875272 -3.8037427266692885 7.937002430748902
-1.7377879747753575 -5.182052785731434 7.141897606413184
-0.7709444147889809 -4.319490807114046 6.865515949323169
-2.8663740377833458 -4.357578420680551 6.245747165556957
-2.185882948401573 -4.9163197311761175 7.434812068240145
-1.7935809482731306 -4.833734551876082 7.867352299720013
-2.5718034771876095 -3.83264236101602 6.689391835283798
-2.9675065752561394 -4.23791939158982 7.548316278163126
-1.7130865227603398 -4.449410377334822 6.370078082180864
-1.1653893088734537 -4.442427935259316 7.132897410491545
0.9924560586216568 -5.002656254381926 7.281254354846729
-1.9824903582774243 -3.5572490799710916 6.520017512620527
-1.4867046044072454 -4.486962746605603 7.410374594157661
-0.17690777931553409 -5.230175667037996 7.299231632784972
-0.44551146722168194 -4.9606174776433285 7.559990373254407
0.18455602576044644 -4.8425237952369535 7.824594663959118
-1.5596562460551557 -4.499688896674953 7.3132625096200155
0.24096556657892543 -4.896716319949817 7.1203627678166495
-1.0773923477518919 -4.577568942233683 7.947986569489703
-1.3202357019304183 -4.9745145581723875 7.494397459207711
-0.850063856678553 -3.7878121096606705 7.944727175846826
-1.5539789851763572 -4.613513825454865 7.714444647610784
1.6471900818959155 -5.450142828807546 7.813676858502001
-1.0041947389894366 -4.364993327027015 7.3661960381581615
-1.683079649647772 -5.38241291192568 7.242336888474852
-0.5523557884447088 -4.6468406708270615 7.6526478495779315
0.1102400657114919 -4.128448570991978 6.972722449634839
0.44897479062510637 -4.626732162147661 6.79549078624562
0.736363490878122 -4.844909536206661 7.09703471848996
-2.0009454401434 -4.908612234204097 6.738134736740237
-1.0022391820087961 -5.020468305220859 7.787905237958865
-0.24826904320099713 -5.5082615797008 6.694998863044882
-2.407107390196439 -5.508420374324798 7.2141419601749375
-0.2225694203460334 -5.453995813166387 7.161000613202531
-0.9027314836737806 -4.7688317469928965 7.348976584511128
-1.9843801357343114 -5.6600344445869295 7.791656081740106
-0.1907083526236398 -5.45728097839798 7.390033284510784
-1.1174394805633074 -5.164215247407027 7.391539494066139
-0.5997361961220744 -5.352564215387585 7.7098822307402415
1.4323592797586893 -4.920418329875535 6.744062200977383
-1.2072839377574567 -5.138383998578074 7.798492255783796
0.7399686999645536 -4.953295839312749 8.288712918357499
0.7159424869485829 -5.694052387421906 7.600809861709921
-0.033335031448426804 -4.235656113787988 6.998864137231346
1.1253387116764495 -4.594299826705577 8.197869035177472
0.09245796048719404 -4.6590691153844475 7.143469304985802
-0.5015101040501803 -5.595671363862308 8.366892806742825
0.09706581032448001 -5.100069867521924 7.320703650020976
0.014550487102760605 -4.199951397624928 8.079775294299656
1.2034618730456375 -4.700654043095643 7.587674022925998
0.389051615819974 -3.911731483247044 8.497703433578993
-0.3411258432931727 -4.612062052376539 7.559846345293222
-0.12417590370895773 -4.378745317306487 8.284962790176593
-1.0525130939020388 -5.4385815661917025 7.529400176555738
-0.2295895894708189 -4.804054275727774 7.46283588228955
-1.6716918279654474 -4.975574025859196 6.888249685767706
0.5083157156011163 -5.226652131667144 7.492075391342653
1.580262619321996 -5.373303368990179 7.055571841612375
-0.3928085704851357 -4.787553148382794 8.581724524845125
1.4187099762053772 -4.9484672414588715 7.505732663730558
0.41054674285894993 -4.821513623096753 7.6637596104231
0.48481317650524436 -5.302198748451159 7.890184436531198
2.0530644462304464 -5.276719580820516 7.637400252059089
0.3243187073883982 -4.60862515127127 7.456130116059632
0.5169033543212179 -4.557913490729059 8.22848318742263
-1.3546089253646576 -4.753682736949382 7.466362295805091
-0.02818554418925281 -5.169406866119448 7.2186600120223385
1.1508272949119362 -5.0766272025743495 7.842635146232604
0.10800849298648907 -5.3755323722937005 7.480522207504749
1.312727156468477 -4.887467855205072 7.805138321996006
1.271943866120018 -5.354013908371328 7.954001538044773
1.4545256828832782 -4.728466866554958 8.158933615860743
0.09155805522167243 -5.390822639999981 7.468158937062233
-0.06377585525116733 -4.646921048318916 7.13251881116766
0.5299087870357863 -4.768000515256946 7.808550055978212
0.7613521211509542 -5.019004101754898 7.762107955890857
-1.7560856948628785 -4.727124846830907 6.8473361540121935
0.3311464637292018 -5.647530400411755 7.893436191851719
1.4484504774147515 -4.891376573382483 6.606896508391705
0.6334565388651315 -5.268528653933158 8.167555793606093
-0.8339135152803758 -5.330186046268124 8.333176762554215
0.09724015000704749 -5.675085417061645 8.83228190033374
-0.020645610360227742 -5.058141467119979 7.303912342071193
2.117133506337183 -5.047054693216394 6.975642269295826
0.7815734544627432 -4.280893494733114 7.921429933361331
1.122246377228672 -4.345079263410039 7.820902252645145
1.9706547984011555 -4.513377359075384 7.896318305914279
-0.3525802108776301 -5.252880757418457 8.269180134485257
2.040225320469417 -4.207180065004906 8.786736493799847
0.2171427052391974 -5.217870033777016 7.78829967697614
1.9040500025810185 -5.232314563528356 7.75445388561447
0.5129228029177344 -4.448327279967629 7.671349254214328
1.4805462732954169 -4.486459190217135 8.153210832514741
1.0274285615248027 -4.829316463770464 7.756767879349846
0.7066647989211902 -4.350518619575943 7.367685361188563
2.191480612359462 -5.152634097182417 7.520409513904504
2.0613803973011846 -4.432459314571357 7.263006510508654
0.6360634633320857 -5.434748275877586 8.251148803821897
2.7235285053402842 -4.074407935064868 8.043420213022827
1.4114599274825583 -4.8238213680315845 7.892593166629511
1.3364720659376375 -5.604285602392605 8.01367332413586
2.3151534563623515 -3.785317734345216 7.386491511161114
2.154691548542411 -4.597307091908527 8.2861294354651
2.8545185975561655 -5.048314530982731 8.272785210439437
1.2044750351569253 -4.093057442426545 7.617245867729864
3.744764146040757 -3.970208885495415 8.667263185627533
1.9346629193329148 -5.156083528581389 7.4494637911292925
1.9451954152974928 -5.584614677049504 7.985520489025591
1.077488453406588 -4.276929063913552 8.160827624484943
1.4842835548403095 -4.483260739190479 7.673761237228176
1.0952883248813985 -4.488022034005537 8.498539056157602
1.748018625676722 -3.9092953533831722 8.300399252011065
1.8897829305938425 -4.4213382955547065 9.078882813007326
1.7936181412404233 -4.162473518610724 8.846088575654
2.5495597081703703 -3.974561688802859 7.842053515496845
2.989462915897841 -4.177428991013507 8.265310322962373
2.3935616697505355 -3.5197348542907045 8.255762102845864
3.5761444770039517 -4.935324571690549 7.547351145135423
2.3887049300004994 -4.463631071969151 8.072960194459906
2.0256460200540576 -3.873835565324441 8.833895360975035
1.72066038313324 -4.745355135503963 7.838107401663478
3.0431077502415604 -4.779640283977997 7.7852198184904875
4.0519814739173485 -3.440220879990651 8.740919427601412
2.891522686259585 -4.841590624239034 8.006055234172774
1.3609655843731356 -3.6354331059178735 8.10129215658291
2.570170916153615 -4.243227924927801 8.208395583042114
1.592812267783866 -4.503356188693054 8.731387962061941
0.3615355731752949 -4.857138127752873 7.926084213401586
2.9259457910131355 -4.2887337527824565 8.747658644445638
3.106760080650505 -3.7964155558369 8.493030651232493
3.351470064149848 -4.870798648616344 7.909141542106955
3.029203919024308 -3.7568501228352242 8.525475084598384
2.7515534866909674 -5.0086591623934105 8.168178578279168
2.260291056860457 -3.349921281819211 9.096482771204135
3.4489062678605915 -2.464591839360918 7.7738699381037915
3.0631299761775668 -4.163672692167716 7.930873285584105
1.524030401049731 -5.042088025129621 8.50399959473084
3.0741194163087617 -4.248396507670488 8.240673739228278
3.7291106760237587 -3.976698208617014 7.802614138612853
3.7850979489604866 -4.338136050096933 9.441374600487842
2.4706558093716535 -5.386169051889134 8.52560187883861
2.041541565393534 -4.664799978780371 8.348080947450812
3.9373547153286816 -2.9544475741510703 8.142155344620766
2.615089294760528 -4.952744185212697 8.165151557720955
2.7778196797638817 -4.574019671547446 8.536447760920463
3.494333932667847 -4.2895372980416235 7.877580091789161
3.0639293945767845 -3.7651821783258614 7.9879831189684065
2.6201460206573333 -3.563159281667274 7.752116716978919
2.1510193530942265 -2.754719727577522 8.88024049111894
2.6925086525875854 -4.846288202888284 8.895281504281748
2.4994693433376276 -4.3849626047213315 9.417436605085108
3.2540897990963855 -4.055544832395399 8.733432374920044
2.727500686677137 -3.980177751502999 7.744676514905487
3.708749399207316 -4.384101249236498 8.67894193125831
4.212843065142282 -2.9591369802271315 8.260120681138684
1.535304940795873 -5.025188111813296 9.137359438353139
4.502675445166974 -2.421207501004909 8.571832637648216
1.6721197361728029 -4.730281121718935 8.73573498637016
2.6503501399190332 -3.651221549466558 9.023022546473117
2.8371736541153068 -4.417414665756999 8.126934796099853
1.432957661036577 -3.4401840046097822 8.085476278875174
3.3419092172218074 -3.0772788411167737 8.919889066526524
3.7493480174220064 -2.8351606245012966 8.860497618002364
3.551897558123055 -2.789752639331475 9.581597547067704
3.0607503422075912 -5.199737844340499 7.725391792230013
4.563252235862423 -2.215294417584784 8.630908825023482
2.1940682814152583 -3.2617815283023432 8.398984899043969
3.672708828763258 -4.2787855843717635 8.495404305849359
1.807695342464851 -4.437720169949708 8.736010164373848
3.9853365429148453 -3.3973766912703387 9.075031782655445
2.9064379516144334 -3.0987273827714104 8.97858347272263
3.954876129885804 -2.46777954943549 8.52664270549467
3.333467524410108 -3.579190058558247 8.577570997675151
3.8931100636224105 -3.2563785830961516 8.566929379745549
3.8150278226057934 -3.841018242009361 8.446012729742195
3.9257237651465147 -3.8761763661394943 8.990922431440168
4.260890141554529 -2.7591730192811967 8.433049874318197
4.140062397617118 -2.57534718472505 8.689023069579322
3.363855133876244 -3.756136241684179 8.98445560179734
3.9560233097261057 -3.0849260268477745 9.452624443282936
2.7163185563096084 -4.222672742891672 8.760322616669042
3.464322962413576 -3.0348352591785037 9.477520875669464
3.3886564057494035 -4.314142712010246 9.067766035378733
3.9203677700674957 -2.6647859569947245 7.813379976221965
3.550174203938708 -3.9414884186048975 7.906018472999402
3.1017160270893678 -2.3928962831566287 9.384594261643544
2.6476444188294423 -4.786059619754698 8.714220704133435
4.167901710281701 -3.316747191688942 8.404257773963263
4.507307382305192 -3.017312096817644 8.419888062009676
4.568150237450326 -2.8269824930237775 9.399502629465996
3.9399998084663332 -4.221162180978145 8.546466656392965
4.622728182432881 -1.957913449860782 8.785792073677262
4.821698761109773 -1.4493497629926562 9.027247826861512
4.614450593516063 -1.9532676219914344 9.160610076111988
3.3790006338982232 -4.360887563892754 9.019664588704027
4.780037238258215 -2.771483532873325 9.591130648155001
4.194852272680553 -1.8793859285442749 9.71210477610232
2.696428400700593 -4.147658546822238 8.959039727849083
4.254374000445137 -2.694173844338011 8.745472716720782
5.086114352783261 -1.6420624757828408 8.582187346741005
4.311351990078578 -1.6517269051434649 8.518490359055384
5.027136546568719 -2.740250959516726 9.281881965905148
3.81106747904064 -3.430674237809137 9.665481977353744
4.5310760268110455 -1.220829292041944 8.422932729779195
4.415429968670583 -1.136387506677607 9.5076213000867
4.032673183125504 -2.135490795179267 9.005917735477
4.715785367472538 -1.8843504626959802 8.997202744122275
4.099455483731162 -2.419491170210205 9.39698879446288
4.507493469842496 -2.7596796127766785 8.452087660856236
2.666178953673044 -2.621363437737514 8.754237698374919
5.41316902557585 -2.4308430474286067 9.496389758425941
3.1348035980914526 -2.5581069638441543 9.045275833312434
5.507719740914967 0.011428959025317797 10.109510725095829
2.4507632923672067 -4.143895536911817 9.238957408307796
4.964979208552424 -3.4245556665791197 8.830055485473588
3.733615749759412 -3.642257140045915 9.266741569223484
4.867465158545152 -2.0013104329831335 9.130505480198837
3.8257069822361016 -2.9761949985101332 8.854187420805443
4.9630170227704316 -2.0304343650900094 9.777519808906835
4.173475163494299 -3.1811538995688755 9.260430620890478
4.817291223112066 -1.16155169712958 9.822928574917315
4.984877840744227 -1.4808530592685887 9.460893123080218
3.874416493128788 -1.8474576900098478 9.52910391208893
4.953690389755808 -0.6698954876088221 9.049950696686786
5.575383128952238 -0.26691295478020266 8.179267589911433
4.142656960887309 -4.3917452737467375 8.949935311896285
3.35036976884921 -3.11003583612953 9.511707848198837
4.168500739601284 -2.8454588834448353 9.019436038989145
3.4811074903869392 -3.5167159444779994 9.646043014633054
4.2163680680949085 -3.335286845954822 10.138161480143669
5.512909758343029 -0.8793595455853934 8.789492164290188
4.431263310802688 -2.9436235275402263 9.101591429801028
4.154253754602209 -2.184974327013309 8.959733759653801
4.769684086075284 -1.030993508543994 9.954080917203608
3.6291618594687796 -3.1244152471482294 9.786121036823278
3.827532785497875 -2.0901521423522444 9.33109302343224
4.479521016926351 -3.44688313969045 8.893262957459815
4.667558127050661 -0.8488139492019621 8.993123612370232
4.161093584135494 -2.054095097369411 9.392589292523027
5.287678285224333 -2.963695735048925 9.986337055141636
4.600664620762304 -1.5713772979400757 9.55960970281
4.227163109170426 -1.7572249930455577 9.194430295489264
4.70655489296184 -1.765192442013138 10.0330981758427
5.013451736425294 -1.7036259496096566 8.969101886131355
5.625420423925777 -1.5988195899974216 8.898803215060942
4.506331278319211 -2.9310657071675545 10.01448160184627
4.081892294831755 -0.8999019199176091 9.180434500817434
4.741465970447037 0.02233190002597494 9.853830365915409
4.55406309862087 -2.191924922900941 9.898141203770573
3.9783506825194945 -2.161124935565782 9.523237348667633
4.517942242659931 -2.7118338458949967 10.299619525320946
4.118441040898206 -2.881918504495046 9.902201962768313
4.03839700713203 -1.2307788124180221 9.837942123037404
4.6711194305631265 -1.8904613347798531 10.42492025800422
4.994410306647201 -0.7744455394353842 10.558320381608327
5.441730673455081 -0.39951162562322484 10.673253659538942
5.280873941665811 -1.954634462464807 9.510805197549995
3.969618741549328 -0.9901077771694017 8.851624389002962
4.238002585181001 -1.542024336911316 9.373776647237966
5.0965947478709674 -0.6900532497667701 9.70577510517214
5.205438033266332 -1.740451828563168 9.242602585840329
4.637494821341364 -1.6388278401946657 10.72326712158191
5.243919666710775 0.9360076763981907 10.144331523060027
5.647567491497238 -1.8268871383871175 9.103571423030244
5.426784488542488 -1.5879358879174488 9.331660210842502
4.721423773909703 0.0644736222292621 8.777911295523658
5.275516675235951 0.3058240028293401 9.734425919247315
4.57014420466304 -0.3645027209937751 9.8411746946852
5.3460327038522255 1.2712493557099287 10.03740443808489
4.678753225988436 -1.5635150836114013 8.971145946395843
4.649714888974741 -2.226743659232756 10.005239498297756
4.281684222827329 -2.91397015012718 9.358149428090876
3.9830241735376704 -0.761161137417328 9.147812632728465
5.307066849330365 -1.013068052062134 8.89817967246809
4.778227874908412 -1.8266355292038785 8.552921320539555
4.49907333967454 -2.2169049716332685 8.98330660924623
4.589603645302947 0.0878332664325355 9.557749821567779
5.11319469902688 -1.6178801300515275 9.816528844952451
5.132457081075403 0.14413519209670494 10.090476298454057
5.463126662846931 1.0176186108996146 9.445655665200544
6.004472689272251 0.1649813303231367 9.244626273838184
5.282514528974165 -0.8722296347553943 8.460784334980236
5.5402141747645866 -0.8347792722332953 9.623849047497137
4.937729192639095 -1.0393782835134673 9.540430924929717
4.770779746259073 -0.5038068157914264 9.428640554586591
5.42534512785996 -0.8794706702879049 9.880739016528928
5.373148251238156 -0.8093882566750051 9.57374366037379
4.0969822519065815 1.0779780605230578 9.300556367510808
5.200369154826756 0.3527363135772683 8.671708856690152
5.017326763996315 0.0501594657047151 10.376954717408582
5.155536093543431 -1.0917715895528652 10.115785292245386
4.985551973371234 -1.139583047318073 9.571711222328686
5.546900835447786 -0.40018964203726587 9.823382371393311
5.306761821951881 -0.8560970514466194 9.970359146155685
6.0016014537838185 0.12545723715449586 10.15195999552285
5.130404604526727 0.4858777272478084 10.72511014838896
