4.97646651621392 1.4687323807553796 0.40893461324448227
4.427040672158189 0.7144348226003057 0.7141260177644049
5.18722800708441 0.7728966959484197 -0.3282490700587278
4.288352534174333 0.1056478578793429 -0.19613343077065176
4.261790137548277 1.2084078958020654 -0.09866558374196344
5.177457382008822 -0.26026086690272915 0.0450902116681772
3.9416122358589223 -1.0607104698184355 0.758351060533272
5.5592967444121495 -0.09804171707814163 -0.26797301411839236
4.316926222436875 0.512857362484732 -0.826267833919558
5.00404657288812 0.7643759022593982 0.11917774441465384
4.619689800887714 -0.5486947049721554 0.48346047786019364
4.997904419395573 2.093793640511749 -0.8037850486439226
4.749747653176748 0.5604461051856688 0.3611243871045236
5.160000604603892 -0.1914998161976802 0.06284578871944842
5.882676755862392 -0.43326414342438885 0.5108969285444301
4.258386704879833 0.6851556241170825 0.17855278273568823
5.152491510968821 0.6913918492343026 0.337619513152359
5.957894477804968 0.2909979334560291 1.2107156655383235
5.755697035722852 1.211882751252538 0.4639188757448577
4.303776455214309 1.7937833617289813 -0.36853108753903746
4.5150944789691705 -0.3388672713060551 0.3444900336862846
4.733914294875665 1.7324858556987766 0.48437531422946994
4.488096915326407 1.2842406166077451 0.36791160907272524
4.54891754215237 1.9824593168878 0.33003775417153935
4.696622142568674 0.7531993686778804 0.02085325593610793
4.3821482909704965 1.24384696353265 -0.5431726738079259
5.051375245972314 0.2875106183567666 -0.5975593402590245
5.697832597058519 1.1314595711712798 0.8294361447016251
4.686077414619892 -0.39887792206941775 0.2614680156704423
4.547796152938416 3.5072761434460134 0.2089775811548782
5.3050783961270165 0.13384501781756272 1.2032161010413374
5.278708666432129 0.8672320002951056 0.4048540082123928
4.672505149674611 -0.33782977026957806 0.08362563178839319
5.122150128449671 2.2343646177649537 0.8292824245089143
5.826190008137317 -0.8860995112664711 -0.00986175177366172
5.501639034063055 0.42723902364700184 0.4133279307068112
5.95439932301731 1.0621131941489885 0.0769834522606403
5.058287616376614 2.093312108542393 1.3736335697337876
4.4437579678851025 1.3129575389215045 0.900042109559016
4.811836148143338 0.9682051154817759 0.24420700229857273
4.702737637868249 1.677876017281447 0.39599440877093284
4.59617748477045 1.6508739589389023 0.08627484177134842
4.598063178834108 1.1681826181964376 -0.14031403394714803
5.218641635651299 0.8686349929355974 0.5067695515291124
4.619474028115237 0.8898302965510045 0.158954670523059
4.718152126380911 0.850498183918261 0.38338253449163406
3.6160486758799966 3.598778395539162 0.9539023666860496
4.5121520907445465 0.8475630996242743 0.6475453724498828
5.717114603752452 0.2957773141392981 0.40074657996281166
4.710807564489255 1.8306509523749759 -0.45423397570668367
4.891582098116689 2.0694080324126904 0.41182992323511547
4.628806345284137 2.281244782340391 1.0422377422520595
4.752437366595412 0.7668080441745705 1.0436583639171313
5.020189588364471 2.2152562986431747 0.9152202638825542
5.1200316494285625 0.9734797861567912 -0.14001133260042709
4.519181977911444 0.32121003671871634 0.5646603616015913
2.9758329904774947 2.5827053262178117 0.3215823338794318
4.772811308405647 0.7827517419995794 0.8823237081785241
5.701175668879604 -0.25244320015879984 0.15779654530546883
3.844541348802409 2.861317549032005 1.036686089727578
4.792654242723058 1.3586676127463664 0.7099337565365988
4.376371312655335 2.0637400477427628 0.8565180087066103
4.965281827629886 1.8576714050737824 0.3509676370265249
4.60797362471726 2.4990977982420874 -0.34968803291682504
4.098297099178139 2.0059631163498937 0.08008332346614289
3.7945462125958023 2.6596913024356144 0.39644817657505743
5.162805370521216 2.434793287172351 1.064916838674681
4.2751403537702934 4.04805451134953 0.3486927911575506
6.008755187235143 0.3026474661883103 0.4492462098666413
5.7988977603899 1.9358876715335287 0.4274909856790627
4.044374336303416 2.4705424236955165 1.2112187780606072
4.065376825584472 2.5986165497235514 0.8543860347155668
5.723193064130692 2.1380874534656944 0.2851898409882449
4.226692745179469 2.7810242075656664 0.5679442958238927
4.688978578659941 2.068216137568041 1.0111075129707952
3.4569675729225406 3.653025286207106 0.8811726928911713
3.669818811919791 1.9495162521248708 0.6982274541114278
4.12322353822022 2.941227432899916 1.227551588162513
4.564791720558885 3.7363451095205376 0.8783802579646894
4.2375199461159365 2.1453007986678334 1.4823862242324397
5.252015474682826 2.50204058796704 0.24418400414484964
3.2497999696471087 3.6529594771366205 0.6599693563464882
4.2638881395949 2.6764792560210564 1.6016220647149066
4.4412648862404085 1.8530839275601485 -0.04454765790528148
4.448072571610594 2.454828820567373 1.2762783015544574
3.4716055833670394 3.5357728726980455 0.8124122681314315
4.202688540813037 2.5740067529340775 1.0925578734648926
4.610797046374182 2.468962579730204 1.2242304526489418
4.41817746609452 3.5682029935129207 0.7756378402572106
4.209056722914454 2.703573498142055 0.3953327600748139
4.656787442266909 1.6399940142978624 0.29106863070753997
3.56291131082709 1.9542212619730426 1.8870088377822958
3.1336185356909487 3.538896259427675 1.6171965891907654
4.932471319551958 3.607089007631876 0.0864442378692929
4.1449412125971605 2.358527212856969 1.249324508661998
4.085975902058159 3.9536651019000257 1.0502387502528756
4.12378849333447 2.8180712248175714 1.019417879707194
4.513490830714582 2.706330913833741 0.7033742955073775
3.5831079208079117 3.0233100388492726 0.5612422931655633
5.825470792788102 2.803874068519525 1.5813518515570872
3.4732206311344567 3.0644531806808635 1.2064069075903945
4.395831296761885 1.3967121979679067 1.7603228504258435
3.4541153840077383 4.775786510037863 0.24491978696580785
5.117037931173963 1.4851244319496455 1.6703801171753343
3.5786605376224974 3.165954733459703 1.083683172561138
3.6871735540839317 4.059364907873964 0.9427475425539175
1.9523982375143742 3.625150285422459 1.1891543723719724
4.4752148186008585 3.7913369153778174 0.6017170571990598
3.6704994761549616 3.259564663582585 1.8772524286577181
5.381411224759308 1.5017818625310682 1.7325247921825104
3.2836764797331557 3.616584107551112 0.6401375638217003
2.8536700771893955 3.2282020415364037 0.64076499150606
3.27365381227642 3.914625984837947 1.8038461857498462
3.9981052424705923 3.278124602270656 1.5026571561639124
3.6062641683689374 2.9900625945507247 1.6142150889583504
4.034140829670763 2.6408174621739438 0.4310672637573383
3.7435418361520165 2.3314329174284354 1.3394543633459668
4.4827961092273725 4.3398137339037985 0.7390926486721556
3.586213671919708 2.9682371207067835 1.0644516140504587
2.033470849101002 4.324367173204071 1.1502549034908462
3.5857499272537816 2.924147081402887 1.2654330333128916
3.6507637439512313 2.400650383891999 1.5291590699743178
4.507615335301644 2.623208438145261 1.8974862861200155
3.0057830168606037 3.3866576857388075 0.5446798687224741
4.64248059491101 3.073548438898198 2.1783975051338014
3.919136805142016 4.334104019816319 0.6790873103613566
3.4737839518694655 4.649464293713113 0.6978091263215304
3.092521955343398 4.595368660379758 1.1711284469542034
3.7890015055460475 2.7644766703548553 1.3339933890133369
5.238368548814054 2.782220102752001 1.676452950090229
2.702104052622497 4.337382463807922 2.133207951183585
3.165332625880846 4.641703556608888 1.2182699518653775
3.6651325833895276 2.119382494870369 1.5106769082891867
4.473049249256711 3.096911600699043 0.47960656877380803
2.205350623942951 2.7214582396532325 0.4269926076191445
2.7345594066168717 4.2648718570241835 1.9101652672512925
2.534923560138867 4.212208779246869 0.5477436433145498
3.549868328064683 3.247587180576181 1.22976414835221
4.019065537762385 2.812178444080574 0.9230806446390009
3.5492670527144705 3.2442605097845383 1.0790456376618858
3.282335288834408 3.6361383414171553 1.137816245743109
3.2251859089453947 4.305060474806579 1.4731012512943804
2.9769229697981157 3.0124308343551154 1.7131140190418934
1.6318094134454313 4.33661076274833 1.859456263511821
2.276183059848777 4.786121137724157 2.0047906001975058
2.352423434081058 4.751947531491594 1.5435800590484954
3.2167124135615053 3.4924976819734694 1.4634075974748806
3.5282958751014335 3.8868411926971835 1.1438477553589528
2.744880935881881 3.8572047286019404 1.9866531192476018
2.3965861284003194 4.431008452879047 2.0529863651568574
4.211068272724021 2.9686349185270706 0.10211907778087137
3.2455358049064347 3.892039091231223 1.9685641825083835
3.015351853691732 3.822629444498385 1.5004490734334042
1.7299627275520417 4.45574481704643 1.601685557021379
2.402766952408516 4.493219362371663 1.3065385434154317
3.2501334599820235 3.4630060610147297 0.9384421231113967
2.937805423115271 3.178965082372276 2.446734089120881
2.920106956344736 2.6399628286982324 1.5087606337385218
3.7398077706153114 3.363243393755364 1.145685657854077
3.4573313039967504 2.8494531566762036 0.31361131216564386
3.7322606342575955 4.047293737213675 0.9193359337299651
1.7062729689534963 3.9633091333773027 1.6256561675993961
2.7892893871149043 3.167710352497562 1.8536788139907534
1.2797178026012292 4.314047848413909 0.9995040674555773
1.4169647176151305 4.542577101304927 1.9983912281403735
3.464366178096998 3.245736898319069 0.4973166562827911
1.6324584972418712 5.253169542739984 1.9338232583663066
2.876887677825751 3.4402490101973187 1.478801056425835
2.1322626380854595 3.930815306464313 1.053968246713934
3.3745887256372065 4.473095334471596 1.7996114557889265
0.25510716918076437 5.576800487995665 2.4353078698198503
0.9704961197102028 4.776322204864258 1.606486378716664
2.7711930187843326 4.4355816062269176 1.7427751473256203
0.81899705026226 4.66988819001299 2.239261582060613
3.8604101986717354 3.288894887495404 2.3180824182541393
0.8656442924960782 4.408180992606438 2.275017167811326
2.9968154330271575 3.7281920001608104 2.4018484296584055
2.351015368618184 4.431153603141424 1.9693786018712243
2.3330883555798536 5.124574212256719 1.656406409916219
1.9550374779830189 4.165280059921334 2.1574490478548185
1.8186653635447632 4.792381596324203 1.5493015728888495
2.243418648876974 4.5016424371091945 1.713033961538904
1.0159012783955412 5.113415737340691 1.7306358984441221
2.200629457162791 4.685145611735077 1.8444620318617386
0.686771095359438 4.874678141781033 1.2997990428296635
1.8314049758907769 4.845936429461895 2.0716675305038246
3.5392833965066637 3.798746743233512 1.8275035385861131
2.0351681608690906 3.2438369006509915 1.9579660155859129
1.3300315069314843 5.398572495954681 2.635065031596029
-0.3587153410533669 5.278558282773579 1.795778032874217
2.3310402530831325 4.654082143153484 1.938908412704129
2.7384709274333954 3.2789482294502834 1.7186672010323012
2.2095955723191882 3.742104717879185 2.4145125413412423
0.20517418766572104 4.458842273608476 3.0581186192964527
1.8664268288259322 4.736819907367833 2.2337254795582457
2.4686067512419054 4.882312587010348 2.6451868003702708
2.2128360890095053 5.655122122351148 1.365742313290851
2.1432236364488744 4.091805918373588 2.274461595643907
0.9109990929893205 5.117475835550344 2.3194368962226237
1.3086547572329792 4.43601048554718 1.8120724399215964
1.5275309901637075 4.174120633642693 2.664129207313595
1.229970968409498 4.642223905947706 1.3370771685691567
1.806515299191837 4.039072127208365 2.407365650244094
2.024177447977146 5.027951759043973 1.3684491952957072
2.1316277572848827 5.071903298333912 1.8571759661999845
1.2883290074387488 4.548096248257012 1.592117774150884
-1.3616523465707149 5.335868035038115 2.3469017474843175
0.8511077572221878 4.0323965780614515 1.4489968259907369
2.005078081254394 5.21275673484404 2.522866495798795
0.385107268219737 4.977147869832322 2.8411221918542022
0.6156012435718211 5.448229490909305 1.989891660137399
2.29543972692058 4.914156566619482 2.489724572023766
2.371437046721896 4.305681700877868 2.357007163225238
2.8633656652493213 4.843401287783121 1.5038855707632794
0.8539017848046182 4.68939807872507 1.7808416911569287
-0.5051188963652062 4.64775311857748 2.524242032915433
2.6565641682669345 5.003562215235236 2.6456868095852633
2.1187880681216402 5.042392930910475 1.5839425106124942
0.976732625460201 4.96623349579602 2.733817476333785
2.3981481632710824 5.350652084043054 1.9392254436352394
2.4429981672252827 2.81397435913597 0.0008824081287026608
0.14128207821839278 5.6233830875306134 2.4259166386651296
-1.0785708211043092 5.5925778503197465 2.059652716075422
1.7045752486720152 4.316451569317246 2.4360557521822312
0.3562781927806812 5.580311495036511 1.9976077756240624
0.39409929400246513 5.303405596877537 1.6698902874947117
-0.5702478834684817 4.3342495505808705 1.0035369336369173
3.1564391455723375 4.332623153896712 1.8583716152987373
-1.010786126988475 4.670386035161315 2.0141936632422683
-0.5244128638170342 4.7660963992051615 1.835219138380907
-0.1787154571642992 5.235841326278058 2.1631174232891146
-0.1347294462591137 5.470455735381268 2.8177762227737064
2.177269772494094 5.138974464483966 1.7359551358901577
-0.5725429930053026 4.562659986294922 3.072244619668929
0.45263425081033737 4.728490817249751 1.8739170553504823
-1.577519573232144 4.4009108398600105 2.420120848178138
0.9216157010330466 5.224387023901938 3.015743964453976
-0.36528737298584346 3.6889706953134964 2.3208382476871674
0.014069116829589782 5.575810972949075 1.9705331807162354
-0.3129390256816568 4.677695144833618 2.2179586806663947
0.2289837419884268 4.216684551257829 2.343510784446277
-0.26984746462947257 5.38237172395197 3.1783440568940486
-1.4840002133687331 5.14953276979431 2.066205301757998
-0.08107720040643003 4.496204043287133 3.280263457748318
-0.997062993720082 4.422419486429733 2.0575497843677724
-0.40010347551215647 5.921971884147731 2.1399023483684423
1.7007920631593452 5.175914127631649 1.3341647511736228
-0.3409660342143084 6.195962465057084 4.040069801278918
-1.1678320943042775 5.1738415172580865 2.6139663646804143
0.20333486512722143 5.431191046327309 2.353565293459587
-0.5552737513999821 5.022796789709228 2.69793651026568
0.21248662295107254 4.587258507713377 1.8204206186716467
-1.340678536603606 4.852164379193822 2.4346581437950894
1.5436266458004049 4.805475105195757 3.214741964226533
0.1958717401879739 4.640000117533831 2.625160785802527
-0.2709627387842901 4.814286046493366 3.0175627778370417
-0.25452061654323777 4.78502961309384 3.006074252811404
-1.965566228376225 5.102780036533652 1.742049765670763
-0.31821981242845837 5.315952123582927 2.7243627965203916
0.41319879391848474 4.2009799571719 2.164235144221699
-1.0659468574103497 5.922672968909727 2.8084367953919225
-2.1622066986123194 5.8211610482011436 3.158357998300228
-0.18607053847789157 5.20396482951521 1.8831630597646507
-0.9387314569471655 4.361727884752607 2.172138709484516
-0.2473814094277366 4.727153734688912 2.7564953456789913
-2.060253885406624 4.500419347312696 3.080169995672965
-1.7447704542887528 4.190225559032627 2.3339098756983963
-1.7268272743340554 5.595776751385458 2.188859951959306
-0.23635978980853314 4.679597499607464 3.3594427258968778
0.03957868113891907 5.216002999316761 3.2080345867737265
-1.0790473550621427 4.893741104570634 3.0224416148891575
-1.1661433748156957 5.009319080568113 2.3166125799602266
-2.4134129706040492 4.339742697424505 2.101047903039831
-2.020253562676566 3.663567839312847 1.741664260063241
1.167536365558108 4.281607166614893 2.9800113649025928
-0.36714062588489155 5.148164970225946 1.3894190208762491
-1.9272813665355313 4.902006142660956 3.7430150547753165
1.1219037127524238 5.242291637434016 3.366055971154996
-1.3042443397329602 4.418701527226805 2.289102837117587
-1.085862461902881 4.535426008709181 2.5045641291463934
-0.7129592492720268 4.612362802150855 3.001250901943454
-2.208901709354997 5.076029962810169 2.8689877845669547
-0.10148363348309186 5.299557684262291 2.6792131687056533
-0.3229960463469938 4.780030323072665 3.053366061751603
-1.8054224421469367 5.024871042000917 2.355626628173992
-1.9688904543079324 4.849926182875832 2.5458523092026852
0.4800023375684732 4.7506338182226235 2.6133094629534694
-1.28222918081461 5.472543312173991 3.03669928231866
-1.6624428328514933 3.858096688782719 2.6752785816586755
-1.3486720039730629 5.2235787212314575 3.265631908465495
-2.4979530991319203 4.389702832296218 3.110938363188084
-0.8831169893032716 5.009553924263709 3.04158831525306
-0.7291030018177143 5.240914507964478 2.5277827154700443
-1.1941896826320906 4.6042834431889 3.299869139168839
-1.2935103456105759 5.485116272311411 3.1297594608614445
-1.8941392751737045 3.4082413756962198 2.717882003485351
-1.6638369952836045 5.364718739523742 2.040812683873905
-1.2875227819444215 6.331380562726093 2.9086657982612225
-1.4491032864848348 4.681164697977706 3.084672065869772
-1.122768880462572 6.13523711486188 3.0109097327088254
-0.9853192447931818 4.532092270684374 2.9451226785780027
-2.80879783252435 3.917635922410632 2.641190925864243
-2.882669089499346 4.46480829990882 3.166453912973386
-1.8496964124326025 5.345729649583641 3.6869044603204437
-2.5936510530413175 3.8385339821111084 3.7116654529814244
-1.017964312448048 4.765894873848916 3.7702837772006688
-1.0144652079907626 4.645143651119222 2.34110658260403
-1.555731454203419 4.298751778213997 2.6527554505988262
-0.27871730915679693 5.656595960205468 3.7259909266204017
-0.22941340666951085 4.944241298484125 2.0639655949404827
-0.6279138613476469 4.91875432003462 2.9898947850437936
-3.0528719876803776 3.9275086869193303 2.402526590083363
-0.11915584461509672 6.1023572507498836 1.9971955982580631
-2.4712322186230176 3.7960646443404844 2.8199675197852603
-1.9042133634638696 5.06126523815495 3.2259782900404916
-2.451808633895474 5.129744354301178 3.758392759144958
-2.658112052743934 4.1906875253953695 4.4373589334153465
-1.4341969355311375 5.123095204966311 3.442130370645001
-2.286937261962993 5.361966557514293 3.5742971051906345
-2.4972632020568835 4.568213410622829 3.382477324766079
-1.547765435204439 4.532767572982439 2.481266492334175
-3.070509066626781 3.361211985421976 2.8612516088154236
-3.0838151985632525 4.256312644575254 2.722500538411397
-1.821157204584463 4.52607303589271 3.74710530943967
-1.1200998104551092 5.153400334099895 3.5216419562083185
-1.9001615831371759 4.887519521798206 3.1754094234768493
-0.5262640971605682 5.552677170908924 3.148624405162897
-2.42586167532982 5.147925164322899 3.367498032320711
-1.3339751722541715 4.1091919557158345 3.4498738454424953
-3.2011648163537263 4.688151191191609 2.889735862602192
-4.245920031659406 3.282602857979797 3.1217654779639625
-1.7459749238096889 4.489629580293879 3.482626110182845
-1.0077659809952109 3.993701424585603 2.39476150935051
-2.38318712782551 4.089098596665434 3.2577075199575343
-3.0910622769620155 5.086602582465702 3.468305676472807
-0.8557128453136378 5.636416601658489 3.6988502301608435
-2.5178726166960597 3.8818492711929964 2.9268236909858456
-1.6869308831038097 3.7975748465863486 3.8065095392960124
-3.369175310673872 3.5797213359739892 3.6220389659302357
-2.300966664747719 3.4617287386113933 3.365816127269719
-1.509930340808724 5.720287807810842 3.7230788923847067
-1.7897100470760126 4.826195883889552 3.2750381391031973
-3.1888297579938563 3.350302585629225 2.3511499318314257
-1.909673703670772 4.3850817924586405 2.845185985571011
-2.061281923154499 2.703179358591839 3.615933421844692
-0.8661697612244749 5.159289055939722 3.6231330273531213
-3.2482941309366313 2.613788763113005 3.2051616757517105
-2.908254087427879 3.5852170434105934 3.718450590414619
-2.8890277188672533 4.283370651619482 2.9831682530955335
-2.3725692532436593 4.759959250190234 3.41368959674372
-3.498619866554843 4.197910133400953 2.9331667114859266
-2.586527646697235 4.180270252623775 3.6249548970156296
-2.281921303097685 3.7506058987384012 3.4203336444805115
-4.483433420727449 3.072018378774471 2.69155194832613
-4.321962934560508 2.62837705404451 3.1909145904756495
-3.1963920114148925 3.761271076190032 4.512832253026025
-2.626736711161499 3.859233514485142 4.072329879392372
-3.561261794311011 3.5188480176067682 4.166632168282752
-3.7211339472528207 2.4193931655084797 3.871520056419059
-3.0278453213073697 3.794357361631499 3.3974338177138232
-3.3457881333511548 3.11217073913556 4.254502705976109
-4.041708442025075 2.890441903531861 3.3584981740664066
-2.791101271825928 3.8776437961005814 3.8133131126837223
-2.998054622172107 3.898191807291374 3.603373795130977
-3.413910717285547 3.5098321023069348 3.448157643695859
-2.2366713814351975 3.402824377512195 4.400925232818805
-0.8700905156521277 4.9154278611668225 4.373203862032464
-3.0564806585506843 3.7158378822800637 4.343805946459338
-3.381070146406545 4.683730545326708 3.3107846963744074
-4.216466214154941 3.0324736272811728 3.91957191043504
-4.124618668678472 2.8462418916101115 3.6698373674464118
-2.528794254865089 3.8909853009032243 2.568262118381477
-3.082954011492851 2.949123140009767 3.7117864855955798
-2.3090250117359803 2.9090296719248614 4.323974235627221
-2.8821619526149997 3.17195631724164 4.171930564635495
-3.8865285749509244 3.269697357259316 3.584375361265862
-4.924489765209269 3.652852957295466 3.4764570819771725
-3.817987624534925 3.3977696769168277 3.4196258139674205
-3.347617758156177 4.559447828251797 3.819173632864579
-3.9631340342613863 3.6006398126790837 4.101957654564855
-3.6993003745726045 2.887475164396495 4.612683743135649
-4.008297287997733 3.52197120714897 2.904387574470313
-3.5062278171388988 3.438705094061192 3.646520408721166
-2.6106303489571223 4.010048734398824 2.8219085537981226
-3.220856537159757 3.3376261287877442 3.3812880734099635
-4.408335856490738 3.0798066326755142 3.570813548567023
-4.399310404853688 3.611998540543088 3.4169583131906727
-4.2479431464432675 1.7728268311749504 4.468382292162142
-3.5649937684588435 3.461843997024122 4.030199663221796
-3.397472261158368 3.19251973689727 3.730916987272135
-3.6094280920677337 2.351982637959162 3.274664942468758
-3.023422737316016 3.098279011905219 4.821037419771462
-4.809810381885542 2.791456030683951 4.161617483702731
-3.6420583257603916 2.2749105857042533 3.2661749968138283
-4.501214371196097 3.7337372832500044 3.087661861715854
-4.030174519709037 2.488503074963626 4.283465656086417
-2.862403119858757 4.48337294352993 4.489326728037973
-3.637388459964116 3.139864041048783 3.4520956221830525
-4.070133182765091 1.5835140829069319 3.57609574034708
-3.4610522585744 3.1168618408926436 3.9659315672586533
-3.6565786584835385 3.510395337754005 4.5735733572282715
-3.505597022292638 3.4929389861062012 3.4795738924586317
-4.577719762776424 2.453726011773913 4.348545245798076
-2.7821211023724994 4.221258098693124 4.232750254898309
-4.34303241215296 3.856192780434758 2.679765288418885
-4.178377863785802 2.4536694230112723 3.7883825746676343
-3.753256234646159 2.373396257605979 4.815506393874977
-3.9788919537791108 3.0481654436146566 3.904345903080363
-4.364118492157974 2.888264305024429 3.8503649500843635
-4.867147024561302 0.7863910881969913 3.884860469386558
-4.749825202844949 1.4062652500607664 3.543857148465462
-3.813055977655048 2.8385085922226967 3.7265160396271386
-4.724225807937716 1.954229003496746 5.338893193527593
-3.8691488651522405 1.7345084220159737 4.75779676287802
-3.538265365377011 1.1127058942008465 3.4640133004422022
-3.7821273514464764 2.9519488131538334 5.209502982804645
-3.703398452614171 3.1432952186967724 4.893114120684719
-3.2969820871786464 2.6605991186728946 4.7891760305591395
-4.527964236181425 3.081427718554376 3.9666213503711947
-5.338749734680114 1.8780475894411275 4.41439080233254
-3.6378613757712843 3.2884516813196067 3.41170452876355
-3.432505402758784 2.918892054731381 4.312262778852502
-5.036166577130865 1.024917036798674 4.850926216852595
-4.662695324339638 2.421962725974489 4.780417858855276
-4.438473233764926 1.601104330220267 4.165066618741659
-5.001687233429017 2.370826355799132 4.6660392729137445
-4.872845536372817 1.7616758428793273 4.160403889195939
-3.773917248676847 3.0035935397167366 3.844438212389077
-4.358664387652737 2.2335535776969326 4.949358698721623
-4.607090361600915 1.3075788661738965 4.590886468943619
-3.5438875099714906 4.321484730893535 4.493679201719708
-4.5962163833144185 2.176885615705992 3.5323275091050643
-4.722093579058175 2.1098511987593893 4.286292691970759
-4.3164224521677745 0.1185797585212321 5.018523314558215
-3.9894835068295844 2.4776486324540947 4.294152892931857
-4.052694098033374 1.9304632762133844 4.169198464778743
-4.329445538855637 2.4539105832545123 4.109097012063044
-5.3041653978032075 0.5626543251224073 4.2128674845559955
-5.907790859860078 0.703814230236021 3.8731005216693513
-4.693603864009776 1.3631965478649448 4.698642092837156
-4.542926270444083 2.4475773006439057 4.160893916342602
-5.063587771610177 3.1340340500152624 3.924657611086578
-5.469968564587141 1.1360399733965438 4.44741782331989
-4.610764829946157 1.8475343156369466 3.9814807820038087
-5.437430677751953 0.08676927496840467 4.399564196440732
-4.867849318423179 1.8458410746469085 4.905187626129022
-5.083464605285426 1.4988880399204008 5.504023666043436
-4.952468422714909 -0.632914240120577 4.639431071048925
-3.9355337332128966 2.477558191071007 4.329639752366531
-5.180464863920535 0.49541389393326607 4.923555983870386
-4.62570020415284 2.5955351221657996 5.1178379871021065
-3.721304750599357 3.5262025023603965 4.555270356302471
-4.5157259697266845 1.8169462456075685 3.3057595120524574
-5.3164440884471675 0.25870978110835186 4.850895312117877
-5.048118551936978 -0.25813692475925937 5.757035863317361
-4.5902087128936815 1.79451356958471 4.048257889512378
-3.865228503350681 0.8423279565562685 5.447336968360627
-4.705135955682087 2.7795530551173657 4.592918072835148
-5.130655957282592 0.35126843376197964 3.998065655205768
-5.109157359113368 0.03545217655975514 3.6373462324743815
-5.2366639635600905 2.711374372136952 4.769296223712579
-4.568681553391543 3.3845950542585546 4.175217602423626
-4.448550356532909 2.4001641633570894 3.8180316096620617
-4.773945901613374 -0.3712024510124129 4.430796530283156
-4.2258378979751265 1.1771233632183902 4.338706002018615
-5.51609702417648 0.5681428017368434 4.349576439602928
-5.09431258789855 1.683168755285104 4.258346971692901
-4.090197466053172 3.167993861796906 4.930928330864398
-4.440702082794845 -0.7881248407605593 6.9077217001939175
-4.2827532811083415 1.1558229374211793 4.962714920611821
-5.186155874064137 0.14677918049481317 5.198411784767018
-4.526961294393097 1.0568036602299304 4.606833009568712
-4.926458548803643 0.9111340833145294 4.882687851403313
-5.272852256540243 -1.1034063038653135 3.6396894473033083
-5.82414838335216 0.0919220445397372 4.752552704632159
-5.9431870478459565 0.5374783198134884 4.602148188361884
-5.523835114195312 0.391242830112679 4.288277993622386
-4.656436259522875 0.7432093562170256 4.413011882110617
-4.960307212797312 2.7196178874436865 4.184489584636367
-4.806503117674396 1.0197374840735576 4.578922395440617
-4.658062927611764 1.1946213720861587 5.3099047489763755
-4.615198828450092 0.6770939505799461 4.841870872535678
-4.427439759133272 -2.0820545957575756 4.71949705269587
-5.038485710527927 0.7525400543253575 4.408998117145849
-3.8578563519827656 -0.6576682111651856 4.878872148802077
-5.425318487801459 -0.14001259012101208 4.184503853149679
-4.416010220766625 0.44003395170437104 4.566374341491356
-4.66621825578429 2.296054876151804 4.387113033693025
-5.2724991604881595 1.8339586437206048 3.8158936685724276
-5.1535883002710845 -2.0431503281061056 4.233629276969814
-5.65109727071264 0.0493925143053746 5.633764520341305
-5.06405041067333 1.6157725053957983 5.043718965330395
-4.19047317350283 0.7627995013634316 5.263010117781148
-5.0271507268883235 -0.10139860805136537 4.590163135750261
-4.986088283973845 -0.48181547999961677 5.642582946407874
-5.28130639564029 -1.2468281163679324 5.706719567644539
-4.601173807780804 1.153546451109986 5.055862285667974
-4.718608145081886 -2.037614362290442 5.622614558483502
-4.498773684563527 2.2813597051201824 5.014998962569728
-5.278404494603469 0.041319729216638575 5.485202123104625
-5.472256804480786 0.07742595035927582 4.4352933106044174
-6.031198249905445 -0.5645072961316604 4.114254646406419
-4.9137329947553425 -0.3680588608461429 4.887403430749343
-4.140069964868875 -1.643090323774358 6.153153230805093
-4.677006582593912 1.195574764144148 5.011320242063463
-5.41311762786079 0.3931601725749705 4.370309869820725
-4.6087417544008655 0.22952147164534084 5.032569877891775
-4.6520145613775945 1.260851766083427 5.258265504971597
-4.937169221208379 -0.9576419865908794 4.864198306595492
-4.913188257591199 -0.3756875232524006 5.186047965121348
-4.5270960360390795 0.0798444985711306 5.776479815267874
-4.909756334938482 -1.029180373168406 4.771672817419337
-4.9417719964326725 -0.788184633202935 4.680998460740509
-4.694929702647122 -1.441130655907384 5.603111365976137
-4.157005565921077 -0.38509894538006073 5.532346879410169
-4.980293075239067 0.06559695910645841 4.797540353348027
-4.508774068394274 -0.30466706132812693 4.165321323463124
-4.442934642901617 0.847584808751897 4.474886049365519
-3.809763246778334 1.638741703760173 4.718738744266623
-4.964111762430361 1.3840100756929379 5.430753068471504
-5.65146411726919 -1.407385240668124 4.848069450574668
-5.636349175740325 -1.954210385407008 4.916551269901123
-5.714735835394965 -0.6112391187978314 4.776772089619463
-5.412206618904073 -1.526381582414036 4.704264795765625
-3.942176948204096 -0.07100265827997872 5.426026847920008
-4.839781202876013 0.44904738423546176 4.5981022034226235
-4.432715634787247 -0.7815228855733727 5.078144450079263
-5.126283595629945 -0.6510214499982445 5.229222230259252
-5.857531573936887 -1.1039392609386631 4.6570343147864435
-5.328146556977967 0.3076808042143553 5.098589485096246
-4.678516487686617 -1.6555279696761669 5.517594397648868
-5.277203195289375 -2.2827757683022867 5.234483288171918
-3.9615343449316116 -0.5186559955011576 5.120294344635189
-5.29770957695633 -1.845582088951193 5.517608420459232
-5.180706500351338 0.49599477495628175 5.8845937747898525
-4.883107424052148 0.6064368249642084 5.348027677989076
-5.601904525270209 -0.5918842680001394 5.213622051099164
-5.302942676187327 -1.8094826475374899 5.253643500742461
-4.86780077984558 -0.4723613646365588 5.181382952797844
-4.689204289762806 -1.5236303137692895 4.25115033981075
-4.151668316127819 -2.826382049598162 5.60365804689113
-5.281111049792259 -1.412083071760169 4.936749145556225
-5.316673891844944 1.9138855616892512 5.478482847050423
-4.092770513814349 -1.5230450192468559 6.326385965710393
-5.311630739527379 -1.4940698632074192 4.559094033918338
-4.893596854677219 0.3700299087139631 5.389624301757939
-4.84090725032752 -1.1924545260279047 4.881630577324805
-5.110318083256629 -2.547232918634875 5.31114131189176
-3.182655384061336 -2.808238745953795 6.11166748538733
-4.696226252970576 -1.7049564268756938 6.248786668485528
-2.9205800103328907 -2.0164857024894864 5.1140777490830525
-3.5278259887142545 -0.8643680598492421 5.022369067408369
-5.010322603661063 -0.7336514671638354 5.943182762283419
-3.754550906842847 -2.4002559503236838 5.7366702625661805
-4.597960707182177 -1.042846849986865 6.052905702201821
-4.814621279292769 -1.6559245320170422 5.283199229959626
-5.256690279755977 -1.6877834970259598 5.4514270402703895
-4.898946218333719 -1.2476844535974871 5.469356947858635
-4.302290097383058 -0.5220127925102529 6.588731614505225
-4.432723857309891 -0.7016386524694495 6.282626309372471
-4.6154096731310155 -1.2513126763639928 5.922440654730249
-4.629479006111096 -2.43131705571529 5.685771932715687
-5.108298891483595 -2.9133264210934287 5.761922281292092
-4.706603156513606 -1.1435501273003796 5.878369927353697
-4.499359164418281 -1.3642164427265457 5.679086874308738
-3.577709280804124 -2.709317079335437 5.207691436308885
-4.842105299574475 -1.0119004466032173 5.854539057024019
-4.131110643146817 -2.281757786807304 5.624882953252715
-4.792786740891406 -2.0726734085483067 4.7515692697986704
-4.441472087900497 -2.3079025819583636 6.762158726137614
-4.26917676393621 -2.1930764711328115 5.045865830027493
-4.533304110206883 -1.602763182002075 6.176786803752559
-3.727626776513003 -2.4317760861861824 5.726510769280591
-2.1036836786970663 -3.6504533095654823 5.3472122288704655
-4.579955816275974 -2.1598163335768525 5.5684079548681
-4.397156351725705 -1.9481384974627234 6.381954213318091
-2.743071183204826 -3.457387136961915 6.287780281511288
-4.294750824940037 -1.7697927843880585 6.374487722685344
-4.286226492388522 -2.147098431357721 5.1329915452686725
-5.274945603367475 -2.1587577043785804 5.276684928092635
-5.023080498227888 -1.4981991434878539 5.831261468973594
-4.92983620658393 -1.7566313915753413 5.970311250329191
-3.2821432257862484 -2.716530963620853 6.452233236122058
-4.614737107368251 -2.4494311321409796 6.035387927174346
-4.0229501877044225 -2.8867097865812954 5.578824034275269
-4.784767045673061 -0.9520285731679987 6.222998144440957
-4.979976885287657 -1.566235706946004 5.372003210550935
-5.4515007373388515 -1.6587680748366493 5.830746179958551
-4.572857966437229 -1.9873983912265292 5.637234680947918
-3.94019146861418 -2.243751954866953 5.686955052163282
-3.412332793664924 -3.022459224497347 5.9317848005755565
-4.513693136877147 -3.696097782293238 5.490236318466051
-4.849802381253017 -1.5761759257671335 6.521373287985649
-4.532670140441472 -2.224427398790758 5.911081305975802
-4.076049898157206 -3.678461689178785 6.2539383062569565
-2.294154618836096 -3.424981535595153 6.1156157571814695
-2.8628041696213384 -4.54989437583556 5.8482272531423956
-3.782195239195136 -2.7758545778591794 6.6382833112779505
-4.557422024021377 -1.9896695975649163 6.692147170012681
-4.3030183881269615 -3.0758185899108965 5.593181155441517
-3.6531420458572477 -3.0713912475607423 6.365627415372926
-3.699863319888834 -3.4635394410490714 6.466527874982891
-2.928537356100801 -3.4275104501302605 6.7938209642546195
-3.292676525949136 -2.6480675104327758 5.897961865862934
-3.7070050324827117 -2.2695087720104947 6.0511899134829035
-2.8363355354680353 -3.7709304505605132 6.553090372892672
-3.031022225427919 -3.010615039742682 6.268891221697642
-3.9817760285479245 -2.197690991639913 5.501062338776133
-4.74121104301259 -1.6362629991299575 5.967223679359532
-3.299346187850611 -3.1887834924090743 6.178857153783773
-3.92532764158879 -2.982696801540374 5.508796869696042
-4.552016369819406 -1.4705734664462953 5.7220790680999265
-4.770447304770428 -2.182408304105847 5.8782721629370505
-3.948378351752137 -2.597155695776976 6.979718818798753
-1.9610405019875523 -4.060540868405659 5.3648548068479425
-3.923479119124636 -3.7807313159950584 6.385393357297313
-3.0444539709171057 -3.3407945698513832 5.466960867323216
-3.364761867832863 -2.726219211750366 6.050167058726679
-2.7882001900183173 -2.7585745680640397 6.2673310494213
-3.0925011829349764 -2.847900035280628 6.493906938211219
-4.248794234215813 -4.11204429099109 6.576812847607155
-4.660140186860234 -3.7372105771843653 5.671820263432343
-3.457558166635264 -3.1594991045091887 6.153196234182891
-3.094387767395236 -2.784310960667752 7.3837469426455815
-3.381971735127213 -4.16275251879835 5.484910054915173
-2.404336261969252 -3.9589187007803535 6.7095852948083605
-4.792228477713178 -1.7084954723464756 5.772041896626812
-3.3674646536438253 -3.1331775164690265 6.788798399156573
-2.7581446809455197 -3.9207321991329867 5.977242769499503
-3.6055422092825276 -3.2436398054526574 6.337811252343657
-3.6417107942271807 -2.6136311455248475 7.313695264757429
-3.2470447018255273 -3.9122541240297948 5.99158398976684
-2.91289971171462 -4.176567757548454 6.285709750552806
-2.5434701451554966 -2.968274161830144 6.160356282542213
-4.809246058492636 -3.6697126689651762 5.481599517157235
-2.409767764077512 -3.9482925467000176 6.4766821926927305
-2.259540124856835 -4.378300866533021 6.478316772163798
-2.5212469581971892 -4.441724606716217 7.4052986276425035
-2.552715173934198 -3.6648682157290997 6.884784372292583
-3.107949289713121 -4.382295910023699 7.056869271859084
-3.2046167996345134 -3.043903397836936 7.411347092514594
-1.3601306943281646 -3.6859727637672455 5.469036171567735
-2.8876198858602677 -3.607857000852659 6.718293472419842
-2.723745075941731 -4.454452609707221 6.005207291116206
-4.340402966515853 -2.5894831460088503 6.94614121769075
-3.52233161974745 -2.6911811589692727 6.215172621329962
-3.19548925244703 -3.7988591739485154 5.890421277631433
-3.954521708545092 -3.4097339486996194 7.440429456797773
-2.91903902373777 -3.771122673520831 6.175524831477961
-3.3663874158402716 -5.143140284843906 6.287149591505493
-2.4038568703529646 -3.458397008030246 6.0291692890316035
-3.216650064634588 -4.37850775334314 6.923444446612968
-2.3963453538164625 -3.5656936013235896 6.80284163439294
-2.7647293659878365 -5.012102340461696 6.903854716814499
-3.698136052383575 -3.1456476335735086 6.418800789628229
-2.1587765681705267 -3.5007741801369385 6.735424243061507
-3.3993158309648273 -4.605044808618325 5.7752952293290925
-2.6877796871121724 -2.5516741810128796 6.564634876590028
-3.1643699972788424 -3.7897077785110724 5.375904842782414
-3.1933600954929413 -4.11438616109437 6.621656368228513
-1.8548397252549598 -4.705621168612243 7.250023585962156
-3.2607874695526573 -3.5581754381814905 6.644465449880822
-2.0521752321032314 -4.238855472091304 6.092138671795499
-2.109112405946525 -4.4114019804531726 5.203945837756796
-2.0235398205300323 -4.39454640162015 6.576926342564685
-3.029146666526796 -4.443895075764366 6.672957663788743
-3.088494993119862 -3.9555529448866977 6.183279141126937
-3.924916429348196 -4.189015873699986 6.468505808648384
-2.598631694207286 -4.468914266697683 6.835197161162174
-0.5365754005149239 -4.313941878380619 6.938872966875979
-2.8302854137568465 -3.785872837098536 6.35341559054444
-1.9039895377882947 -4.034591484268726 6.830335684998408
-3.2007037079102414 -4.057399319485481 6.378689725389429
-1.4977936917932075 -4.440437403148354 6.701912208508
-2.490000159914717 -3.939961288806382 6.048090946724267
-2.7498590102672456 -3.935063715299719 6.159827682281313
-2.0774818241837787 -4.898483046189799 6.89078557170423
-2.2476407493801607 -3.6024135071641528 6.614679940946695
-0.37011957575421517 -5.162179720568211 6.344754222771879
-2.330880866565602 -3.6629724084604782 7.051903156441032
-1.656251935729703 -3.5951112434057957 7.526885409083143
-1.7006028072294965 -4.818735924190173 7.186920738651331
-2.798825767375774 -3.676556839261795 6.579101575084858
-1.435667686230229 -4.7402326508314765 6.236566906597585
-0.1698175187005509 -4.697159266522391 6.801765700215915
-1.5404092367710076 -4.485928589632739 6.943819609819404
-1.3022685866340957 -5.194244846682886 6.782111748691549
-0.6083468122915671 -4.726601809125956 6.426504524521108
-3.5828089567247905 -3.883855579842762 7.31232403846657
-2.621480932159899 -4.1272818839812695 6.222842844402995
-0.5537306220710078 -5.146935857436357 6.73316234231427
-2.451876515062502 -4.045608851021505 6.794387300778322
-0.26085698942584207 -5.421130534389779 6.184943632802778
-0.8652294109361602 -4.2447032929294 6.8686156450931515
-2.3785189265552713 -3.4722058118264942 7.2044076172645255
-1.6185386131637705 -4.148381214987735 7.6795925592058225
-3.154206478018748 -4.672570013096269 6.576456560840769
-1.320678056826858 -4.563834593109498 6.857932418781287
-2.5128846627993697 -4.386012820023739 7.172166599091496
-1.0322961169607237 -5.233253611043659 7.384134404976078
-2.0427234316894816 -4.493339880933269 7.370457850287473
-2.9456783650994605 -4.671925580472577 6.727685084067103
-2.226227224425322 -4.779799146181457 6.412772536032347
-1.1522027082603172 -5.192648704548445 6.962209570075172
-0.8338811253191388 -4.796805895291348 6.5490885155472665
-1.0164002072712166 -5.131561288853131 7.587909915725542
-0.9692376770083592 -4.50292080598622 7.397156866793721
-1.2624489183354137 -4.94671827757273 7.778199818282402
-0.546272703484176 -5.629094292081902 7.077199381873029
0.26812740294030835 -4.225447293843187 7.14606730583621
-0.6421184037393134 -4.37783896322391 6.725925583299001
-0.24738771721350633 -5.3306302437473585 7.196406270283169
-0.714858746117252 -4.240730588666236 7.255060861255537
-1.6638534268147498 -4.047683456555886 6.689424861988447
-2.0573305875178667 -4.391938562097058 7.126493939602457
-2.7554080573990616 -4.56663302660811 7.59383940337297
-1.230923022579206 -4.886829547357963 8.09690239700681
-0.6438566158843445 -4.739047277526312 6.441775159842114
0.22870963281734233 -4.254020053593552 6.67764814513816
0.11598222983050409 -5.02063799698502 6.9486898568223046
-0.21901453707671703 -5.5734593006495485 7.574834099731328
-0.8459120095975757 -5.122953364350246 7.713158137806101
-1.0091348998622893 -5.367033703689103 6.939735450928314
-1.1400701800459232 -4.611439824133773 7.49445828276292
-0.805123469656508 -4.732507785386942 7.798371133236445
0.5302655272632916 -5.63671873780065 6.117119053493585
-2.076109074738006 -4.595501886251212 7.751140651181175
-1.5690432144442026 -4.381559910989342 7.356104136075569
-0.21685113777926188 -5.112923113682253 7.850950928378697
-0.11789978963590875 -4.6353381868911105 7.537504232559076
-0.6643167964465245 -5.202076022646416 7.688522438295515
-0.5760885831250709 -5.596728745538421 6.79939664768666
-0.945131342264739 -5.388466963152839 5.9956806531810365
-0.774691129609765 -4.855843836154875 7.036251041973137
-1.9123194619239807 -4.55391313131931 8.145892508628306
-0.13073938279079791 -4.461233197016451 7.067252211637966
0.6555609920271187 -4.803585550298888 7.170198661700224
-0.5742295850093863 -4.6536250264332635 8.063065540058966
0.18717002328946783 -5.626625202408122 7.017847374946356
-1.1554487368879063 -3.6160483028561274 7.475762272733956
-0.3320322477673359 -5.523967296257729 7.368020806527974
-1.0219911913214053 -4.979102477822355 6.842705209164234
-0.43699957144756923 -4.9528956495499825 7.632209101691158
-0.30401947118683914 -5.22928161307214 7.516290248297188
-0.0879559201244962 -4.630726545355513 7.522332023531296
-0.6726004160334987 -4.647702963465453 7.709927632835449
0.14463433895385053 -5.401422198202194 7.824500888255985
0.961869035865207 -5.020312499037882 7.430058673025338
0.9947068334160859 -4.5739355077663655 6.840570305118054
0.6362529072482972 -4.202311932668626 6.758367615739247
-1.7067005739239158 -4.331579260231963 7.9424538744834825
-1.3874702586937162 -4.0174031134663695 7.9259326110698005
-0.9836977894632514 -5.0987078183133585 7.37913600265461
-0.0426872938677125 -4.891621765420493 7.9752827654718175
0.11138110191802099 -4.603597494410873 8.42400474160572
0.2904938551478683 -4.894670484526717 6.96375915213083
0.3995859411342849 -4.765309938311662 8.022256581798919
-0.5269210219003698 -5.209129512676871 7.491544903097134
0.08638047879283257 -5.6539521681794325 7.068752776045677
-1.3901559864000488 -4.529082364985453 7.215526424598304
0.5018335581765289 -4.502658620445447 7.8593859872789436
2.0022889147595464 -4.050023048238473 7.674853514944053
0.5259021140891744 -4.643127351193254 7.747480751238524
0.9213018159721272 -4.4205264387213665 8.287307642833387
0.5628499305737781 -5.829036858352109 7.700278359917233
0.09071567193168922 -4.920577390294749 7.762054186731341
0.35690375317044015 -5.08552063450523 8.048820237470462
0.6333575752567323 -4.865147160558873 6.891187011971827
0.3548662569525804 -4.965357828125804 7.294564813105621
1.5966420324622888 -4.781650946024386 7.000728187034714
-0.5501972215863458 -4.76189187126728 7.188742230816907
2.2169945679085696 -4.621592155779731 7.482078882783629
1.403371509379124 -4.287590932909954 7.897734095264282
0.19601683523905233 -5.217125932572538 7.8003276405235225
-0.31903466232072075 -4.265229545876817 8.356063260265296
2.150269167048202 -4.011519432249455 8.748155293072932
-1.8988174636013264 -4.1222274399208265 7.5916911699222815
-0.9308495616910522 -5.012813850467675 7.625931958934435
0.350858853507647 -4.756023455020599 7.996559966800687
1.393901211005292 -5.12402335156223 8.982129113325447
0.8490879797486423 -4.135146075089962 6.819461480664926
-0.04244826094927711 -4.2697013572727744 7.635339079047981
0.040675479070659395 -5.184569526285853 8.157738392392599
0.14591419382319906 -4.506537419984188 8.164768377221709
1.7714394836304928 -5.018336227657828 7.354251560138274
1.1662594292069641 -4.20335209615507 7.545795140854812
0.7011245443420666 -5.370468118423 7.371623122011723
-0.45798856018198386 -4.927571216571271 8.129801999128512
1.8000462353640205 -3.956424256218264 8.636272007874133
0.6952141958783346 -4.745511263495216 7.142229974466481
0.3628663570076229 -5.150234098056689 7.815534213374624
0.9008523680877079 -4.497993914280258 7.937060175357057
2.183977417145234 -5.227054361494609 8.289008189071616
1.4096203454046945 -4.436489747573366 8.588573485262888
1.2814427420278274 -5.013586379129765 7.924497684272979
0.39158888805948466 -4.699309733771943 8.30055073660724
0.2388926927038836 -5.816944025918072 8.646436663083923
1.26775694347054 -4.362048653809826 8.568289054934134
1.6535307850199565 -4.727583530000722 7.705860886852892
0.9843952834480197 -4.796405676204115 7.79066732970963
0.7216921172989673 -5.242518639567913 8.841171048757635
2.037161430361345 -3.928952426139649 7.990644937973703
0.568867785185528 -4.503201295462925 7.867919165082455
0.4974434621376911 -4.579250441787936 9.052137431304931
1.876443368272856 -5.287092115434362 7.869785748731461
2.137730828615726 -4.499590648615357 7.742436995252735
2.467463075483488 -3.459307216500561 8.05283357816471
0.3006647332770489 -5.212423271130513 8.183674039510626
3.0648521647426605 -3.1159947849390544 7.24679883214653
-0.045030393998929774 -5.831304071466429 7.9084266552965365
1.176503957808956 -4.545760009098162 7.57479120328183
3.048696906308413 -3.290203353000982 7.787341484947272
1.9359511515462355 -4.193854553385325 8.497600005556457
0.455953956822303 -5.376108980118852 7.451080897158607
0.5498064166128764 -5.049738464127251 8.06866712231146
2.1309128324317177 -4.9617324446190665 8.344350911150187
0.5690861256272004 -5.432645211185504 8.273100268629367
3.1504330856884097 -3.936370716683273 7.727254368714727
0.7173795290092418 -4.837652181644325 8.371162373151229
2.919274935861638 -3.338946064619721 8.362401880895199
2.6827955083233563 -4.143169258481022 7.377284274145929
0.4909797214550485 -5.102113175233632 8.214642940782786
2.7097676902563457 -4.036653035331795 9.383516030837807
1.6537716514563754 -4.9115361438662495 8.01498458147705
2.0941246574374532 -4.189669989772881 7.817764229153191
1.7228081749974047 -4.238418433713253 8.206263241850795
3.6633973965124285 -3.4729163499693585 7.780133877277777
1.6261406055174426 -3.8377828131391882 8.57515726161162
3.568302456942825 -3.9039171057898665 8.283372064822888
2.1961550197149093 -3.9321883617879467 8.245104625331235
3.4281267243796067 -3.8721143148610007 7.438497267808801
0.5841099670592441 -4.658437402516476 7.969530698154963
2.7878706764508157 -4.5395747252857435 8.41520051317993
1.9916991235189196 -4.3919033566382515 8.270302603945547
2.015014184767891 -3.8818819170417145 8.522116825668709
2.3215520516824393 -4.534295039469994 9.373285811439976
2.4038255985199593 -4.1628876273550555 8.308696525467647
3.8422558786278325 -4.021175242187904 8.257251088929978
2.1119751047953814 -5.570185413362643 8.703974854652671
2.3059694699694098 -3.7956860077997927 8.802671942887697
4.1366859910582825 -3.2344540249123104 9.08040967469177
1.9467770193046736 -4.161245198469731 9.074551664391587
3.9731130168948208 -4.3586527743215555 7.906061708063584
1.9662451893633315 -4.1421775830624865 9.268405118761814
2.3887438236957315 -5.305731950073878 8.317225506397772
0.7536092994872011 -5.230220201335407 8.458785200538362
2.453108429911137 -3.464325445333514 7.8036671684400485
3.1562622971441403 -5.2134428021116435 9.227255140903068
2.3173867684977796 -4.024039352716699 8.628034244105198
2.5564012743528766 -4.331984942394497 7.878645697025762
1.7086705492595053 -5.207272209479834 7.402941405539353
3.8691413314819387 -4.333818977664996 7.923730174571884
2.7480078339909237 -3.7522255310704926 8.158986343904818
2.84369045032081 -4.89015428000222 9.02279545022393
3.2484477263979015 -3.4173825867650365 7.697481247381771
4.062266159397904 -3.4329309804156987 9.059657262611694
2.9627225259385335 -3.8230016986389765 8.406916511182938
2.114930442130145 -4.3363956355361974 9.133927132667505
3.8048147192295527 -3.8757451512459586 7.789885297541763
3.7160473511933168 -4.592545720049839 9.1558174679435
2.7264345434493085 -4.351426320178256 8.286344832736507
3.318504644437174 -3.3454737394475442 8.869619530820918
3.837806107942789 -3.2097454880683807 7.981389149536976
2.265901468333379 -4.203894535527619 8.300905714189591
3.424411611598572 -3.1268210630308637 8.280131702938117
3.10602344391593 -3.7313677205060958 8.923943010535648
3.1995935121364485 -3.288144970564512 9.924562829221923
3.2737665867211514 -3.655844003339031 9.750568452112127
4.782734279284466 -3.450854795123854 8.798224744825358
2.9686467066295337 -3.722147148443608 9.063176187557636
3.514117811699195 -3.4866762202064674 8.065608033919364
4.265794745795108 -3.5596280089795114 8.098398597172665
3.896860974024371 -4.133752315742062 8.753567738421976
4.132968928305722 -3.22259646567712 8.971757650202939
3.9207996773406233 -2.44569439460028 8.791623160837936
2.6145675325753577 -4.207564226611173 8.99620386333947
1.8253351565881855 -4.042361557864176 8.03379797707865
4.486307544134682 -1.897713914130695 8.597079804425876
3.623466172694958 -3.6134085942844534 9.055724521759293
3.9211770665721386 -2.8325168544227175 7.99543894041151
2.8285118089314145 -2.9281934549430053 8.99366396751769
4.539382744198676 -3.8167697032210626 8.287046677136368
3.7159761328450838 -3.7881122596129444 9.211875648664838
3.334002783593879 -2.774819653949779 9.848135690269315
4.522484490047266 -2.2064828445131943 9.516056145892815
3.63261963300737 -2.608565636844061 7.8983289426908545
4.2955838984773695 -3.119370624626071 8.292288412520378
2.9212613193368275 -2.517714583937086 8.819735300626444
3.8685356295464177 -2.832870140655679 9.058877489947761
4.214566570643648 -3.4199024499310555 8.678575197230646
3.6153797657721056 -3.058951705679623 8.595355766078
3.9337077083628538 -2.701990461202017 8.366617388676987
3.317958495531429 -3.974649926027313 8.33466207293165
3.7422329971527795 -3.62610395530231 8.22487083101465
3.2107193622035113 -2.9416236277560426 9.969565301157335
3.0199670913031764 -3.8677537044252 8.984970352144602
3.7169448751482106 -5.650940243768044 9.239424460685726
5.143932352844646 -3.081251398722233 9.407099325014014
4.81490183754793 -4.180447626539295 8.719448948730282
1.7134655921980502 -5.276245806637683 8.548468355646166
5.008776260314972 -2.217506236017484 9.074182908869668
4.546474611115207 -2.9295294597395376 9.187857438042904
3.8596519195837855 -3.2618816140342664 8.066876806926405
4.322793413617763 -2.9422572927186743 8.328031653753296
3.3833412512293366 -2.9291454176057585 8.968826196029843
4.418260792591739 -2.9142013210322366 9.009824995083713
2.7499531598079634 -4.346984791973337 8.500406651692519
4.264479056403617 -3.066791436010151 8.803656895777797
3.5221509397296016 -3.536651919088516 8.520566783762487
4.347926200880575 -1.0240283550429656 8.481437062416573
4.281757340997816 -2.1048024976895703 9.24521903086734
3.4943175868106278 -3.310838796089809 8.87949410006809
4.588773559692782 -3.1599945768818576 9.295971034228234
3.942211358976903 -3.123153210901565 8.985605140345912
4.566216993315274 -2.2356107602680795 9.149563255235732
5.317289856533982 -3.30789513532085 8.43923346265614
4.981971923092678 -1.813568895464194 9.088728668963665
5.454291168220495 -3.162531964224036 9.512827038041166
2.9743860977515886 -3.4297954604120386 9.272584874934994
4.914458316192036 -2.891335966637216 8.695305569599125
4.763694254419028 -1.4156727043099395 8.966512126955132
4.047665465479513 -3.137238585862416 9.605194794302289
3.225915155129244 -2.0750181069647415 8.580303650588178
4.313027140208193 -1.7612725456109382 9.38835264666318
4.728823028519117 -2.354961982245197 9.230124283739572
3.7248343324280078 -3.2303351039839345 9.045445892191644
4.087050161978062 -1.1887668066902608 8.478306359921241
5.143660124718292 -2.9143247240853194 9.706026181839874
4.444210574419048 -3.2272647069517952 8.16725209233444
5.195156496150475 -2.5356096007253317 8.822701325917325
3.001945066424486 -4.012002493959253 8.796757273143218
4.267370876915329 -2.441158513390258 8.746368754126749
3.7063042440405756 -4.51177529523379 9.148505120452377
4.637518050166293 -3.773458649469463 10.173142717434384
4.766955182838759 -1.4716579982868456 9.710292594648886
4.454747948328821 -1.6570207951573093 9.594400340173165
3.4320439974993744 -3.5626982197143926 9.044799133833788
4.455696671761665 -1.763185663359237 9.677696158057673
5.2546867761369045 -0.5248064477079398 9.291124001024183
5.337073229794162 -1.9622590034767629 9.235591592438022
4.597514732715581 -1.6129348244891721 9.407725455817749
4.830139564430051 -0.7263353371545905 9.681019202573056
5.1482595916609135 -0.08031810628750934 8.64971765395832
4.044838419832216 -2.1672607048855994 10.606847774427306
5.309902824748846 0.7228647753717086 10.055110483721899
3.9138898998428067 -2.016539099094822 9.418242685238067
4.827032714139635 -1.705990362704645 9.379894834375534
4.396528008847802 -0.28982239354598077 8.73261059049076
5.122019182729924 -0.8629910601526237 9.206680403748402
5.287312643028568 0.1786838475046029 10.117102244149935
4.902654066088457 -1.4944093445708537 10.146948784001669
5.830932165136895 -0.014387785634364776 10.355602728413627
5.595360482707451 -2.0140589052885955 10.035071666621599
5.161072274087971 -0.9314260552426369 8.591662471916681
4.49441880666 -1.1526471117542452 8.707757800071088
3.8761476576007046 -1.0961466207231596 9.825349228023134
4.793411811444014 -1.4700904431039628 9.294270735547828
4.581951484912623 -2.213172527309818 9.144439193298895
5.203618489727855 -1.3515055348772609 9.482222442043643
3.798171989562644 -1.5167683361106035 9.745570813083543
4.398466962219311 -2.279207544472728 9.709636935309755
4.37587773310607 -2.785214526454005 9.453770774326342
4.711570051869044 -1.123534868916283 9.75714068935381
5.881663395603758 -0.8584147812190484 10.199945308788518
5.382080793860967 -2.5620568633137024 9.452434585212316
4.581367144285947 -1.3708283620664525 9.330781252826425
5.429531198620534 0.4486754550901372 9.998019635966932
4.6465761592275365 -1.4490794145463823 9.483153603848256
5.013978662886901 -0.9622328676645678 9.816144225918272
4.935961360993657 -0.2271403534730284 9.120675276419952
3.8018334127822118 -2.733012209076585 9.056422037988295
4.184403157852467 -1.4323185996644872 10.66625439359406
5.20915678815337 -0.030793552843168263 9.646117935850468
5.2210351206551024 0.5694471381245942 10.447964746335828
4.343368050842796 -1.2111207710841634 11.28353531072496
4.1970305406175035 -0.3942210991334331 9.394046663908279
5.880123275838625 -0.7223740528154738 9.142286360011957
4.624282009168264 -1.135592585025566 9.982764391019609
4.50055996872265 0.4561076427586531 10.431012745133382
5.120006092100303 -1.486004306967294 9.738282987900817
5.120459078221107 0.027712004511265598 9.859808517343449
5.16984287968312 -0.2881846083498154 9.717999088614697
4.417314787922643 -3.344992839104837 10.24460364687134
4.511863389498408 -0.5368829180155502 8.957243498560523
4.758500535377796 -0.17136338919043928 10.236950532737195
4.31891540626614 -2.499964774950082 9.591674707392604
5.309364793511247 1.1582453196460665 11.095067065825791
5.0234363822769135 -0.3477102681429824 10.486495161411082
5.324570537008854 -0.568537564224681 9.563703195850763
5.221855677485258 -0.06668068608785385 9.9518024527022
5.254609523924569 -0.7340955329097973 9.90036968756038
5.66594124612228 -1.6614170553175542 10.230381163195347
5.206473999843631 0.0709893908324479 10.30162428297816
4.421933155519055 -2.4662555515437217 9.562593047735161
5.246235457636689 0.524448227333249 9.319030971870621
5.58019626543107 0.8667851040723731 10.670453613923272
4.315545116189013 -2.2649917664497212 10.292939867994175
4.71357904213093 0.17759671077803676 9.855849814860571
5.044884520868085 -0.3591054084483633 10.998150299045506
5.624019866085144 0.009029710073042175 9.391130508293955
