4.2816920470444 -0.08987235053816052 -0.6577139063575062
5.223342376588747 0.48034101818582714 -0.15296383260805546
5.526184596570053 -0.2461942413254228 0.6464138552095349
4.9199973742859004 1.4430793150759276 -0.3994406904649388
5.181205961896462 0.12059031858270847 0.7872032451362886
4.640635103472475 2.5347869034107413 0.839140457567007
3.9732336509276567 -0.7240623171457057 0.4916239894838593
5.074527317584004 0.1583643227173421 0.3913347925634858
4.484996595629973 0.3033468887707203 -0.658790351597483
5.607994736935351 0.644235391318868 0.5313647911639473
5.109815001906878 0.9710366496335663 -0.6962206117620569
4.561176692857321 0.8288112494864521 -0.05173765979545625
5.117944790657211 -0.07511379898382375 -0.7090413130644025
4.994776540674069 1.3190703844552336 0.2352265723740209
4.28950313241661 2.0550667831060934 0.0626747504773781
4.261825385199075 -0.7119844560481547 0.6307594957139012
4.653389755152018 -0.602840320427384 0.6218048873873004
4.938259840843873 0.47148392076776885 0.7182517521275514
5.9999321039284315 -1.8478752423693836 -0.47470998144740534
4.645075215220448 -0.21051257989243025 -0.20153290506222216
4.990729328032627 -0.3600149746646858 0.7264229551506891
5.1286011451952 -0.631643149810262 -1.0787724432422143
4.304117763516824 1.4184036745213742 -0.3454728985220543
5.841097880103147 0.042704988076639035 -0.7136480312741527
3.9440422929300367 1.280763407958752 0.4216148005987312
4.650873013903086 -0.6192267366840961 0.21903575574781226
5.496446696870262 1.853685606134485 0.9810741473622763
5.117219240022156 -0.8389375338417724 -0.5122916614051766
4.213382546024029 1.5740166135484543 0.23575603891277266
5.60027719814379 0.8514273594171835 -0.02085820247709458
3.979050108218613 1.7148135474715747 0.3317576026196864
5.587465937614747 1.3289328276799062 0.5608197538612145
3.814181543869151 1.451343811649566 0.8109175080966194
4.946530309289512 1.1460616461743967 -0.2297316932551871
4.404631194244278 2.3582065668956855 -0.186683589265828
4.802399633737229 1.0936060127842915 0.19747509706482191
5.437918883253975 0.4903069920543717 -0.29920776671058613
4.731163573518328 0.06308063533708126 -0.3751747020916235
4.092332181676594 2.2638152149804465 -0.18629722704543727
5.332692314455016 0.022002761658086012 0.7260676407233407
5.4742612905184425 -0.6048609768317961 0.7215576723911579
4.642437948999714 3.0789837585469577 -0.1820704896827252
4.768851059213704 0.18381357880577726 0.18100090382765968
3.9970605052088968 0.4440948088452306 0.32195939169485055
4.428723206756205 3.091815230185042 1.4205148858614873
5.048481446059713 0.8967668462373289 0.6647090682618506
3.5573317603296335 2.719364874547924 0.06024672529525488
4.529056560729602 -0.38302803786701706 -0.31755855039378356
3.8840383971480024 0.5371999469581382 0.6300064715753914
4.675244002848769 2.1522568126226425 1.4367862724231206
5.190879958369923 0.03286918043321815 0.33905506345979985
6.544136939701755 1.1923962603181641 0.2016725551720635
3.6519959211517494 -0.17729404273494528 -0.038037419894623614
5.591319542740303 0.9686158183384936 0.7486064545519499
4.571657037338763 1.3839183764276315 0.15731509557591566
4.7787152832679896 1.755810859451417 0.9163286181725443
4.517219662020981 1.8591944088924073 0.9357300139701978
4.147069712875645 2.2021616455839252 1.0832361996377449
4.508752373076542 2.9755521301509202 0.9955581159225029
3.962538446578211 1.6246438383413242 0.7315347934878159
4.388971239204811 0.7544092456123267 -0.23619217243003232
5.063139287759865 -0.383088445015073 1.0304496749340843
4.497606087380126 1.5080318963441905 0.3798217620699945
3.846031545770207 3.1826253287202757 0.9407050848631906
4.272086247645731 1.1344346022101393 0.3033524356062576
3.8279114192851416 2.895810070194207 1.6694534637281806
5.003816152192439 1.9999845212177678 0.8743664684030916
4.382313263800216 1.4872426002497106 1.4121339440511838
4.6565621708573675 1.3881092243148305 0.544751561447508
5.2035621778233 2.241822299829482 0.9814289742386855
4.376051927846893 2.290540773499134 0.9445500906236287
2.8627485299583455 4.354644396499155 1.276380970965796
5.1951793766159815 1.4463974272691134 0.36984772896738943
3.3245412430600343 3.272630704981276 1.3215663077506141
3.96072367074531 2.7213128474737474 0.6829911230811
3.59487125085355 3.5025470330967696 -0.22995889940870617
4.620893772651309 1.72457736903773 1.2960455472431263
4.116793188962951 3.283318801346552 1.840795760666083
3.534882676058917 4.296600260696612 1.1477550810905617
4.715794628281383 2.2715321897684406 0.6487532728846486
4.2794702322713025 3.4193617464858606 0.4100848278920078
5.050319093244683 2.2591882437601654 0.6189632476515318
4.848636865177067 1.8207430844769334 1.0684659750860181
4.538614561609655 3.0383379560282253 1.2557429967357305
4.812760092205606 2.3832501053297417 0.886931101751491
4.327551876339257 2.8771641051105306 0.4240718942939082
4.6108575168369965 2.4314953514613484 1.601280857511322
4.541378766356093 2.738555822438979 0.7028665416669433
4.588965898114819 2.1050341071299727 1.5291313104277182
3.6117720820145895 1.9975399731827848 0.15576398572081962
4.721623995713177 2.7108498002493726 0.5800298795764738
4.6693086178239405 1.8023333252536595 0.2858793880835916
4.786994354058544 2.55036164345843 -0.03364766816079756
3.7425433675335613 3.4703877539545736 0.59949327808906
4.495550446712135 2.86074799994152 1.012865017900897
3.8581761215158745 0.9535288168057307 0.9104424926566655
4.479736395168126 2.558041968244829 0.34724111363357757
5.641140026967186 2.7048403505682694 1.2817083964388796
4.889707159771383 2.4780829673035507 0.8544314277885223
4.456280858633645 1.7523216981254985 1.2849150926784239
2.5957098001404377 2.84453106968755 1.4104864146187552
4.291935479506776 3.5191920364481963 1.2606480858235898
4.445968270295926 1.1424960195052398 1.272601859403673
4.1552817849882855 3.286344879216635 1.105775387450893
4.6425732938749755 3.487761724771461 0.5975876472671808
3.910462577299598 3.416600633345913 1.1742674834227143
3.8853042979501455 3.255771567728566 1.1055113486162924
4.258569128814754 3.5835541726819193 1.3456757689284935
3.7375568375662853 3.391696799388368 0.5576463648728587
3.1462738664917396 4.414663975116348 0.821573918660826
3.569743522373271 2.7681163956551496 1.1833374649479642
3.9642603388625 3.688552830709005 0.810200353292245
3.862968290306852 3.6306034800072537 1.18416451143019
2.5775741279395645 4.559563206776962 0.7283254685219827
3.2637305487176422 3.3632620016562558 0.6428017108433407
4.067459657077757 3.440933615550955 0.1554748104968917
3.5192759069203614 3.6562330002772403 1.721673162904583
3.7159115099301387 3.5808905545007046 0.784678173856576
3.6886915441585577 2.3540810094484925 1.16498070797447
4.206811054564921 2.940717543079211 0.23265966604199428
4.294780759561099 3.239839116638955 1.5755204741426558
2.9970670587593315 4.556311533596731 1.7929160925577836
3.0316725180977926 3.0767612153739643 0.8447713926021494
2.041460411441028 4.682380907692245 1.4167493964752682
5.837530071422569 2.5402988031495126 2.0509819396584623
3.7531062933996435 3.056484672445393 2.4839120719073415
2.2151929202199674 4.292268173871189 0.9882559814168094
3.254146158874725 2.540115267362698 1.3502225365009664
4.5567492526655595 3.3969416325778883 1.1891786414679688
2.523044023330106 3.379603340222558 1.8832084913139981
4.932442823577177 2.2451792724838553 1.877758822333798
2.0889865307241218 5.103784188447353 1.4873193944417247
3.0480543167408163 3.950817867856011 1.1441029169765657
4.389569820189483 3.2387665641752394 0.8438785242252651
3.8910344799883245 3.3131372486635775 1.4282168813544964
4.170291448127236 3.6332768109236167 1.7274557036966285
2.1438333790993824 4.173796338086374 1.4902693959347542
4.1561843343405895 3.9793226264004007 1.580736643709003
2.0894240509553637 3.4265648251002148 1.6847134239897559
3.6085872234075613 3.1286284778565157 1.0856094978885744
3.0411630148216986 3.7799742209968406 1.711291090881157
2.5310574111161093 3.96078869441018 1.0066168841344323
2.578127518320595 4.89558555032298 1.6650011030455998
0.7584553820569759 4.425149656689718 1.9109562915374039
3.0689308493856293 3.097385881583063 2.201928053094245
2.2961041874485053 4.672597681647906 0.7638381903003674
4.910513671093803 2.6720540678576428 1.7501604409144293
1.5965121592011045 4.73665539542606 1.4416085527743947
3.8066131946583766 2.778594736645082 1.5674498659853748
2.3789370717148293 4.215630133653108 0.9850524970937798
2.918579994297256 2.991189843915538 1.1765907147629109
1.9457151954064584 3.7390579265297497 0.9091369720611064
1.3423908451979587 4.3105794442819 1.3511024563914003
2.6126653432335663 4.4697347366217 1.9545097897833308
4.374898169361142 3.2490950543208545 1.330821550171033
2.7392880526457035 4.066849311299436 1.1740290063778434
3.7198868132228173 4.567338387598024 0.6048071643260382
4.051512254214854 2.9880847091953275 1.052427364908207
3.2463576737080024 3.889250070179179 2.1352035947413315
1.4405534801571058 3.939277896806979 1.3131265896961737
2.6872289043779634 4.825446625829124 1.063866439320114
3.394805463293739 3.8264408204237776 0.6356450364959735
3.0012773427603205 4.237763972832621 1.4787090148799922
1.4184353333043245 4.495136921953549 1.7958563978259328
2.400461703436971 3.4350581115669216 0.8924047506587486
3.3776962587000483 5.0932611466484214 1.7386414569653856
3.7787452888156614 4.857544382989824 1.0294892176865573
1.965442917881306 3.949377614591836 1.7206776290590264
3.258195691896567 3.222714886298411 1.5252696580274905
4.12327300918069 2.803552778184764 1.491344096538659
2.5626772758757883 3.8942174779891348 1.2791428847408977
0.30334759758086366 5.528595686507144 2.3053915910550633
2.0067845888017333 4.00802364505743 2.35517343449187
2.880379080615035 4.132419812854294 1.5773938670519536
1.3544660364189465 4.44368972706143 1.0179849388378512
2.9955512306876573 3.6928108512677476 1.8131760421605327
2.557438565774903 3.9923599748322305 1.4299123916237826
2.9588978948091915 4.6404235553172 1.1256898336023977
3.2987086234803784 3.8698299573352837 1.7007548069746579
1.0749081969428402 4.69618628332071 2.276282303427296
2.2994411047010073 4.290216216952959 2.2285343544189447
1.7889569842615318 4.692592731465431 2.2192967837848148
2.7577053497031696 2.7883752744703645 1.9262146253004235
2.325318933246131 4.587203682592979 2.2419800838016206
2.024782227737028 5.434531977279073 1.6594466086298212
0.4456878027093359 4.4181345342857625 1.8021153713518985
1.5249358241625244 4.599811163448895 1.9814608030526042
-0.11136809733336388 4.682664719912801 1.5375258577305297
1.6364380767185431 4.8896107373432205 1.804834216981488
3.595609320276023 4.7745651113038985 0.9861668929418631
1.7987589893609834 5.286772706933518 1.9572646398482583
1.3985046536382086 5.068394644587738 1.7967328133814522
3.5627753246352247 3.540005379614757 2.433151251566085
1.8292709732476928 5.239756590791947 1.9240100504811626
2.115838195548406 4.4759704598104415 2.378294942772051
3.506262269553131 3.93671585634311 1.4229136819342372
0.09473884791035271 4.311647789920879 2.4865033808571835
1.5396354940818482 5.980220362894086 2.0529528232382854
1.7002569108431933 4.562447932417684 1.5670027743710921
0.5552105668354089 3.4706117543981083 2.0856697554091683
2.0232990209384956 3.6016745738925477 1.8867787242745477
0.939686010919783 4.846268003904433 2.720959562193724
0.7961263342391202 4.453236746329427 2.6805156483634556
2.815176514093688 4.51976714157457 2.772661427810259
1.018892925840471 5.231168805069565 2.1348480096753244
1.122533158587143 5.392085256167995 2.0016226927494714
1.8582279065707543 4.423558922737816 1.996874085757011
0.4146724470786766 4.4272554171304535 2.4983379036938356
0.7340092915090545 5.80150291450576 1.8997338405030573
0.9489959769025883 4.764224563615321 2.0787707604849093
1.89462760049729 4.6016072616602886 1.929431901554793
1.514499971742336 4.037643681557634 2.637465154201914
1.5492074607409887 4.504737614901417 1.9231038750466902
-1.2374805696582498 4.90752290480038 2.755429342921503
-0.6849707071011083 5.02441613194985 2.58071069197891
1.8205395617324183 4.323989448505736 1.0891464876602766
1.2555720460100785 3.904659664482151 2.546614570949028
0.7714955303970729 4.477428637059553 1.7485683130889411
0.6478465384750511 5.460351131072698 1.675956242197208
-0.6181774855959701 5.131409015895764 2.122401195481323
1.5922374251090703 4.619092309133214 2.6394211949231092
0.9129539358640516 5.050570408531118 1.8480843240291824
0.21594004874113945 5.1532348595433435 2.685661527265338
1.2830494234460013 5.233626046687847 2.7886143775477095
1.9486024514987934 5.373322560163663 2.2052329928495924
1.0807128284203769 5.278205467611081 1.7220695722514012
0.01853919021634789 4.915265512272165 1.9355195885034866
0.3206010108360973 5.386383423108999 2.1035079073490635
-2.0882383620870524 4.512539924797013 1.9569317433487805
0.5384477559292908 4.604958296250483 2.4931152932750487
-0.3570410072807493 4.23833800022124 2.392693806028908
1.290814307265857 5.279684299446641 2.362369190848106
0.18279686512463708 4.851549965133881 2.280545261953171
0.7568898236417093 5.332392743373947 2.681587358028153
0.469607001353314 4.872499675348751 2.793105266099488
-0.15375854061091698 5.650846009073364 2.857746297587705
3.3504015211813023 5.004510024766899 2.0171236736846527
1.1598323334468215 4.888474596655056 2.95335943009331
1.0146439489086205 4.790226345313827 2.4519531549065197
-0.4548303840839592 4.741519608212358 2.432710221590316
0.7912913484232853 4.870684233715965 2.7109342870619755
-0.7720720089244374 4.585964611149044 1.7614362432966777
0.2588121006717017 5.43566174704021 2.4536826919128822
-0.16604162071684817 4.857531888353993 1.8453433933625676
-1.232041987127695 4.655997195774101 1.5876264308018204
0.3765263697914168 4.942066321595358 2.4249947388158977
-1.3346156055544267 6.034732626029399 2.361060199104515
-0.7021895634780753 4.653295250777855 2.0454284273662817
0.43984720349176015 5.698127479669712 1.858713303099774
-0.5810003450779563 5.459951443822532 2.7088906601970346
0.27854288224409596 5.045805672129765 2.7376783701610083
0.20694236045874628 3.9130440998700835 3.438083855305407
-1.8916273452811196 3.6114660880195295 2.5170094013637283
-1.9954665334490813 4.758265048121444 2.1233385591534937
-1.4329415639062582 4.483026562828848 2.8172039277906364
-1.2111431182368306 5.453913887514576 2.3607390357718447
-2.236840170834879 5.242611102098923 3.160775875641777
-1.6345500897749439 4.574071266325092 3.6924328804806716
-0.9541662482399629 5.38141570927333 2.582079200834528
-1.4821205031601934 5.853578428647991 1.6533140415844103
-0.264500833938303 4.484550339797947 3.7025341205598306
-0.7594596603064564 4.573602402464365 2.4519006836333808
-0.0038120609815450635 4.781103488781134 2.3236759792668913
-0.659524730980829 5.040439651557463 2.3466130485365304
0.16682486399870802 5.159849024989303 2.6688513534787672
-0.805010439395663 4.658661005575548 3.064609957853925
-0.5684566029973336 4.713275262532421 2.470945777101418
1.8610855329856995 4.40191014192645 2.243793996776956
0.4383245643465202 4.289103490506995 2.3462332346430457
1.160197915202527 4.568831850921067 2.697833737305178
1.1543338474364329 4.65348577279309 2.8852305506201747
-0.9113123992803409 4.452323903384231 3.1403664513486698
1.5381489395930035 4.753791203449211 2.3723947022925076
-1.6314337455357322 4.763258061189402 2.2228081630849976
-1.017733228469196 5.176689929346879 3.1519482100510845
-0.78397219429397 4.8919297721585115 3.230383738663081
-1.8247239212699766 5.826060185568602 2.702960505321117
-0.8281512044806972 4.69584208235398 2.635559016469913
-1.6453417308745917 3.4858300240939655 2.490196108574743
-1.0518422009091082 4.1517218595673535 1.8821690682878605
-2.121653733586314 4.061432296701188 3.904041024843467
-0.9522294549355739 4.487382378278517 3.5015534924305087
-0.7863153988776812 5.047940477208404 2.9427067950806625
-2.436165859243413 4.786863744071498 2.8731037021713064
-0.4639406704501456 3.981858978696385 3.5492027858005746
0.7111817522634565 4.2625524258125775 2.2552409823703377
-2.76060182621888 3.8002094967154516 3.538630052004922
0.02389422858682268 4.561863782259576 3.2480550674577042
0.44610729887722284 4.685588391670197 3.8285344110637736
-1.2047404328435256 5.306114472246711 2.243668803545722
-2.1876803692042324 5.996227752681938 3.5161501824728396
-1.585514103064181 5.018037562682912 3.0564384543709195
-0.1894776656138108 3.7577666561899354 3.8679514728800752
-0.6858546621778611 5.101643341227734 3.0582600773372186
-2.0003207719339473 5.1557821917581474 3.2968142960224713
-1.0836074715664967 4.761177545277903 3.6646832898988078
-2.9105041182487064 4.073685442011616 3.3506958023190956
-2.493008638629245 4.937934218631544 2.461182363770162
-2.4619486941113404 4.474171379604916 2.542413290660955
-2.219966015726928 4.512082871183904 3.9210807899001967
-0.29164862833079847 5.797678466830722 3.3039244079562153
-1.1287974732056323 6.318508238725635 3.6770597145464
-1.5880163761279522 4.966834441392528 3.005470654783273
-1.3949784738958328 5.207407000896217 3.126755804717008
-1.6279096416565868 4.506280943210943 2.7003790724175176
-2.4843815354343786 4.865342845714455 2.578305171395919
-2.5270145750790505 4.687076948820624 2.4237959554158532
-3.3951575998752577 4.448856103981346 2.2105276676534897
-1.9865039528550226 4.513959060162087 3.0295775107983904
0.24738452520777132 4.693191241604799 2.6279360461246966
-2.2442089918402086 4.480902097641046 3.7023860686290995
-2.0118737706381404 4.441748738642991 2.4165918932740333
-2.5798125098218625 4.519584583229909 2.863019740778059
-1.7012802298123852 4.388888914577319 2.669453626775232
-1.7665877650235196 4.442114265745316 2.53860424542087
-0.9035763136949425 4.775868575941067 1.8308595290267258
-3.3786532634834696 5.214307548072432 3.1646339312163616
-3.5320322323959092 3.6548990613369257 3.285945385582581
-2.8446154695607753 5.039110433345445 2.922863505458627
-0.2566024683877567 5.035728108058573 3.11521996704775
-1.2196798924218837 4.6261833041114135 3.279023518243111
-2.0950727034839667 4.167759942229373 2.855539250732906
-3.3110006702645602 2.954952459753129 2.511321694690892
-1.6117693590688584 4.934188303600838 3.329041208933694
-1.1861301369933508 4.995791448241072 3.1349304654503047
-2.391714747930674 4.456965754737055 3.8170255276077243
-2.678971869592897 5.50742028723073 3.515329394264997
-1.2912591080560811 5.26579849502928 3.3490846161106034
-1.820326064164684 4.711725788136745 2.912704706822287
-2.669531649778339 3.5238983103284096 3.614787179165278
-1.6215241831382083 4.582206021940632 3.0108861445564923
-3.1351551036748693 3.586905055699956 2.9976470787798837
-1.3658344588347955 5.27657078418249 4.15752512023946
-3.1589507422121206 3.7658528419807102 3.7371009744842203
-2.0135228862002728 4.4872991554757435 3.0120204094670764
-1.176006387759328 4.731757749597037 2.9711967059076994
-2.4879892700697144 4.589729249978474 2.985134624883849
-3.0325863821494217 4.46534462052936 2.64718317286183
-2.0744369696610074 4.0227794302539595 3.1137129813770756
-4.632734742986411 2.0045465809316965 4.437785584125601
-3.902414887283625 3.3799521036982774 3.941252302886126
-2.8803436853872313 4.847500468981808 3.1197352639746874
-3.4749689863084665 3.7356116367208303 3.4741473866611527
-2.4160468704818823 5.068198551201332 3.0567656599397854
-1.8711959419180213 4.36520527182606 3.487119558998465
-2.0150439038092363 3.923935311845069 2.6883052434615453
-2.2044388882593644 3.548276982621757 3.1843529935064074
-1.138841598203246 4.69504400694508 3.6518686781111906
-3.075853776115763 3.643368891147565 2.5532541839302043
-3.459784987067676 3.6438231274915607 2.7211611169918615
-2.906382685428793 3.551133174098593 3.8604601241058916
-3.705968343494587 4.145888133108234 3.484693551311089
-2.4201199739714467 4.005755066781782 4.051246652234099
-2.57560178021351 4.220443899064579 3.0341011911959175
-3.916526497734958 2.7104906869023964 3.5009561328822505
-2.1005233646173562 5.575365495499985 3.337724849902416
-3.3660389857862336 5.128325624254415 3.1112211642299545
-2.820043475466141 3.879602343116788 3.8118586088953683
-4.558897671290529 2.484372884982277 4.403843339785425
-3.4421025741593803 3.238102431513415 4.876708862028819
-3.5587363039801088 4.371430035519831 3.83471990028398
-4.013818078561505 2.7941297307099107 4.99193883250543
-2.3192303448838834 4.007301451040021 3.3250091729609146
-2.5404311313750343 3.289728886619421 3.6383681930203076
-2.7630862003956222 3.8839498348305046 3.426940137964222
-5.6521562642589425 2.662220139231341 4.383307072498741
-3.636111577316402 3.1283742493834117 2.75282040039502
-2.2234320397363008 4.788178960091999 3.286163487288375
-3.9950911446429282 2.6353340837982002 4.233579246006265
-3.5824172624175494 3.2896726650762993 3.5711840485311095
-2.119489517007652 4.898018288729445 4.35808379462692
-2.041846944184875 3.7326704681454568 4.159719872562784
-1.4989174095182796 3.8170400733577883 3.4164963615006987
-3.046478072655619 3.442794212502129 3.0187337925667816
-3.3253813951055418 3.2295095538182257 3.783985741888089
-3.1251717450532825 3.4947963519107854 3.7520468639147935
-3.4699824360141744 3.6791320198402775 3.715683801131167
-3.938843744851361 4.128272350073462 3.604904723245113
-3.018050662573698 3.0411906310902457 3.2850335493596203
-5.153192681086647 2.4354822166626113 3.9478102886294044
-4.687644684842194 2.711539222184836 4.006600099619945
-1.7762156888307694 4.63823134758357 3.2504657102398027
-3.4513097467696836 4.025193899316918 4.483736646558919
-4.846809051784476 2.53409697344187 4.305329501899914
-3.53715585520004 3.391619424835054 4.589154901999016
-3.128310700913371 3.08500241670208 4.406811273723287
-3.9263718407522847 2.4849890469820526 4.094263314060564
-3.4335174545302443 3.5608412622267176 3.8667818326151187
-4.660359150213508 2.781857731787462 3.5749536908626407
-4.3412703631709535 2.2118743393189457 3.7369267190704685
-3.4551334527652573 4.131698124155706 4.440556526142553
-4.035093644171788 2.3374376671172334 3.566384885638898
-4.032265735856347 3.5491345314281326 4.000895597430392
-4.332784025851861 1.1285668077673314 4.214093646158317
-4.923571604042856 1.6733328900497013 4.547588621491639
-3.2568835257111557 3.5215355972932985 4.596450592456675
-5.246673430716191 2.032141433279513 4.351285883529559
-3.387106676065371 2.487211119820263 3.5687158475644973
-3.2246205948942763 2.3070181066194473 4.6160784478253225
-5.026010412820442 1.9647795022791743 4.064797315801317
-4.671940728086375 2.011300514375598 4.7527763467852004
-3.7214501003138576 3.5478296252005994 4.996704450228152
-4.60131545919429 2.6283243123928655 3.480965808055141
-4.3327529100583275 3.682879392569177 4.8000865536824815
-4.118705173137203 1.5126434301953249 3.704634796906672
-3.8692177772122913 3.447194000808453 4.583986453669636
-3.26916431196494 2.667449260241449 4.260861610002861
-3.8214886125059495 2.5887066495930298 4.282222561580183
-4.149164245333688 2.4756624736531543 3.781224364163108
-5.162906752752205 2.096053575524671 3.814181200840302
-3.526437240174717 3.5422651063102757 3.6973172523900493
-3.420238478761345 3.0126397847632957 3.5719514719446694
-4.666337548160209 3.2674228202010385 4.229957828622902
-3.7476004706625465 2.1286752734309022 5.154142281260535
-5.613003747101706 2.3523222094538374 3.4624307992695864
-4.074528987056016 0.5272996914931836 3.8892226939481382
-4.128726149038272 2.9193847560523016 4.3573647534253706
-4.286903969472333 2.8265610810095017 4.500408659750559
-4.922545355461673 2.500745463526962 4.483875528975013
-4.4236464735979055 2.2600777531187046 3.895254175845375
-5.109127872498751 0.26132066494661366 4.341997835910488
-4.337247508956079 3.121503409937932 3.8529192469381797
-4.39669926769541 2.2029710113209577 4.536225516680023
-4.877904415214082 1.7542750437447545 3.833176736490599
-3.9874908214185782 3.3298357085087904 3.0366665110520756
-4.862535472171882 1.663397656273541 5.052730797145027
-4.387199433416118 1.911473674221445 3.829016642206042
-5.198269784867983 1.0149329181937201 3.9600565107713273
-3.967378388881864 3.4520851050086203 4.021332551970945
-3.356857220459821 3.7935546017347144 5.217914280036274
-3.9920710135403503 2.151411042585177 4.175263487808725
-4.8099352263657105 2.601884722585712 4.106176467528788
-4.349729890354528 1.8805779671476972 4.489672451313295
-4.888639674695731 2.8560830790423988 3.370106007728139
-4.287868793451756 2.4837390781160495 4.09699258288207
-4.950409508788149 2.373108378655897 4.438987767749467
-4.067010643514144 2.396204323784976 4.131916280798025
-5.266055161504657 2.2067391170512423 3.6962691712886446
-5.423716828560346 0.42926082287670114 4.151137167534689
-4.169034639192564 3.778481752433996 4.935516167360299
-5.662866601903352 -0.1800341935853803 4.88091962129311
-4.3402582628417985 1.8707754443209457 4.197920821660263
-5.957694128269345 1.875431332958107 3.4891793575721017
-4.7048161422578625 1.3702063198709347 4.609168787184893
-4.876351031439613 0.7351260877413498 5.365248618859716
-5.702511680085112 0.29441329871664473 4.089817824132659
-4.452785385112911 1.1181136202616988 4.754327973976217
-3.3162827769061693 2.053039556207307 4.281000475817229
-5.057142540071491 -0.27691785152583703 4.407088190982517
-3.743442462971979 2.742409671775131 4.622579788304107
-4.283322226488825 3.2182278132604374 4.167239179864784
-4.783131581673184 0.13252913233837957 4.325963132583258
-4.4639294896080575 1.4307296216476877 4.332374160771609
-5.398914327002852 2.30527131206284 4.354057054569843
-4.019750841199788 1.9151283474408423 4.801832598565627
-4.944998746506867 0.27809856383546605 4.746885875899565
-4.768087985930346 0.25024453715932393 3.1532058000782293
-4.364118378203849 0.6461077647463477 4.773950689502247
-4.310915677870145 1.3807400989171301 4.729107147018642
-4.863046547353285 -0.027195776130570393 4.183114495621892
-5.632506413452271 -0.43202105098061094 4.3347656981072005
-4.191754689131316 1.6787774498667698 5.082688574612405
-4.83811909815948 1.416729501818547 4.697153125830928
-3.9537857512588324 3.1253994404115497 4.464517791000862
-4.217743494429357 2.7719438345335203 4.757376424647744
-4.954438704089698 2.0351507553972756 4.297742589254857
-4.642695867255665 0.4440375504805472 5.590081767626986
-5.133937472361743 -0.5639983065362951 4.101874621794788
-4.938382318153178 -0.6154505836584699 4.53583211841963
-6.128580317378054 -0.2535447534184595 5.115474711158027
-4.761923604806884 0.6163690593832337 4.771767790089139
-4.785813730099878 1.679850921473689 4.869689341504361
-3.752576734742497 1.5054048761471435 5.261246464884867
-4.784599800584758 1.1233549590822443 5.208520957628326
-4.4685541422012784 1.1771726106189 4.531270479617282
-4.879762462180392 -0.33755106576164146 4.93618428810758
-3.8284244500534546 1.8503451780547622 5.261115144544531
-4.49333387959228 0.6266283091142283 5.189863666911955
-5.346680353604347 0.4051230063844568 5.092749187903422
-5.418452839208838 0.5190199382201621 4.625042749759438
-5.225061072919841 -0.5274347273114529 5.117752818404094
-4.923128893197275 1.0021727751335978 4.63362679323145
-5.723604919876852 -0.2616784857021313 4.645237240709212
-5.48673119675968 -0.11420911620369867 4.236582401164751
-5.761772484967245 -0.2708806031053724 4.4578419306313375
-4.474265779203509 0.6022275989479917 4.6851373569266395
-5.177710923983268 1.408313946426592 4.627053158370772
-4.298760216222255 -1.3274091649229431 5.053346940123736
-4.74962632070857 0.42384757805216844 4.699854825293606
-5.528968844415878 1.373407474342433 5.113238959417405
-5.514040462815267 0.8425541670971679 5.364308360196817
-5.112864722798382 -1.4727698153558035 4.817982311256882
-4.236724450890291 0.6581238548276213 5.027708685459556
-4.4266315809851635 1.5225052788336368 5.471953490042366
-5.136129183976584 -0.735927161396919 5.429930788678013
-4.124304494426988 -0.835425119756586 4.977330349854728
-4.804885026608815 0.7886860135315126 4.252842167550474
-4.852824663176379 -0.1819865492574806 5.158411900345932
-5.509097524907095 1.3786510009835076 5.753389615060783
-4.682084572209982 0.18703599501983428 4.283882323017747
-4.630878340576304 0.9592288718322199 5.6492807425112
-5.172195137338012 0.9913105542379658 5.316263451690161
-5.052733052650408 -0.38638121656521424 5.519327944031385
-5.766206657732625 -0.692111530966611 4.485199350400186
-5.552297422600689 -1.2327650271376636 5.889372000323832
-4.372676419475752 1.6091857533160039 5.832993823001048
-4.992931839757463 0.41200934471943396 5.58889400577031
-5.490854769608954 -1.9702400633283965 5.003559784848396
-4.040054729620585 -0.4119026176547771 5.117969266996337
-4.950653513476544 -1.8749990419358362 5.4849148054803205
-4.652772585331227 -0.022139097497256257 5.0825136051543005
-5.023794823915288 -0.019960052392074715 5.103280184942866
-4.628210517744785 -1.360285738533145 4.653131089560112
-4.850251139856828 -1.2226718874647422 5.0812549567471
-4.716499219421425 -0.8429678347851282 5.131266437065065
-4.419124503496058 -1.6852491096088478 5.5978560609655
-5.647237249599727 0.639516578791219 5.016621181805
-5.198476274587374 0.7758668913639479 5.621449576678514
-4.362708278652483 -0.6229901235903074 4.714966780465029
-4.6790017861533375 -1.7829978213218711 5.365995075340844
-5.297522402852026 -0.6777597791607778 6.099067271097697
-5.041095800711455 -0.9356930691183358 4.252761278020245
-5.590905459653072 -1.0423986927940223 5.145313112039397
-5.438381904865964 -2.280263890183306 4.808073988531949
-4.287939365794213 -1.6748704736391782 5.885284571871794
-5.154115873334128 -1.0186794923681484 5.2213333545617004
-4.452683954082469 -1.8692959235785789 5.752967744344979
-4.972528575186092 -0.9432405628754972 4.784379197917669
-5.205781386509825 -0.34429149778734597 5.788973044782595
-5.98146458789922 -0.3300191972791498 5.323742402936142
-4.981134262760519 -0.61579253661185 5.175003235684212
-5.406208445494691 0.3067783948707155 5.051524504401052
-5.548855345881668 -1.0199317913743062 5.169470941675677
-4.976498349345027 -2.0221634573436775 5.73927727248376
-5.2184857717600535 -0.1438627131379175 6.2359912046939
-5.458246835545798 -0.899529660522363 5.3718784387300795
-5.070578428426721 0.5163450675609279 6.356210749152488
-4.642409908197416 -1.8015536740743079 4.233242219372736
-4.067997405068281 -1.6371097847482503 5.783908262466512
-5.356260934800495 -0.42042897766076626 4.958423359535839
-4.3186462816820015 -3.008019276545859 5.580889824276421
-4.476638965286366 -1.7341545521655493 5.500328094658456
-4.867792130896026 -0.7574210441510196 4.732689181684203
-4.74672547215748 -1.470708064940606 5.148972993622218
-4.495746517024998 -0.5555381540197167 5.327369566768092
-4.673493630446784 -0.17925282382486743 4.814218665430471
-4.133148868093837 -2.3968538339097916 5.431277793548445
-4.337037794989924 -1.401627102847037 4.835378244167205
-4.532650945423345 -0.53145885683621 5.741277376349318
-5.401011040173745 -2.417936046631118 5.369108466173068
-4.93014785587845 -1.3457923196815313 5.128798877699391
-6.2103643904261805 0.22768789343078985 5.2954045091349515
-3.410279624946338 -2.983341521682364 5.7613227470629065
-5.002982744931664 -1.2592685542298074 5.2151750266913774
-4.92835993777069 -0.24650353616040654 5.215446459179832
-4.659246268458611 -1.7369644913380535 6.295131154544345
-4.5680507815747955 -2.1158153323395146 5.038678617196506
-4.454163387945684 -2.6720683382093937 5.291817934952371
-4.818840590453528 -2.130840075314468 5.721166878780031
-3.688402086562402 -2.194790538760724 5.686742164740423
-4.1129439607420215 -2.528019135228334 4.674866618639123
-4.218590107178027 -1.12230804279133 5.620127890287199
-5.574979636429631 -0.8906013170644829 5.9203615566058465
-3.732445067298888 -3.9348409286379264 4.972513228380858
-5.030929057568627 -0.2235246761379829 6.365751547678964
-4.5051928860575625 -1.9758927614786606 5.419274870136705
-5.3300020914528 -1.6271429550831888 5.529345049323334
-3.7400817279212895 -0.9720991984020263 5.898356211369669
-4.8136443333548495 -2.578852290743386 5.972723405133956
-4.240418161478648 -1.9196065758180945 5.94132853349246
-4.676171924968972 -1.1696735136099266 6.025323781814667
-3.429803726097124 -1.9404084732683877 5.742088815934392
-5.513170095180861 -1.5314088468791334 5.554780939481597
-5.512048656511382 -1.2749827434610654 5.101841260759111
-4.340622585741616 -2.6866482945793466 5.865338121297452
-4.308149940594553 -3.694355721950967 6.236962693135298
-4.527693921361567 -1.7657605449631664 6.358470959663557
-4.446186470843483 -1.6812781393101008 5.865077395499018
-3.6865219926022803 -2.2442395532112704 5.321416384146737
-2.705131207580738 -3.700889652174778 6.057231551218852
-3.8501246259236646 -2.275016114278957 6.055215138517899
-3.456108710146253 -3.1096998647988228 5.375575574884963
-3.8473271450365223 -2.918942817880919 6.050351991014047
-3.0883820191736917 -2.309960576082283 5.927585641888244
-4.647704112418954 -2.806718603739235 5.301903205415492
-4.558122396331543 -2.581242804837002 5.578230172038508
-3.4197010562349965 -2.061897861028131 5.490667217471218
-3.888627849348312 -2.1585115999571918 5.851200421554886
-4.320519283943392 -2.8942517806124846 5.384238231717571
-4.50668843479979 -2.6849392715630684 5.836755867006686
-3.705543051819806 -2.8015002509226394 5.476364934533863
-4.194492983895459 -2.6509930773746997 6.431228435812657
-5.200559509114303 -3.1441344084933167 5.358825562183429
-3.5393368855529843 -3.1858428566100523 6.116400729502539
-4.919568598200814 -2.1000244296100306 6.278186699133268
-3.668554908548459 -2.782235171788293 6.318069382155698
-4.350019977829692 -3.2711341005739794 6.100761908242837
-4.481644905791249 -0.14765900148621625 6.4769354547617395
-4.2812148987478835 -2.2932058029499314 5.611459068292304
-3.839812863068299 -2.7598918505108974 5.8950390253262395
-4.068190600460618 -1.284179125157905 6.107798770057277
-3.910671725318394 -3.08646248209099 5.465812812231702
-4.174414238344955 -3.5632771180437186 5.726027111183601
-3.6813204237485104 -2.461263384026413 5.875681097093575
-3.9814160035072628 -3.0078538768558616 6.695513951798351
-3.535955817704926 -3.6184456773115525 6.056136283596701
-3.2135624327244945 -2.848186765276194 5.999370872087451
-4.611662598137811 -3.404700598794628 5.811278930588838
-3.9908254048432976 -2.9582506058994484 6.5986245934842715
-4.404409443956145 -3.224713655690998 5.745036111929838
-4.4944078527636275 -1.7866483556452897 6.473415696447694
-3.5229750318108524 -3.098611912401908 6.2117339633636
-4.270168628666011 -2.4882614730540187 5.601493687370207
-3.2012274782501815 -2.6763459015064806 5.850595462420563
-4.835199179867099 -2.321625526542696 5.859429486595504
-3.1291057430732545 -4.440687149850499 6.562958237279151
-5.413495021610559 -2.8214401441291432 6.596685392306352
-3.547240484614774 -2.928647330784634 6.743166951424827
-3.6101664524381727 -2.711405301667053 5.879845671713033
-3.134993159581313 -4.186392601141908 6.417490473972455
-4.038525894843264 -3.3669392675715253 5.339567550726253
-4.229753445275241 -1.5580187356554407 5.899783380474339
-3.527734727732138 -3.0366436076700674 6.302018826872488
-2.5628840088383065 -3.539835979142822 6.059048805008724
-2.94840447566786 -3.5820261384654697 6.657357347607007
-2.4211915662334467 -3.971265178674701 6.108008197575103
-3.354251743917628 -4.448629348839918 6.820063520123865
-3.901794968497506 -2.835413044299266 5.962548800523665
-4.0899670440275635 -1.7623741060802702 6.288680767394299
-2.5122648155693565 -3.9400266144900833 6.436990427794068
-2.682097271419561 -4.120580885297148 5.939243552803965
-2.1580041098435334 -3.3979010294195833 6.624994506792366
-3.2151448416648414 -4.492934299601801 5.859533759966965
-3.4979863112698766 -2.4343048870133184 5.914112652832615
-2.717016019843361 -4.126487818444268 6.465287293525014
-3.2204747494394437 -4.13276823448018 7.026736139216918
-2.3981834721318567 -3.5870075236984644 6.4363974981719965
-3.028022130516557 -3.6655487945994536 6.4685443106434155
-2.334681511812794 -4.392217200424461 6.40558014388465
-3.162802736031184 -2.999909070411802 5.912560190584879
-3.579083982073093 -3.1471960728586588 6.74225597828846
-2.7668351147679537 -4.092130862882196 6.610915246643567
-1.913771875269803 -4.159383139275301 6.300568549912015
-2.021218464751856 -3.1057860383921243 6.39189916624682
-3.6626317360960234 -3.7800865430266057 6.811918990078886
-3.829147424592957 -3.2368662545969626 7.531869338295363
-3.683154658869218 -3.6740451937164584 6.368280236525352
-4.310851217824772 -3.516468881630769 6.9591912802935285
-1.6494849136180034 -4.575954935734104 6.323576839086515
-2.566558319138146 -3.4890643038537434 6.474523047013101
-2.822903947052081 -4.355613465467867 7.638639653124891
-2.3268543226364815 -4.053764267550127 6.563812399777173
-4.222117481885918 -3.0979621330202805 6.214613856210977
-4.556792035072731 -3.923425191582379 6.024594451480773
-3.3226213702025307 -4.143233554972256 7.3877154194250965
-3.9273548032546506 -3.4564637851812448 7.161726338766226
-2.4120092534677755 -4.557922681160661 7.048124274530603
-2.812942060455576 -4.223884029311773 6.270981880372895
-4.793039448254586 -2.8053451949863786 7.069859958268697
-2.1091636125232225 -4.653225983560339 6.082109912673726
-4.9176959460199345 -3.2371240843216587 6.907216188942462
-3.8903325922110947 -3.2454693997825514 6.971883275618595
-3.0569219907635516 -3.7705555645803916 7.215203212330217
-4.136265753925389 -2.895986628872882 7.002191071783352
-0.609321721353708 -4.867567191014228 6.560917966062866
-2.5430448118874738 -3.980719588050873 6.184447440070008
-3.542822703050081 -4.630704457348004 6.99045582683342
-2.0569826491275016 -4.294442755666532 6.552706528548534
-3.2163141122826624 -3.665942867748075 7.35079642504015
-2.486400517514485 -4.984665621743837 6.885279130325568
-4.556603538004062 -3.5982914035720217 7.334661323748269
-2.4051846394674707 -4.873417636861968 6.541176745690721
-2.8508434139003818 -2.9012001951594013 6.58654983482066
-1.0455978116733946 -4.06147813317787 6.379779053866714
-3.139622882203349 -4.019302570152162 6.8716116791005
-3.2041539071415133 -3.7821393336359725 6.869320861635946
-2.1731787686045982 -3.7039607296991415 7.017276994782049
-2.5528900890603894 -3.4716648719586938 6.410846593502731
-4.125944469295732 -3.8739387687602878 6.746798701674724
-3.28676681368406 -3.8724358415117206 6.617623795587885
-1.6337126935803072 -4.985211810770148 6.830630754370891
-2.925881926560217 -4.3633827363882265 5.971692868823044
-0.5384220520171284 -5.957099588412521 6.543267331718317
-1.1412867170670447 -4.244167981730792 7.094554168925235
-0.016147708521550463 -4.872541889981565 6.636442810465574
-2.0475341491081327 -4.200315785007716 6.9140195436047645
-1.497669383930237 -4.830393280850067 7.255855263503451
-1.6344209389951299 -4.423388722535673 6.421264819233344
-2.058341609671553 -3.450656529234317 7.456781101879831
-1.0941981752045997 -4.930765976895738 6.751229675429701
-1.3658464697897144 -5.046456007767403 7.467872082683528
-0.9995193301845485 -4.301872829869842 7.251255591577659
-0.8197590062570077 -4.8804866839430705 7.15238233223207
-2.623919880836077 -4.177900094542316 7.397370412525311
-2.679866284812592 -4.622631380963089 7.527014096522613
-1.6424128145194272 -4.917401843506834 6.776076013368126
-0.454360107749469 -5.138267778222975 7.180552836952603
-1.744657043582179 -4.5460189669166295 6.831219765773345
-1.1881972904428972 -5.7767143567246535 6.998671035029999
-0.2686692957794341 -4.699740997827312 7.748810230672939
-1.0498394397285038 -4.380531896569646 6.681645021156477
-1.3580696024549603 -4.670935941098632 8.030541604401696
-2.5607423479393394 -4.593805039431063 6.8370714253426845
-0.9564396753735358 -5.045531081187982 6.90541876953428
-2.3100411483053658 -4.177986144404925 7.779406836982868
-0.7622403871994239 -4.992629430939691 6.7942894247561005
-2.5974920929914385 -4.695186107828607 6.667821262961498
-1.6637802028454538 -4.968160447816811 7.380098525315749
-1.1192342707667557 -4.889029066460077 7.535342991286666
-2.721501602659758 -4.929578144747829 7.556788197386797
-2.629089252488488 -4.549858550747677 7.42191800108132
-1.0495362014021303 -5.093091346578852 7.356224070794553
0.35663793053595166 -4.953763738518016 7.2363598127747695
-1.6715570964301012 -4.5852397816333035 7.070771336176889
-2.009345920268976 -5.832962246319743 7.360277970618151
-1.5195336058476065 -5.1887179691320675 7.570564654825063
-1.28617983601042 -4.269615244266834 7.425926750449912
0.9649830674161374 -4.352938047387879 7.226743793322989
-0.1764930843938978 -4.665282869245998 7.5644882279969945
-0.22539784560006992 -5.539377596663369 7.048926056514332
-3.1188994589116774 -4.765614753955777 7.75395318668431
-0.8815683543288119 -5.062436934382053 7.09473038575068
-1.0409280135896861 -4.0279009371392736 6.766322484902552
-1.9847288808181 -4.640045200029405 6.961004768585326
-1.5790614772660254 -4.269967842534121 7.6467867437948795
0.9161289986060149 -4.896096584689654 7.5736879850918575
-1.6022402161787672 -3.158443967966395 7.466111078583507
-0.747092042340903 -4.820356079759234 7.002853180959533
-0.07894260872568633 -4.9166815698702475 7.337641553836523
0.29029475579810576 -4.622376731849129 7.97067041951391
1.0487614250780237 -5.835054002240397 7.438020199570464
-0.700531482401183 -4.535959646329887 6.660922605500601
-0.6338888858203228 -5.501513220045013 7.5542657121917145
-2.1925895192883513 -4.293389949494682 7.954861043970586
1.2750751255317176 -4.639405642666864 8.257115968322996
-1.1080228744382732 -4.969896530079215 7.554839022548886
-0.7697519847851694 -4.526093493783346 7.445161612456961
0.15928401376763457 -4.879456063901097 7.190017501081213
-1.1244635651417754 -4.941694048073998 6.89651721908165
-0.2254633176835916 -4.706855015728545 7.317348406933898
-0.0192174950042731 -4.760785974258792 7.771180005543219
0.5343366371864976 -5.028976115205166 7.815826291803402
-0.2300903905102546 -5.551897565576343 8.230455298385865
-0.6487282679426674 -4.923847605189835 7.115759210490933
-1.4700888181693244 -4.248395680322175 6.771720197143183
-1.6907123411889957 -5.395703330130783 7.884178193210428
0.6176847559542936 -4.518687603231414 7.612007920084865
-1.6079987936246871 -5.003058557118174 7.10834139177868
-2.0083581733735976 -4.780237552572974 7.8698417345324945
0.5681892365830665 -5.924211924223234 7.923334158956861
-0.10657207073769381 -4.4642385461429654 7.760171745232253
-0.4882761758099242 -5.77503862727524 7.353392910357807
1.565954706578667 -5.586052130259438 7.538368190117676
-0.49566139480479093 -4.810587150893382 7.341222910958821
-1.2987872109396517 -5.700593528748445 6.908819043628884
0.9332358516374162 -4.922158582567938 7.20881111067883
-0.5690351054961822 -4.307987432472576 7.2214051368294605
0.4633635173982483 -4.717664996258998 7.301044654603965
0.9739007324289014 -4.989716980550798 7.964747641779404
-0.09143941017820068 -4.572366468108197 6.927672769082077
-0.578305969804083 -4.867612424455347 8.364141749029681
-1.1747053541420658 -4.944288010574071 7.993082996074094
0.5624787742752324 -4.997611773876538 8.097606878066912
0.7710332893054748 -4.898853160334032 7.751410577393481
1.6917767896287363 -3.9130987424305275 7.869448786459934
1.4623953157806011 -4.724301216911696 8.030172957910914
1.082514289653165 -3.78647257307789 7.7207304217699315
1.5495964731786072 -4.652226353328377 7.4583785922119725
1.2220210699054241 -5.434103574833788 7.688572710216108
1.809428210323261 -4.940351322125049 7.369726028380601
0.0881753333545028 -5.803537285884235 7.391290728502729
0.06728971817774401 -5.065528060944944 7.767329628247227
0.9830080804722812 -5.405375191554758 7.564173878896832
0.7194051780495954 -4.3227610850338705 8.64785454206572
1.346811211450467 -4.340898204240543 7.939629222405146
0.4076471163117869 -4.570447468166866 7.136875781503559
1.0095183990759 -5.131880607504087 8.243797662978578
1.0557503700367346 -4.568986861216479 7.047540332131811
-0.22177897695877444 -4.594866323860986 8.489763461655745
0.6806155518171828 -5.797692221373328 7.943002468745004
1.8898797803953804 -5.0653528206003005 8.084990657940402
0.9044058430311642 -4.654556604542749 7.788750515388499
2.238321773392162 -4.028530737301248 7.228508613745223
1.593484551816051 -4.313949820819098 8.788481495697138
0.8644545444512768 -5.1614613143474655 8.111760695027517
0.8031907110993494 -4.306395245713237 7.348929219071664
2.2953830052194086 -3.878891723707238 7.436203697670243
1.6605374157182222 -5.226838863035227 6.990712569785841
1.8961522235251065 -4.120073096700744 8.387116313939101
1.4967328621084892 -4.164649601657551 7.7652065339124725
1.1759556511838094 -4.621728285969525 8.547777840948504
0.3028790405674693 -4.933639046430221 8.065935783889742
2.1054275447646544 -4.678448816877829 7.904599073884589
3.310438134084848 -3.532051825606855 8.28233713775994
0.6122539732550033 -4.887806788985359 8.32006000435124
1.6287691587412965 -3.8087172914687604 8.040502491508736
2.3103097803699804 -3.8497430869522797 8.530521573224597
2.185500900674941 -4.093137059749511 8.226056010115602
2.2100103006322422 -3.6021231518053387 7.462515782199081
1.804060989798675 -4.987149844496133 8.971980938099394
1.834208465686408 -4.584131850295444 7.931779296216686
0.6398200149745218 -4.998657631222699 7.987351839811839
0.15264590280550866 -3.910331733256454 7.3911531008857345
1.7493697047958063 -5.177409733851273 8.294316103596213
1.9551239514507204 -3.523013354745986 7.272321677929971
-0.04207078906653617 -5.094961943775073 7.496168851954981
0.5696187883011542 -5.238905436859717 7.980697651197622
1.6167742085525394 -4.179585706305649 8.152076658167834
3.249260665118428 -3.372390758196708 8.255097990476868
0.15605751909949192 -5.00413098730538 8.051145208499175
2.506884922386422 -4.01599565946878 6.9631157183733965
3.492055799307169 -3.894749334032269 8.351422814267256
3.729382759700823 -3.82883582276034 8.438601988017135
1.8203534438346618 -4.5947864587513765 9.227889923577088
0.3982023791535051 -4.204622218691317 7.562962344713804
2.6638545243039555 -4.210615333487413 7.3735588118772535
2.9481301571672294 -4.90267445139552 7.936161099083813
4.3316966293461565 -4.561880512460956 7.8520155167025845
1.7835422868398714 -4.382135723144315 7.453455974748658
0.8496380119922009 -4.926284157814591 7.8853222040598165
2.1350979091180085 -5.089121181703786 8.04108936182478
1.582106348412822 -4.6217997683018925 8.621430305283427
2.7835554914159326 -4.642239559054602 7.910779838492258
1.623198019238988 -5.040616152970659 8.879564849349487
1.8835555184813637 -3.720022819380189 7.906082084493762
1.8418920018828961 -5.785707536871904 8.919970290136522
2.970493125272199 -4.19425995808512 8.031693641819897
2.276904518447438 -4.076344617160239 8.11131500110659
1.6178953739248718 -3.5471833883340254 8.605667831815111
0.5819228789967622 -3.931664386276098 8.701786246981149
1.4287611374969253 -4.608935352208414 8.053146519995424
3.144932954411273 -4.44827506217766 8.33379354865316
1.5253001858500006 -4.163091678928412 8.83777503280147
2.122493515214076 -4.656937129148403 7.875117653372479
1.6163824410528402 -4.81963679232725 7.989386753612974
2.620394532979116 -5.12357345531829 8.26054963411949
2.083492186494983 -4.901014778040172 7.536213465814007
3.1042768584203984 -3.3767980939575 7.978531803002026
2.2359504354966804 -3.5940477319980473 8.69938551712177
1.9593723619890102 -4.675109384271432 7.8697460392817735
3.731859311828139 -2.535881339554284 7.933619475774998
2.583280298365747 -4.35165741868441 8.313167202813814
1.352885960686273 -4.276754371842818 7.163783962588404
2.125191265477767 -4.702865312655188 7.586881740707959
2.9321007532211665 -4.100791316895589 7.890142165203262
3.8428326039547454 -3.2505783423164365 8.088191712849294
2.1955362012028297 -3.5307393393345223 8.654981233640074
4.237746440071787 -3.378527459939202 8.993585268022668
3.3089018820525364 -4.034553487795169 9.026464270067196
2.4061021331341745 -4.26883624474183 7.8728981963766005
2.1944308970698914 -4.154678194764528 8.257973441463717
3.5612039122094576 -3.395322333962489 8.15697593356334
3.766395447954764 -3.551952288435874 7.893899200694538
3.3932028728575716 -3.018365557167279 7.944679323974374
4.924035601166032 -2.3543713277283183 8.388573824086322
3.011910874128544 -4.327639687310871 8.360819715216781
2.080582625764092 -3.530368982470055 7.911678102077279
2.3926587907088885 -4.537035258455001 8.111221667592572
3.678223105146021 -3.4514936537704815 7.9073160711657104
3.346969365124184 -3.0522824974039957 9.367348593282943
2.484755296744353 -4.511558551508661 8.106789981820164
2.3185942937576254 -4.121813752386642 8.977568719611433
3.6605423772417796 -3.893839097087365 8.761696489690461
3.983370006449313 -3.2415519151514176 8.46836285054643
3.0436434523471885 -4.131595522935269 8.460753552459213
2.6222535851171047 -4.068441131356007 8.90516462753947
3.6057720829747075 -3.000771939442762 8.027407723842765
2.671074074842176 -4.590684881699729 8.908153467606839
2.6299650368269045 -3.552778856969733 8.976104814880857
3.6687800546991034 -3.924981682635972 8.937129246103368
3.667117554041966 -2.662696072425716 9.214488376894515
3.4254892995380444 -3.8564181947346103 9.161236223718014
2.925762415278952 -3.856881895910764 8.55927392573267
2.841468224404758 -3.05852851110763 8.510972180933441
3.438803010871286 -3.7485305274545606 8.063914549322108
3.260676828610797 -3.6051633196325588 8.625131956820944
2.742438643323292 -4.352884586552444 8.670005144352132
2.817969852360912 -3.712892589397767 9.706749331780818
2.572877607544433 -3.3159160943086055 8.440334186759449
3.1032009228727375 -5.229104701548554 8.4127422688559
3.823577064583832 -2.8278703425947627 8.891729297012736
3.3437112141144443 -3.797268367993708 9.241339905246859
4.431804727387447 -3.11636366299308 8.342697130385943
4.752328310695721 -1.11893171867678 9.135311276715395
4.0127188215112435 -1.7403919085165889 7.80433593132415
3.348358357353582 -4.3483175905647204 9.008615825962973
3.5895928771384202 -3.5605251192381244 7.993474133331185
4.578470314355735 -2.585101842121998 9.547112589259894
3.5316254539981955 -3.429828961134648 8.772749903150839
3.2273001610740195 -2.0189507636692707 8.94332142348577
3.0866177124388576 -4.2411895301546005 8.800897324356345
2.8387904502762873 -4.625384852258078 8.908538324072449
4.27226032567083 -2.6954090915116393 7.941058496854195
2.677022079913403 -2.37088616096344 8.888918075635376
4.067099951786663 -1.5907495149739772 9.15787752051936
4.531717401133262 -2.98514475284523 9.323567202789262
3.3539808786094514 -3.3324757808094305 8.388966909154556
4.4437164531102775 -3.0445323270545392 9.471829066920424
3.2679596941039026 -3.670247861543194 9.207932147396876
5.244035984055409 -1.2749751386184085 7.8153196075731906
4.057509308770155 -1.732954046650576 8.074708416838789
3.306366989431329 -4.202950343726285 9.490389698511722
3.5141770438290205 -2.8002822494404027 9.23131469430565
3.1183664367234254 -3.4823271079508604 8.296793008978543
5.266134840655398 -1.6726502518015844 9.478504216779571
4.036366982729084 -3.244990282547807 8.938020647498073
4.845768876978722 -3.0957758417159957 9.044657213923646
2.985636310486672 -3.410779243971176 9.456589197572937
4.427600534282785 -1.5166265376235908 8.511632295690598
5.095384527013212 -1.7762541711265651 10.142044369410993
4.439838872526485 -2.8068263644442 10.178420108644007
3.681261066142646 -3.4594903643546697 9.001216175142497
3.1191278490950753 -2.3393027715431156 9.617043624877333
3.9132983416041474 -3.505309278851453 9.306857568321263
4.353482703746783 -2.01595778482312 8.734583842402662
5.085947019784433 -2.6005440325426425 9.176088115979905
4.5330728824627675 -2.7148014982784163 9.23478118853439
3.816712997103495 -3.841094092740621 9.08246770084919
3.936126562268346 -3.2439386170724114 9.183488935738598
4.34512296382346 -3.5341966671263285 9.079844895176103
4.143317622499502 -1.6338320305099892 9.437889623161203
4.002892014121181 -1.6659470446050877 9.730436250714533
3.7659994881656287 -3.010782792838991 8.839471965823773
5.329250861639944 -2.384693159869497 9.364386841028008
5.349467474471203 -1.5021963004990728 8.675961813387929
4.288943261656288 -2.5941931556801796 8.869276815434969
3.2948282301572864 -2.793885725537576 9.632777027756783
3.463181377861602 -3.7045249481989773 8.812911842511118
5.1152175600727725 -1.1228348272312252 10.061327493920166
4.534477907518236 -1.6716153280088932 9.908111432482276
4.243796619870117 -1.943788760619842 9.518065077934924
4.933265048100767 -0.9160842594141501 9.48837137717857
4.9816711604971 -0.8455825585039298 9.714475212228963
4.491414109246022 -0.7954883318326932 8.550153655460562
4.2675432621918485 -0.9040329957627542 9.181996443463714
4.928410630751817 -1.8126301336985644 9.677118791081536
5.000628096440267 -1.9671168246448651 9.621082930489717
4.853002423484632 -1.1470794459136313 9.245269717575349
4.236935817611697 -2.0942412407357933 9.569937461468665
4.9504643086280025 -1.0550195191690779 10.009248430100207
4.781522857370684 -2.248667659951396 9.605377570165833
4.721662445590014 -1.745790683271122 9.102049194595827
5.246954083385308 -1.0122388688244728 9.542205525577627
4.571658430827838 -2.4082020329459817 9.406635920931848
4.52809341759717 -3.4244687244323684 10.426969262332896
4.657550719379702 -3.241906508771726 8.907200158279867
4.997081081104746 -0.7527840592885465 10.637027285277526
4.471189533887817 -1.8618894234923866 10.344416798491045
5.360523613675465 -1.0373178890080514 9.641907696643804
4.746354558555948 -3.646770292798333 9.859540943565039
4.337712004083036 -1.837837040224121 9.692088087136204
5.2661679076528705 -1.5798423499315561 10.175072982489711
4.977713878271434 -0.053321953381612774 9.782670483808948
4.6480867879952985 -0.48511561147056637 9.859689014296007
4.870895760260945 -1.2589448681473336 8.797430657454091
3.4553157501596394 -3.254339628807704 9.980470308596257
5.290498041295062 -0.2081309659744499 9.730835817716061
3.151496874329816 -2.3586238921802 9.998775082442329
4.127562902851565 -0.5732685467743852 10.203046303013151
4.130636813960694 -0.16972950416701546 10.493769382276243
5.663109423242243 1.0004075573656466 9.203745682728046
5.763960284434975 -0.2641684059391444 9.659583393223516
4.75447951603066 -0.004427689653271727 10.152307256086889
5.370949404524396 -0.6473217691441436 9.914636488127188
5.081431334979011 -0.50546433462555 9.471103429411617
4.932768293170082 -0.20875768056120825 9.78911432975949
5.135743424649148 -1.3433608476180963 9.448502877966268
4.725735042290622 0.29858992128053463 10.504275343286162
5.044634952856621 -1.0206018245155906 10.67937779776216
4.646882962724623 -1.3397446046298993 10.08699992002663
4.860585508318628 -0.43067388305539817 9.26656079441042
4.240878327791868 -1.3938473779581635 9.807696884404136
4.928944340350224 -1.438582695800628 10.20552602150154
4.196767075276917 2.0378890804983714 9.612586451534424
3.0773251559055175 -3.8841211799911153 9.579600910807848
4.835960159890202 -1.9801069307469743 9.403361862909238
4.980592954681994 0.2999729747342976 9.253548850262973
5.63478130804667 -1.7297133831036293 10.070301211735647
4.490691133141834 -0.618742534183467 9.901902970376813
4.9919718797574015 -1.8212895863159513 9.696310124955495
4.134599436053455 -1.1795407371255058 9.556364167481608
4.843716001777891 1.8693080255337584 10.474970225010587
4.696932458931138 0.3423713437117328 10.333037522037086
5.063920108715006 0.8495788670288296 9.864671745846193
4.9170318697841715 -1.3984392412441595 9.534878678866066
4.944184636913248 -0.14812191319245804 10.39082512765225
4.842298624920812 -0.6011071103089106 9.427885984041467
5.715338900903693 -1.8007048242125239 10.061407739443748
5.026722981570381 -0.10849762935403486 8.964724558574583
4.325824969588871 -0.09333054784830427 10.233813434393575
3.547155464755718 0.4205161099667076 10.107896698075143
4.312260425298147 1.1106035053402046 9.988571010832521
4.961804440732947 -1.568425010636242 10.805158619341082
4.3383955465669475 0.15299677150669677 9.490177192445051
4.909918325494914 0.6967862528185278 9.60860969299992
5.33722265033228 -2.142812999600675 10.216077386925924
4.635163760182304 0.1635407745005907 8.8684949206507
5.730756475456032 0.09772334456457946 9.43902998533808
5.386065951485984 1.025582617522394 8.748323276916693
4.645777111018745 -0.657721441069091 9.867986837685283
