4.4907629569020235 0.3396127609852957 -0.4139397352403024
3.7108550479780256 0.33852355118364175 0.14226160556555464
5.370295277866856 0.13562645258890943 0.14100891948352967
5.093366802027572 0.5056431965417812 0.06365291124262008
5.038385673327442 -0.6604381783736171 -0.3979207149741363
5.013315614049033 0.35651256884980387 -0.19890429411459798
3.9555933043402076 2.0938636277666256 -0.19307779564336236
4.982422656740354 0.20603112322482048 -0.9588947077338916
4.181827708648478 1.713525058164591 -0.7546407980743245
5.289594267410006 1.0035006468807834 0.05280375953090458
5.657986177428884 -1.3447231024026012 -0.07262054286683967
5.184214318945155 0.6329420818088157 0.2312133728481544
4.170970332416874 -0.620806334652135 -0.11124419093024873
5.43644167228494 0.9528607550765723 -0.5296885639278569
4.823075064500003 0.9379249645049687 -0.7816819832679518
4.278827553729015 0.8764336444796579 0.24535019342332415
4.857753253498381 1.3940988130302745 -0.40770816002909926
5.1237792179355 -1.08971857448862 0.629397591859184
4.959713826318919 1.3318685723878554 -0.33421865702430625
4.864433037026313 1.4654718335769081 -0.21560281867992726
5.352261809561818 -0.15190159127014013 0.5454382161068019
5.358424679257012 0.4960972120659085 0.2653092697942026
4.504255844161109 1.4193866932136385 1.1930407152941347
4.669262076259396 2.373490302141993 0.3008460791365899
4.938310355891225 -0.7509481746499906 0.5298123998287538
5.531944771193992 -0.264664979011587 0.600591503787937
4.9180808463508505 1.0363316437318129 -0.34870255069801104
5.4386763715323525 -0.05843826313745008 -0.44123367193953067
4.934300821313982 2.028069087837367 0.37636701164637054
5.0340275809543655 2.238117873519909 0.09304449783597171
4.611702728384627 2.4851429112014394 1.1452622632755762
5.311957617979865 2.0552995905456766 0.1974871127283414
5.1352084719877285 0.7104007468635531 1.0551138744977928
4.852587722745964 1.22641664747584 0.7090243746284106
5.366296559525508 0.7263911646420655 0.8184200487867768
4.580711565634138 -0.7696559341683025 -0.10671040763607581
3.805626854728782 2.4756173857047172 0.4403714439480698
4.214623337024812 2.0597805171630617 0.37885321801899685
4.373913278489103 1.798926174942622 0.5945911530289646
5.751661907874972 1.6247442659202038 0.9050432374894155
4.118599675105866 2.134972526229617 0.9526990922670495
4.66323339138904 2.0734064274734454 -0.21674761975393175
3.9166421841391994 3.000204813194851 -0.4186837607398429
4.2152001919907995 2.188419511170252 0.3347689549046563
3.3448383294624517 1.745982983039262 0.6747864773235244
4.851823540467617 1.4392810721807503 0.0443466475059241
5.211604933657965 0.5313145005892406 -0.02342412378460329
3.6301300761829696 1.9010494411003083 0.52838992456846
5.02288185772153 2.7772614344342665 0.6184907789398559
5.154386567596385 1.803703989561128 0.5802581808344075
5.138602515710096 1.3338461238478903 -0.0471814471770613
5.361928914744758 -0.9866109910540866 0.7552449504769108
4.66165038608157 0.01675949278611354 -0.20724478539049096
5.377158406800273 0.994893768662106 -0.29500334154764984
4.9897857753753945 2.1763638687133775 0.16297253840192183
4.694417169831806 1.3937960948415173 0.009352950242160762
3.9960345434079816 2.5344362578680335 1.509287523647325
5.249221401779022 1.9683566828851855 0.5530371711602502
3.6334983610751896 2.1595613568144154 -0.3259529847752266
5.046140539166381 -2.0360676489600635 0.47420243625018155
4.561044051050461 2.7617499103833016 0.01119149505689021
3.9573695137444265 2.5283863844054664 0.52502893366113
5.169521880121776 1.1997566283411996 0.2618375816657875
3.689614168439235 1.508822427727 0.7189018258233845
4.286043488419738 1.1818779737957694 1.3584528916589922
5.098828327566492 3.1708509460011247 0.8408895805948692
5.0630848441132175 1.4182818623999003 0.21266388699153477
4.49330218639323 2.940826116535155 0.27009024862576086
4.354742068344406 1.7804606025607819 0.4239395919600809
5.416167167641225 1.1901544009585445 0.4351649922184568
3.902726516068818 1.8782191284459746 0.14232847420821615
3.910325455936173 3.5406780567715326 0.8020374312115974
4.544377891303835 1.971018342223668 1.3994049150307735
3.9223899488642098 2.6966619470306337 0.29870627588499815
4.513233859634701 2.6921066800164724 0.7610459615082305
4.3697059534274985 1.4846558400436005 0.7840661843329669
3.94862781179258 4.001691823764807 -0.09111257285735741
4.1572905102337625 3.4011729624459166 1.4078495494559937
3.801622024611097 1.8503789655988376 1.238994794241726
2.9064231572022954 3.38935403680976 1.2226042304534182
4.547917031142416 2.432207506328555 -0.08433601271939262
4.1486506739392315 3.1356222711875357 0.17697263409344077
4.521115725658305 1.9048003116899643 0.24155197790715643
4.349738802485513 2.44090518900715 0.5548954094265887
4.589978689847873 2.889936737833115 1.5383430473579849
5.155354171669478 2.206688735461174 1.486605503092132
4.752453275006619 2.356121837815991 1.2014422807606773
3.7377213676256114 3.8106357658676333 0.6432929276504602
4.358699717218683 1.823050049596331 1.3197772547246125
3.8334197680067907 2.333111236206203 1.1038355971986644
4.104520187514895 1.608030212136945 0.6243293200314521
4.036915609945644 1.918072719579811 0.7673859765226166
4.621617772396146 2.5652626287269515 0.5239624687577604
4.579912023204325 3.6152759725808563 1.0305750394301145
4.844781017586331 2.399522099432654 1.3968064844593315
4.035286206314277 2.5653405302345424 0.4473511188603899
3.8616711465880162 2.012371590485225 0.9197995213063083
1.9889282889693312 3.546710526765354 1.1017811692026835
3.229871694971673 3.608709957466885 1.4870353774597096
2.518842436056558 3.247136437872475 0.3964984723655144
4.366240591110727 2.2579860914451766 1.4988062798961965
4.5714412383530245 1.2076804201534013 1.987647998401489
3.8336430597625157 3.210831691089227 1.7380382621380508
3.8001677453121556 2.9810717713200057 0.8449088444275138
4.6627778188611835 1.856834219475101 1.2962561351946214
4.462712964463954 2.8725401349114548 0.8536800621636036
3.4625548792371834 4.082103205821983 1.96602304275169
3.7262699170260785 3.6574935615588657 1.3186225412510746
3.77926689231789 3.096538811409798 1.0081716791183581
4.679911017872791 1.351695555896553 1.2844033486780113
5.100060031722096 3.4244407386146465 1.6646370907897035
2.4930709961280577 4.034306624852226 0.07947423011647037
4.621304076560628 2.527236777090681 1.4260953067954347
3.9226509549442135 2.820925503028309 -0.03487885865765472
2.9024035123305745 3.4154422602734567 1.4258929261238409
4.551505657703878 1.9640586792180539 2.7509499899640115
4.472420461137224 2.6693708383316266 1.5433429795134324
3.560565747568874 5.094149260689173 0.33713123693658165
3.147399201438922 3.6436763349230885 1.950677561440572
3.3915655093474264 4.171769409612703 1.1564026344976248
3.5692388463073517 1.3253351701888547 1.329659614045983
4.365107888706588 3.154387087292528 0.8372582050010067
3.766796637294168 3.093302772519795 0.8739236007733582
3.3202795368124116 4.912320235350141 0.8995231538494426
3.1162086092855303 3.94210246738451 1.5891526854905385
4.871689052607234 3.5213581889115493 1.9914681627998283
2.531521883028365 3.970067215424751 2.040840436928411
4.6214655632506725 3.706757786522863 -0.0677167533656271
3.2163010074726897 3.7358508719984727 1.3500876137318878
2.9127247615483958 3.30095009960939 1.621001741068002
2.22793394082488 5.084492410213527 1.1305941595002942
3.5530697810384275 3.4648563299939084 1.7262206311303627
3.142387227098125 2.8421354813128366 1.2947486570426612
2.377678242410797 4.061306148651806 1.9767745898674058
2.4285563126419962 4.553291595284596 0.9585174094311911
3.2586736531880263 2.601513752655715 2.3844016232095946
4.7079419307856805 1.5076642605583563 1.4662264916234231
3.036108431133016 3.5512130781308895 1.4872854413449295
2.1554995591706274 4.486601787192581 1.078665492475998
2.047973423654859 5.306020725461547 1.0504407676931602
2.1951330516417644 3.433854043334113 1.503151572315876
3.7939100834292 2.9460675856408853 1.5021710043120418
4.294092969516936 2.950249663041138 1.261875384505554
3.5100870472673615 4.179790753680436 0.027471383782111447
3.0099486250785366 5.406811234432523 0.565813266514145
3.7555763372717808 3.237156336216547 1.1931706277699379
3.27171810315911 4.373819761435508 1.6947078292804632
3.424958453391115 3.9680939588354094 1.3317220012161106
2.0206959414968795 4.25599553802728 1.477262572270082
3.8586394158801824 2.052719244557483 0.636791196620921
3.059955681037074 3.2829891202501305 1.2248505039001154
3.51551099363001 3.9923456485404474 1.6146790083899092
3.609855292031487 3.5034875113995008 1.7557006491938336
3.76921228308958 3.339742917234221 1.3821262250001332
3.7267701787760488 2.9769426253869575 2.194994259253373
3.672373533450043 2.7362566729202213 1.664290675552615
3.0024295561544663 3.413148456166612 0.2877689371347687
1.581137383505374 4.740808652965528 1.231428853918922
2.246260234955382 3.3510129160324227 1.7451640762535436
2.308916798728812 3.8385645731312046 1.73030599099203
4.49168698134271 2.980815764706969 1.282795901638716
2.519477516321119 4.453736089553126 1.6282311559131954
1.4138151103133063 5.248855823383464 1.903547279847895
3.401826798461525 3.639494230936269 1.6691291957011425
2.5240179119168897 5.230583599674124 2.2073735958767084
2.292803966653893 3.691401803511896 1.9158767866712418
1.3377584848168094 4.452570782784518 1.7259605763785506
1.9302618322071072 3.4958172938371375 0.227493882618655
1.3542935772971472 3.7462731580122353 1.208276988423752
1.9533831140737639 5.130266469327514 1.7477196593546895
3.5991196241599575 3.1625813543606105 2.8290402195355355
3.4907454445233133 2.6904161016180828 1.3080608013655608
3.5976469792733927 2.951970250876646 2.673255929775056
2.1195989635873325 3.207748894465509 2.3119733742891713
2.843935527619907 4.313356695089908 2.416582861140119
4.1876987703183515 3.5619674036961104 1.9651940352728308
1.4132023326542689 4.680874420698459 1.696768378176556
2.943781471548536 3.8919958178058742 1.2954383333026778
2.3541260166350666 4.517255995844494 1.9750583965579875
1.9997570674802538 4.512003347623473 1.958735716768265
1.0391232089982547 3.807287466987555 1.269011434769179
1.5616190631301152 4.249906685295909 2.2085838400946676
3.1329546255973764 3.9466490185979213 2.6077743227851498
0.8455161840336717 3.713519629509672 1.7725747881657499
1.51669225062122 5.31326538898867 2.073147291263118
0.18981229776915132 5.186359011513853 2.1520927109902703
0.7851682576607607 4.115542367698857 2.706858333146216
1.5111335392402552 4.986018703184116 2.2802216042801593
2.2040366021993654 4.836050145038982 2.079538971920302
1.7968431719936242 4.679400881129315 2.756316734011361
4.025669939669906 3.2514093319143895 2.2606005492929677
0.67879988180542 5.517773113727403 2.019211777578991
2.5047092884782836 4.503172877514906 0.5505923927394007
1.4014481937452206 5.0337923186461415 2.3377211428156444
1.586551913222348 4.42775245046405 1.5905516661619103
2.2431356139718694 4.416697971940088 2.1837966570470715
1.9592789396591779 3.7904669781128586 1.4364108804888773
3.064730964917719 5.397071377627295 2.6643258555659077
2.2909009295669582 4.398155925798086 1.9626360320954062
2.547124398609686 3.5421963557331266 0.9878806515367995
2.1079383717738325 4.935817822062945 1.929786453336272
2.242074982435442 4.754805783289677 1.328887242099765
1.9414181400716566 4.473776988049476 2.290365253520819
1.5662385324694617 4.174244014164972 1.8680808712837518
0.8516220331704234 4.534522920903721 2.5954046808578966
2.263823016339041 4.531313977255123 2.879695948523224
1.8225224802674371 3.8180708490059163 2.279550757160203
1.8214441521821638 4.745935831579748 2.1731908436600302
1.1178043816138543 4.204057823496411 1.6939253534997822
0.2605542214975994 4.108586533892276 2.099489311441679
2.5987734748891014 4.049478146579204 2.011585888213372
1.9108723409375221 4.675290033747445 1.9418934026164463
0.6839050136469297 4.979163467788487 0.9974854131052844
2.2532554659297803 4.9482793586917415 2.87538121514865
2.0665948348715966 4.345380464106752 1.7437407163525545
-1.6014363679665677 5.187353049187824 2.2742026049001507
2.4971171926888642 4.9295490161383135 3.4663123569062773
1.914705919000116 5.233216818834492 2.501189543830013
1.494720684592169 5.010575737905046 1.5616744783840182
0.8160521605037705 6.088092618717727 2.3878769312372192
0.12637901122581122 5.188978161520282 1.654509787343736
1.2547117722214916 5.286845033448362 2.5221088388722745
1.5014919004036409 4.429527922092602 1.776141907974854
0.2300794284028179 4.610404996505612 0.8662523405250528
1.0280657374571578 4.48614198069038 2.036926868702918
0.1834948595559103 4.986338598075156 2.1810584366631467
0.14233086087554908 5.10099469326156 2.338491421604388
-0.5452972312305334 5.001800934088482 2.346960051528582
0.4123835284799281 5.29215462120975 2.519636404564779
0.3420195545339528 5.356710186361582 1.7982586348595078
1.8350994821312236 4.219097193343112 2.602402724798555
0.13716154783414433 5.194048577774017 2.0198946545895637
1.377410920334262 4.962847365484324 2.697985357265714
1.8937559508308477 5.176939452353784 2.008840538136454
1.0011417832995915 6.250201773395499 2.879071535704602
-0.4042198170797268 4.606759983629305 2.9163492741099417
0.8910205020318551 4.780337065822532 2.432615561806714
-0.7680638892724262 4.333255854465665 2.6816292579785017
2.5486172861770067 4.936456743384298 1.9144414918741133
3.0441335692284754 4.468236988803198 3.1197541083180393
0.5387051553930139 5.673908150450384 1.9178317185475862
-1.2005267051831585 4.9026347673853925 2.727162922981522
0.03911840506549129 4.646168457244433 3.4713578485779832
1.8105711713249173 4.868557324487084 2.7108252635973655
-0.4181571143488394 4.832642414899472 2.3775656967557808
0.4800790167077203 5.457032514382172 1.9195254130036128
-1.7107220583769904 4.460837576697619 2.483346891916852
-0.29792160813179136 4.328574742629316 3.285436545182526
-0.7518979453828147 5.467005852576569 2.506373283505523
-0.22831697421680672 5.15997142943174 2.1388762385109525
-0.449166372899215 5.891350536432031 1.6465750252146636
0.6203627906924639 4.996387076098805 2.207363695386663
0.0035798332435479398 4.431189462725059 2.3450534754223744
-0.22518058018971224 4.929116013761364 1.9855724937108077
2.0957679536969964 4.217635208232778 2.4899951146474693
-0.20023765669180418 5.262828737144125 2.7684524912731323
-0.5761860275415115 5.323938417099154 2.7339533859918816
-0.5336596012868772 5.039494240043368 3.242618603931446
0.9806168065379101 4.405753496259581 1.878604696608869
1.3816697947831835 5.276716207833354 1.847669974992356
-0.17974593231123331 5.390733040622686 2.4731606476118517
-0.3563289188118494 4.243683956730674 2.6302999515527037
0.5671882901473373 4.914379803309151 3.153848640169752
1.2378125858688582 5.299343515574811 3.264678305261445
-0.823245119603848 5.646779795155564 3.143665899534037
-0.6579783002347368 4.990471307560257 2.652408456875934
-1.6080156237613508 5.556265380412247 3.572773866559214
-2.5408557614840768 4.919611999224264 2.3667300584807878
-1.1713687627082778 4.191132468570998 2.798775008593211
0.4347877061238639 4.652755745674514 1.689301906015245
-0.7086573743421534 4.999900346134181 3.6919823049058658
1.3514965346226762 5.211323330110962 2.378003703655258
0.5085199903124707 4.040253278963758 2.601002068341399
-0.9270936788390106 5.313260780336322 2.9882433885693938
-1.773416474406752 4.576894874806564 2.540377306618951
-2.7243947854360395 4.0126106938914115 2.5382481104842234
-3.110688563509196 4.861143500519461 2.222058432237959
-2.1550408450904843 4.5237647407153485 3.859776993561131
0.3264968454362269 4.953588643929439 2.9777415211045017
-1.1406812712793912 4.532863633086627 3.0153812816578798
0.6063789241042986 4.711606232510831 2.8978777947277616
-0.501535052422787 4.893403623498737 3.1238603507687026
-2.0420854864946105 5.379998224658012 3.017919174594398
-0.8193403574408484 4.637081518253082 3.1859630934777035
-1.409545859648537 5.8345198801812215 3.3082265960616386
-2.263282809775347 5.433328170724239 3.0992050666855677
-1.4131867184803883 4.519260490313003 2.516189614462088
-1.7882084647941112 4.436039121322307 3.3365731228296562
-0.48449083546563415 5.081624685154951 3.2566129395759282
-1.0097183329901265 4.461350947084001 2.5456413992113474
-0.636678390292086 6.3485703237788975 3.179487063653036
-3.27553515757676 2.6149554078152746 3.6677195527190602
-1.0421666275542885 5.38068143159996 3.013380424085687
-2.7374947484375056 3.487703181887044 3.2642342869158245
-2.4462337415831716 4.7231984546461145 3.5814281966697608
-1.1209795194049954 5.178298099755022 3.453792314777881
-0.8348168725821403 4.9161657663006695 3.004628620244478
-2.4090096403259857 4.550852701142241 2.996084312778785
-2.096268791350604 5.284776694230128 4.517199954384106
-2.7406453311203145 4.15988939398915 2.5716954477044562
-2.0330947151216066 3.9057015233668566 2.631428351102244
-3.1484013890185927 4.134441596990654 2.1316342938203903
-0.8831526102439039 4.834437887890824 1.9400800740842807
-1.2591191132214747 5.722056085359662 3.248584069280468
-1.238029753666377 5.444577974971728 2.564620687455087
-2.2207055173708348 3.551789242855538 2.2576149421284204
-1.1172049455990374 4.807129949751137 2.558641092722697
-1.0850028363724995 4.089511610013238 3.0047265080414656
0.17994484593031762 4.411049590400927 3.142046557919838
-1.5284435860903671 4.87810060015008 3.212048746267861
-1.394091437523117 4.554680703950231 2.6408882572342405
-1.5026308356828244 4.330296539027062 2.592378222012487
-0.6744551081178939 5.74228625267909 3.030207401527107
-2.967243797831056 3.412933253992324 3.441484484391967
-1.8339238185498272 4.284449935924866 3.544584358327965
-2.7355124832802367 5.361852293425429 3.000373390291603
-1.9367000698775765 4.437014449978728 3.4734732547141576
-2.921526553099021 4.518662829928345 3.897827180637857
-2.346422111428223 4.135115696609324 3.7739278173615736
-1.3903829879739935 5.022016713661875 3.4891891098050585
-0.9274674599194259 4.21893711688327 2.945063645012698
-2.0774883657187053 5.125765357690332 3.1078318472882303
-2.953317762054263 4.014937581234306 2.7487213639396657
-2.2944785274646535 4.802393504775883 2.8726663677853024
-0.6208081609551376 4.098119921867119 3.0337601778560552
-1.7967771068937062 4.169578308052963 2.8901641592102587
-1.6501455695642906 4.437128444213869 3.815636271893646
-1.718882886419728 4.240910031015192 2.5976625392813126
-2.3562105746960222 4.761797805030438 3.242442505484217
0.04404465933962001 5.671184527721494 2.4611973360607475
-2.2805595683958244 4.476528140164046 3.460253665333012
-3.617075413447416 4.257078012138922 3.151521377068378
-2.511826259749661 3.7539806660196846 2.2652201981769684
-2.5183572229621976 3.710833996709558 3.1039119767181185
-1.0801930724074122 4.65929942844781 3.2479887091342086
-3.7561748230250633 4.146646836056179 3.783844694489301
-4.358473025817107 3.5615090065455535 3.5578048508013156
-1.4646462633211936 4.9333169008398325 3.9007406961356264
-1.4646663646864502 4.755347694253874 3.654712288479592
-2.062988074365241 4.670764556107094 2.993405423650682
-3.8724008084069212 2.050076644728412 4.222636241666045
-2.8850297012886514 4.534703979224551 3.3823319858164953
-2.8040537966209342 2.8830840712926324 3.477276396676012
-1.6684564280403469 4.283074772593399 4.16121748508773
-2.3962341429774026 3.867989939000309 3.162415027911257
-4.482392632794039 3.1713405058093485 3.7465338611994907
-5.0095113349634515 3.4589338958585447 3.5869631801572877
-3.4606734499186897 3.4259187132213023 2.4061444863477384
-1.6235195397422806 4.26335365099587 3.123174209521692
-3.5868471830502617 3.973554278788211 2.9071666210057634
-2.404881124001168 4.4992469563104605 2.874306326641303
-2.2277580191471817 4.344108851231864 3.7397226230715783
-3.2514027832795467 3.6553871634655253 3.343633295947839
-1.9676079284998205 3.2116027172904174 3.770678572161149
-1.6230045537123978 4.503089657856469 4.567037819122079
-3.3588943466279533 3.60644001883546 3.9731198367122933
-1.5485824817299443 4.821368035225189 2.4888260836190317
-3.5747177877602185 3.498947855809202 3.19864954623642
-3.1490286944622956 3.867396885542621 4.063887034428756
-2.1602499585574173 5.321074998057805 2.4710577712468282
-2.620824905423395 4.247035980432058 3.058887243614939
-3.809374399230712 3.4371856852461313 3.2192255847095845
-2.5668706904086944 3.6580683489322254 4.389925882355023
-3.587463212423025 3.3742443288010353 3.8450768551457344
-3.3001910106902272 4.510445903437616 3.971356859224526
-1.8868791106938365 4.054737552360589 3.6914258501540607
-2.8234047978318775 3.4667805218977437 2.7168950411364983
-3.567672967118599 2.8437793948134273 3.6158368786039823
-2.76577275512466 4.34781259485273 3.124734494990174
-2.6827863156805587 4.230048454700417 3.940570188698773
-3.639734862197305 3.5199588268404143 4.443124704792785
-4.714690964688393 1.5322626249845084 3.9028555966158183
-1.9405087380202837 4.220646279568285 4.99191637543777
-5.021210652267893 2.627090109528169 3.7619767899656753
-3.203494300423939 3.340121976774778 3.4217558628570743
-4.641856588827219 2.067344786687235 3.6440423105570843
-3.7224210040395453 3.480007581654709 4.18280523153174
-3.332123005373832 3.5161894586165134 3.7550615675964703
-3.729173270007844 4.291410687473487 3.6989827851985595
-3.9457055273792108 3.23387633223314 4.262089565305683
-4.213992062362249 3.559462317066536 3.836195520711878
-3.3544317192018784 3.921444483632985 5.0067084454002355
-4.443185604930578 3.4813848906729348 3.3212708149447407
-3.933090143097281 3.174143962833243 3.2563125731473024
-4.839400678802163 3.0426198916612566 3.10113854858083
-3.2723568400453225 4.140544294759681 4.92683650628298
-4.531166635509954 3.947059755347542 3.9803625360290256
-5.172790220534892 1.8685486125846387 4.019047682929167
-3.297540096024566 2.7491860873747678 4.329478769501625
-4.215614249154773 3.4385443188887375 3.970035610499701
-3.978762985253245 3.029526310434995 3.8391664336114086
-3.25512054169481 3.1037255735906486 4.136008455463936
-4.068282490483395 1.4029594741346398 4.090230702538747
-3.312195460003892 2.9173182104236353 3.5646256594508277
-3.7005931467909985 4.5215724331028175 4.24309838667623
-3.236021646720562 4.014695401409159 4.292932494300588
-3.2793831057313234 4.999006102492733 3.467714214664503
-5.112661153928373 2.0668373575436902 3.4653651546698736
-4.002821720368348 3.7309989901069858 4.223454370771778
-3.6389747061666866 3.2334656396089345 4.064145992837561
-4.6611380806306375 2.708413758581354 3.541101519569214
-3.219801838709883 4.479011879402614 4.121429367494703
-3.6260391211518823 3.19780434338567 3.9716726706193524
-4.145306993133104 1.7444921489787337 4.065241158791744
-3.985363442431625 2.910515369146192 3.777780492272721
-3.4953850783813856 2.9962283888157906 3.8075614005093636
-3.9569283782194167 3.6437864052727087 4.372889439516849
-4.3149184623157515 2.433126766709094 3.1159785341109316
-3.642264051282696 3.4994571450710463 4.324272138682446
-4.180002639413724 3.5833686139612895 3.833589502657252
-4.218286427024916 3.453077748968705 3.8005386236166276
-3.477267497933379 1.8178238181768278 4.810067655691652
-4.364411137608483 3.123281692114168 4.562809840810571
-4.40901642941631 3.4676200013346126 3.573501280332828
-3.1669120903500976 2.912353147390759 4.02579948834018
-5.305868802320863 0.8604016396693572 5.211554600220647
-4.668101821335698 2.6387051087209406 4.281912630677314
-4.301778145203164 3.259928078990291 3.7571520549855646
-4.617424169688984 2.50970315191797 4.3975413357024635
-4.284422950819844 2.98798508617125 4.005613631681507
-4.239281605258572 1.6682366316556978 3.5310778027861254
-4.160671883127363 3.3214962336489666 3.504448083228375
-4.805790741100509 1.5939109788334882 3.7308048166082965
-4.096609708863125 3.1184748215090714 3.8915438460041125
-3.4380519488145764 4.15700152587591 3.3132406503634955
-3.876327940807295 2.21219255883799 4.323217703393762
-4.694780023533762 4.318108179869848 4.536169828684121
-4.1664193270328855 2.6229611980366427 4.911401952001874
-5.4348575852547025 1.9857171372556728 4.367041895276393
-4.327873289833631 2.8878997695007405 4.385213481002128
-5.516739719132843 0.4798272027429511 5.482815795930167
-4.322434432326053 2.4782176452362954 4.527869983896516
-4.55634962821508 1.304839961142025 3.9079718392630625
-4.48406520543658 2.3950839363885295 5.211655696242666
-4.182012489051406 2.3097409565313285 4.25081317827477
-4.268373859097321 0.7161982537898274 4.087734316452919
-3.442973895271868 3.985125192875942 4.327767325934538
-4.437921970259746 1.8426017772555672 5.05484717071918
-4.578886482126343 1.392404935956144 4.457725874165801
-4.029863085263127 2.2765308235765596 4.8926003433390175
-5.108804185265866 2.0926916375244673 4.5368010119486915
-3.7197088353061543 3.6524418112979418 3.5855751070373776
-4.109590278785418 2.4272277857858526 4.1274569627137945
-4.388855033888789 0.6185166352253876 4.108837887594125
-4.271126168056923 2.5530413028542758 4.555698825544248
-4.489856105164238 2.1378550702956094 4.640949957938353
-5.421251381888849 1.2769429977643716 5.00660574209818
-5.488779907700246 1.621126451464393 3.2776291605180266
-5.118786666535325 1.8787590386963553 4.19345638255015
-4.48498401271858 1.2123211243871692 5.238536446751807
-5.093550053313722 1.5507016235669633 5.3239228493522015
-4.449936800381893 3.9581596510046495 3.69695277467625
-5.37656764787869 -0.05639409382172392 4.475168511388838
-4.795750991361976 1.0157279356853648 4.452727506930174
-3.8328894943591156 1.6905075360261104 4.643587082008234
-5.331716589112976 -0.2245565045099014 5.126593999109395
-5.365082715901636 0.23127101006840367 4.127229148618646
-4.5537759084894756 2.135765673756875 5.200216255342909
-4.556617805835239 1.9782419736764436 4.552891139441628
-3.9160170737198556 2.2107007582796556 4.6938203725963294
-4.510866042612002 0.5066039805922571 4.903479139041509
-4.849125385996609 1.9091225939182261 4.5303075431276
-5.408466792219155 1.444583396128011 4.6726951191271375
-4.492652045879494 1.750525797470709 5.363491837101886
-4.299103167221442 1.3466409914740032 4.576577379613683
-5.2902803682265365 1.0501262944953436 4.696724453066133
-4.295104399304171 0.5335695940155227 5.498026081228528
-5.89899911752321 1.633079272543244 4.694650795490381
-4.442354810064105 2.3455273805846844 4.916337967336435
-5.173818677332654 0.20087850491562984 5.3770386741018985
-5.450786074195787 1.7778141247318597 5.2149460670430035
-4.993009884687168 1.6025118752696241 4.085178971633411
-4.055538280355175 3.4395532534196787 4.605302016525844
-4.624580185767707 0.41290109257979796 4.013123919700396
-4.836887947432187 -0.3195457730544988 5.108816744206971
-5.270345170355758 -0.14824614786889592 4.013592939622119
-4.951145886712746 0.11422086443614508 5.596826258138572
-4.471805539108877 0.6974674498413718 4.03925735551859
-5.3043598895362365 0.9462882078582376 5.041640711323482
-4.300315951602774 1.0813083010543523 5.396672706325805
-5.826837555967007 0.8569512233165203 4.616022945107847
-5.145302927894909 1.032140262208346 4.525509569299133
-4.9434509101763595 0.810640836364377 4.226736023809322
-4.214729903333026 0.590586397717068 5.1604641654709855
-4.839371844996709 0.1443952256213268 4.083546465239268
-5.228272950141585 -0.556844223254022 5.362192195159231
-4.6600435478653415 0.8021190177176126 4.771601654837613
-3.690165807220667 1.0949315437178262 4.650148873924543
-5.42693517123776 -1.0088692192604178 4.836657291349398
-4.735687475118184 -0.4673148730528705 4.422115608767914
-5.060446413151483 1.0735291263482498 6.117369825335472
-4.865547040763892 0.9225688767810043 3.6930859673518484
-5.077345223025644 -1.8303180202284426 4.661370014236911
-3.7724922952861237 1.6696065122136035 5.445181542376733
-4.985171063531823 -2.8238991650291774 4.920579847749493
-5.421712408344043 -1.2143006760627433 3.585870999609339
-4.403222559654543 0.8957543022955758 5.207797671836645
-4.240983669602716 0.7510888732939742 4.483572176744222
-4.917528547234384 -1.2568347352112401 6.00383562646914
-5.336785962204853 -0.44961211679618013 5.60992167746089
-4.8262407227032496 0.9420411645040647 4.71818045374095
-4.847198073968799 0.5850902936937303 4.8650747626082245
-4.198175955839069 0.2295201382508101 5.4472224389192405
-4.795187467730177 0.01909500637819019 3.916134416904044
-4.535513469759584 -0.11739117123726152 5.534267595131943
-4.0372797107199725 0.16820871460628656 5.680329953229507
-4.920706254744073 -2.3644450575721505 4.63070056302868
-4.011267910162693 -1.5814046219604014 5.427572275197942
-4.673029474679891 -1.207372466748167 5.651373684868299
-5.164785905644348 -0.5506747820631972 5.310857623267962
-5.819477761564689 0.0909133572143891 5.766919556155134
-4.301005673077545 -0.8795138114331511 5.514475506258335
-5.149905368684573 -0.15851330805328337 4.962134718460346
-5.6718389647194245 0.4751873540884762 4.4822141909283015
-4.891607622245439 0.3493338594286946 4.911414708888518
-4.972275423347086 -0.45746936245979963 6.1717228334950125
-4.842302065887015 -0.4320462732344345 4.754974376845427
-5.4265588293576466 -2.330361965883674 5.571610152138151
-4.524019520566176 -1.7603798207025785 5.324025971095809
-4.742158772615027 -2.484011180334254 5.177891525433355
-4.679532407292632 -1.4975116737356007 4.472147962222314
-5.113061203052074 -2.3909189143854577 5.129649033758682
-5.1490600818852466 0.4548337908587766 5.211853252061009
-5.022983043837401 0.16908141607077984 5.075470005568296
-5.067808265601306 0.06493346731856399 4.779849555071667
-4.912024893547048 -0.19027086424917483 6.06442736608927
-5.1775873505970615 -1.8105699358748584 5.493649312285101
-3.5775042412519427 -2.5013490078550515 5.620542712064596
-5.487486864930503 -0.34872185720977894 5.132794100271218
-4.4338650765211955 -3.4126640855318016 5.2698805454328905
-4.773969450086713 -0.17573650489203596 5.030021072878042
-4.186843789881449 -0.022537886110413605 4.785701835734492
-5.447473705531482 0.4651451354219908 4.992074121100013
-4.922270862767419 -0.757374848823806 6.488132912029492
-5.021413077302469 -0.4563829232151445 4.769054116385634
-4.841716809167214 -0.8328122525607957 5.259273255090896
-4.774704057175722 -0.5132562657134274 5.254052688640362
-4.65519580240079 0.5479197914263324 5.988260471928507
-5.207463406254878 -1.825534629549874 5.509745197147767
-4.340989176320748 -1.5930892243872814 5.044977352643696
-4.789447122708336 -2.090905142054297 5.593394047940862
-4.586962658421049 0.2972875055460366 5.497733793202705
-4.635032773201886 -2.466232078788351 5.560771041145917
-4.73959207956445 -2.1724320368519017 6.154538353860955
-4.230455587355529 -1.7121894118660346 4.561269500669605
-4.290374399422337 -1.3952569185373196 5.6127943951856345
-4.8919708113136275 -0.6284031181708547 6.086400070732156
-5.479118042459147 -1.5723214349296724 5.232456562228405
-4.983172911340714 -1.1010988937075967 5.422916014317087
-4.969613600281804 -1.2777781628210068 5.186945412367685
-5.082549213691977 -2.526614664333181 4.942538665560363
-4.469433942982818 -2.4682966370333457 5.587938872036591
-5.715383671282457 -0.5901838215591126 5.608898232047494
-5.397902972241227 -2.648007864831555 5.856749885835709
-5.376304146359857 -0.2556392023674664 4.791408354765369
-4.6626200065959456 -0.9243309680551547 5.524825752573269
-4.576685775193337 -0.561407273941832 5.93650133675004
-4.78781717043817 -2.3379893390357407 6.377013646730383
-4.09268113258035 -2.6597307419680325 5.25532682867545
-4.411403065690981 -1.8553139362113726 5.799226662186732
-4.926616675676425 -2.604479388549243 5.452319028858544
-5.28025972146868 -0.21359723697678507 5.606793553982991
-4.942347650264237 -2.2053732781832767 5.332015134152257
-4.396588174136549 -2.0271792931277455 5.539399484840849
-4.176910587668918 -1.2463578522146215 5.981382341690397
-5.2947828012031595 -2.2183894380183466 5.734079926652964
-4.825731649487906 -0.5974257114491478 6.012862480160308
-4.500072193398195 -2.6601815892670833 5.663911338076165
-5.301279401063434 -1.1377425474407312 6.773635974230488
-4.721391027781703 -2.988153435265989 5.4445225882334185
-4.590015037832285 -2.974461325193955 5.635065219686599
-4.664583950139663 -1.9882158308150453 5.4451358521440385
-4.982812339609106 -0.9872275893244513 6.150798516009814
-5.166726285512249 -1.6622359762385845 5.88711113795002
-5.095035935818721 -3.142445193732631 6.052799594491565
-5.13394170190407 -1.4584205265989398 6.083839822287322
-5.428731269571274 -2.2324875709152767 5.762394908567495
-4.996615557997513 -0.8627859943299042 5.201110297984746
-4.308480900697072 -2.3810336624724506 6.769360024586663
-4.807815253922901 0.2343435451175166 6.398721315294781
-4.400488634339143 -2.0702117072064765 5.659394958280405
-3.709641698445918 -2.105389174774947 5.411192997754364
-4.508955844568477 -4.022980610438894 5.209637960606377
-5.163394084848497 -3.2085850848903483 5.9902320032346825
-3.650347761378422 -4.255058748272974 6.044030860061584
-3.8286243580108237 -2.574752057395036 5.523168632493734
-4.870195372118349 -1.4983677798352697 6.446336632198419
-4.2413892943316895 -2.0278557516878366 5.9590635999510235
-4.445635013595926 -2.3088178026206863 5.594030358810055
-3.720325947045047 -1.8317364888250962 6.655702102629305
-3.6709428512413793 -3.2375573885290185 5.242955959650445
-3.6460458395055033 -3.05749925600076 6.014858391136187
-3.9366414020232128 -4.302112662440549 6.5164984083156945
-5.685666793758835 -2.2506584072965397 5.450947335764804
-5.229900429918596 0.5430107408911806 6.812404962002537
-5.664454194496895 -1.9931830278270062 5.556026476841231
-3.887872348658047 -3.0011886823960547 6.247664688785952
-1.7795392516750885 -3.335732843233408 6.2616003916449365
-3.5732911886906438 -2.970515389354824 6.700405823313505
-3.917352911992651 -3.665397250027851 6.506076746104806
-3.4308528088352936 -3.7857156452751366 5.587895927602939
-4.950630599669153 -2.2252705176404013 5.528812084332156
-3.7376628229715605 -3.4920248851983264 5.6968402065205
-4.188007519692238 -2.98049406068211 5.492856268570123
-4.410653796868033 -2.7479564166491257 6.295415879852598
-3.972905915421645 -2.618259038060063 6.2903053451693225
-4.219834585361227 -2.790532093114455 6.17554038425485
-2.175556406859336 -4.464444929659562 5.611658940114579
-2.014239520210612 -4.568297374798116 6.7863285758086285
-2.301470714634229 -2.937306218628504 5.010634621880962
-4.345738788007856 -2.3243358505481937 6.56021118913783
-3.178678927267249 -3.246037303421554 6.366768375152898
-3.4531661183201083 -4.349207987805192 6.342582791960865
-5.037495055947623 -2.763528640102859 5.4628358670573
-3.7461787404802043 -2.602843467068145 6.158114093091774
-3.56980627509442 -3.8474304506957617 5.927505707159584
-5.0370056247217985 -3.255900018071341 5.789707317391761
-4.345828012950459 -3.441552010836953 6.197986748041845
-3.691290137150928 -4.146672741080664 6.2183616900549685
-3.24982161759779 -2.887922666726533 5.671424198860137
-4.068124861686939 -2.551808211099555 5.512467375258656
-3.815283795150587 -2.855603385172348 6.768396969763475
-4.346328270677022 -3.5682795026146175 4.946091745534336
-3.6798109267748695 -3.695740843174977 5.6474440151418515
-4.58472476475458 -3.34600370269866 6.620933039695738
-2.6430721240217196 -3.975068915032513 6.0947100549165825
-2.689382966840477 -3.7899886953953934 6.271131389907969
-4.110033093031528 -2.1056071527087648 5.695018490426246
-3.8712908448672465 -3.890289737758345 5.76637446036503
-5.243192247948448 -1.9026242782376817 6.419630624595043
-4.390199785541591 -2.376741960758677 5.401962255421504
-2.1662459831026126 -3.6983925121521866 5.690916966064886
-2.766721048868443 -4.117022189144676 6.298208374700798
-3.7428659793613948 -3.141775685934544 6.993397857758034
-3.871022707259844 -2.083853012790166 5.610945148663384
-2.2799331396974405 -4.511422953097996 5.574676621750932
-3.3976010545278563 -3.3173317931621904 5.940440613850685
-3.7063853354508796 -2.8754225077508937 6.363642678496467
-3.8103945898548637 -3.565895224731297 6.652530191234937
-4.184782533811516 -3.4237234893869357 6.380985781908825
-2.1801842513422507 -3.8391567549185543 7.502307760454066
-2.223094811112284 -4.033737272240782 6.660395435021265
-3.918420488626389 -3.48848914975915 6.7116773470802435
-2.5678382526668795 -4.14376388686236 5.814115466265638
-3.5549719629028034 -2.8811904177948 6.356668832494433
-2.5880665050457687 -4.684199430836483 6.434424274492097
-3.340793099533012 -3.2002200786741644 6.680749455659619
-1.881646021399203 -4.8557276592765914 5.8703402804963085
-3.0535681923397124 -4.512832772818346 6.053044885380494
-2.8530095604252805 -3.5394954718363234 6.387096613051899
-2.0258667152608703 -4.0359479870741355 5.939771762954974
-2.5554226316501887 -4.627329227115992 6.296790340525414
-0.4665781629481344 -4.959759990484456 5.682842686219456
-4.233180572048472 -3.4464140897251117 6.650035518575438
-2.9618877241709205 -3.768925531725802 6.403005596330595
-3.210720661715255 -3.333506080858679 5.9816219226894765
-1.9876999682285228 -4.486229161156907 7.400852275561396
-3.176549154994033 -3.5257279780978537 6.860776406407755
-3.3465645636910972 -3.0768107659340362 7.208513306585155
-3.805629842676438 -3.705309231398027 5.748880326434687
-2.24642142884688 -4.829047389883994 6.924290852770417
-2.4711358498979585 -3.9433322687443235 5.72416505861771
-0.886465973712796 -4.522189938044881 7.384284524841327
-0.8665483477400947 -4.960903819778537 6.854704199139825
-1.296460744288538 -5.343271626315295 5.745769353946758
-2.0539434868065407 -4.352862036705384 6.590338429105337
-4.686567434252734 -3.5795225500030496 6.633841163650725
-2.6228643622050387 -3.8470150387308046 6.749756511310588
-2.866725529519535 -4.567922935443132 6.441889084584227
-2.1976403998915215 -3.7156450129110996 5.963148980420071
-1.8377173081457718 -4.51314433299898 7.368070605520088
-1.4023078651663028 -5.110727371934722 7.717641200488788
-3.2186843239347525 -2.9013333602385636 6.4203674157141695
-2.403712642377128 -3.712331029088447 6.3533789776963925
-1.460539349433429 -4.413770629778909 6.946392097663448
-2.286734382318099 -3.854531577498383 7.8314267145892265
-2.515471421856616 -4.6442159840985395 7.213832005185879
-2.705716703600231 -4.279892261734467 5.510289126521176
-3.606464078974347 -3.6794939202471433 6.506518757187091
-1.8868624239862952 -4.04271308219772 5.8021652577136
-1.3273943522326905 -4.931269787936736 6.902169657069144
-1.685894707107585 -5.267361574820514 5.849960781171286
-1.5622386843844152 -4.546866527655502 5.721720313880069
-1.7244776146786058 -4.465610658017527 5.704657973379119
-1.9379341781134887 -4.132571196150157 5.81289458947164
-1.5133340978693686 -5.138288240404107 7.583693011988785
-2.345212537114847 -4.964539292508365 7.65999974727446
-2.4825763107996246 -4.272796791523323 6.966806082860761
-2.542363274084681 -4.61057413370074 6.887188682086939
-1.2125835862540957 -4.6040689410925335 6.377696211685845
-2.419557637234902 -4.606682682213689 5.940114853782948
-2.542108813109188 -4.921372213695018 6.549509793903303
-0.7491540432458835 -4.5257282410730815 6.550647655008491
-2.585489531849858 -4.7890949166870325 6.659703352524214
-1.7665895668307399 -4.083173406478018 6.729238899290278
-0.8597492729081916 -3.555056132083571 6.293362584239312
-0.5133595859483401 -5.134072386987432 6.3162971195932895
-0.8044534060262406 -4.273277060517397 6.548692665232861
-0.9486854489150855 -4.510988133865254 7.475417392101096
-0.3107978507524702 -5.251093052355011 6.509031127048621
-2.415270929372684 -5.265839079282836 6.635358990874131
-2.339255646909089 -4.306371993795459 6.58270483435716
-2.409469900340618 -4.592480108780481 6.637844093522551
-1.6559560946490444 -3.911857393124702 7.530165465824016
-3.2472917854447534 -4.4561943897324365 6.503743588513794
-1.4632408757652393 -5.451869597147492 7.4341459144562405
-0.4370117336790992 -5.370347129372877 7.3876145465732
-0.3880277904890817 -4.135233401569645 6.828874384559565
-1.25809521083121 -4.219332852806639 7.041402632247423
-3.224352312359507 -4.047996845599176 6.694090119135129
-1.5305790939017774 -4.322540915479418 7.159930370028423
-0.3511803320693232 -4.676536393525673 6.970971790200502
-1.0094543280004562 -4.495985381167109 7.078709574276461
-1.2206237604906767 -4.866157973515578 7.15577018286355
-2.5830964265262772 -4.211650478525356 7.8153392615708555
-0.6966233268350578 -5.8167475108396225 6.635491478189028
-1.662919992452833 -5.161504494200057 7.16354219856552
-0.8401981894045492 -5.424747922864519 6.592487379373777
-1.0034649925015506 -5.612598339952376 7.453088393942766
-0.8596884085987929 -4.834876739002836 7.132701220045942
-0.6533011255658402 -5.075965525749982 5.94597169583716
-2.058952943369933 -5.674616325623161 7.769690161750868
-1.8154650221193154 -4.898171498566747 7.957954849669287
-1.851222125481496 -4.908745563832007 6.834737724235659
-0.37959856155139843 -5.605094580776281 7.973496687580654
0.2875513702279387 -5.170581446954268 7.090472373949241
0.861282505629528 -4.6392334327483224 6.954040255724886
-0.4418846548062805 -4.99408854663223 7.069266601983276
-0.9804405831159907 -4.900287278750105 6.76051266352259
2.0799735901387 -5.077675430704702 7.437054740188408
0.011747065558149142 -5.187783954475898 8.11381076417408
-0.9822438747622441 -4.038331514285759 7.562119869266555
-1.6645441722344823 -5.248781037667788 6.710944878999602
-0.7017980832297112 -5.963229022758001 7.325306486554257
0.7326998772832679 -4.502865655122256 6.71546522348681
-1.3372475699714461 -4.447107219753686 7.688689489604061
-0.9239290581226547 -4.508381647329708 7.188572302451688
-1.0068948658129746 -5.685067912503281 7.5983942299846365
-0.8191821008226818 -4.405950261958711 7.259134409597459
0.14716387798269767 -4.90737813233741 7.4457500751126675
-1.4173825885561235 -4.280202199456398 7.172724724763234
-0.3352062731215538 -4.904383153326769 7.7413966189072925
-1.214851437710634 -4.803468341917086 7.782396697114889
0.17072518191962466 -4.796896911407868 7.045662067510341
-2.107929187073962 -4.775923369060829 8.0868079686533
-0.49590911459194276 -5.020013660713079 7.522875844794343
1.845612282295112 -5.559890045831316 8.405293076909503
-0.21422661188113 -4.678575224895253 6.908343459609774
1.072947111574505 -4.836807163250601 7.722412052446757
-2.1490363749030914 -4.028699260375151 6.70715664260443
-0.5699247445780398 -4.565826599179683 7.133283175009458
0.4217080489975974 -4.020850727962062 7.617983518314799
1.623573921178548 -4.676956189430321 7.846141158451871
-0.03296629932641366 -4.544724821387262 7.695772197956722
-0.68369237326183 -5.117307422832826 8.313306457017202
0.29813750075042816 -4.93652338294932 8.185540879860504
1.5780551817474717 -5.051339735438283 6.791355394921657
-1.2146540976156657 -5.652131515022461 6.936673452197795
1.9836600589670172 -4.72693315688407 7.900094573168396
-0.09013339049084902 -5.196460116770849 9.010459430331284
0.9123379077311078 -5.736088051513725 7.261891549985743
-0.022656075128278625 -5.012617738894047 7.454233925002774
-0.5990965986261397 -5.416664974247058 7.558193605163237
-0.8894900483196654 -4.079588794516731 8.15680764392561
0.6636909034948096 -5.157273744219183 8.017033364695108
0.4886604895201312 -4.822443228617458 7.053613928536727
0.8841418687150887 -5.202308039477153 7.857971415204897
-0.023426981772681536 -5.4283000864018645 7.392973671056878
0.5279466397999175 -5.162030627845462 7.747362741818975
0.3531850779023395 -4.210809470593015 8.027415299129448
1.5758322870027792 -3.8141605341427094 7.227088494829309
-0.32176467416693144 -4.0354365715419185 8.185713559480282
1.0925271661177112 -5.7862516210898205 6.934852328543267
-0.24323308201921046 -5.20889076876921 7.788990189598346
2.0416316087239745 -4.490797833101427 8.244846890782863
0.1868274902824056 -3.9727107952506464 7.167703890810401
0.6848062701364271 -4.566632169969695 7.30619611271687
1.0631124730532338 -4.458575522382196 7.874387566832746
0.5736491441731008 -4.872585925785711 8.365983185801664
0.644076562312524 -5.584249165499823 7.459671736229895
0.3560374892354627 -4.707582376506358 7.891148110300326
0.9671343212545187 -4.9422950415950275 8.587116772961226
1.691524155608954 -4.424032585245882 7.762676142853483
1.4175563630405863 -4.6695171439239775 8.591454660456693
1.4004040122716477 -4.557172586058501 7.508047958340946
1.3738365276760225 -5.6613856358378385 7.412654908798071
2.136323830206541 -4.039467671671283 7.842138394635577
0.5632220230873715 -4.270965950363751 7.0327880207710685
-0.7376093512040682 -4.8490441121281 8.194136342168909
3.2727638546114215 -4.3130846083422885 8.65760528359654
3.8959402093121183 -3.6265578882697227 7.310128668347219
1.0181198908824318 -4.821424227710216 7.741067518362003
0.41605541724290745 -5.263789290115476 7.6741004518876945
2.737499106252728 -3.440812187244213 7.566546267501453
0.4249705612007089 -4.745214127986198 8.53724885811298
0.7408854936717844 -4.012457536777183 7.716569758339669
0.7668644584211403 -4.536196513299935 7.716965023140133
1.493699744481833 -4.317303369213848 7.773120397886831
2.203243434196401 -4.201220806713419 8.282476116031205
1.7316684552399673 -4.422600283949896 7.279136227389499
2.5160794388823327 -3.219072158628857 8.422036458556265
1.020515243072767 -4.277854033617597 8.081015548577543
0.6508028243717338 -4.020917108189519 8.28619168327177
2.1289396316241516 -4.20462307990359 7.761463662446956
2.5573893468931583 -3.9129895677289417 8.055556444466902
1.0256151351753038 -5.333430852574497 8.680518092783421
1.9023812451295605 -5.352654591163784 8.410422287674471
0.888846511952244 -4.816607559759119 7.299404236812326
2.4111702485830038 -4.713709092970209 8.181919997139431
2.1606774249512846 -4.554337393881803 8.357095854646607
1.3950869815758105 -3.7404379931565948 7.871968521946946
1.45842739814601 -4.856044079599134 8.970170749904991
2.6771276116928395 -4.637321650793648 7.741996221380892
0.8778178698394642 -4.473970711504096 8.737419466708056
1.225141142587562 -3.940427886029251 7.882596479791385
1.9238042049416832 -4.049091362136411 8.197076921763129
2.315472584957886 -4.484832840019506 8.606780729530351
1.6435645019785048 -3.9468553435697467 7.68751929515374
1.2126241347460502 -4.109959500487829 7.533791161602505
2.184581250322389 -4.581160428495671 8.19399477740447
3.4167137299620793 -4.245210206778378 8.134334086169776
1.9088367895392038 -4.940710223801636 8.206117577175892
2.6201518790103666 -4.211447461630457 8.089605146327093
3.455607403520816 -4.170146314522885 8.60738221772941
2.6510937630495874 -3.9022358442981138 8.53663770276937
1.3257269282560606 -4.092086986498055 8.179146115050152
-0.16518505372478565 -5.293665276391585 8.398864387193184
1.7407120076416611 -4.360752901038427 8.209605962478054
1.6134199976454904 -4.79140768688204 8.226193139526645
2.528784084987489 -3.753383360275341 8.051971486813395
2.6783178829091567 -4.921283630558771 8.272091552074647
3.2885524678148235 -4.1625752290981906 7.565341405469688
2.059935705901901 -4.7062152580104915 8.973942311844446
1.923557642613197 -2.6975797248287745 8.28224823746905
2.164164667824912 -4.310538776016583 8.603822744652597
1.7951999356134585 -4.541415467130313 8.545749907983588
2.619208460114378 -4.023349306458301 8.388084207317629
3.7207888373470586 -4.03678068271977 9.339426507545516
3.723389524200636 -4.486536856622446 9.207337539382243
2.359573136254442 -3.739904756103962 8.687446159201425
4.335386974418437 -2.527929683642263 8.598640195598824
3.789647804348686 -3.0067614647095615 7.731836939171928
3.297752560170114 -4.664282506487796 8.12330046529908
2.709679975336696 -3.803925594657791 8.819222809477782
3.209938781310662 -2.7933496041699786 8.741986072824627
2.812407154885616 -3.734606435811011 8.29025712379508
3.526198345393474 -2.547915858520322 8.774115887290742
1.5928341633785432 -4.820405096924121 8.361397544703719
2.1537813051278496 -5.215421794487805 8.05305429572842
3.3856739648654273 -3.5946980568884714 8.702751570308143
1.9654157187004275 -4.387759637415968 8.450710607787
4.377393843881947 -3.25447084590511 9.222722707068796
2.5133205115223327 -3.983961842974027 8.50267616482935
3.591556669653312 -3.7448557149091832 8.762595194259953
3.4544026981480767 -5.007400491311277 8.459763331135063
2.865621961488108 -3.8769358655584445 8.345516261192124
2.5216770984669425 -3.375086064603856 8.505788452406946
2.98908418288703 -3.5952456318308976 9.010944628580404
3.4821092917761742 -4.202589496261397 9.23156571018726
4.6972609755611225 -1.998300610020615 8.344915035813372
2.4682776689844808 -4.614649436140339 9.096251421655863
3.454981093644448 -4.225192343761612 9.215721803505259
3.9703620420827446 -2.3210675578125213 9.120730936981062
2.4202117953574045 -3.080031323128517 8.164770946910131
3.443320351067903 -3.5226835192339956 9.03241163522726
3.1993346776536398 -4.163883010119248 9.30368259620858
2.0271192991416394 -4.449945874063941 8.936665850114244
2.8786158423731267 -5.003685625619747 8.533333800436466
4.6115496319109655 -1.9510372716389508 8.893582288150856
3.046459598398061 -4.1572034592570795 9.277107372581888
3.4849140587773033 -3.5498618743562105 8.309916994746244
3.4812254417786175 -4.054572167037379 8.688262446671407
3.3994713103707284 -4.2584448403296165 8.925452717250188
3.697122033480979 -3.87278327148849 8.694442293950887
2.2577158800510095 -4.2619530425284795 7.898013175226056
3.0958269189630148 -4.346776006107265 7.926340625477696
4.294710316077879 -3.7318387586765627 8.564516517874146
4.670458540628495 -1.65073995368273 8.602015594247705
2.1622700345011516 -3.8671302154184444 8.740857190836632
3.273451739893045 -3.9049988259965933 9.00308377314732
3.4716303077001847 -3.533022949140969 8.43827783490077
3.2961117552291186 -4.719619694195145 8.743154242382646
3.8492561434777652 -3.079782362422228 7.84828174927198
1.9873086698358027 -3.4541058141898264 8.635372795694177
2.5523931378343696 -2.706728995228252 8.39176987744375
4.807229473004435 -1.3038511670906134 8.66937641667675
4.135491079171939 -4.002413764040584 9.530853215657585
3.496637326359837 -4.598193288318596 8.974041669280854
4.1793674167645545 -3.3820014251030535 8.855602987546597
3.785646061680873 -4.253752382728606 9.943559495561711
4.021736597432604 -3.203836683156678 8.545808718907915
4.626159390526287 -2.9519762835248406 9.44449703884514
4.931446988614334 -2.6661878782746933 9.000224191332805
3.837641163833479 -3.0761515914403805 8.986957508967517
3.4062668378380683 -3.0536876871964767 9.072691044649723
3.6018298701307074 -2.797597616308388 9.411808820300445
3.4055233353276266 -2.5111304739625155 9.622257521419082
3.293500785015846 -3.317003970632411 8.655499977314367
2.9752759252529475 -3.9250632049975227 8.995217298433719
2.5068327640938852 -4.8447426547932695 9.875440440741757
4.0324502834962574 -3.51224946894649 9.917327373795949
2.778390620851166 -2.7155804509913746 8.816458569703066
4.135328851767293 -3.1443079692492346 8.99230028612723
4.359931669989213 -2.5441907189800794 9.03986814481349
3.354412189155832 -3.711332508537053 9.472374321151795
3.829174331961902 -2.131416878934211 9.754732295592465
5.132203778014033 -2.7574770566104965 8.689100565945909
4.786210593523151 -1.8169901392251886 8.832013627564361
4.554547856301053 -2.1226455923542007 9.17608396739414
3.7987370794483986 -3.0931680936635724 9.50213799483348
4.623683853133243 -1.8120788852428051 8.33803458729969
3.6000460569871295 -3.74801480825357 9.286918186069572
3.281715552044996 -3.396036013701333 9.597761680752066
4.3472668799070044 -2.7459296952025576 9.0312547607075
3.7323285387208682 -3.031467804086457 8.871679631165767
4.735629315508186 -2.7249123001607325 9.903070801634147
3.2193013841859277 -3.089108219255196 8.076283999909284
4.6904672321149015 -2.8583339464782043 9.657327750274659
4.738070659264988 -0.6066413173663031 9.388224863912964
4.260391656280858 -2.7307558407785044 10.525687855514127
4.375515438678735 -2.878146323330706 8.777512461894661
3.7772669612244987 -1.6151261035637121 8.936363600350882
5.231766450138695 -3.0053465258786387 8.89951775657451
3.500738914559671 -2.859942050404761 9.248145432363382
3.678552795827155 -3.0044372674696302 8.882558507504314
4.120543119144065 -2.7437997137839125 9.347774144967534
4.562579254675744 -1.3713874236718648 8.319302349618223
3.449559971701427 -3.721756472123024 9.247502434789395
4.496722236697714 -1.4625584586059452 8.98619846131267
4.528205026071056 -2.8422194642880045 9.390442743077493
4.188384413061838 -2.429882343574935 9.521595789780868
5.0975874837408055 -1.613548780793714 9.130452277999034
5.510121340782519 -0.20866928519312847 10.149077557630639
4.306647396902879 -2.405696200398583 9.296361118828022
4.8373613319942965 -2.235233118387912 9.052288209034499
4.877967969240476 -1.9521500052037832 8.888676238028413
5.641818203883734 -0.5789718431543536 9.202424447895162
4.856000087572868 -0.6813246394224899 9.303294216640605
4.3593090437795485 -2.6637335021616604 10.417836402325747
5.392068350224382 -1.1118941414327788 9.519585365432429
5.233741562296441 -2.368281526906215 8.901573974498914
3.376679149882436 -2.178574564229194 9.177342963530888
5.1939468709404615 -0.9708893866643221 9.143967033011604
4.194541631948568 -2.066467413374728 9.862028427555659
5.098387726864913 -2.485431780357301 10.0877078727592
4.383651808102715 -2.6174810228821737 9.976024223526773
5.323689705351634 -0.049007571298611205 10.009577549315626
5.039240699299979 -0.3433576502954337 9.79527881083464
3.3257431478525645 -2.563534258210976 9.651410481666137
5.117313976281826 -0.4458109543611116 8.846692711486574
4.238395991533873 -1.4331274194104402 9.961786513595415
4.972836725505845 -2.0450152291943717 9.766805131857
4.82078429472618 -1.6112616685336933 10.177515394737696
3.695931235648698 -2.65151386269706 9.811836439470678
4.409002735780256 -1.572942112205771 10.157909659578884
4.320673798585352 -1.615604494740783 9.946035490735586
4.941210243622394 -0.5238396281971693 9.217389830162492
4.685086049000752 -2.408173231781927 9.678229537403064
5.052941006929617 -1.2112588776010216 9.460457539815543
4.117012465832453 0.5292050940093528 8.618660195056565
5.805621958204355 -1.232325708624156 10.31634427745821
6.1274400799897935 -2.375876580103349 9.861219231347016
4.802379927886432 0.047593832834730614 9.494712912011767
5.317158336419477 -0.4402775421539723 9.502329315721811
4.766814880350314 -0.4465102444317071 9.816812426048
5.439073818731451 -0.6001059679697806 9.043084463101948
5.06444814857151 -0.7756660052252197 9.950774417787333
4.42861107771654 -1.5845759838673907 9.741680941958856
4.169234877211788 -1.0209097467131658 9.453743931377723
4.395313631418058 -1.344197030029145 10.56131091571027
4.183971717833665 -0.7262241558749367 10.491830593496205
5.45941678378188 0.24259201136978523 10.471236773566863
5.669446374034543 -1.6748844462811936 10.527458170628183
4.322015604315174 -2.4178652301752277 9.123104974398972
4.82622842658072 -0.7997761147864305 9.840486641628605
4.690664021768928 -0.4112710779964606 9.236503652586226
4.121658656875938 -1.3188561264398573 9.667814479571867
4.964287053734358 -2.0099286830076686 9.766157470468924
4.938062067434407 -2.27475153505167 9.151422204649384
5.09175053293517 -0.8785666812738493 9.906825006220256
5.022203977299818 0.548371542239014 9.994361217773355
4.496785511703768 -0.40043271624636756 9.78313106950722
5.556251202303051 -0.46925923968053157 9.706509901207141
4.881744022306993 0.678782843066118 10.689366355760678
4.527763011131999 -0.027904946906556906 10.025175555318821
3.7719662619573504 0.06459697945490123 10.126199381341165
5.167519500499688 0.0723645187151709 10.858697317183063
4.900512855798253 -0.3737145685826009 9.911106175039235
5.253262796428218 -0.5052967971173743 10.522271554241751
4.402581388308238 -1.0065459275875055 9.767289598816141
4.9514870750704825 -1.1405901548056774 10.05102711444566
5.78395495210195 0.20810521621896108 10.654163726627617
4.567181850005768 -0.6253987420085901 10.38369050658298
5.131570951431555 0.18744455955436543 9.776223687116914
5.100679346047636 -0.5313552323154537 8.96417454939567
4.552511441425907 2.3281637556882995 10.165621030371565
5.1482559071886005 -0.3165701609823952 9.221090060579261
4.871140723176754 -0.0034214531260393912 9.825491966367569
4.724399358077 -1.1880212201882892 8.848892526907331
5.987767108144258 1.4929472076784143 9.941087237839616
