4.250969822336848 2.255339130034027 -0.1684089979866742
4.1151862228117135 1.5795605843762128 0.083024517609464
4.763459341655688 -0.32340589934716035 0.13432334694920922
5.024697790509131 -0.1339461761451372 0.475324710308054
5.1140262892855315 0.7032243578371264 -0.36810207509544657
4.837392798300079 1.757525684445699 0.2257282809478367
5.153469650445522 -0.06110970913330518 0.42791483123517465
5.128370579488801 0.28264794317061903 -0.29481358361891913
5.358370500648784 -0.5936628882669415 0.7071149571443329
5.102259733812008 -0.1780372310249147 -0.5429824150308317
4.569744502293108 0.691877397894254 -0.7288706462844506
5.1561524804891485 1.0177546203648085 0.1652061249037426
4.809950897186457 1.311836240674131 -0.4163900501186498
4.664277931275446 1.9160571434369387 -0.501731835061411
3.87770000732267 0.5714491290672098 -0.1772619249007772
4.913475831597391 -0.5883347154254298 -0.5982940077747091
3.9858399297011275 1.3069944375492863 -0.21071600458213816
5.337944651968525 1.014696775982451 0.33607982144166115
4.03305647612755 1.0615127745903912 0.08510229744375743
5.005591058234118 0.45146856942076996 0.5623744770117838
4.717664316053363 0.3396519504526363 0.2212534753102037
4.564133731736868 -0.3424521230896113 0.2578821929168614
4.200567814362007 0.8443793750052079 0.9812130716139024
4.633872352764674 1.415984565078194 -0.0394941436347343
4.491020019898164 1.5424072411534155 0.8919515360013215
4.637124641071233 0.36272060271132534 -0.8777236595452651
4.537390860852223 -0.04695949135147419 1.4783464122445957
4.725336169085397 1.2702822188027565 0.08836470679816791
3.9411770651358697 -0.16529947570233539 0.1435723704059883
4.180246433615609 0.798004881835771 1.0667136640188684
5.168141560928917 0.7176041142054281 0.3990688629010608
5.961632609987695 -0.7319181284189937 0.5409573757852169
4.980234075789914 -0.32499668689541933 0.3802396197744728
5.193837570529403 -0.1584627253095267 0.14725084446910286
5.722233064476998 0.9431270526259468 1.3968849857202787
3.8056675491268566 2.0674264027364604 -0.4859385132628024
4.393730652543269 1.265250724482104 0.7227705012594448
5.068913620818461 1.2745041806487611 0.38192198543594424
4.9722638582207 0.5808647633914257 -0.5003868266158538
4.963488858860238 1.60189304609501 0.3737602477156392
4.350708699651497 0.5367413888775301 1.1249144017434767
5.631696014553232 0.351867073053393 0.10310074604669778
3.8717015650906945 1.0969821248163485 0.7389447906999729
5.181848344158809 0.12317091612081181 0.03213272393962868
4.856523230580359 2.605379680198405 0.39401861131777854
3.92418659502195 2.1934273000475333 0.41788526631946626
3.8798741283725375 0.9590410181497221 0.5694099789821325
4.860208368730779 2.228779189920823 0.2492372022797852
5.491730821322059 0.5237104040812611 0.7335527083551263
5.40648412204174 3.0562810181267612 1.006356317365944
5.292412190657297 1.2672825461455905 0.8992791765595528
4.142311807878583 0.6802224729288427 0.5152386575829254
3.861254760109426 3.1329014390499643 0.0022220298580738485
5.1062311666704225 -0.208524508421847 0.03241661941793317
4.199899127109907 1.935713203952628 0.9233026392799754
3.866890511541267 2.2801155684943364 0.6335981676656528
5.052700065661838 1.8649705232394194 0.24367788675249125
5.211968528553247 2.384443523362882 1.0973409471052027
3.9265601378788566 2.5389163882243593 0.4481224992230995
4.348672563391445 2.1171672047248875 0.9276519182564482
5.10736797328535 3.9032832903184276 0.6133540218388315
5.306164012665543 2.370490799470688 1.1200097754665297
3.919540780145516 2.3497837102629764 1.4871474517239553
3.6294993951592383 2.474555206803524 0.4132251085800069
4.062747808439802 2.919816898647956 1.2080317801874019
5.763956333943447 1.3608834557877494 0.6371021376138549
5.403235125053153 1.383697353907359 0.07949768959513814
4.141434540918634 2.7951837437603286 1.129761284292031
3.228962035335581 2.393097285016458 0.36303007972432544
4.576223971523138 2.571896776338641 0.8378645354270855
5.071026925622083 1.4545082915037646 1.5635249400797195
3.9018867152659715 3.056211683491759 1.3476062213113282
4.342346740671445 2.67400695804445 0.6207755467894044
3.0703675685991794 3.3437506513002377 0.08409533571213279
5.025484150134608 1.477647314076039 1.4400981844310874
4.165861167983147 1.8162998334674458 0.18243819095308578
5.344875925425795 0.6352842446524171 0.663229596017122
4.660538246016264 1.5431838714628094 2.0409532734104587
3.476741182870193 2.6998809227189504 0.7980746275724179
3.4205934254248067 1.6624183134236308 0.9824535221677494
4.515565738492305 0.2786640885778081 0.5849566171647909
4.052056698945573 3.0750687489496733 0.96684980624634
4.061238692738856 1.3423126116962385 0.10479516330169925
4.9222296643027015 2.0369453229188346 0.59862936681548
4.21972357856944 1.4066551315320006 1.3726623580976056
4.915853670083393 3.330845615542493 0.7541093340965844
5.05607133107923 2.218709525081685 0.847139910441197
4.226517881668428 1.8090273664505574 0.817324680455111
4.469862814338131 1.808387486852746 0.7762934582949754
3.8678435164765013 2.5123973708497065 1.0778303001955474
3.122665306493403 4.459789058350318 0.4873091118539365
4.600013102959657 1.3446725682333713 -0.10105231809465165
2.44385489925405 4.244890392217779 0.9485063438081613
4.431608106950737 1.1260233355468368 1.544805281278028
4.391198878362782 3.5736671469173835 0.4564108376164412
4.763133562926735 2.3413806414149168 0.6272581036979332
4.3316256594730085 3.918368635727235 1.794096789620597
3.791241585522623 3.032120407689247 1.036901870362146
3.2057029707066915 4.065214008271727 1.9239659841889698
4.52342313912421 2.1884046658130702 0.9974124569243761
4.3545917988946785 1.0125577202735017 0.17902593112138243
5.0854537151229655 1.8202125871449641 0.37741843570701594
4.875105116113186 1.7202984926412175 0.4754432470199441
4.4086028179172105 3.058821260937043 0.9088642886510104
3.7941780867942807 3.1251814254556365 2.1182144532106846
3.5841280124820813 3.275542507001503 0.4472836895930352
3.359554038201195 3.2036758004109833 1.3058896371949111
4.565599477574316 2.410221502222928 -0.07319298267936869
4.2787811299293725 3.554708551248138 0.4654175567800858
3.1752880317193264 4.04947817798435 0.6614892116653954
4.164501717503938 3.258142858972421 1.4712308536941001
4.6967209685483535 2.878265098997018 1.175914181387932
2.997491547946539 3.436267760252358 0.9378105733042843
3.8020639390758366 3.024527690990485 0.8222492228420929
2.6608265415220425 4.304550246591447 1.2205797090490575
4.575084797584646 2.193111942620838 0.7549544157167929
2.315304931214073 4.982204651323691 1.1238870640952099
3.3141619927876134 3.893141027210468 0.3280738840295768
2.4045521722552743 3.321135147410333 0.7967482730437523
4.791391645875603 3.0832639282924665 1.1774916723725157
4.038672415236994 4.434049762615301 0.998696382465989
4.362294371954409 3.353584935029061 1.0738531666136966
4.092232443034269 4.021581133682124 0.9446608049338191
3.7978532576935695 3.2767746598527023 0.8500701174486234
4.3026946849111685 1.6714770096970601 0.618141447382308
2.4756394200010496 3.8714460404985838 1.3271454515897294
2.332954303336542 3.448087619380724 1.3714917158302533
3.9450636674045514 3.439450048635209 1.0892307383425317
3.4230843539297675 3.879132771365414 0.909178260733754
3.330618924078966 3.474764479822448 1.3411043624971561
3.9301038796760204 3.727112242585096 1.6832825356613348
3.933643639516895 2.8465431197267637 1.3270407757352256
3.6726938179358184 3.002728189871181 1.7286085740270674
3.6092643333405725 2.576006386960418 1.8227006241591468
4.625170628344367 3.2076524253562844 1.1760827090347035
3.3264168679889545 2.6740927494275275 1.5625039114797594
1.0292416732559937 5.037725443288835 1.0864235472474224
2.8699949592386353 4.819024614646651 1.6119671103749869
4.285983335807886 3.4339779637991676 1.5084044673136316
2.1067765184283456 3.811734351546611 1.5343499952681878
2.089992068715072 3.881344821343189 1.9296448314023738
2.9196513903211843 4.2889230457662 1.2111152074753155
3.3072688384953404 3.302894326155516 1.3855981245441946
2.613482660048607 4.374608668347416 1.3984392583763974
4.303832740142314 2.972312049710191 0.47370594480990513
3.20709160682762 4.194307656579704 1.8282765733640187
2.756335401156651 3.7607469097476494 2.0498744580751507
0.6202384992663422 4.976952715143853 0.7532735708886827
2.598382466107886 4.722030866931919 0.508722540933765
3.6423965379578718 4.554161564136761 0.5240146886249125
3.1814044584886787 3.2651556039519853 2.2181342823884522
3.272318943956337 2.4426173700862783 1.4024451206779645
2.9897089331851103 3.8816106224959834 1.244388486764954
4.2499947638873845 2.804279491596935 1.1583197798248992
2.7782218215734837 4.174484324310711 1.3860547667169023
2.8108281550729073 2.9262633048028146 0.8815871061697614
1.985320611033708 4.255009152727301 1.5540168064732653
2.78315600742877 3.755956091069044 1.6985145660688623
3.256795354155094 4.139232153125435 1.856711368638953
1.7149084285587717 4.226578859959439 0.6236204938722418
2.441079299299981 4.001062064709791 1.6824786790176498
2.829204400253285 3.62871719994974 1.2926231951056253
1.6542583777599675 5.186342013283873 1.846584274349648
3.03191275801282 3.911125535765377 1.3132022411733482
3.821873719214779 3.8737757184974697 2.464995137885012
3.257768070659619 3.5791852944658786 1.3584877737348684
0.9359201234979801 5.164723858985004 1.8393156032397202
2.7272338848032374 2.815975897086631 1.7175648516002675
3.438288163033893 2.8658206309709198 2.299270399902287
3.5732660052767993 4.190821155185913 1.86235471733302
3.5879310780344227 3.6697525720356547 1.4926619211217926
2.1351331385835004 2.9651550250373884 1.6570815954113383
3.3322283665310484 3.4875849049497325 1.585547554736118
4.162402183043397 3.5170961452654566 1.8104215318172614
3.101858011093586 4.30468439131249 1.4147483479008618
1.660199241594854 4.25483427323106 2.8754036566128804
1.3855356912271544 5.62176770476733 1.3382623689184783
3.4560898913995777 4.318615770041943 2.254395865456203
1.1271432415319302 5.799544050862234 1.2743574299746863
2.512809755773337 4.555691455812541 2.288430934815384
2.753347779786241 4.397523701093607 1.4102129741755345
1.8161236662425364 4.413580965324202 2.1197146288866615
1.2697611918995846 4.272357052212286 1.3307234281696834
2.4299126906549637 3.4658344286318714 1.50577157289585
2.1023688440963513 5.58742503980931 2.168332775152061
2.5067018810198944 3.2478306174378138 3.05038056053007
3.1450119593680568 4.139980051861803 1.8660311848853923
2.4777589503635364 4.544799941383085 1.0326154782523793
-0.16335907191485793 6.189001041738773 1.2945498187001943
2.7897621099035814 4.191681286233025 2.5292465471647665
0.8780656813401868 4.843522334763969 1.6570717016075445
1.2836856367944907 5.17312316386922 1.7651730261911265
1.9870651348986887 4.090383023226823 1.6315243812527616
0.969548046272128 4.047434512652731 1.7454625057744364
-0.31944789536835094 4.9490766671499165 2.4050277125883235
1.5171700908138748 4.583313952096776 2.647212928685618
1.5964605424175322 3.9706659466577547 2.0854637172748163
0.9279219143086305 5.0697644222831615 2.4828186952827274
1.7248980477098308 3.7804255327961847 2.4242498247958872
2.0777863166329547 3.833527244080685 3.1392738811207046
0.9166813954232701 4.8380579166957345 2.2703565299117683
2.3480495268293278 4.07811198615485 2.377296704129923
2.3375555590495285 4.737951682043504 2.099934491876287
3.691266220880298 4.169881253436749 2.99918242221937
1.4955747702587445 5.3946461522458575 1.9639010492367726
1.000958186156004 4.3577978375646556 1.6364689095311116
0.8014272555809616 4.723720015311613 2.345214740547399
0.10570444992371038 4.68911972078139 2.041744308970461
1.20752225094946 4.652832331301916 2.5166937382631636
2.6976183563223017 5.173403715752153 1.8745070243869437
1.8984582661125529 4.933451081339934 2.122173866638816
1.4869469950490328 4.786242345003821 1.7381858515367279
0.2087775923813896 4.928325708812825 1.4198066498129824
2.481732980733334 5.0713373929853764 3.028569513209277
2.2528687863173067 4.382150060942455 2.192739795646269
1.2318525987284115 5.252748425629126 1.7805422658750087
1.089524550371525 6.36300955516064 1.5123744600572961
2.033812779627107 5.10495874181692 1.8713759700348218
-0.04972625991841154 5.626628630387075 2.6499488987132587
0.9586828368272641 4.9770248683322045 2.2083345749336485
2.4323454285350623 5.155309915888888 2.281445961836013
2.74469513166522 3.5964252397027634 2.3699940912943713
0.8206940636681571 4.852981290258161 2.315547772947158
1.3966280432755795 4.369845859659208 2.3718427854630186
2.996407162719181 4.026723829531905 1.5740883389418843
-0.316457185201248 5.844648375623429 2.781215122411984
0.667506484759574 5.08619556586011 1.8337770051514728
1.817834213951509 4.6961999382676956 2.19930821634441
1.097693555077982 3.910149058687007 3.270438918439568
0.8490358558009425 4.275345156902369 2.061245424246292
1.5721699215210614 4.211448436295983 2.915624982337793
0.7982023727466191 4.827685824493247 2.214430741815431
-1.783650259125443 5.07793822958348 3.0065050671752562
0.6193068977328103 3.775087191806865 1.7003027667672592
-0.3345367458756837 5.092475087618052 1.862541692212492
-0.4497306211297583 5.008136101211709 2.3883115018566685
-0.5293177746499098 4.496003330560787 2.991591637280152
0.044132938187157036 5.673913127615289 1.6674368510888207
0.3293822137184644 4.472793577749466 2.397000549968198
0.26982265526498217 5.6788563203100155 3.2078674574217305
2.1093777402771456 4.854890987930947 1.6995314137842785
1.2194648308067995 4.743026555573556 2.9413549808190647
-0.9439804507940921 4.70679603942218 2.390167175231389
-1.4716860205009978 4.847987888419316 2.9660183676814147
1.2945654253997034 4.507300635051477 2.0483473552931284
2.017505630936259 4.033666273583499 3.727573369122238
0.29176618625363826 5.578362270959374 3.521229869819207
0.6273818180444879 4.870207603533487 3.535844090699174
1.3247530082019765 4.858272700657922 2.1745425131127565
0.18450895125546374 4.822808650089758 3.092870681895791
-1.3718487942919328 4.442449567018564 2.9373036536473305
-0.9219398508712334 5.395041839786902 1.5890199281140513
1.6682481977763306 5.185832859654447 2.534409633548093
-0.5533532263794317 5.388066894126349 2.518921386993415
0.41847064755104585 4.5666726580307175 1.4868175143290687
-0.3856097308421554 4.6440008275440405 2.6989089554506194
1.057706336327353 4.593509023993988 2.652020590003239
-0.34329277168652833 4.803481640967996 2.0727229498664355
0.3950369026879017 4.719346217519254 1.8619709526751702
-0.7653643562113946 4.627548417789685 2.6470372471939183
1.0111596258159326 5.054094295072539 1.6805552479882682
-2.629354182389274 4.946265647584162 3.1432748823410526
0.22091005246652615 5.020719533631255 2.92824432136113
-1.4522644942049283 4.62550493295356 2.323517188112144
-2.295142846593834 5.4370586778413275 1.9243840736423126
-2.0790527572914046 5.971994269470447 2.173492174302434
-1.293975631386541 3.547403946262776 2.869354318592124
-1.00062227860642 4.171643301541466 2.497967486291554
-1.4228320908773597 5.221878115439851 2.9992946244185643
-0.6203279069800371 5.332125912353946 2.7382850659368465
-1.6339586447588357 5.865572712762586 3.9473036820964573
-2.9050687889303024 4.426414504130632 2.006982687681372
-1.311319378720037 5.04791647867318 2.2048997920173212
-1.036100882867001 4.194695914198159 3.2472137835687653
-0.6835551242018332 5.373310602474416 3.0869326981565446
-0.8016638743404682 4.299065770091091 3.103350609778847
-0.24695607288662605 4.6849433957663695 3.0113342286237397
-0.32952990001657095 5.602106013231813 2.2465132160293626
-0.8596232425376223 4.240719147394749 3.125532243110138
-2.01291600985536 4.169496940093218 3.223790738057934
-0.1310673995700837 5.357053631120785 2.7755885295143274
-0.7840513723022318 4.809848064216071 2.613734379371814
-1.4710219337988535 4.841600444867522 2.7163023599559923
-1.3841488540123612 5.294580738260621 2.992886906539844
-0.6079511448642719 4.98390145932331 2.9236883928691153
0.3788913406302905 4.7796330037476755 2.52632978422005
-1.6018633185852273 4.8831127307698114 3.062992874427015
-1.7965581155571961 4.615365657479693 3.3704425131826854
-0.5858315067480047 4.372774023290799 3.0712716313381576
-1.097500978276476 4.470762557864559 3.3639934226591417
0.2257959112551377 5.145180194016791 3.786690608255034
-1.075777722299575 4.733755385518147 2.1961011504140013
-1.7901646285853159 4.522276706720369 2.823661625204097
-0.4852220710971889 5.635364197246575 2.503386035508041
-1.8185599257425864 5.092999265686864 2.897381733598487
-1.5255967198292488 5.079973726885838 3.6093415488129557
-3.720778552930141 3.7849736241509615 2.553017085795518
-1.8227326455736534 4.754429567145682 3.1922873235294897
-0.9823115797548954 5.2244748082285035 2.521760072613467
-1.6426525928519373 4.320867249256873 3.290654108240251
-2.587601488959503 3.65464083935164 2.711615477255124
-1.1617040533691032 5.208535114697906 2.47846865539785
-0.9771669297713462 4.88890611102938 3.1900582610374637
-0.5142109148756226 4.565958867989073 2.5824867948106487
-1.827900769939835 4.1663269447119315 3.0896009177730384
-1.651701173071626 4.932565810588492 2.8232345283905693
-1.737139260246174 4.492235753603297 3.6126682308871234
-3.0929730363425114 3.9544658286186847 2.782413979682759
-2.5768189707950353 4.029576980699491 2.467954668697156
-2.897902496475636 4.1541138845502825 3.969660028162653
-2.1274044870572935 4.861393805587025 3.0852690942422543
-0.959401836043148 5.109937068240131 4.355327216238295
-2.515476469800588 3.9898516170643745 2.9033921811688663
-2.601088987116252 4.680590715065364 2.9595122723530616
-3.1507985244035996 4.042059025256679 3.168586550198125
0.47761783783014494 5.843570756745828 3.051722633189774
-1.6650193238533577 4.527575971352921 3.8796176884823033
-1.4649032398267523 4.526541058702015 3.3550332705261416
-1.1339283613710907 4.584460523309885 3.453902517728608
-3.630905949839256 4.01144690285468 2.8656229200076004
-2.851883026715285 4.04555484983812 3.0788428350284596
-0.9341688163596161 4.608581882383883 2.995204360379308
-1.4101656748498326 5.194558888388795 3.5220345335556162
-1.1764320463473177 4.8247633093249105 2.5428543777748223
-1.9669870570566512 4.037101709269302 2.897293611786532
-2.508646204337311 3.473039591247205 2.5952788284299855
-1.9397132565162758 5.127204764404215 3.1483090942663066
-2.9390058197515994 4.052944833516973 3.2074278971186447
-2.2373960308197267 4.230395624843108 3.5481040705314664
-1.6950196816521095 5.782492584496865 3.423756361432955
-1.674226768032328 4.527673105504889 3.4727238412392736
-3.1064906795602294 4.05024896206085 3.4117560575954267
-2.3163028528784406 4.003906949717545 3.5657819225669347
-2.9867375760787507 3.4746827184272195 2.8721502958983223
-3.09452758066835 3.961555820452893 3.2316197946346144
-1.8542611693698967 4.0050124326222285 2.837921604910396
-0.914754911099101 5.465848079894881 3.881530123971153
-1.882612066398292 4.947823244083754 3.7874538336876054
-0.9734539673216429 4.977251078117572 3.3070250149957627
-1.995629239818488 4.383340575376272 3.0943726430436533
-3.0117187623873733 4.418039300584113 4.587720242783043
-2.0290778391088273 3.98541383073037 3.9614880849093184
-3.1458820305705477 4.474276690126308 3.6633634734028275
-2.7011653118581287 5.377880183279592 3.2975952096918064
-1.5310354574497456 4.707696849337725 4.188636617238357
-1.137851738932175 4.2208253430087534 3.912410439344044
-2.3267742021007423 3.9003100429560122 3.3423225207438456
-4.060474934787701 3.5780965949646357 3.398699880913583
-3.1679705428502403 4.426308043323726 4.058978603870639
-2.821412635881163 3.4109459431556033 3.5145991896404323
-4.505861522655605 3.404620371901292 3.506380191273247
-3.433934106395505 3.790819134482359 3.1262546624923684
-2.370986473700666 3.4842230945232715 3.874158691863658
-3.368855144559245 4.152468546068619 2.952236051883758
-2.7704524023339356 3.887204087653676 3.4276236905327186
-3.815052456981088 4.264203197650391 3.414836017420482
-1.7620891953613904 3.5044191375859284 3.4157389452419555
-2.4548966736719673 4.010767022649456 3.304049424422317
-2.200045794020688 3.9759546536696817 2.915670662784664
-3.165979022871282 3.1712534376309303 3.384829496901805
-2.6260703141898736 4.535022136785612 3.808904649751011
-1.780719611560948 4.073632571427144 3.335335587721357
-3.6766904527453037 4.044699961781234 4.060889143603166
-3.0951395584410775 3.9655020105085117 4.043824394011076
-3.4205952549394545 3.4661302774956115 4.220282833382021
-4.025588621616865 3.6743200396332476 4.38860153234951
-3.5825824849278605 3.0921494839635355 4.713687537930086
-4.022065806198448 3.5429647537282807 3.6211553142621864
-1.1274552096616106 4.122519187748225 3.525915279656743
-3.8919408196519405 3.847161289002933 3.941230989868883
-4.710891320131912 2.151553606178477 3.7751303487167
-3.261429852443307 3.4535185237666703 3.6077144025667898
-3.936670665345381 3.6968633593777542 4.031597784579694
-3.8757426443132488 2.6254931747690184 3.6785899525685783
-3.601870596354596 3.6801305056305615 3.564900593169438
-3.860094018830582 4.012198605397624 3.8514893183936447
-4.131658334013861 2.294578848843252 3.3494339438246477
-3.4126614922538145 4.158006213741462 3.205185272541857
-3.129650501485553 3.42482531474164 3.7066539009039947
-2.6762516462800834 4.77994754696521 4.7483715085227365
-4.412249598235096 2.375672153709251 4.576737061346504
-3.903352486088969 3.3777159818078344 4.095289669922058
-3.3874444011068072 3.9912629801413986 3.588698760201098
-4.104922050015317 2.773127093930194 2.944943332389613
-3.7418089487856254 2.9689851627500348 3.639686874386476
-4.45392591338189 3.34530728837913 3.543918342569709
-3.0457576246042346 3.7863648059594053 3.3868921800030156
-4.737956028133416 3.550112642596515 3.7988001317201094
-4.116501807764516 2.774925520389036 4.308611935467122
-3.891533295840585 3.0353901126899108 3.265232787153408
-3.9640108096420357 3.7018920667938104 3.887000868278239
-4.270699233982241 1.958304660774609 3.6778679399945347
-3.016931299835071 3.312595015969085 4.37537980306434
-3.235110159855999 4.868074151864072 4.289371084900792
-4.801546449353405 2.4401595505494207 3.493356885590752
-3.692690050205467 3.173028940053838 3.495228026870029
-3.992363165652078 3.0748545907562135 3.277101358600075
-4.241225153814995 4.257611886424836 3.9867519635852213
-4.665392245695178 3.2476210024730245 3.5251960356973053
-3.664820381575873 2.968573696979685 3.715198248892889
-4.138752355908382 3.6884041997655226 4.048790009185848
-5.32353708774847 0.7712971748724821 3.305096973177637
-3.9819684761099334 2.927604273525599 3.1991613796767253
-4.368444237699696 2.8006437019274126 3.488349385422256
-4.270946960782698 3.2426528150706107 4.5461839357167095
-3.9297992143528355 3.7047990053846975 4.4077713345612075
-3.3522086244086426 3.259250326991472 3.3438893671609984
-4.322096196197339 2.011580278929358 3.7971159276569293
-4.269603319714695 2.6385331104776806 3.302367786598346
-4.593618662934176 0.8507951543794389 3.8318780051768626
-4.724629132235809 3.5404101272465196 3.6372497618339157
-4.44085939623521 2.2026895523217624 4.410447856241065
-3.7779549714113134 2.938502527662076 4.4903200326630985
-3.9393594601859236 2.7609325121586967 4.155960885733421
-4.26824742676924 2.513564071073293 3.7721942788697955
-4.678120523189192 1.7311329005629228 3.9018534790917654
-4.761128188014148 2.8415522803533446 4.224372930442626
-4.178289224704088 2.5029023566680393 4.561321766664603
-4.473300335615191 2.5985081350884855 4.654865137565004
-4.5740096521427995 3.517024674282877 4.67066916517416
-4.8149500655726305 1.9344050875962209 4.619678836409322
-4.626633559184731 1.6765214521067828 4.614755320339673
-3.4966955844985654 4.070869980211089 4.558169194492635
-5.341012267427617 1.4511789341356842 3.4979406870366425
-4.725031875048031 1.1263982507025556 3.313115396957496
-4.406261555351923 2.8019131834680153 4.152394917153712
-3.760809695780498 0.7200326804546878 4.9094719064768375
-3.8020840549808184 2.8601661293870646 3.82310292502321
-5.017430054303994 1.246417539964998 4.1897716409319425
-4.937770184209842 1.3623172151135212 4.160457087867385
-4.920679645696393 1.2499221310859359 4.654331612202941
-3.9181070367099773 3.0363862921082703 4.996596979192168
-4.377314216709713 2.2627475527383805 4.465732821353138
-4.728615122085222 1.304758148058621 5.333195744189462
-3.8394074253349113 1.1940897332906295 4.426788741153301
-4.482020863159107 0.8082815214271716 4.658392659246956
-4.985541637292482 2.884077083547983 4.212079714377548
-4.171054824582491 2.735139137957382 4.893588474039086
-4.508081897352934 2.086752429262603 5.081244724199588
-4.05525417535798 3.0459311428805678 4.60985616255603
-3.7497994440936653 1.661043383731264 3.886775833485017
-4.869110235440733 1.6329746390168245 3.7482174362909615
-3.835960949199968 2.203760049375706 3.5928841930865003
-5.559766320257981 1.096341248873755 3.8124623794825765
-5.973626691435562 1.1452032578900817 3.818440734888605
-4.380029197286995 0.8285498559853534 4.850282638773432
-4.159408529092669 2.9195955223295345 4.430249794206573
-4.303999425057261 1.356112700774691 4.183329477479092
-3.5070613914551187 1.9266593752896268 4.447781463333637
-4.659550108297795 1.4606584195740404 5.734047601729258
-4.365521418133037 1.8146689423237599 3.7410002087263496
-4.734617612573145 1.6273536800302397 5.039852320280849
-5.17085080227208 1.7140748454771404 3.7868331497011605
-4.54422867226041 0.8874748707036192 4.881447458321072
-4.125214413455106 2.0439083962515765 3.8807520627922
-4.9142521032567625 2.3171893169505178 5.128585867396747
-3.882765833656893 3.2777483189789374 3.860701339936847
-5.23554220874434 0.5188457433145238 4.842076262291524
-4.694803957038919 0.6229478248948789 4.881582541241859
-4.50690834493082 2.125508742574793 4.378871946703376
-4.5662432923797 0.4999679683303246 5.496819824314458
-5.099663097495769 -1.0950018261641596 5.3418005282231125
-4.838316618907459 0.11311897573210473 4.819357953448072
-3.892166530952794 1.3874964624492931 4.8150120928963815
-4.640094519252203 1.8760010152920035 4.2653523248141045
-4.386474326040187 2.2456947199173483 4.814432853446106
-5.045388742804014 1.194654763632817 4.31583560483426
-4.925090701246094 1.0724094319318938 4.79880977710769
-4.481110201052321 0.9032849349013442 4.773655373328432
-3.5891788999828544 1.0633255439769669 4.912749721256158
-4.854995156033638 0.2589759850987966 4.52585736897544
-4.889495940532606 0.15176961177706114 5.208265925075917
-4.417766768075225 1.6225035776068233 5.006993209990928
-4.245158974948349 1.0490229945702076 4.888073116135209
-4.969230353275718 -0.6093426524802313 4.579472532056623
-5.004114808949374 0.05801679596585888 5.853600205829822
-4.87454639865853 1.1492359909581376 4.2851662500795245
-5.121842990176807 0.45646714706676483 4.302055056631496
-4.857377786221167 1.6429948231975666 5.447675211415948
-5.099756482656852 0.2883231423911512 4.839282097711779
-4.531294241621244 0.5092224869628789 5.268969231952075
-4.496240792378233 -1.0770122746395399 5.269033032310163
-5.175571568181172 0.9583046417050665 5.584877673637145
-4.940227046712598 -0.0004846342301981429 4.582520493217707
-4.769211375581219 -0.587786976452694 4.518422058456175
-5.1956006867254905 0.05086644009920022 4.8839965151710025
-5.694936064174363 0.38401400509028144 4.423661947000976
-5.2293547099084385 0.15270387475072625 5.4896586631181385
-5.116336010881993 -0.14561643418328862 5.272545803730453
-5.203120534964237 0.31716901329022523 4.493451755743681
-4.983363238533605 0.5872686876707863 4.705481942250032
-4.441019090013472 1.0137827745895016 5.285546766136857
-5.03187190958345 1.5049983757730239 5.573758695690607
-5.260106710156321 -2.117186033182542 4.357666160546245
-4.613693219422878 -0.8458485422067412 5.487473568706124
-4.420017310190565 0.4134987855410774 5.317737227385487
-3.694141345954521 -1.2789265018726175 4.996942986483032
-4.59515883636635 -0.636198495507081 5.05643383371737
-4.347409736585594 1.162105165995901 4.426668143950875
-5.5107605975786305 -0.8741374214908221 4.690180707264865
-4.218040377251532 -1.0809557991669125 4.941832599406137
-5.072861650480339 -2.585202464975328 4.479223106610028
-4.32899743752649 0.4983658301173271 5.393879576886953
-5.051070918944917 0.45800605065983696 5.577427420701891
-6.491300782687949 0.8756654099099896 5.038601100576305
-5.053309176581367 0.635324530809717 4.758804719858095
-4.514931357234076 -2.334027938533746 4.410474044868231
-3.7044248776482607 -1.5932311350455775 4.662937074412038
-5.3368758140540455 -0.16036828440196907 4.515441751623575
-5.091955008892294 -0.3006622443700568 4.628854592859692
-4.9610855667936296 0.28226162122263604 5.114716105909279
-3.8601665299526133 -1.6889281750127298 4.364034177964747
-6.304902800415335 -1.0559035798864598 5.815135277930559
-5.647614829499738 0.025189831117400734 4.831714878207203
-4.98592584803991 0.01560140058334314 4.867869247466087
-4.879334588007505 -0.0925171844328824 5.088041792174972
-5.363411369036364 -0.8506112402112186 5.729487832560271
-5.740730038951569 -0.37661214031679086 5.076419617265223
-4.651962764317354 -0.11704565922470409 5.4575492914704995
-5.2015790085748534 0.9780092256306117 5.1968724073540455
-5.433537553950606 -0.006026121080487003 5.502669222140031
-4.211804970606659 -0.7726683207110554 5.788450833990779
-4.574252871013232 -1.6756869587428413 6.03924643924503
-4.85113513102645 -0.6122201898790768 5.077965348756849
-5.4369414758683074 -1.0374620683419518 5.695997470952727
-4.880416481517149 -1.4101042188071373 5.150895366638713
-4.42391395897907 0.9112272618828613 5.359135948898877
-4.674275065765377 0.8576580344421793 6.297757432181371
-5.679641644021816 -1.1218100022524724 5.263734453663193
-5.0715220215947046 -0.10791861528528107 4.889784637637804
-5.456920985635581 -0.49591697961697623 5.672310288423193
-5.651251671326778 -1.0295847239979063 5.203869647246093
-4.723594603898712 -0.816731401198693 5.279608908568693
-5.248961708539446 -0.10248548056380409 5.331638938472323
-4.787087335877867 -1.258561166109966 5.606618845197862
-4.4964432104742516 -1.2486677200876877 5.639805091615772
-4.72604343645672 0.25723517155340186 5.189969486022907
-4.820292401790727 -1.132073960423952 5.063220877146873
-5.265509693199511 -0.8949426555894457 4.186926528599946
-5.832464157051212 -0.5295126856117897 5.077452751184134
-4.341290671012276 -1.805476372752364 4.7840677734693235
-3.9574111542121715 -0.309254769474178 4.250169790899562
-5.177880377163031 -0.9407370206153323 4.9349976924386825
-4.368082900836943 -0.27502291853595295 5.724780750944603
-5.376896792333958 -1.1391838189369197 4.943560150677322
-4.21110652539801 -2.7741766654299225 6.456450329822046
-5.659358103660557 -0.0054424294295408494 5.483740789038298
-4.721980444097914 -1.7328565575332655 4.773396329349475
-4.381932597491689 -0.4426529846320426 5.698657549734605
-4.809123079829614 -1.892603731706949 5.220564862513017
-5.827232938840882 -0.9956960982940911 6.1949276433128215
-4.148228167977267 -1.319855982173498 5.351053460035695
-4.932985933371348 -2.2946715408103824 5.820172367971279
-4.070646244281456 -2.618792771232951 5.662381695466216
-4.973134645899563 -0.5039013803182121 5.5628758968407706
-5.642752522402458 0.3662311394315742 5.335988241139712
-5.892218091704305 1.6943637037762562 5.087292431788238
-5.439510040468415 -0.7920295284738091 5.394201598955839
-4.944821955777698 -1.85396920646821 5.987304110652769
-3.8788171864923493 -2.480944592068821 6.337287627533295
-4.5159289358400185 -1.8126735333959796 6.995985124427325
-5.141446430589833 -1.3423358431335661 5.768704211295065
-4.7021590512472144 -2.8051056855050245 5.623368905043924
-3.8537726082356762 -2.325413933151713 5.45055081970984
-3.8746739986012013 -2.7593739304027016 5.378952612533449
-4.46432111880642 -1.8065435624967927 6.030656588978939
-5.05736848804455 -1.8391970692179083 6.655236689975657
-4.751907654425573 -2.646858416147795 6.22096446784737
-4.390192641941209 -1.6033222003407244 6.187446588856092
-5.636476822355862 -1.3255651142712326 5.507708069839317
-3.930850333014325 -1.9277999872602882 5.1765883062506095
-4.238880599725147 -3.0638983944606784 5.648031696693377
-4.1617610830677885 -1.7890810416828344 6.621704330101102
-4.262505190961007 -1.6556929603941297 6.173703449743916
-4.549253553546353 -2.5783733676884566 5.691939324931574
-3.6428819418562175 -2.145924228283436 5.756610453363635
-3.7019577548890887 -3.0045893029163993 5.78425052598674
-4.348886358890827 -1.763120027881933 6.395883441322982
-4.381373916668028 -3.057299322599485 6.117235963840743
-3.336590521145253 -2.3119649462220853 6.077675705701312
-4.137455701085786 -1.9259404771886892 5.429959753196523
-5.609820029893226 -1.6506851943544727 5.049307533720031
-3.7339411930917383 -2.2928690186552716 7.038611281990374
-4.863558319485553 -2.028050860373502 5.594520089608462
-3.1669000249552113 -2.8707888495826945 5.745546728080604
-4.217821224060482 -1.8229726313160437 5.705935140630627
-4.4340717545689605 -3.460277234061622 6.725655120613551
-3.4097864962168543 -4.1069823678694695 5.878558755480172
-3.68255201775608 -3.769227334401777 5.978860942556907
-4.603215247768899 -4.159955262095504 5.6910311314278195
-3.2432040685155923 -2.6922555290765926 5.053168704021069
-3.71240360113904 -2.8978389055131157 6.214258453232562
-4.460163876478733 -1.9642348873261286 5.493957742702315
-3.8229642487130904 -3.192337737184079 5.272192956173738
-3.1768081331290126 -3.624706247717024 6.627552033744006
-3.85387991397334 -2.5332977385018753 6.031917511747374
-3.4146250341527162 -2.9337692746270014 6.884242203632814
-3.3301696103411573 -3.252508436992776 6.230815171027295
-4.259973700271546 -3.221671717449498 6.3959307988720715
-3.588845969977809 -3.234658253198875 6.123626623767027
-3.8672663262980307 -2.579226085718116 5.740263875172637
-2.3075651805050703 -4.695225083805966 6.198108771979285
-3.92660291587749 -3.495546623806605 6.231485182537022
-4.04483252103845 -2.119610155069249 6.103087562376188
-4.405120163155413 -2.64271706746753 5.778451262562143
-3.295831190585258 -3.276435668403792 6.183421206937579
-2.7657093869109395 -2.8622789923809124 5.061469249419146
-4.293269561168139 -3.219108958968345 6.969059230437934
-4.809613258719986 -2.021375166818098 6.366024108003819
-3.290234607363611 -3.309321189546061 5.792839742497119
-4.386796967170238 -2.8203654591926615 6.651238983724951
-3.956884968579494 -2.8159170040330075 6.738935059807777
-4.7073237530040934 -3.017088650419038 7.177292474366861
-4.112707822848625 -3.4222194517595392 5.627058453378121
-3.984873843466389 -3.3931228771512725 5.45353934942742
-4.007501312535764 -1.932472525385266 6.76602533088669
-4.074449677215401 -2.7571556422207646 5.122536021514587
-2.0321048582657255 -3.832013349666781 6.205707638183112
-3.7032301317722904 -3.1217243422079504 6.245735164361441
-4.433821001830644 -2.7254981041951543 6.035051804400899
-2.7294125141497254 -4.306013587902439 5.727874728332689
-2.4003416208885575 -4.77250922655815 5.71049520214887
-3.3144036216380357 -4.466227831298751 6.8677568046792095
-4.620180085146707 -3.119720379616838 6.133355274210201
-3.60183681690546 -3.0668095540524307 7.124857120595823
-3.897764315455044 -3.472708942233868 6.475752950690096
-3.45749277527282 -3.8537716431631535 6.1108085863347545
-4.111137205144543 -2.184534494584615 5.573311415852548
-4.444269310255476 -2.919497508547135 5.926818560899659
-2.5875517078931503 -4.2067571737650065 5.775088655172039
-3.240961198126535 -3.128362429670152 5.87612795606736
-4.013610164753371 -3.8320357494982957 7.2801561281873735
-3.4044919135336387 -3.0574798741548377 5.89993111172807
-3.02719505678517 -5.5560859716789 6.37668836139775
-1.6586282069508547 -3.3492116499482907 6.07695514753071
-2.7824144425340114 -4.001350058310365 7.210167159800793
-4.098403327725889 -4.492661566700429 6.662061704685907
-3.950669933134952 -3.53292611081704 6.958006895432361
-2.730149290646318 -3.7003311461918758 6.280149653950376
-3.062601576388681 -3.9884959451853947 6.097109846750616
-3.51825837618509 -3.959707160326634 5.629877177625061
-2.67487354773797 -3.6283119817933303 6.5920608938534375
-3.488292580706897 -4.468468033355951 6.690669093560142
-3.0620496904409653 -4.485516859426681 6.6950360877516415
-3.9489105125206168 -4.051793785018185 6.615702560592391
-3.939116994782978 -1.9773521900394595 5.8273960262558795
-3.1501711085269224 -3.3960541735951297 6.497751944832758
-2.6488080371008085 -3.80920640621705 6.645428235985915
-2.193643224587073 -4.238304133225449 7.268103690340398
-3.9110148148445854 -3.6243465613363517 6.315317537843559
-2.792322381244281 -3.7708411979785486 6.625803342843929
-3.9200136453974945 -3.19700794106385 5.776897728211867
-3.609923790026177 -3.889228541453392 6.574548480747161
-2.750143403328121 -4.052322735239896 7.371859277622736
-3.2532154708164582 -4.810945263666412 6.448993846573724
-2.6609670475734637 -4.079361228380582 6.745444908427568
-1.2380606942741514 -3.8845722363008144 6.542827003272914
-1.951220902570259 -3.9141834728210916 6.303991522438582
-2.390887464932811 -4.191240162219354 6.912711329846111
-2.1132234351629613 -4.9713262455592115 6.205210992735046
-3.025172591957092 -3.92083260462826 6.634520380338343
-1.018688102834095 -4.514820891934488 6.020556422875373
-3.306864584128134 -4.019386989639437 6.48123585582308
-2.3930229568648027 -3.8812548303930545 6.5278169601659
-2.3635285695385786 -2.9666915154825957 7.1674498074369755
-4.742149766427474 -2.769849101008303 6.501602457645978
-2.505617541374716 -4.8418631297476935 7.291498024533621
-2.7041872003025444 -3.547517563863009 6.082500061277957
-4.056555111320727 -3.8010721637429605 6.073058700713967
-2.936499933663897 -4.62886120864581 6.202650712325428
-1.7793244529705432 -4.560998791916132 7.201700295508539
-2.7813220357716477 -4.072636032325773 5.903369711861706
-3.8203779518621586 -4.252778271134861 6.955204387941188
-1.8450048671418233 -5.077534176172848 6.8078490006271455
-1.955221023751114 -4.269952268236348 6.9628558552904005
-3.0015966942992343 -3.855885635459433 6.73376863352729
-3.291855715737064 -4.155033306095702 6.860132738302395
-2.5978291231240314 -4.447241296300789 6.576304561998163
-1.7725168230568662 -5.050897355846552 6.222219205089106
-1.5140136484247162 -4.711091192807365 7.327147011915004
-1.136361094637163 -4.6509013637695 7.141073882382642
-0.6691085118866967 -5.048687059089902 5.950538744942853
-3.1995227061108524 -4.528087308015654 6.230483785663982
-2.8782361736114863 -4.026671941855564 6.523530092527747
-1.0843243334422856 -4.180665659776579 6.9203757163459745
-1.4407513105139185 -4.521538011115043 7.142049713609032
-0.9746171867716362 -5.065359455309207 6.594836520833972
-0.20627655934417943 -4.798970604898998 6.240926409801551
-1.973486851468535 -4.531464053166697 7.46500835738188
-2.1648893344754576 -4.484254099868988 7.034795859140155
-2.2290854100599433 -5.795737923132343 6.58790463640899
-2.7257336466634525 -4.30749714422714 6.864093892020779
-1.7181478857843242 -4.843535730867601 7.272605265817379
-1.6022885659207287 -4.474642794777958 6.250253648148375
-2.824461703540685 -3.87967375732061 7.5029445396357
-0.658152938305332 -5.043113903498 6.659052282147946
-1.3688552064695 -4.240358192370019 7.301025114106452
-2.0341698151847525 -3.794545573502718 6.891098002508704
-2.0849091586571165 -4.646789149919703 7.540133587524455
-1.5920162908142563 -5.147511130025274 6.489534643909751
-1.7817308529951574 -4.9734091961478075 7.167527750098104
-1.6851919000701179 -4.879230466346041 8.148839925099322
-1.6309444181883634 -4.375896746901065 6.72374725542759
-0.3129267370771067 -5.041205947487269 7.366653388648328
-2.0426354139335903 -4.080005882161283 5.914271775056987
-3.0561463135755753 -4.083495313357465 7.516769830365704
-0.9871837654081864 -4.582250829022046 6.4534119099295495
-2.3985313956641794 -3.722004357123802 6.946959389068115
-0.3997159038721821 -5.287886244317286 7.4572130626770186
0.4439127262170544 -4.71532284088004 6.7508309432333276
0.08522527714301753 -5.3812465794014654 7.540096149814053
-1.7659745334515493 -5.524053629107099 7.975885288475789
0.7220894154023171 -4.681743913724855 6.572788451322467
-1.5876289892444648 -5.140658768484624 6.897857125712542
-1.416618754027949 -5.36925936823809 6.279734351570769
-1.0709967154726088 -4.883826349908447 7.019448390805678
-1.5517529469268658 -4.558697840444349 7.079547785101757
0.5217017465130435 -5.669741532293652 7.5062777954266044
-1.0726008711716883 -5.403619231247421 7.259915483682467
-0.3650745105473738 -4.614638937143656 7.0914451117827175
0.878595045655973 -4.5702434713952975 6.871174413140471
-1.518367792966045 -4.440731657822665 7.0200557786842115
-1.0627995165109179 -4.71373161154741 6.90734214645006
-1.023846298205671 -4.7396915706905665 7.802792964716253
-1.1393360661366443 -4.922788012603065 7.585798056421386
-1.0210679279767494 -4.94784211204539 7.9523452356497355
-0.3442736842539819 -5.383657224211405 7.345534699500873
-1.373295175591319 -5.037196653522097 6.889126286114834
-0.9099671521786696 -4.288113211726476 8.225646604479461
-1.8888876858335641 -5.72839816551866 7.352374258528743
-0.6850364875621943 -4.672314933352792 7.2046800516770615
-1.0625924322279854 -4.543051000123169 7.051258657123596
-0.6162575543354069 -5.030530827025808 8.10093904019378
-1.4021894289248735 -4.63781198678677 6.384153532692558
-0.5861258659728151 -5.743556099480592 7.152208437823313
0.9584228102630545 -5.147125079280265 7.5887031366757665
-1.8315440912158798 -5.853646424996543 7.50753738210155
0.2032802751783085 -5.753991746294395 7.524532473362798
-1.9171470007284253 -3.982818201288478 8.105875181957462
1.3365649111317168 -4.91081184638912 7.430430207004708
-0.30765953032234944 -5.2759659064765385 6.743357797467155
-1.5905166120614307 -3.835547227707281 6.519606620054311
-0.5463284637045249 -5.125928286159214 7.172519859270413
-1.2717803551606823 -4.263432374853733 8.284390577480764
-1.2958411823402518 -4.098525382695745 7.370430906066021
1.2934279280952423 -5.0917115189699995 8.414733891767167
0.23528586599783066 -4.217818768618675 7.1312476838695735
1.3216170286087283 -4.507400902738499 6.721064148753975
-1.2311284486043883 -5.198330110451563 7.48685265692612
-1.3856821005085722 -4.785858527561971 7.510233746013662
0.31365403197339964 -5.523638953342796 7.912164089669101
1.0800075327213277 -3.9065654126233964 8.198693068571004
2.372036929483099 -4.556759141371683 7.801262147165569
0.6407792178027159 -5.858803106321012 7.402891815580021
1.1887297485755326 -5.359331468250346 8.111118037077993
0.9248399532826794 -4.758540503618162 6.821673513787462
-0.9760655522624818 -4.8398165980424 7.8467167016861294
0.41618091807591306 -3.629627950148455 7.5685043390326
0.5697669787038194 -4.056420840652902 7.296188705973416
1.6011838294234497 -5.072327499738944 7.162816443368179
0.16666113815915387 -4.237875916538006 7.086604474840923
-0.5970631356062662 -4.980434990622089 7.888920251692978
-0.4924714167021435 -4.9742223083617745 8.051083657446785
1.4798475268008482 -4.245083386296353 7.5794320638072765
0.22767159297030912 -5.20763313705729 7.566845707821208
-0.09579208366297509 -4.465169879215369 6.962073696403688
0.27386874169987785 -5.256671965099403 7.907371172706845
-1.820552254450688 -5.637621370561915 7.384774560600312
0.5394099784288685 -5.05511272122066 7.4524995719243865
0.007050989210667647 -4.984864584537807 8.211699441119945
0.8534088903284043 -4.179757285092689 7.983979009790934
0.35736221099784427 -4.523212008026257 7.121488336561773
2.3378848897456455 -5.252488790881808 8.374889515900282
-1.4117262384975766 -5.0662423438880815 8.71038272809393
0.42582870689248614 -5.134150226125825 8.107889114718352
-0.22415821264880495 -5.057180687462677 8.38205796409902
0.5994958664552974 -5.4351945051329595 6.698990963520133
0.8941019186274367 -5.769045274452616 7.546802428973095
1.3091975431222627 -5.091289515023312 7.759021190235124
2.426471239207661 -4.864296552507921 8.426089524541807
2.941230010231864 -4.5518523907740995 7.67242991802659
1.0415023107412424 -3.802803959478362 7.7944821926617855
1.8809223494104552 -4.119469867475739 8.63803696227711
0.4874570787452507 -5.5125516854854935 7.709947323441754
1.494804850879858 -5.169223312217129 7.373348551033311
0.43689910200456056 -4.240915694781404 7.713981845420974
-0.016716365415059616 -4.589375117741171 8.220162175998277
-0.3105728380886914 -5.528134910148438 7.652612676329744
1.95379799631559 -4.4780585490715525 8.147845096208485
0.876383644817857 -5.487019401432245 7.350841516443345
2.2538264304619 -4.89380724357128 7.133679788458231
1.1864456085354669 -5.20055573253888 7.039310130960876
0.6654964568728509 -4.50556491164892 7.377515647739058
2.272645758712189 -5.584226627591314 8.248014640930624
1.3155156803037213 -3.9813148874428284 8.396426689619785
2.1352474862468127 -5.216515017805896 7.759681078855779
0.8192035188273978 -4.923259724425648 7.527815414799235
0.9775385291791316 -4.805232763593104 7.220270339830746
2.9641871752020004 -4.369807667357705 10.012975812345555
1.5861116576826388 -4.410463805721254 8.13588052513517
3.510296281279605 -5.002329845861818 8.549951180988916
1.261773950651885 -5.066972541346889 6.5289053507371895
0.07545043886403673 -4.51566721043644 7.668972029320021
2.3975503590996023 -4.749911596977813 8.507933606928447
1.4543095223670042 -4.466521733665416 7.309188783007016
1.3331794650778193 -4.825704337527338 8.193292435518856
2.888965339565782 -4.169453136301256 8.980774244825488
2.4778719114365897 -5.727572407738563 7.556218986211823
2.7892478364108135 -4.662441966151231 7.391796313581334
0.861869485670889 -5.251169623514837 8.458353271081869
0.7300919606540186 -4.539218400449517 7.047425102552304
2.1939015683883247 -5.440834918891765 8.801543719474127
2.6591087273915934 -4.168226648368252 8.1367619985105
1.1275488195495404 -4.385798806748182 7.392608329959742
1.5106684509860806 -4.366077313456146 8.115907216276401
4.052894449100128 -3.9931526220986413 8.559048095047189
0.7303473550813162 -5.21514717220774 8.776569427844032
2.777379233522486 -5.040235289602895 8.942625015358823
1.6465780426465466 -4.632967840985295 8.862198194500529
2.1913222830271506 -3.405633958073426 8.292145551886161
1.669189870134761 -3.594488262342234 8.065952374692921
2.4221289020218397 -4.553092400202789 7.686023926171952
2.17943518354707 -4.84737043911211 8.76718688966422
2.019741903479119 -4.073543107414566 7.864819675589169
1.7382743055552037 -3.769853413715795 8.485102905188626
0.7972573860340408 -4.655415446125781 9.264145927400458
0.577384346854824 -4.9339262853150485 8.04343711252902
1.961903615498333 -3.7905258593835307 8.227086614730311
2.222648170113317 -4.278769949913325 8.109209597804844
2.4833319293933847 -4.523168798219015 7.897080594042185
3.073053178994721 -3.8692742395519577 7.474868256857501
1.7210244196330886 -4.522935603386702 8.197257318058517
4.0394798183085525 -3.505046892825392 9.338814549538471
-0.29143867099918785 -4.645192982321394 8.859477444284467
2.6772563026429212 -4.508956640782509 6.812342189137809
2.792361255486078 -4.286625687930373 8.563518126481474
2.5986526579262113 -3.8379063105734446 8.666206692492443
0.7138456212045844 -4.372269434949316 8.263009040241961
2.2350165062558416 -4.592344461529717 8.64049826402314
3.045539809016624 -4.263461955236544 8.090621629365412
1.906768398636564 -4.130776285478053 9.424569847631926
2.601339907862793 -3.633443987904328 8.703886283986607
3.4782097241243175 -3.7572392156641525 9.341734720095328
3.280242082843888 -3.1765588017815354 9.125569333098433
3.470153891426575 -3.628547422092467 8.86167119682683
2.1241695860075107 -4.102018894891072 8.15334917867822
3.2704934742775094 -4.7483600987168115 8.179687111624778
3.9656765791300095 -3.6710137555573588 7.829590301116607
2.348742348427493 -4.294711911265307 8.952859357342037
2.9762904814060738 -4.234642146448338 7.998294198685964
3.9144467361163913 -2.873581284790559 8.967962233136728
3.2275429781034783 -2.6986104869936045 8.6289605315972
3.339273409200766 -4.329908160081978 7.6541638410399
3.418270039003658 -3.579640650575046 8.434323649153859
4.0366693374583145 -2.715706429737218 8.375087351416893
3.453064949840511 -2.9719759558637358 8.029904987839377
3.1878643080067253 -3.972805736971703 7.7407402223779
4.107388782201101 -3.096076256124329 8.706492723152758
1.320635983614952 -4.548927219083888 9.093031230193514
2.1093216446088117 -4.354453174497848 8.503603761121852
3.486727786190722 -3.431277990473207 8.91918763476259
2.985955364493419 -3.321836615635128 8.921535650294697
5.174373725524253 -3.457777983964546 8.216179802770409
3.3115029211164186 -4.132165097732474 8.558232792541297
4.481859030646231 -2.6422437586692014 8.703709649360107
3.2440720384359825 -2.7858551506768126 8.55213502989429
4.918690645222516 -2.0585343948666903 9.331823302815467
3.0474471827689067 -3.6687973898187605 8.673565928765662
3.639323493159325 -3.4233912307484013 9.303811723477931
2.190410020819244 -4.839275029985167 8.95955186682285
3.2972541897811483 -4.0308948610846524 9.108084248232428
3.23013473592477 -4.052398225361593 9.193638040545382
2.2937599280503025 -2.2793853908393142 8.304056087238378
3.022684548450587 -4.2726734256404 7.948310052172495
4.705249540972027 -2.2283620967477953 9.693540796382264
4.234604618460221 -3.3336468102146433 8.257311522771294
2.7795231098789657 -3.525765140391142 8.54715799381768
4.223063900293714 -2.5011140518677375 10.038804801361294
3.1944075680302833 -4.606343302460235 8.702507435004646
4.8678740649856955 -2.7449949448539575 9.135679091508642
4.5293985874670675 -2.1225971820265697 7.992415392362541
3.1600164133866078 -4.036738844597741 9.870327151339952
3.795800996544993 -3.637031127972668 9.2663264280292
4.661083488337814 -2.8443044279796976 8.960094176659535
3.8917937257235438 -4.537743805555795 8.582825831018395
2.1052403183785477 -4.568994145542332 9.141383423368483
4.359940311390099 -4.232101505851867 8.660763258124904
3.4647725592381757 -3.047141362389801 9.0848582946054
3.0879111759764983 -2.4214768728743956 8.649690529253839
3.6667105535446187 -4.096920145176734 10.482087247136102
3.0538232653304247 -4.07800598526561 9.404283948810953
3.9629458611452466 -3.411913184787341 8.314343928207895
4.635367332211048 -2.4347956598034743 9.650370195738923
3.92620150762886 -3.8644453903468703 8.636907783923363
3.794955069444549 -4.157564971598479 8.94363323691787
3.4503685367761237 -1.9540160747959325 8.958316335360342
3.8703577433005996 -2.8084733051428894 9.087953615054484
3.9594857445753657 -3.046522602160318 9.148815324680557
3.5559458557787367 -3.6707540948664277 8.483592907867019
4.02198678872678 -3.369597407818243 9.10216022588019
4.423685958813709 -2.348082228286189 8.655080507928483
2.8065406785802876 -5.1135361286932985 8.472825786891617
2.4797667504785066 -2.056296711090996 8.839866221436232
3.646640882572525 -4.817005416573431 8.362212050652333
3.710434500618061 -2.5233171858511954 8.348727367124766
3.222689570596461 -2.864011659649681 8.824499208760846
3.957235170680954 -3.596961864238818 10.060562198488007
4.241317738454273 -1.0393358603528864 9.81486069445533
3.9241955696952355 -3.280606925723385 9.377790827070227
3.9290248103268173 -3.1439520159558274 8.38066789526697
3.383633026911117 -3.029553874525368 10.01861695301349
3.9757178083569586 -1.9943694814777737 8.9782522054475
4.123142860271399 -3.150891688873893 9.240615449198357
4.032463528971001 -2.4789281713066598 8.3265264926938
5.079113723902635 -1.4875256880824557 9.297127650409642
3.8185770836509487 -3.2011793505430735 8.788668057945996
3.5383353311694985 -2.3454292748324748 9.500738131646811
3.964480031840598 -2.1594384931863724 8.606422816009365
5.3390361582807735 -1.4857786292233823 9.505637560467198
4.06965956829089 -2.3438943984675102 9.010631971376096
3.704850791441947 -2.4136757257351804 9.477687223589355
4.759420041031457 -1.053686613529826 9.860715467566715
4.574299437108588 -0.5248737512849058 8.923487466023301
3.9606365859444144 -2.4266827728538556 8.704478142093913
4.139072804930764 -3.3900040471665767 9.827767441524225
4.041076809015211 -2.7866943308821712 8.918637540874329
4.912973538524548 -2.2911760374960752 9.57007382892843
3.8758174912203907 -1.3509522951443265 9.008973090636289
4.41191063037056 -1.6692285974648975 9.042274583279521
4.623676030323981 -1.7690407292327788 9.545232216916318
4.0118745992784834 -1.9601358915896718 9.333110415353033
4.544679537303968 -1.9253512998383073 9.443676862288466
4.229480451265603 -2.738508335673322 8.608567880153366
5.274927478794158 -1.4191851442327779 8.746864234625432
4.628337349843535 -2.2707131588063882 8.909571132746006
4.4729002195420335 -1.0527381967701148 9.351958762919162
3.9517293574134817 -2.442922644555717 9.516187825713306
4.273087829803243 -1.609076095355674 9.905021378805316
4.9196921252320625 -1.6778258439920803 9.07890247693237
4.772157939147808 -2.864661522994777 9.742200238056924
3.612096311742399 -2.7749697627830683 9.093543846853036
4.892920313284573 -0.2627069727639059 9.266257543110948
4.173906073314849 -1.8496625698291937 9.143293948665805
4.340734914142519 -2.253717341375493 9.871703731282762
5.7500590212426665 -0.38929213590841044 8.972096612032395
4.563443369320044 -1.3275734581419132 9.583648160277253
4.622754225186373 -3.0954281734078033 8.86906942957691
4.632248294819684 -2.08467048155789 9.893573403621696
4.752340898033439 -2.1270753343535747 9.092337750801597
5.442247308830717 -1.329386762460616 9.517269162654488
4.936114358317529 -1.2314401874962266 9.384366349538727
3.7737028196031113 -2.212233007328842 9.167817047246002
4.261297744145311 -3.197414965848896 9.766036365583261
3.391240846934303 -1.0474092086504434 9.709262738550061
4.696475145066089 -2.0001423237347993 9.293341699355645
4.576860390242347 -3.187141823430952 9.136656723611292
4.613684406764319 -1.846647407777211 9.847616721811677
6.024018468802187 -1.9141055884869318 9.059938962730149
4.7622755228950195 -0.8380776813643087 9.138668504652053
4.274100885482345 -1.746105417292233 9.643380106694732
5.64796794407132 -0.3891099870066286 9.903271101084252
3.6874364888024065 -1.7650496757499126 10.3056896224556
5.660688486218714 -0.30161625066150244 10.505506844612533
5.269859235841044 -1.5270159983510843 9.241113572297401
5.517638006942841 -1.126059924970989 9.31366491427866
4.9609413082730605 -1.1057569282979798 9.112304211714822
5.448744480063788 -0.4240316855763027 9.005106061252707
4.541142061068244 -2.4403412513204477 9.250284944487417
5.495837822742444 -0.6783716714406511 10.06462647422128
5.996223227866452 -0.7775695365891595 9.043674644476873
5.032775145537009 -1.016426523637033 9.386014677829477
4.175055963089469 -0.739229797621404 9.967019377384506
5.513178159930719 1.0112487625579003 9.84826404594021
5.249439704315656 0.17294068379580596 10.235436844564473
4.694468606511533 -0.8752050425658985 9.191739713568147
4.132592688372573 -1.960408604150989 10.41964921153717
5.442433099563869 0.7871556884149232 9.778617020322073
4.216299803122866 -2.5373284192821095 10.07012575106611
4.923918280523335 -0.17187306092001073 9.686915206770504
4.510073022729297 -0.28102424950505694 10.091543669856913
4.3328617809864785 -2.8292994702870597 9.79424556639891
4.956452450420356 0.1064978982147514 10.146192556553501
4.673881613232834 -1.0247515359737895 9.035052893141389
5.786214139085698 0.4646041931345366 10.573459756645502
3.965027363831624 -0.8538068578964416 10.331046514430838
4.721582342138189 -0.7890046786151611 10.684824625633002
5.439857658292051 0.08074978682103162 8.86361564285535
4.864500166690106 0.9017833888928988 9.710137133629676
4.461821060785709 -1.3977116714127278 9.439208881563832
4.339898990638427 0.19932730063568257 8.411432454824912
4.73693287751986 0.3586965432512119 10.33818910130063
4.818299132850415 0.06663856485872204 10.180299286239956
4.815625351233448 -0.6631738382782045 8.321415751483155
4.850405651297066 0.6023765850259092 9.385746074099792
4.8709143728338535 -1.2579736718883059 10.214791092075279
4.778779164189668 0.6062152584885259 9.687748135637788
4.179391159408707 -1.5996806171828275 10.6373397600466
3.8606666475879097 -1.3215540720625218 10.342759015730461
4.862555937829653 2.1437907462763834 10.067746799487166
5.037648339538831 -0.13803701873202623 9.820601841884239
