5.485455722701206 0.8710811211509292 -0.18743968910798472
4.996265096893124 0.4780598715631543 0.22752271282899222
5.248199181649441 -0.8094661540364229 -0.022168407285852062
5.221137340738697 0.6361890734044223 0.2612904510674919
5.370607600030211 -1.2999537265742305 -0.6374827120162864
5.182364764120413 1.7378506835163126 -0.31803513025431024
5.47241490916546 -1.5639226045706676 -0.004854218687541545
5.099554067134818 -0.34051454997324565 1.6346709748752304
4.390598974791867 -0.03395143532612828 0.5544932788843197
4.633679228286609 -0.21109107312567613 0.5199952767503061
4.2391147135203715 1.3228455749113668 0.07045546510723862
5.253780936898012 -0.24555341435373465 0.3807885552429986
4.4999304072502255 0.1649978611189545 0.5138255606780119
5.618004478848547 -0.5595330909243889 0.18995460757993743
3.8756562236893757 -1.6949956947292986 -0.6645495183006929
5.326886792849166 1.552189277405166 -0.575431131842656
5.419798671293448 0.14757987240103723 0.1851262190092041
4.022366151948066 0.8180094651860742 0.026814615837642858
4.903717324909947 1.0692430646579014 0.05387223985106798
5.058902701501681 0.8628418970105892 0.7702628454768936
4.513219203776938 0.18163574796705378 -0.24754205648629346
5.211678827461174 0.2382627593381226 -0.054399628402106104
4.915109106995586 0.9723819901066233 0.15518639527919703
4.68369502889754 0.26486878408138204 0.0045754885436248005
3.9093595452235057 0.3699404186952879 0.7470014950315738
5.379188396861545 1.153335410699888 0.8291488198417024
5.114684685196011 0.4601052296186252 -0.023440421888425544
4.334102912176364 -0.1881028355116337 -1.330842601777559
4.67105162969499 1.702445646174201 0.257587952842707
4.423543395890673 1.580381777039881 0.7274718890230469
5.894397597591867 0.24131405894278715 0.0014080625530085156
4.531556823973649 0.5110756041845288 1.6877730205204644
4.807019625339527 1.2288681178436676 -0.21803626455581498
4.108981310547616 2.763272652496169 -0.8202524642713396
5.074468526091365 0.8886804749833104 -0.09119172945288512
4.898222902669425 1.0393862453811553 1.1173011668545456
4.287396637986843 -0.3558671238459992 0.5370483061624879
5.532647910224668 -0.04753224922242893 0.16892100671236912
4.537952113924843 1.6696848066401082 0.8517259257361876
4.641426615122999 1.9209603040350043 0.9247421730784764
5.558180167661408 1.3255573118387847 0.4068684472672084
5.3983801388544945 0.27757683631554236 -0.2387018306759613
5.753347116889433 1.3001723025956748 -0.25239931691589523
4.934544116758246 1.9978683065324254 1.551785221436232
4.205945211880593 2.4127778756430525 -0.49130370149043856
4.582424264133099 0.3753638877570056 -0.3437980942307587
4.089421937302031 1.9656759188158308 0.30909652892291506
5.271826271132488 0.7832438121196923 1.015981875624791
4.69016143494693 2.7583760816000424 0.8994859531122203
4.910107063134164 0.009106951492845352 0.5291416370308087
4.405909478639816 0.5705061399007499 0.7834018623756762
4.907174418849008 2.6964420641605473 0.6729115093259743
5.103757396529346 2.2757698867359 0.9005082196533836
5.042007780664344 1.6597478448504324 0.5120842654964676
4.3272891385226115 1.4880095796527535 0.26908198129705435
3.7823035298182686 1.8728066691291811 0.6395143114988112
4.783106348304541 1.2931204082754744 1.1148257861678452
4.3300620056932555 2.7266607046109295 -0.03777436045659743
5.752605442826087 2.0644746196858668 1.5980829866362973
5.355090393006962 1.0757158410803438 0.05965521814865804
4.952521182846753 2.2193180829693935 0.2825132254482927
5.221784086771094 0.6237554093220523 0.8151027845043608
4.296319608740253 1.3511734602912293 1.1782653912084997
5.460451773415501 2.2399035799872187 -0.5064876029427222
3.989108267386291 3.074388058344602 0.36096956290639964
4.012161337227488 2.160855280975508 0.601985065559572
4.86679632884787 2.0450159635483574 0.17926713648523757
4.0964206667168 1.4201458905871531 0.8438345308491688
2.975000101267831 2.363471764716948 0.5437165197111925
4.406352741766804 3.3046618438668975 1.4087219274254974
4.834382658910716 1.325280290042639 0.88048146790217
3.414864524618268 3.8628996299591574 1.0375528198859496
4.529082447548702 1.8067446441760409 1.0670073521514902
5.1030054355376455 2.197958784863134 -0.6147945014570184
3.96707376887826 1.9474676111448395 0.5511912712420787
4.298899541613409 2.6365863926664885 1.4390306106076105
4.29590348782079 2.1617823458492187 0.2729527426252169
4.180423719872834 1.7661524243741553 1.7645750731863723
3.5255220981277144 3.5211193724017216 0.0468143484714576
2.525098921928701 3.104963728612166 0.7986990175341868
3.7857669587154263 2.115394630466024 0.9786786040677786
4.739542787853809 1.2097904878829011 1.15269809317991
3.211421533800215 2.98881912253475 0.876732222051075
5.126805297802869 0.8337221081541436 0.7526330294241251
4.048294339310621 1.872838597840291 0.6440188065726979
3.6397174583335645 2.4848871922339817 0.8433071535266518
4.24004748653292 3.0752286751396434 0.13566771730120752
4.129189592682475 1.411089395231371 0.3656429358354478
4.767635636472341 1.8830996125186803 0.18733068205428038
4.130968311623846 3.086694660464274 1.3442411799129623
3.4632555297308563 4.8207814922241035 1.5430462311640734
4.362994141235347 2.988387485759611 1.5172933837368627
3.394862197757884 3.4328139829153175 0.8252622954851319
3.8383162556899424 3.3836123397654383 1.3053878290265364
4.663160065507292 1.643387626166582 0.7112460708221205
5.068244435745611 2.974327660107368 1.3859671652234062
3.764212494633704 2.5062860145294366 -0.1609334730420573
4.403954380030124 2.1613730221568885 1.5378974664541118
5.186904636302635 2.257783599807357 2.266904717561096
2.665430392033246 4.6243865846250465 0.9653381855933649
2.984550829599986 2.1158776255904117 0.39814408134915247
3.586224901560101 3.267372750503554 0.3903064303310726
4.1539728723994385 2.748374851000355 1.2028288965619074
3.6556333494756448 3.6038192224779406 0.06414315956456962
5.353205665920866 3.0018375571852958 0.24945632285138386
3.4126610011165144 2.6999399825345742 1.5481629909324248
2.5769725728590784 4.246924452978249 1.0612655787013996
3.1344071050333047 3.0223928397764825 1.4416458275258206
3.977007034736225 3.0136581880164677 1.3481301429643575
3.395965126328883 3.157540555524457 1.0578660074868098
4.150332711141152 2.1784408662303605 1.040431129857047
3.854270906436489 2.90946753244532 1.257648829677185
2.9771733408868633 4.345500988774321 1.0948629962761924
2.6739367356042285 3.5656111088336986 0.9059976071985586
2.4081176544063956 3.3731272554338934 0.3923561990618796
3.5183175487670315 2.5780460314229394 0.7819307704705818
4.772348640667562 2.860472249228749 0.8574724689626181
3.939392986253083 2.715080833535164 1.4750568635285508
3.9522292569263775 2.267340177945699 1.6942340459529426
4.793743768695415 2.4786420489393617 1.5919437698489216
4.3402572274282205 2.9430270432915724 1.1812854971971367
4.4315277255392855 2.1053232862796842 1.8069062364411277
4.684406915017745 3.0283485976384723 0.5823389511804454
2.867935725811087 3.6338733855036054 1.5159115481573677
2.7291049025436904 3.4977828536736397 1.1939959231017978
4.046310348603895 3.602170446988767 0.9253340191564123
3.7026667689932253 2.73319021656731 2.377462011524223
4.499946379399915 3.4426163533917915 1.3664920250756096
3.511892403274231 3.4824402285702125 1.9149612547562693
4.350356440939262 3.286657532481079 1.9400816047523288
4.232625767719473 2.832539572363277 1.441214819295539
3.198583709443724 4.294173773423874 1.0696991462220675
2.9565629768442574 4.245235472779459 2.0567315844379808
3.6414442269639573 2.4566909895088407 1.6531378042789755
2.361673767390396 4.519757765566744 1.6114554579399918
3.6675362089905317 3.5718419826443952 1.3137518432665232
2.981727102489994 3.6742803365578123 1.4045465760247173
3.093410073789314 4.853090989475586 2.1868581921658987
2.945484692000915 3.7320950196300715 1.8637054358232097
3.085619459860512 3.64789483190545 1.64729143093871
2.3530254561273054 4.977446817946987 1.9299571016381896
3.394770181961395 5.050918730585792 1.6539876123277493
2.9775048924847294 3.4845475550447733 1.2804937137062646
3.5757083054511103 3.5281097605877436 1.9201979122922053
3.4702524572017626 2.552518249975293 1.8513821968320725
3.3207375835274164 3.5678401463041345 0.9654153124113567
2.828561824224379 3.8799265394953926 1.7534869953781569
2.3610298930824487 3.6222893149636284 1.797928961461925
3.0964464663642266 3.498829484466287 1.840442028376361
2.9476024631837507 3.9598881492968054 0.7188515119776149
2.061265516241231 3.82147582152878 1.9057946606382714
2.5136225013174 5.181869565448155 1.2677992001735552
4.027562194855307 2.656535837894262 0.028390566619866497
1.3976172134055813 5.276098146231239 0.9135501461405555
3.019448937229268 4.754922485896894 1.9733326650113188
2.973448082908637 3.586108839398496 1.2842619277552798
2.055797696039578 4.510181248686997 0.36756451763722775
1.9401763339514706 5.679071889042209 1.7174721095369232
3.2133517942031764 4.264184030469155 1.6792370883892793
2.593497460344244 3.773925680801614 1.9577485363583331
1.9739790685662482 4.503800504583918 1.256624046500852
2.4784936245445435 4.005035893913394 0.8812399687054042
4.391608425175822 3.32936991701019 1.628887812144509
2.797067250178576 3.7441694938570493 1.2899889779747902
2.715301874989849 3.789420712524408 1.3958731917171276
1.510371332943704 4.8006894130274125 2.0214843035475183
3.003179455378332 4.060014746312304 2.422922035387135
3.212246709633643 3.8379027087622015 1.5818945708425094
1.5690425773999077 5.094631537303657 1.6070222233782676
1.9716663544544402 3.86577856309019 2.3156198444200915
2.8580633560511335 4.58327929542606 2.273381635162059
1.4488491196934115 3.1193470087731563 1.5538343659555762
2.206552352858215 5.472170204441654 1.614950321800631
0.9494939301938088 3.910860917874088 1.1668125802562446
3.694562888032643 3.935260518496695 1.4486028434942522
2.684576715115566 4.507701115370161 0.3072380774190333
3.7067641832547573 4.480108477797367 1.7452231968277012
2.084987087642236 4.741443827835825 1.8310476877244173
2.414433867475471 4.930768884233212 1.3502074215076019
1.1908711762061903 5.194475917132607 1.7623567837647898
1.4340890293927269 3.871043136181173 1.7229350127712393
2.609250779109822 4.641435413557223 1.7217361151947415
1.4653238720492034 5.255979397102515 1.3567803592626864
1.4867063307653874 4.520622057690357 0.9190347140438725
2.3468292164740925 5.32214819086273 2.731043262634546
2.3661042040915334 4.298722546413137 2.3991916665908377
0.191656562138639 4.956708110624285 2.0671547055341826
3.2063692787075073 4.506981976531649 1.7187025789980157
1.7955810535136922 4.575668678800906 1.9811090641358027
1.1284108540933302 4.950979359369126 2.594494449607909
1.3742122986019443 4.817221581944924 1.7670204098797735
1.307055536033394 3.985687366536827 1.5643902533033642
2.8084946932814496 4.700061303938457 2.018203492139648
2.19709282136686 3.8815799013228593 1.3356930590480918
2.173806978697822 4.187821062891722 1.5214174376505696
0.7429372921550417 5.39861342737094 2.4012946558800636
2.863112864335466 4.641695809590156 1.3492200181580913
1.0048525198388754 5.350942941239451 2.048149050970478
3.8006975776492764 4.603595096924952 2.0308335473547974
1.0401960803891068 5.116692411081551 1.3175828451942022
2.1831341253618 4.380244139477469 2.49549935686066
1.8819046886189874 3.899458828870393 1.7556561366155143
1.6197920485349533 4.795544391154631 1.0742985371326834
1.3515925837451968 5.1820853106582385 1.888686077450338
1.6280504444150037 3.8105567728400076 2.3666865242816497
1.4405055829104114 4.875383612528583 2.4490653892392515
0.8951316984828912 4.016014624476096 1.8578846847794432
1.8013352665005995 4.340681874768023 1.7041362966330682
1.1205941766336673 5.310688761358439 2.449897976400578
1.5145112266545282 4.14117274594292 1.8745404411001876
-0.4052220795553235 4.251205234910732 2.835022848371494
0.39912186917113296 4.807444913523989 2.497833286557348
1.1241000381381976 4.162198133047104 1.9317585364030594
2.5124634242540203 4.15936778352065 1.5113143530904403
0.9075062358949545 5.030506925680083 1.6033303744453093
0.87391148001905 4.909076451210902 1.205968400068472
0.37943671435455495 4.487570947935951 2.128033696215527
1.3508721108712802 5.6781778814993125 1.997076137813731
1.5658313182733647 4.660067906989414 2.0531650804083017
-0.06698204297976179 5.621086888453096 2.618903636304768
-0.3443634358322137 5.264073048492224 2.8882562616705023
0.5775523237921983 5.207808931237628 2.0537682403538535
1.1437343822327213 4.990934497147882 2.5494644250364997
1.8028530103937326 5.72886601001623 1.9517441309649337
0.1427951169932679 5.920261579750751 1.7377236039634236
-0.416771725733789 4.46640764233226 2.0851447280858597
1.3987690890472935 4.513613840736855 1.5945270090107018
1.3461283027811255 4.648125841563723 2.1537602559762306
0.9817890429758908 4.719708971202674 2.2165610392816064
0.5017775523820794 5.2562230969225565 2.5033642710642665
0.4063004507489952 5.076873363545062 3.1409649064591467
1.196319653751537 5.933642441094958 1.6515074689676261
0.9984914538747233 4.794689484225711 2.5211775979172515
1.6458395498736116 5.274438188419256 2.5080139638329797
0.3437308661774315 3.8867489099289307 2.657978289698554
-0.4474525430674838 5.590794422367284 2.4032785976895292
1.633409454537354 5.236727378511517 2.453532471258255
1.3141404108398338 5.062922863975296 2.4105996393799325
0.8626426789999839 5.1575003367618955 1.6956685373009381
0.16656798472638432 5.049377491966418 2.2615510344286536
1.0142011448352537 5.154887132442149 3.034867926057567
1.3478571597780635 5.063016567728881 2.9046627612673284
2.777529599273941 5.077814649165071 2.4160635417064595
1.4948879489860052 5.049373007451175 2.3431552747441597
0.2683601849680252 4.7538031656574535 2.9870873265684317
-1.1845680378780246 4.545775903321693 2.0623888962099644
1.082097325408969 5.028859254085418 2.2735779612745453
0.09470753619326815 4.113431154776038 2.2667563299331634
-0.639827200239184 4.394950821897339 3.058312108055722
-1.865195370174153 5.004401832867791 2.7122480640658804
0.7854346294096232 4.963190916407805 2.3902502338901566
-2.646538198527578 4.391469592511424 2.237414935824232
-1.8379781993307969 5.435971296575587 2.6074004536823425
-0.488440526912321 4.905606011410011 1.5388023657705217
0.8991902289198663 4.910852219509073 1.9310494802077534
0.8929061372881434 4.564811765204893 2.751354280457258
0.019990976172545787 4.436121134473013 2.864052600461504
0.5286205390758083 5.15114006699509 1.8481374529226648
0.48418826865428544 5.404397066822071 2.948072595640785
-1.7361156283669053 4.469867361132774 2.32627760477399
0.2485864688597516 5.013875038946033 2.5884309205441114
-0.4157894208799682 4.654834463163714 2.510132570381331
1.179145788795124 4.281061793034696 2.521409020672183
-1.3034452769896543 4.085853534597455 2.9433125080207927
-0.6266921910244855 5.432215217597389 2.055765625027984
-0.2804616339237136 4.528623147786269 3.274575539719346
-1.8255705113285465 4.976273724198129 2.6529507259152387
-0.30110747811280053 5.108736050114874 2.1381343138187248
-0.35336283904099236 4.6480108768237285 3.0307708709262595
-2.4642573391892233 6.273985053320725 3.7217071387741236
-1.9730042955862428 4.454417996512252 1.9270309152750627
-0.13283606989362504 4.163821378799178 2.199399743187047
-0.7379041351261286 4.692060502135372 2.077621014732844
-2.7854222004569373 4.60415391545338 2.62796179772913
-1.4778292906107502 4.938526194387882 3.128995171661753
-0.1883410548802702 5.604691646493703 2.6459538708849992
-1.6055075427272822 4.808447447641501 2.7557821067570307
-1.2124902767710681 4.8581975796724555 2.557812801013788
-1.715045963747217 3.8785823141064735 1.4980205298562048
0.9095613073544889 4.880659144376443 2.2653382682553875
-0.12736665296911612 4.530365536308917 2.429748240140831
1.5047597007360354 5.121773862998955 3.5219135477716246
-0.7102440384252305 4.623148424265937 2.626117621226697
-1.9646315950270143 4.436565404056524 2.8738651359832046
-1.2707917077521458 5.016501261145397 2.8439933977801695
-0.8747240344097273 4.9306952494190925 2.4919349517291547
-1.729390785170669 4.490226911483813 3.4471040208551678
0.3540982319906135 3.8742154207482367 3.3499576847002777
-0.22701824811780805 4.968319275229238 2.0024187901934623
-1.530277500698089 4.953236507026355 3.3987871377920773
-0.8059392720866746 5.085418725796892 1.6604851980342432
-1.0361975458196204 5.103862787860083 2.8479849704104274
0.29783184820479547 5.237624218145276 3.467770566044022
-2.557342756258172 4.4269415828868 3.0928971370471663
-3.4014605899586092 3.3451492006816195 3.4755356857704256
0.9535309160620941 5.0487996005926625 3.0064486981869343
0.07423815517788265 4.475921572912223 1.9298757300543983
-0.7283256749961976 4.780485919024587 3.0588051556228746
-0.04003983455620033 4.250582468768545 3.948655582050548
-0.06666220084624848 4.628935491184398 2.584000991576481
-0.9882337387563754 4.859233631450295 3.2443871477929114
-2.4292647019413196 4.51401993323698 3.055742982929585
-1.4912707911823233 5.553673725140155 2.3189568959034643
-1.757067366478505 4.880230754715599 2.655182087695459
-1.551386561060482 4.876277992987103 3.889133479579509
-2.0116077692041117 4.9850927380786665 3.0885910629586326
-1.351220255497868 4.996116392462417 2.3132459198920787
-0.5483402541387308 4.68976676457022 2.7384802575754588
-2.422300520472193 4.231169256033395 3.064878344851676
-1.0161375587948267 5.294002075561386 3.2693885795980027
-0.7350111844487003 3.9176547250648563 2.8499676971766092
0.28795260938600703 4.014292992599023 2.8430189057927997
-0.8215297973816 4.73903736205727 4.136650238573987
-0.6608060507608671 5.397383910410951 3.2226816131875013
-1.5638994830433504 3.9900233586205296 3.203406309722504
-2.7952442920874208 4.139239283587964 3.0911151107648442
-0.5913691603341239 4.808939709089218 3.9012336793072366
-2.219358030323804 4.543317458411471 3.0840079771028557
-0.6644924425828486 5.847781472534584 3.4603301298414175
-1.9933755460433025 4.6668098653909995 3.2615343039487272
-0.4213868651175772 5.610351627239712 3.0197718547588743
-1.646851873895976 3.50789273462189 2.652866803160468
-2.306613358659784 4.226237974135479 3.5974049828525314
-1.8307578266722686 3.9556365857297773 3.192428379898328
-1.19814982995019 4.908484908856438 3.6411510979704875
-2.4611803856090244 4.5836779807233246 3.1332289287426365
-2.6572362330858508 4.48488981265389 4.165506214140205
-2.4645390535704905 5.155629102611527 3.0888281781165197
-2.2786758300830843 4.432255073377726 2.70940017457482
-2.878715975449042 4.3525030416889186 3.8977888963048186
-1.887133370443644 3.419922433387191 2.330948125550596
-2.9607727212422197 2.9538379941934823 3.3798925260263712
-2.4066129678034307 4.529010672331629 3.9522186193148796
-2.1658744202196547 4.442193266692498 3.8028897233890797
-2.4899456402034628 3.413218165045857 2.8779894407334368
-1.865960040354683 3.903713271569665 2.628659495404166
-2.7525210258157173 4.184114517066621 3.46720944728229
-3.086908844644013 3.337010865614962 2.6999038641528026
-3.0894654782870767 3.96246307843265 3.5959354153976593
-2.8199784305315063 4.593235988079445 3.672978705082984
-3.7839896590599453 4.392998535433683 3.337398024251645
-0.9951105119219217 5.197182880828789 3.0914119049143287
-3.714988003209684 3.154630895408372 3.126355795605821
-1.6774345073383854 4.842147444311981 3.4634284340439567
-2.826363975007181 3.8680302527530204 3.531729791382916
-2.356673614627053 3.9578875398062086 3.9894196742701498
-3.241797478449365 4.070342998728929 2.8111866884958974
-1.9710417202900616 4.725889903593397 3.430428380007291
-3.8111249382869703 3.955608089972463 3.406945656496616
-3.166325202389692 4.194777095349373 3.3691623834985402
-2.146751024728279 3.6128298212921828 3.6759183091240883
-4.210447167643413 3.527869725518109 2.6865865668633475
-3.0363482075191777 3.970535255934384 3.2874260178831753
-3.283472503123933 3.297095152942134 3.2327995807231313
-2.3209449154131496 4.363238807823513 3.824019366044963
-2.3100698489776534 4.9107571538831145 3.8167554637790415
-3.341836853881265 3.629923998860781 3.765158285928438
-2.6113652394841744 2.7583828323124404 3.740451974387553
-2.759932699284527 4.391142571301581 3.968083462665739
-2.1750435859862582 4.891641234449685 4.306083198500447
-2.8254212734571484 3.6014063187751972 2.9158080524856644
-2.6859998562504317 4.054830930266744 4.031165231462669
-2.7592376443838877 4.1719209350882185 3.639534993320259
-3.357331051000563 2.9164766313593184 3.6231068259544457
-2.0864690738296647 3.3540968213947964 4.1822257074371665
-3.0846189246098206 3.2408194258337635 3.4633646426802875
-3.300906887739241 3.0746991315245116 3.0804905030094694
-3.9112461265946687 2.3862823582408637 3.9494427922487914
-3.5819670301022963 2.551823512831336 2.614740622313229
-4.4689928279580196 3.800595604062722 4.024743813367574
-2.777675894726826 4.356998083496468 3.9436758609922435
-3.8715516363625544 3.901375423645399 3.650002577977272
-4.202338862030069 3.492654067696071 3.671663296523139
-4.263599675578922 3.0734132048981126 3.063467319144773
-2.4117621141998673 4.389767831410251 3.5163552965916143
-3.2723094521700062 4.527804579759796 3.0636088751955017
-3.3915292953650478 4.3551438131719715 4.503788315034836
-3.616066995290949 3.472729470773956 3.9933805045426007
-4.018723763145082 2.0536801425465656 4.244558024523539
-3.7813049148694065 3.8193430382367133 4.2657835967632325
-5.004239329932225 2.279105174119059 3.631456470590951
-3.4148818228483413 3.0465161771289475 3.514492136123912
-2.2932158378405343 3.9002661254050683 3.315312125528251
-3.059764778556357 3.0944035315124756 3.0506097611942558
-4.733961763166262 3.4084989260023537 4.207026365174619
-3.2723553340897484 3.283160958412171 4.233971012162427
-4.425860232640883 1.7807914558936866 4.296508565142518
-3.6012955057112457 4.110013616096716 3.500858251199543
-3.678187060922948 3.3897932624543836 3.2001036797762956
-4.2947157990185225 3.4197700820511288 2.828730212133485
-5.372844238818742 2.1707251443134012 3.503791884694116
-3.729752494109711 2.023183325827441 3.4959983631136815
-3.816036847854753 2.5342268458106023 4.082839776233197
-4.954425811570367 2.7706968661205447 4.011008001486925
-3.6550555631089567 1.1147369907819595 3.2724195957500055
-4.412530666679419 2.6942492209404003 5.008606268850698
-3.682954582309246 3.222288651781009 3.9680732495632056
-2.99277004321606 1.6621874098304836 3.1781597211169537
-3.184255160047743 4.270614503956813 4.1439508273546455
-4.072217315126374 3.209105776497452 3.2617046669639587
-5.636573778437454 2.7876960499386976 4.246592749556512
-2.8626403709112633 2.9114372789635636 4.283995550643577
-4.828924800525131 3.4283157744167307 3.933386630800585
-4.459690160407126 2.485901669903639 3.9220645446438693
-4.143622191112539 2.952564945367085 3.0707637021451664
-4.498316661308984 1.6020654361535291 4.681419017622588
-5.295937283079442 2.4579494696636877 4.018636645031802
-3.934480792273241 3.2704323087394056 5.329106981439634
-4.782459580920595 0.7567583460017845 4.53991973389784
-4.9178172474426365 1.8873531083249429 3.217805588628524
-5.164081271716474 1.3677627311077352 3.7301517242143327
-4.964837808582402 -0.021956401914232117 4.038970295153211
-3.7293010020255593 3.2470855000146255 3.8366131962139383
-4.88057738183539 1.4596606744868206 4.780133156605785
-4.021080473785154 3.080980027093717 3.8859749682356455
-4.010169953262551 2.4797935883248865 3.5654446274529183
-3.152298545631407 2.5834961084259445 4.136261773286622
-4.939752963147986 0.9810760227685953 3.8686588513444313
-5.397540090306108 1.0399076512707432 3.619429458133096
-4.234386310722898 2.526956659960581 5.185766793204534
-4.086880857619314 1.8726566952552217 4.841827167643619
-5.262469744385574 -0.5435418705789478 4.5100677496005455
-5.175769190220255 2.2724721588947143 3.7852100787506364
-4.55859493746737 1.458012414003941 3.967993213576224
-4.453957633606404 2.605879734564771 3.5747601057824783
-3.972860451063136 3.1103695164279404 4.562431594338713
-4.686909832448982 1.782119509272187 4.580584076780638
-4.688824093671805 1.4120691839269288 4.5474655844466865
-4.168730351206756 2.2785096285951822 3.9450645633375796
-3.785568346157232 2.4824818646713447 4.071431542191066
-3.8550142445815463 1.355579827331765 4.222528069712614
-5.400357231921644 1.4316850271807648 4.38161913036495
-5.219766192123138 2.117107888988737 4.40881998461283
-4.071520267237738 2.3424014854392605 4.317031503172096
-3.869278164540924 3.0192566291359064 4.309128933712915
-4.048263872553173 1.9287307862402558 3.7980729774510986
-4.725854677325566 1.382981368826235 4.4584918932149
-5.213663550250432 2.4883696841821576 4.749775778506304
-3.9283502111430857 3.196943115728141 4.240597075431339
-3.689808691900201 2.014823195184644 4.550390105110711
-5.898706275618251 1.7212347245901978 4.881034161336175
-4.6870228681825825 1.777130858242819 5.027986116548238
-4.946613664485894 0.8072452956963813 4.792441335395555
-4.511056383766601 0.7248241431582879 5.194359122747865
-4.870427727219073 1.964560222890014 4.052974966043864
-5.002158535371165 1.191521680938472 4.358066526761302
-4.896799626898797 0.9143946341517721 4.845910907372684
-4.207568766435705 0.3865522773011907 4.944692513549306
-4.566919617108916 1.2621547149263528 5.017073268894091
-4.441580134080142 0.49312161071343696 3.949748508367904
-5.290555656144807 1.3314113817647755 4.789557842689201
-4.54561498547645 2.310393035055776 5.267268475151405
-4.1165890579727025 2.782525231675501 3.8643479660550115
-5.35860481476978 1.714419340364344 4.586911259144573
-5.533798371257822 1.8752505639044585 4.5751311948536335
-5.054480333035353 2.4688432037914727 4.68816463126649
-4.927631995096925 1.0243036765719946 4.82606181222955
-4.445363096214556 2.3064828391831136 3.1334619451382624
-4.719962803720695 0.5774926637367855 4.397110421346488
-4.661803564583845 2.4657280865257576 4.080793146904487
-4.870166479310379 1.9831942752149796 3.8973962775633035
-4.8449168811463785 1.9424376462430653 5.845290096070157
-5.262242645293071 1.8944824069788175 4.5204158432872354
-5.216929508585838 1.0387448844627265 4.4612800663504295
-3.261529661353348 2.492007778233154 4.285214504363296
-4.365028599055312 0.8026663810876882 4.165450564461475
-4.874449434243145 1.6119861539254268 4.52283011951076
-4.732462027690166 1.0712069422407609 4.788314869035686
-5.225218662383031 -0.24832638830944004 4.203713964696532
-5.377334454479552 0.06815416941769573 4.306792801135502
-5.254336955490908 0.9487889876727134 4.046885934273066
-5.485641580190549 1.4680331169843004 4.682485029713308
-4.327401377684352 -0.05026294503733822 4.921365385749609
-4.206665403885139 1.9375338095438406 4.662191801054185
-4.692734338772949 0.2505404799658524 4.769804524469463
-4.282980752082052 -1.3324310542703155 5.074717413543283
-5.029931310248642 0.20614007248550809 5.789047100152549
-4.893355672794474 -1.1031219656449487 4.779258486666033
-4.11944925065762 1.4152591919667679 4.698679517069743
-4.672505003868636 0.640541920042583 4.3019328469263405
-4.580672539584476 1.4078240636106523 3.757971322163093
-4.951557593313079 -0.761053147912518 4.632894672036893
-5.124590494583755 1.4567809336342217 6.292984460032686
-4.854988014452618 1.4506975869769176 5.42413464982107
-4.250671056645302 -0.9412146961947174 4.8075616387364475
-4.66426753691943 2.0269043807569185 5.209444327341084
-5.598714986636407 -0.915117270927551 4.6388974359751645
-4.417951934105421 0.9857486257775043 4.724506321260654
-4.973944205206651 1.2474532241564786 4.602219823590113
-5.0183426929659065 1.3465886829300766 5.1106749074213225
-5.350218298599439 -0.1319482439503235 4.526764222419054
-5.326346669740519 0.29498469374371944 4.471390302166756
-5.960325813716797 0.3773001784892232 5.268498179074197
-4.839156603149291 -0.01847420877908981 4.7206439217811065
-5.183198233504218 0.25921999666106355 4.522073908883594
-5.3446060341375645 -0.7457089072755098 5.946042694210581
-5.115029565224153 0.40794408610996247 3.997329420214335
-5.433623640300003 0.306119755156846 3.5592883061232103
-4.824580728311041 -2.188164008100733 5.079559426049078
-4.805684045829946 0.15511637063027625 4.506754103092897
-5.009854363717208 0.05857937237368 5.366406966446123
-4.950627677294012 -0.3154392604837253 4.469062885998857
-5.28530011841417 0.20772716004181382 4.874392072731183
-4.536056079601539 -2.1142588710036674 5.072629169813311
-4.804317831450597 -0.13111614532023716 6.085814646489425
-5.673344304089284 -0.18794269490841506 5.710862838969751
-4.967982924268485 -1.3904794999407488 5.911306492883105
-5.247408859796831 -1.417563709336105 4.350004033858246
-4.408032534712136 -1.0589575779247964 5.385612364514752
-4.83703577364032 1.4993738528669212 5.521471973632265
-5.497685009527513 -0.008306449001794858 5.536844673871132
-4.40717419809975 -1.7879272512719195 5.469338237630358
-4.7164855389373646 -1.6888033162491094 5.680920353508158
-4.115419308198491 -1.5884588411040694 5.3413207951666335
-5.110899628811976 -1.841970208959041 4.577829804859271
-4.891417791389456 0.8434234218993056 5.754867722584257
-5.159285412645214 -1.0782351472391472 4.880775721892264
-4.417511949786983 -1.2293024385883071 4.832220197604694
-4.159084608863966 1.0107823846285016 5.660813362651284
-5.6074660668792085 -0.4953741359813488 5.948019021825379
-5.1908543095719475 -1.3704553277089147 5.869949151429161
-5.025353789015464 -1.5382419352415106 5.550310762356309
-5.825899836273792 0.36676792135009 5.247893594812671
-4.986610446891022 0.9524898207022064 5.665194928728735
-5.287246944661487 -1.8733721203739289 5.9567213949509865
-4.65294565515263 1.7284290660019217 5.0013850991365985
-3.630381973211975 1.634333927912432 6.014765318570925
-4.40125355223927 -0.20959678594908368 4.472462837132962
-4.448391581910847 -1.9440223203531355 5.367866185015315
-4.912513027572998 -0.19526041477084513 5.0447368906456544
-4.291068924300397 -1.6885126370667398 5.531767448817681
-4.627880162220552 -2.2936171103108185 6.141830868908638
-4.603036255827996 -2.1812656800515313 5.593942892170796
-4.669467689092129 -1.0363914294874692 5.121663553782403
-4.419849837939945 -0.939108308939479 5.550545491434884
-4.993689422284744 -2.0880640161133135 5.044551055146021
-4.592950554464446 -0.10768196643087169 5.186048755824676
-5.120039783100689 -0.03493397044386285 5.496120396739749
-5.103245786997773 0.5379966957450917 5.072201234788963
-4.689272928448382 -1.4890677233753502 4.724054443052067
-4.999870472890247 -0.28290474905777546 5.743626606007787
-5.1596196877522775 -1.4973625032678881 5.505506380229362
-3.944419797119201 -2.8706793230104117 5.084080152667058
-3.6276317379114444 -1.2168597830810932 6.135362549635261
-5.4300404853632465 0.3809470546123514 5.873054550802284
-6.0145777690298585 -1.503765757922303 4.752184341157948
-5.098569511524684 1.3625897912334017 6.091685870092698
-4.92533237236241 -1.0894284493979833 5.716736878717537
-4.283137125789479 -0.8559181307046854 6.102283029208182
-4.7678103714003015 -1.852632925530713 5.751013453806174
-4.70779775713101 -2.6199302986429465 5.289037468143292
-5.743455753011998 -1.3767971840057045 4.281101168312192
-4.6789423403074535 -1.214186879416844 5.734160142677618
-4.2004106632752025 -1.6569034570679353 5.041656439713607
-5.254182418826576 -0.0644482203414605 6.275347648134178
-5.136596493328493 -1.7200826204599071 5.756119956525398
-4.968356533593816 -1.4723082219881731 5.043767422698809
-5.011313816230929 -0.18116759414888653 5.2988356731099024
-4.244178074131895 -1.1723042811956992 5.532928948360391
-3.6541772637414316 -3.531099565565235 5.0586262981828565
-4.5333805922190935 -1.832783348661963 5.941991444638235
-4.608179386531212 0.035577530432166694 5.878691092932476
-4.977148344661559 -2.1339352092474426 5.59495559582078
-5.242690717125904 0.8807128560668953 6.037384978367028
-4.346877931262045 -1.4557822092691564 5.205017966071055
-4.7065308944002515 -1.9112441912168114 5.934529558317239
-4.317332908632252 -3.5376113497711836 6.321478321694145
-4.767881692314621 -2.893821462295035 5.180108512985343
-4.9861745914528 -1.8973524988946404 5.355986696479587
-4.94288914839481 -2.0245071181074628 5.566476000381365
-4.289351440499636 -0.7162785400141493 5.812248284660005
-4.309421005723876 -2.7373929358377205 6.295221716667811
-4.176932398647489 -3.2879607554120827 5.873899204829597
-4.3803708655914 -1.939397540732509 5.336433010135353
-4.532383083526942 -2.672657799992485 5.344581829101961
-5.7885509984903765 -1.0891100991930445 6.478813887469421
-4.216754588465806 -2.1866703448555795 5.193393946212707
-4.307149521667036 -2.416434979807041 6.6936982926347826
-5.350780124106694 -2.932399758445848 6.332309848522529
-3.8278556339424386 -2.0227631127323846 4.559016381632167
-4.706131087523235 -1.6780350206413972 6.7612382275135126
-3.981888315464484 -2.6467374946073683 5.8773740126427825
-3.738267967319498 -3.5865917342456988 6.676742445003539
-4.513779956274716 -1.310433598628816 5.518124995239467
-4.925475279387244 -2.398018429610715 4.945113508190248
-4.5517237461995785 -1.5934766889053245 6.791275482528423
-4.474461274572486 -2.678194025065478 5.9851145937042665
-4.4168072378388965 -1.686921899240853 5.490316625388147
-4.048720434282355 -2.4577865490638304 5.7901620661698345
-4.588284216790125 -1.7759000250930097 5.729878914225803
-3.692780639982936 -3.167103928621318 5.848054616231355
-4.513356769824377 -3.0201745270421 5.259847720811071
-3.8692548987317443 -2.7042748902041227 5.401697909123777
-4.791617265487346 -1.9718356702724262 6.169155825638699
-4.098680197660672 -2.5274256149112646 6.1946198001213695
-2.0736813572712847 -4.821685910116511 5.655163277299403
-3.844303668091492 -2.9796186987693742 5.526919278913211
-4.737167696474515 -1.8119661047206652 5.891552759279571
-5.082184529471708 -2.136462762453354 6.671644289314328
-3.6357382717346063 -2.4652127805441553 6.578125101541556
-5.322930371437447 -2.5870795029533338 6.288686710698301
-3.9625101640929645 -3.1852794339641677 6.181111583968991
-2.9443573730416204 -2.522310753182848 5.55152496679449
-3.189932627183824 -3.5850555849685195 5.4695440110361355
-4.660702307638935 -3.818269729874134 4.916304236741287
-3.5615633020218547 -3.077192369937826 6.481545050921405
-2.6638311020914367 -4.250146828174968 5.334658220329333
-2.4984726055385185 -4.008434691149879 6.3054353981295765
-2.8099732550336554 -2.5064661868409464 6.193605752481115
-4.446856624888351 -2.7923803742134115 6.744858748253863
-4.5901370472811305 -1.387363759044877 5.923984221086563
-2.950385660478751 -3.460428644399614 5.580200520357846
-4.1274815617878975 -3.2630090158658955 6.098016127907011
-3.9731924228926525 -3.3787091326039644 7.372447682133477
-3.819918586102244 -2.7673292305627 5.695652536307996
-3.7853796204690617 -3.1133097785248807 6.224800803397617
-3.7020860317040793 -3.5328937444967012 5.808386303760497
-4.579254478582169 -3.796218105274263 5.8452616919888785
-3.9515411253233683 -2.2319102325059985 5.863970620878874
-4.109524826060847 -2.1702015423067076 6.700600185272182
-3.8405815940544454 -2.6649806414760233 6.518578034503588
-3.632689186798327 -1.9898386717208785 6.541009044377703
-2.237273776161782 -4.185182954877826 5.5920085889259195
-3.996578650858803 -3.597304893715498 6.470807059764333
-3.318751589506617 -3.3756441297400617 6.352582661806689
-4.2545448205548775 -1.9672503657849025 5.818393632747062
-2.9835258912044766 -3.099965559468102 6.241286529379077
-4.295304042626681 -2.953574566015023 6.228632957068613
-3.7324819054974285 -3.6721441883887063 6.328894036188016
-3.0900219678212486 -3.361505192640236 6.5801188313261685
-3.7139959229128587 -2.8152536083827986 6.691420144689512
-4.979304967865575 -2.5461699365625488 6.359266105111081
-3.727513289882803 -2.5885991499396783 6.0739054458415325
-3.643435497907077 -3.7653658862291226 6.556473938784283
-4.4543591841093795 -4.118088697303497 6.451262306142759
-3.749971745696558 -2.9455078675062163 6.515427933381272
-1.9533560061962598 -3.7287258042473903 6.715325170483175
-4.2672423922191385 -2.5098334596751255 5.59929952529686
-3.457793112107774 -3.9206906774777366 6.314831249616883
-1.8855255461864406 -3.9416824246937137 6.567024673607172
-2.1562916303440143 -3.3304164904770874 5.973132573062109
-2.8285544164840775 -4.65782008363634 6.837780765494925
-3.5508224252885205 -2.350830041042641 6.582941303015351
-2.2909148157695536 -4.184601559374634 6.270387279186215
-3.5565315241553517 -4.746823943046138 5.847480989933496
-2.2895968088349696 -4.014516161424305 6.713139508042062
-3.2709012534865565 -3.2064359907422126 6.62137460232539
-2.2920833156715346 -4.672196795762762 6.439776623466271
-2.2548762958450457 -4.382005750917072 6.383147835661349
-2.8356082087781713 -4.502833412221584 5.806358943492342
-2.685545368484709 -4.688362129787541 6.249695329590817
-2.4756835209398638 -4.42591710960425 5.275462343877359
-2.2456100443155473 -4.166447739176134 5.918561035499562
-4.152209052382841 -3.393823257748234 6.8399180433428315
-1.9254875849043933 -4.51357102535288 6.148282214612745
-3.105644691239998 -5.541997121812334 6.860501101226581
-3.1211440563892676 -4.477531977706006 6.782851815327329
-0.15409028778079215 -5.197518427323084 6.581063357843271
-0.9243760449405866 -5.02932670639535 6.333744224821408
-3.293454959460199 -3.6516172730014134 6.64045200585798
-2.0794992884495027 -4.031028443724763 7.388420379388162
-2.0127002028558563 -2.622508914445952 6.252364530867159
-1.9177858652586426 -3.53611085545934 7.411077703530551
-3.8281901267344507 -3.4802839583559857 6.768241426018494
-3.291802036999614 -4.726970774810406 6.381470812966762
-3.394793079555388 -3.147058895152003 6.471552177956403
-2.280259820494625 -4.215964042761846 7.537730442469335
-1.8450897932141053 -4.838631257349922 6.727982621840391
-2.6480874466850257 -4.733381559659126 6.982727098807879
-2.763648990619827 -3.693931775394072 6.689476242422104
-3.4695798749222373 -4.141462424181274 6.973857563304338
-3.648709388437035 -3.9020366363286363 7.3550222441278095
-4.041895659969437 -4.145302647107 7.410323533139659
-3.034900758621256 -4.073506883340017 5.441072938834136
-1.0316292464984274 -4.336888998539352 6.463894476905567
-2.239947373409285 -3.739894053133994 6.850508133028996
-0.730341189638163 -5.0081510866838395 7.407237227642719
-3.1861339257106382 -3.7880231274248675 6.8728257113975015
-2.5091187818714675 -4.390507680615907 6.52940675002057
-2.340546955388488 -5.079913162105528 7.330461916132898
-1.994639284147269 -5.096735255211612 6.915143126080324
-1.5609112482283294 -4.142345262160069 7.229081082358692
-1.7405227335596054 -4.328332921039668 7.5242499288482065
-2.288850388183283 -4.672054227466241 7.72546185198715
-1.2650724530740878 -4.148334412205012 7.112943221151298
-2.9217971649470234 -5.159208775709562 6.381847324542872
-1.8423279667468642 -4.464582371803347 6.231238634084383
-1.9715041754359768 -4.262899724005845 7.08147729110327
-1.9711178684913777 -4.394004080997827 6.895042716556535
-0.03773826230381718 -4.66046226214269 6.480422564102308
-1.5314123199630316 -3.307209588908843 6.594704698670469
-3.020349717837408 -4.471746272970699 7.700891089581751
-2.999163320480452 -4.320210670352241 7.027034883455715
-1.6978059577412463 -5.250143891719305 7.732622300320618
-2.6976468702256082 -4.566384425137065 6.1341540617525165
-1.2118313317903784 -4.993412784815144 6.753482342230657
-1.42576701709543 -3.996155671998538 7.448319505992536
-2.326428386252496 -5.1369779856840045 7.124133669726979
-1.2461698431789359 -4.549817487080966 6.961165193471699
-2.1193314020067198 -4.601847543109465 6.590817841385453
-2.2057416854023466 -5.275982413709631 5.771155014554093
-2.433934929030674 -4.800316666821645 7.984912178006777
-1.6795689373562954 -5.2733831224921826 6.035460177354364
-0.8087092615444785 -4.8386982747904055 6.312748385906964
-1.6374400857746854 -4.240939804064066 6.682701890833654
-1.1852367132632977 -4.44687678558535 7.492026492174013
-1.9354561069760778 -4.669986524390107 7.38342323727329
-2.1317154742915374 -4.836794848680222 7.22577657497353
-1.3409177395733094 -4.437579101076254 6.238277376796079
-1.9407313327858875 -4.813057457987841 6.528327214273692
-1.0244356203575786 -4.784399980939169 6.246884879663507
-2.7110216907419833 -4.734169461777233 6.418462839745806
-2.1020031111278787 -4.503228898254839 7.418760316617785
-0.10471672948696369 -4.274184525603231 7.680262911293906
-1.5239789027059714 -4.971691888288524 6.264921857342656
-2.039942488573393 -4.724618138780197 7.281098186922569
-2.131042708345508 -4.749332034350733 6.877871498809654
0.17746970377887283 -5.536800238417422 7.970688305998942
-0.034435181134591424 -5.000156710745355 7.663474030704723
-3.2486505722621297 -4.165323017194556 7.250361565680767
-0.8749125787670468 -4.5856217737044975 7.158178403026
0.5441978346826707 -5.509164026314399 7.376215063706556
0.2762747152310723 -5.7870222267614135 6.641934849720075
-0.6079899040908683 -4.071116046212367 7.486048617120659
-0.9686980353290217 -4.46046292253651 7.3829474036556135
0.30962295159264663 -5.382096905357608 6.759284318786405
-1.2514941574960279 -5.497871897456055 7.413413755459596
0.11476301219931526 -5.217732792297598 7.5415471731512955
-0.07978222772415418 -4.873351640568185 7.511381279393216
0.37162405060246484 -5.740604190552174 6.260819984058106
0.7045038226685506 -5.78441499980145 7.38563570485518
-0.33857698856602175 -4.3246964543471575 7.760929767886066
-0.30477031362162427 -5.188225128245022 7.490161142550617
-0.8812692139594809 -4.936989912318197 7.041526813186939
0.45752546850734344 -5.557154775816544 7.254069649951555
-0.03939010955812461 -4.0187374524142605 7.74261110748008
1.7896366054637098 -4.918346376247262 6.338258163631866
-1.1612018239168833 -5.271679159195157 6.266323914404542
-0.32903291123353107 -5.242803834711753 7.596153453305135
0.813336868420074 -4.55803410175466 6.921369110259132
-0.05402858792085443 -5.28074794648939 7.205740153196876
-1.1054345288247607 -4.781601341867081 7.8466302923364015
2.1885247398529923 -4.721673081733007 7.5111368642282486
-1.262512239249405 -4.998783981627219 7.568182842147115
0.472407566715611 -4.665848813660997 7.472127384804809
0.004679398782729107 -6.0724886854053155 7.586664494380796
-1.5332669522561477 -4.948513435935687 7.183304720045672
-0.5789957038456879 -5.230144793048662 7.789224610947922
1.439384405032524 -4.919268181201221 6.5625259428028295
-0.5973539558639708 -5.182295367630086 8.060743534842427
1.2174141026204552 -5.046889870000025 7.507548922629147
-1.8144659383939723 -3.5578570447555067 7.617625889998123
-0.935828632862272 -6.626612351291015 7.735652121400268
1.058334696336986 -4.839098166056854 7.657062357383439
0.23491405293172046 -5.270948891348875 7.263907559847849
-0.4435622611761185 -4.588601059133368 7.515304647872229
-0.6036828237459424 -4.847091702417666 7.593934948327091
0.1307237383005746 -4.618763672234542 8.350539870655847
0.6784065708319456 -4.651827790598425 7.3613732104619976
0.8159282732787817 -5.545400865855063 7.598034832079805
0.8332158227194693 -5.467151020395208 7.291223674714116
-2.7134081176668072 -5.61587341000109 6.314417397312356
1.2630504148306199 -5.646552810430327 7.69541641775695
-1.0100235833709474 -5.160710222874107 7.51498947024894
0.22362047810831154 -4.564493355328349 7.648161156810407
0.21700275432039257 -5.348837795954735 8.776838524133716
1.3885647813354858 -5.363406086111861 7.360039329268079
1.5512800064304912 -4.366406576155453 7.010476443753979
1.1399422247365234 -4.8393426838684945 6.2030064622928585
0.2881431683797729 -4.380964019434639 7.871390717977942
0.07061033011507191 -5.301961237943292 7.686889789139089
2.3258379567450715 -4.521417638760492 7.662823549574167
0.10502099404730837 -5.128490901531432 7.821838560681037
0.37383102282069425 -5.24190486154152 6.796449014729395
1.482444131333638 -5.1302672111659255 8.362709995031803
-0.3473942583027232 -4.186267030913389 8.146678122680168
1.2512257373665914 -4.233951033923292 8.59006166748635
0.15784609483152506 -4.255319193373066 7.885051878687947
0.713419177027924 -4.516121453552012 8.285182008093312
1.3504213753521375 -5.220696571410855 7.727032682479775
0.5969796309992914 -5.613609527546455 8.42113002228564
0.15764411071166307 -5.2496340837870274 7.140336724305334
-0.13382717949454984 -4.29128074788786 7.49854915121849
1.0866793398236885 -4.938930379056674 7.6830596437229
1.972332240257853 -4.937875841514053 8.164185853180536
0.5983906339476062 -4.612026814332298 7.2811972941112835
0.8530534834057124 -4.97840100217131 8.454350445459292
1.037206875694907 -5.223012281743689 7.542656745450622
2.036474598170394 -4.99748163683754 8.693890776746684
1.6615469835831165 -5.6667102327088426 8.717661661213441
1.227331360671239 -5.532107202837137 7.441090500706527
1.1232645245265362 -5.036867905274921 7.053357362201528
1.7727860435878176 -5.465780296247862 7.7268086716314714
1.6280146814303185 -5.110198572433348 8.547825350775703
1.9914331167461048 -5.502453395958361 8.365641835546034
1.303351984337786 -5.578088189184013 8.046100640928978
0.184265570793694 -3.9422845070917436 8.538050251169174
1.8485667879290462 -5.290344075321177 8.259178458714091
1.1482989620041466 -4.559622650522012 7.921691073419495
1.4835334974869774 -5.110051794284248 8.659404031461928
2.698124424303013 -4.096632649389646 7.620170626715301
2.967045205343171 -4.336646161878128 7.9276885717173196
1.4895863666160751 -4.480416058217285 7.8195740915529095
2.1616629536500778 -4.4603466779663945 7.117942018633123
2.8481495922376596 -4.384651793471349 8.105115781519679
2.7193992441916737 -4.343346241788891 7.816084954780303
1.3315306521217722 -5.151544983906308 9.089064395823051
1.6410323692282345 -5.168167081840145 8.042186035907031
2.2917608832214538 -4.867422848212837 8.217132268894186
0.6021743247798086 -4.444171150280726 7.137607095842339
2.5971445248417733 -4.5345219680110285 8.340884801665407
1.1280260097304553 -5.128351943730736 7.40551215830233
1.276850731969863 -4.79479317025154 7.216706334962043
2.5150560380627267 -4.534067583089536 7.085805135555571
3.1696773400749954 -4.653644046290311 8.958749491510746
0.8060833650082296 -5.391440390438771 7.102033740467784
1.2294673564441272 -5.730440938420421 7.637620106947697
3.581589681782308 -3.685762462890823 7.882382195614296
-0.045627593826552834 -5.160423989679979 8.568748292392225
1.1057293186678763 -4.782222197097906 8.762066982022052
3.141296124838975 -3.575348077695605 8.000480916295617
2.525585082868458 -4.070046296538147 8.30840244714117
3.123192637515832 -4.0922937766285035 7.34755979482942
2.1936810536400175 -5.73491815754738 7.946692122883328
2.556298787686441 -5.514702529491705 7.562381811396789
1.486766446085227 -4.388053244765191 8.320418399432826
2.2532804243727367 -5.032488925302666 8.618080204430882
1.0697433501207392 -5.093634056801133 8.487392898506721
2.4173426193588683 -4.153785717375268 8.244308824848652
2.7409870613341027 -4.431287425249384 8.734037521769165
2.3608377148269653 -5.006653060794994 7.735318613588034
2.4900958749367956 -4.178098378785222 8.502374978449135
3.9658900204343657 -2.718320619262879 8.915012672775156
3.523202084261091 -5.20795858357346 7.612276645506085
1.9144068293817658 -5.32648304183986 9.058103531488126
1.9478418590949167 -4.966218721215518 7.665761707434345
1.6958584494046485 -4.558181863405539 9.559659650535652
1.524390252651837 -4.942808495269582 8.11700860295867
2.0164991226358056 -4.2277200927118015 7.878633448531608
3.356641643696938 -5.126522626736679 7.800594658538062
4.347472220869364 -3.4423721188853262 8.322481947317268
2.128648878187782 -3.711140572434784 8.228218354789158
1.8514644034956749 -4.873972597472768 8.852861964262711
3.4757680442865313 -3.3075548130381947 8.701675364048278
2.794279580406188 -3.805734240124956 8.230333602003236
3.8854403095617416 -3.8780568249160203 8.471534714990442
2.4369785383228657 -4.404844197728119 8.586017936850245
3.4837982105475493 -3.887372996070705 8.501258710094692
2.353003367053775 -4.113825154962922 7.816768612525393
3.3352759452159333 -2.623301757493325 8.79137904298099
1.3581822200158744 -4.00310802362239 8.84674742252294
4.159892803685965 -2.8914027873354526 7.978415514300622
3.490465322827899 -3.192041954643604 9.36444125439429
2.418534191673519 -4.001393752220282 8.076449920984487
2.494487959754179 -4.523201804741017 8.501905895955844
2.4883340090287533 -4.497777350952455 9.587757738402724
1.766251171737975 -4.395339319513835 8.799978114075852
2.8033463250991253 -3.268288519772317 8.648010827597469
3.347892652863701 -3.5606781754473436 8.650165817223128
2.484159476282348 -4.522478135287408 8.751975298760316
3.5385727609676287 -4.030727824187804 9.194753537637924
3.3385230381945536 -3.406295934090205 8.711667340740192
2.935822001087201 -3.625243520935233 8.417260700710958
3.994482996111985 -4.59378772567806 8.652398659386881
1.2283843791887783 -4.02415900463861 8.48811542469915
2.982508219548389 -3.988064526470612 7.134647225281395
2.7290600145208326 -4.75784629250004 8.67371623437094
2.6528975891145867 -3.5990853351332945 9.040742882475064
3.2920529121674966 -2.869050817723214 8.196082018351467
2.827570176696508 -3.4726649595352272 8.175463111411865
4.144825324000948 -4.064260086444634 7.882995484546418
4.853522855369771 -2.8724842142075837 8.778988666637254
3.0141151386518277 -4.775528525211004 9.262318800900054
3.48850535854665 -3.4472070289808903 8.590665158956833
3.583062812404304 -2.9346112013342194 9.204720474680268
3.9962446535931475 -2.440847434956632 9.14153276245361
3.9222698020637266 -3.60873674231936 9.189246034858819
4.394183249117354 -3.074741867125339 8.826276847259852
3.5293291419313015 -2.188434462987705 7.609248643451865
3.29052074050908 -3.217563886927048 8.586809236658958
3.048312520178077 -4.044249678210722 8.092090098794058
3.655747469587152 -3.038224815884151 9.202667742796375
2.0330002542342016 -3.7159923545969815 9.618762687865228
3.7138294698015586 -3.6956291964686994 8.940414314597376
3.5615357087467507 -3.227060588021842 8.54262156606844
2.689357825121353 -3.354280111481992 8.757437329153491
2.0894940509693125 -4.081750358625903 8.054679165356234
4.019192262945854 -4.020962358247531 8.80076888759614
3.864876361258854 -3.689443634735166 9.010218344956096
4.190473837249846 -3.469351461982009 9.305213829839902
4.464225015168559 -1.799725751607026 8.955799641667975
3.7821238478680184 -1.7495953073428616 8.297285166368077
4.1234165915836964 -2.8837291601470865 8.605907243384813
3.8455040595930434 -3.813013595818207 9.57581391025414
4.2545772167564015 -2.3377507438807847 9.322740585469306
4.3017605497243645 -2.4146394445559074 9.001503281950576
3.9407059628930208 -3.2356973312257016 9.406796289604346
3.6010044063301674 -4.391761987448658 9.953811051603195
4.538837924023925 -1.592072989520845 8.84445107109375
3.159341161464749 -3.359550874001664 9.2991826345223
4.24780636266339 -2.6080326099245763 9.990984911205118
3.831958137537275 -3.0634723245020035 9.766420449493022
3.1005487727166274 -2.7787838443419655 9.833087219818456
4.122214503745468 -2.064244466760512 9.504646781736156
2.8488502486471883 -3.4659616371250634 9.88382714419393
5.334841243001451 -0.001745917516657025 9.238811358081565
4.587792891564046 -2.3180476765624367 9.479045247216053
4.403788308113619 -1.488689915826043 9.081811524390032
4.422484015124848 -1.8687041811046914 8.919768215906377
4.278212022556629 -3.530059596701311 9.664330777939346
6.309843313579072 -0.8666859246008283 9.867505052312652
3.82190269631579 -2.412700208546864 9.475433025466526
4.931602119614756 -2.1479574691920664 9.289360900128168
4.701735038854021 -2.8117873029673897 9.060030262549343
3.899391467090352 -3.431757584872631 8.330914160297743
4.985481373987608 -0.9331182472572077 8.983554496186255
3.9827121794160885 -2.65787310059321 9.023932184271
3.9395812852846235 -2.3339562843798545 9.643754514712993
2.365673232933733 -2.99233159356161 9.00570329787268
3.7816275311958765 -2.438258772094259 8.626818114993211
4.686564646311286 -2.894208836022111 10.27032351624453
3.29985129377297 -2.751023033974689 9.342617987989934
3.404567113895292 -3.558569761487154 9.807016151212139
4.282141378839772 -1.2727118126703534 8.759355914367474
3.4361106774891783 -2.6402779447855442 9.256956090650922
5.078058642066677 -2.0947651690115117 9.537442247500529
4.664840492134781 -0.1625789106742479 8.711965921961411
4.996549171598456 -2.4163944935002224 8.943447082509374
4.336059993577024 -1.4027390814491285 8.734186081440136
4.884473622274403 -2.5153097756856395 8.298627396212584
3.935986958816632 -2.047276074509082 9.490600185480417
5.570945130525295 -1.685360127572986 9.00590622493325
3.66863741132278 -2.6840778063285025 9.29806965772015
4.226115175547889 -1.8436316022278 8.832437621616222
5.4166399277522865 0.051198105777927015 9.119610919896672
4.8071879452202415 -2.3752556760370123 8.612483613526274
5.053225696798552 -2.0779661234555786 8.95451636847017
4.901799091568039 -1.7494289246590173 9.359205555632355
4.724963847118884 -1.3559030911263483 9.207579261781795
4.836014523628855 -1.5698640964386357 9.834316813392242
4.628547038162424 -0.7009922170592311 8.508964057489884
4.6205677735578075 -2.010176015742808 9.561316380647433
4.567189249275735 -2.7432999665306075 8.668979692863306
5.0553693600275285 -2.5328406201597833 9.62677211989537
4.773687175474233 -1.9982700465589378 9.44925156636205
4.0234868213012405 -1.2122343160153155 10.02827135392384
5.377393970416958 0.3812132378627256 9.005751480006891
4.380578317841633 -3.1299323678964748 9.110253050610154
4.905165942629799 -0.3624931893752967 9.542290414111314
4.699356291880535 -0.8098122179783813 8.970774714420358
4.365614223601513 -2.8977293664604074 9.318697010627291
3.84812025850063 -0.847103861310452 9.39837713301645
4.5926651058268035 -0.00709530313597685 9.032505030286629
5.030308639615514 -0.5073055671992929 9.11785080250964
4.2505959504003075 -2.054456982874461 9.784136750718986
5.348673264837903 -0.009516322111471286 8.08544798181934
4.392515381789436 -1.6602505759065194 9.930725725507704
5.190715576076385 -1.0735851133978334 9.945916587763248
5.409232566445144 -0.22085848202723496 8.877216800514839
4.349009981369392 -1.8968592680591005 9.92988262570721
4.68618374214686 -0.862870721291186 10.329651199885072
4.900357305416729 0.2699803708854804 10.283628624085754
5.787757476657141 -0.38579020668171793 9.227386586879259
5.280786660394375 -0.20428017971465634 9.075124803809928
5.159122692263985 -1.3440961543527732 10.265956541267933
5.23206293317487 2.8188454456798926 10.321987762617725
4.682642291570803 -1.2289255558086427 9.122001313894685
5.296854799892704 -1.0901562816600663 10.370650652316902
5.258254726565466 -2.297542760471996 9.66265470354709
5.134666682845473 -0.21158805238470815 9.702732898109346
4.407973268201791 -2.9573776451847125 9.660660188758762
4.49082807962263 -0.41721390793397367 9.653503608489345
5.4856321094780665 -0.1626103420886827 9.585726795211245
4.676368864065671 -0.08846339679698599 9.481215210539853
4.400259741378664 0.24483741571540846 9.732180413773275
4.965687348506971 -2.1826830555730115 9.77997484785852
4.942514894744006 0.05769720044174963 9.618369410494976
5.605489885597007 -1.074052825372706 9.284078513429934
4.466761219848541 -2.056992495291991 9.911675121105684
5.613553212471026 1.1077925179419532 9.445286397893836
3.949838887811119 -0.6138571831025856 10.324440650958044
4.296690928265966 -2.230720962867953 9.702905744083619
3.8035734939393517 -1.2487385432244031 10.101825395107687
4.3448756888884725 0.2613613218789927 10.027131485164853
4.5630611532872205 -1.9745521639676182 9.770016278249622
5.156695705146616 -0.41041008901813386 9.895066467545039
4.049049290140221 -0.6537298135209051 10.02363810585346
5.659811224632658 0.488903288039573 10.36539147088491
4.755313380065068 -0.6470466194071912 9.65212463751662
5.7334723145869635 -1.5384905510724634 9.958388921381541
4.98705336969504 -0.37116639035902504 9.889717174369688
5.034607758142696 -0.8863456278151487 10.640411814559487
4.199447009846309 -2.1151593297649947 9.731000940541332
4.544284121050204 0.09754984789052668 9.633841872362986
5.121069601309044 0.5353269537110404 9.968847583808076
5.24957597953909 0.20016020391631648 9.155447503991885
5.643380704162282 0.3884542380851622 10.014587074105098
4.031381041005149 -0.2994244100375076 10.5026130920269
4.987535410029834 1.5871992270768176 9.501150208724779
4.924153176534215 -1.5037031096993518 10.85309719620372
