4.099665373501718 -1.3519976460391716 -1.0024844887126227
5.571466157854034 -0.2845236629340788 -0.0038904339036434296
4.200853092427185 -0.6121241561081784 0.21738041540799588
5.875736144509153 1.3453622701563195 0.3623988061249892
4.594103819689961 1.0596447044696304 -0.3211786567878994
4.692069903950102 0.6646224582267768 0.49050637613890835
5.475363672763647 0.8810599801697295 0.18573214418771297
4.774152099662664 -1.124142530895649 -0.719697784130704
5.030982718583426 -0.10786657923179462 -0.5007135818909718
4.370883537670928 0.5733567482240094 0.9232480618073193
4.039141166408031 2.179421829628372 0.031115614987185652
4.779004164322463 -0.5496382658106994 0.18903254738356343
5.508747903710532 0.34727480540550054 -0.32888342166115114
4.9097461395873525 0.4594292966265268 0.22851115231607744
3.8047469950261923 2.4204009253955148 -0.5793225629575575
5.019273339707178 -0.06251787848115556 -0.0017592178047417528
5.240849059560403 1.2227417469714412 -0.2244263968164035
4.447946696426142 -0.16166491309731665 0.42349047929266337
5.143304649785566 0.1424704589030136 -0.23087948786293339
4.970044508551754 -0.9759148112103371 0.6897445978271031
4.496697158185793 0.29468484036953546 0.24018991904535847
5.386940112219228 0.3378081441113828 0.170117624782019
5.365042010221523 -0.17625110056380372 0.18938582999862813
5.22157789995113 1.049452367474609 -0.29839349493696865
5.63182988848268 0.78060599961516 -0.34075115048887483
4.6017029394280655 0.9859213567130413 0.767022363348273
5.469503544233459 1.1880511110317538 0.3602638132148508
4.05496777906492 2.8267239103259154 0.1287104067520201
4.933169207272309 0.4112034504479808 0.7908005673787165
5.39872811832643 -0.5382177209877042 0.2173825172928187
5.519096391038601 0.5849555859942537 0.0735302135412591
5.233139288519901 1.3307907275687525 0.8241085394028007
4.226614824579566 1.3852810445452808 0.3745924877343269
4.019858603557596 1.9144556023237003 0.026818322520847093
5.366116581061475 3.0739771080705918 0.49480405736033556
4.58322105622357 -1.5831602348521052 -0.1682657583665939
4.810376141226337 1.2016288400291906 0.8957657093060667
4.155672104911179 1.588343108250513 0.35443320047140964
3.763727516435719 2.8850019394133883 -0.49799418393897465
4.758592325956701 1.418801935794253 0.5828944431773949
5.803208790182267 0.5609087577989134 0.16976253104650577
4.468001221587247 1.3193854635473254 0.6350134803549303
5.407239817438472 -0.31129930698830494 0.5760569976551718
4.41489542494117 3.2785825486028917 -0.6223024631451741
4.059799562607339 1.3285397773072003 -0.21824893009984603
4.225234517933655 1.6928737211105247 1.1383445842513968
4.865620871734652 1.420878925564835 0.8048433543380276
4.642391456116612 1.604373559940556 0.7202354204022616
5.5356794723707905 -0.4089625708581777 0.49256477429541434
3.5542689149571354 3.3420938369083237 0.3697495431212962
5.081309666458499 1.3466050546826023 -0.24139342679707743
4.0229787355813516 1.787724806305253 1.0718370425622301
4.508573108982522 1.779542337445286 0.5869235065553561
5.609688708587483 1.1489269082802382 0.23019559402922984
4.540621203609407 1.0495411880613035 1.3734308850283559
5.703198535597488 0.7377314918664922 1.7220967415431678
4.080999194006374 2.6844146492583905 1.2236330700386664
3.660026358687643 3.073999264299334 0.40250165574866226
4.882480500415977 1.5757663892097236 0.7109927890549723
4.624892075007851 2.1732063897254306 0.9731623534581626
3.5487186549860237 1.3031706685736293 0.25581797684949636
4.442972124570531 3.268734552848234 0.4121299770369413
4.856201320101365 1.5690580608110327 -0.044374604019690844
4.747818357713883 1.9397876518872024 0.8700461891943413
3.947197003836954 2.3877772123233667 -0.09072548463726071
5.3203104972688715 1.3219516934098128 0.4058496952719013
3.7758135296478863 2.078794795869261 0.5004129681809226
5.213182687388929 2.177223109342805 0.4337574844916505
4.211157177091948 3.11355787087085 0.6599580726838009
4.896132691689249 0.7134331520508745 0.9568638609523796
5.307167220020741 2.897857176803215 0.8298427323598354
4.590080809827603 1.847610225787446 0.9507076948337324
3.2856866153400994 2.7119061298571867 0.7533206316979356
4.941019267613394 2.4782994141528727 1.135882191851048
4.593453717890446 3.0646425625196003 0.896368812485556
3.8970501381385807 3.7504821966340827 0.9073962766742124
3.7785150026397334 2.2367377336362173 1.2396488527069902
4.734303976357806 1.4661145278756944 0.13928730469362127
5.1900431954733675 0.24978899026471765 0.4241839727871652
4.393344665799868 2.5238010294685025 0.5162857418187874
3.8261621340462666 2.1269536209734934 0.4460512840789367
4.732365143234692 1.1099456172369122 0.6971989196242021
3.8760887631676373 1.6900309335719252 0.3823497200295763
4.096669134071516 3.625368829016846 0.42310070743391226
4.28620964870858 2.030019504641991 0.7387460918796059
4.3592864790175705 1.706915121668625 0.5035963616783077
5.328315791726539 1.8965108974539244 1.0684898718872542
4.11763403618905 1.7625887428814853 0.7581732618116702
3.3727107745734557 3.751016117372218 0.6391538996435656
3.295021268715596 2.8930338720868196 1.008655809324917
3.451207104981895 3.90663480996416 1.1569777443664113
3.946424534293309 2.7973707470844844 0.5146818250310754
2.6242430425840713 3.967015354253322 0.9272225502781836
4.095434446436304 2.0710446110000897 0.4532852478538466
2.9243940899657934 3.682425505049861 1.5398842760622724
4.062252887543631 1.2759768477650726 1.2852943378754764
3.085290776595286 2.186324449038049 1.865704808699649
3.7708363352451273 3.801374810806472 1.4175177213655994
3.416375873738906 3.3292626371347986 1.1973287520021065
4.180307919995957 2.174584313825579 0.35789860879223745
4.049928488692401 2.5407353589514265 1.2122739797265156
4.617085803933946 2.9943352747413154 -0.05064972052968986
3.5550922610868385 3.1229935804066833 0.7760892105399019
3.2894678768208427 3.60640756141431 1.3806657391166608
5.209641800423666 2.1608908344863744 1.1058299062916714
4.62470224002338 2.1530555921858694 0.7124743395852524
3.702741111776871 4.185300941531053 0.9200349050459675
2.220783982456692 4.857604980834225 1.2672278748103754
3.312954910273028 3.618714961029682 0.8440782315841591
3.5824954095738777 2.8448831503353054 1.1191069121848483
4.373993344932594 2.876802403433214 0.8848596243611279
3.280540899960466 3.009286105643318 2.072976089046519
4.986931472841124 2.1471109210343156 0.48077362830292736
3.320428184898749 2.9038791362262786 2.3118198626942656
3.0572937477737874 2.458109215934995 0.7887779460684863
3.2177532275889322 4.684261184334955 1.2285425913943309
3.098039961289439 3.021286682116191 1.7992052491272033
3.520217388400002 3.4883162805682812 1.0562167371383857
2.213284390471303 3.929703404243729 0.44874190763900124
1.443253998275091 4.395494370387132 1.1345191789583122
4.353842736893681 3.393688125470949 0.6695442997640203
3.569040475146622 3.8494571139208893 0.6212094787577143
4.738008965796186 1.9668266697383932 1.9714754958349725
3.4054399966440982 3.600783634578532 0.40983048125836596
3.0007821497014118 4.5635721438991395 0.9792948734969007
2.295843763435133 3.935827861314062 1.9380164393384967
3.7665744734169477 3.501057926200748 1.2844113360250762
3.5777638174032944 2.736241644118402 1.246374690481769
1.7368620806815511 3.8803256024793185 0.935424366693795
1.688089414160339 5.217268398228899 0.7011801347471018
3.482853409286334 3.040967485739215 0.9725529521597849
2.3534518891036775 5.025397686238743 1.8428441801936177
4.228936726974224 2.8121958535807967 0.5951905999391641
2.5006824500307303 4.355366021021644 1.0289608191081068
3.5537618550785637 3.3446160972670613 0.7846965422836483
4.320929670932189 2.737988450063901 1.745845755131007
3.3869034917682503 4.298467358030679 1.1548580084320759
2.782435158527648 4.152658570728582 2.0876507618887596
3.625125084538307 4.337515066170353 0.9883603150945226
3.6166492746040904 4.315225907377284 0.5472041764729706
1.4102600445501323 4.205341657362629 1.493372528868787
3.7890748461594432 4.629100475060255 2.0945619201210475
2.3161665114211187 4.019814780880592 1.3466213893408858
2.103437573689752 4.993945177009451 1.5908801546935463
4.48472655036347 3.817980339198496 0.6865690037601413
1.6277595121875372 4.66976252431519 1.3298795848653537
4.491060578942812 2.434086377213671 1.822774706594714
2.6703363704240544 2.41242699473493 1.5422727853467493
2.7823124040990175 4.418604037914946 0.7910129735270958
2.783645891662498 3.5834023426757957 0.8264857596138757
2.6737853080794474 3.2159401768438833 1.8387561062829054
3.721274087537228 3.3819958997989916 1.4334746263198208
2.3723703890421186 3.7337558021493873 1.1710172156242091
3.1311357308379035 4.016860374728573 1.706098274254262
3.6471399723797657 4.02003508425064 2.2394912111883145
1.9386466919325027 4.278425601464233 1.6641166811683286
3.0381910772249205 4.001558111492527 1.2365570618919026
2.92226413242366 3.8974047614272656 1.588563995707618
3.239741801312994 4.934865981492685 2.3038771035610757
2.8029028203985873 4.303239718805671 0.7002496504808287
1.7650879773899408 4.240032285166882 1.1615524022890116
2.9943218898716997 3.5958962156860044 2.414529592065992
1.932173812825368 4.383813951215534 1.8189123478623874
1.8866464218469443 3.6241418442772755 1.053478829114288
2.7220039271621705 4.08522392620479 1.0370574961000412
1.7375085938567374 5.154597290593786 2.071636576354173
4.387397796500951 2.8716097237897245 1.9545144254569506
3.7643666294545524 3.360074138229326 1.6353713347935346
2.1700987476037708 5.753391340803571 2.014161157832266
2.5106089570064176 4.7667657663624095 2.5250822974528804
2.3827351304729096 4.136687772738788 1.3480961970997578
2.634202316444582 4.407709243831965 0.8673806456406192
0.45250149372536475 5.235627080667094 2.1000604278907833
2.2925279673294474 4.807041807418616 1.891231794347054
1.287040863177888 4.69416466144819 1.2964889032818778
2.216943076406294 3.870463056128653 2.0830019000705406
2.792226087420203 4.159785134119756 1.7868558863851303
1.8005184536579222 4.352835859685181 2.0652851103877548
2.9101997884174695 3.1666863547988435 1.2635929369184362
3.6172266942587585 4.431463277105976 1.5566773720720688
3.240637080536965 4.3558483751345 2.275250742003552
1.864967882183134 4.3645983412203035 2.220278138023043
2.0865115939565735 4.419842621115667 1.5504157781099266
2.2052255073650358 4.0036864435879025 1.7580750792360678
2.794020484005617 3.333983321703481 1.9458039367165287
1.218448921117798 4.762995770468292 1.5075637822764223
2.7022312777517907 5.327594176451355 2.1629800265257133
1.8397702509518319 4.990539219884064 2.1505371996732863
2.3381379436793823 4.610383569103524 1.939135730990057
-0.9592943231003251 4.823327474341445 1.9698053676262028
1.3421774770131516 4.957386025495748 1.6950804978177143
-0.04197685020677934 5.350604321610422 1.2466267188389224
0.2609810807548029 5.382870610400188 2.2455846060818923
0.32795966894863077 4.485179383737412 1.8728841622181471
4.1373471744398795 3.959287888878925 1.7700380636462285
2.7081171128147163 3.979447557946592 1.7232559966630865
0.22286173100659354 4.571813445758966 1.854432941191503
2.253068061582471 5.158547170002115 1.9948456591087245
3.1278791927950693 5.0088767611969285 2.170342480726054
-0.46689448663734234 4.362758897536857 1.8135079028234322
1.0411281097849938 5.411071838511981 2.031064872300022
1.708109376053131 5.239919542603563 0.6851955805730623
2.277822778727937 4.201408194882125 1.7934681769860232
-0.0523728862851859 4.964093373187019 1.6899005980168786
1.709175128231853 4.325303757812309 0.9967636683899337
0.9229396551986049 4.344868874348542 2.2023048188880106
0.033802459772003135 4.734109994889246 1.5784170909162252
1.8573371820124407 3.92505840669728 2.5169492519948484
0.5368747641519949 5.278239726249864 2.9861355439267165
0.09524990398075825 5.137714393553209 2.5906950259210966
1.2206408874784187 4.482858668319916 1.9587332733000618
0.388450145669251 4.0197188537154105 2.237170497968261
1.2598123396258727 5.5838687409875645 2.5365206792076496
0.8613306834281159 5.138188938904231 2.2829039289330746
2.014071360383227 4.742600633332049 1.098517237631966
2.8917929586806332 3.391510839265452 2.3011756102199312
1.2069569231509927 5.230718454101049 2.378262655476232
1.911192118600212 4.281739124882482 2.4119978614692914
0.6687235774828292 5.150277294725397 2.076030992740138
-0.2997353613752642 5.432360351692518 1.9768043483648037
0.23924895629910056 5.036211534543968 3.001132315699073
0.9874151727896547 4.4755732874450915 2.909585217336591
1.3943921556927472 5.3023934173664795 1.991461935466479
-0.4257047516577758 5.069521851682108 1.748232250278644
1.8470573730839566 4.947275098827582 3.016556989419111
-0.015938605917034457 5.11516082080062 1.2942031536331557
0.49599207420690405 5.048087548672277 2.0844914885613255
-0.8785417116738505 4.75810358594112 1.8103352893322762
-0.7879313425536417 4.967066296494196 1.5608877001873291
-1.8594591750757938 4.081754805737709 2.239985729422069
-0.36107846380032793 4.86832330901637 2.964710855734685
0.9253434477322405 4.916632213781368 2.6552907774141916
1.5517563873182156 3.437654107834843 2.2132966288296787
-0.563919311079121 5.077989752194348 2.481422338068875
0.5240358981643138 5.248411171041539 2.307607883949101
2.3576818078290285 5.248053649214687 2.664816457807609
0.9744088427761088 5.976621447236458 2.3521899759566964
-0.19013927269306527 4.357269444953165 2.729651987080089
1.6075706051550385 5.141316243844429 2.809369508474913
1.239949603305806 4.997419978202906 2.577493885188257
1.1720214616364322 4.760066764933293 2.461648523564748
-0.9807744336170952 4.717692069456652 2.780750755011953
0.7966657765595464 4.785736752080498 2.0613381408231577
0.31092315532530573 5.166830506151511 2.675043125552082
0.6183499883360668 4.895149480939177 2.9933034170506287
-1.8781370761582041 5.208711705039844 2.5053870832112892
1.040852060615253 4.986153181638262 1.4726486579450597
1.2376046564903405 5.1332453112953065 3.075442411215838
-1.0571257867458004 4.831523848213284 2.2823624192945693
0.0606425600618353 4.184275106176143 1.412874992594955
-1.2010189767651815 5.121894760730843 2.2181375837371746
0.301249790188117 5.299316600625113 2.5211171420452945
-0.838132582283687 4.699822134808667 2.933249181600436
-0.6031541305129856 4.184954291449494 2.862594630431608
-0.18812109880319924 4.864981407099588 2.504245204312078
-0.12821321886519185 5.602409918794246 2.345082526562055
-0.02691524613599727 5.362066751319504 2.4723913369794492
1.38284279376492 4.931521766026995 2.2735147544938195
-0.11243328985763808 4.682980134429981 2.120082160123415
0.217764483231968 3.7930692691969536 2.44734150182572
-0.4344605967322622 4.3588961227953815 3.703272691201664
-0.0572926285639423 5.7511741172088735 2.1990173752770388
-0.7719243809674683 5.562362934294907 2.5156915596099267
-0.4653127162656945 5.2847602376828755 2.9924281349653925
-1.0942933112679967 5.235560629480584 2.0508501193984907
-1.2882616653215486 5.266247939369514 2.801155932006953
-1.0430123223215735 5.757690296084359 3.6522451051859086
-0.8317339106322281 4.893330100614611 3.2507863397219747
-0.5064841690601071 5.079337856199214 3.619312389429027
-1.2778014947561382 4.4946592180068174 2.336091149093728
-0.5063085651900161 5.148774153883208 3.1372007337303502
-0.7179683695079121 5.001318495491198 3.328850231148745
-0.48858806372396896 4.809317372497051 3.3482583609785728
-0.9794091951970797 4.419857883035331 2.796953308626273
1.921542241626935 4.510379345388837 3.333780986817447
-0.30485285213820507 4.7707562735385025 3.173544541497717
-0.9715769252190181 4.930081931441418 3.2043952078080977
-1.164699523273163 5.8101572198008595 4.249758889297176
-0.44318395914086334 5.330057170495948 2.2650311984760427
-1.0539425794720567 4.913297246287988 2.448342514210806
-3.3318688499132363 4.161733728111216 2.7112093366181287
-1.416761986717867 5.027418018291177 3.0939107609394387
-1.3913205846741692 4.261761626899216 2.0455832971257406
-1.415977142128127 5.17643518764614 2.045597585888454
0.5610647060875649 5.779019745332765 3.245799378145573
-0.7208990424497523 4.859503491385127 2.347293916760078
-0.20347595201237156 5.831852406418408 3.112925441989769
0.49051743767575634 5.208599266617262 3.5464661435936757
-2.029487197481265 5.284767660284331 3.021741448354519
-1.7387697068519026 5.08649877516958 2.4510996328128143
-0.07847818822485607 4.218754230522433 3.0626781420354727
-0.6264806393644431 4.781252489090158 2.2635197433497356
-2.3012701671956566 4.493861986460135 2.8672949759301143
-0.910339222255702 4.838224351507512 3.4483074830609715
-1.030026743157184 4.081775734309681 3.3776092959542634
-2.230224648976562 3.4120367477388056 2.570113860983927
-1.113803743742081 4.64002851026454 2.981707263930918
-1.1258927522821274 4.9766405079439355 2.678872017538722
-1.6924290963082846 5.905088893456453 3.688987999707036
-1.214038158231723 3.696322136387881 2.2709851957879454
-1.7327990181375106 5.0788599619103145 3.751708850104966
-1.1069550477647543 3.9447480156122343 3.009585897313957
-1.413410831366107 5.019361879434144 2.589003943529736
-2.533938810860319 4.230251328396156 3.0478522808525494
-2.10422307622146 3.660463387330481 2.96126244513253
-0.5098021550526659 4.732930444249572 2.3583410187654557
-2.735293249797987 4.477402290233885 3.2564626368121843
-2.9585472428395434 3.80210195345606 3.196844137509743
-2.270352127949599 4.601364541073427 3.3748244855196248
-1.167555115737924 3.8840556808214806 3.947702296533256
-1.8993801551969602 4.8479521502935805 2.574517107440563
-2.3304596704759 5.3727522132193 3.1501427403514124
-2.4239262152914827 4.988079022903284 2.114642625629666
-2.8996587277802295 5.0368299486619925 3.7920741249230807
-1.7916834411840432 4.466610070901601 3.0149695227220623
-1.9217521283320045 4.7401880597189185 3.097180864798922
0.02117145035333003 5.761625637669134 4.036956909660082
-2.435689685169709 4.63012715384434 3.488067778359725
-2.9763712138725893 4.443936280767399 2.642362253998591
-2.7392093534285347 3.791965811791683 3.347806303104522
-3.8857050835528826 2.7640449159602793 2.8546390771561256
-0.6700297771087247 3.706008617769777 3.276605502838532
-2.1766608111981895 4.813605736866003 2.7699526092092315
-1.2416821509450837 4.394490330469298 3.329666075131202
-2.9076345885157706 5.046519691656017 4.306277761414591
-2.2375253481213764 4.267669495201248 3.335118336421775
-2.7119732714067575 3.6995579699605687 3.0342172697496395
-2.7302614641479965 4.910329712269116 2.552693345865233
-1.089359926300064 3.9978403361280757 2.770313386089265
-2.3285172524479107 3.90015683532579 2.671765483177652
-2.065747221190905 4.185684364253754 3.736845492989774
-3.315694526658162 4.817401011044914 2.297744944433414
-2.4124253267355806 4.280697707934449 3.443575619516891
-2.6387904455402618 3.8666937874912746 4.257913205195359
-3.2950965965192207 4.321621498208339 2.81851734737119
-0.9179879883179626 4.816019531828353 3.1311264996331865
-3.385018231793507 4.10249512242254 3.1736346370494974
-3.51235777131105 3.213430837303686 3.390830827093516
-2.370658729705491 4.351224678456487 3.8756441698610704
-4.07958725488716 2.994272280654831 3.9776063778220028
-3.033709930646854 3.629133841524796 2.5641072041585
-2.375979584724227 4.368341337814014 3.4531017480377066
-2.5802457300491364 5.010513318170768 2.3869271610902407
-0.23812382367263948 4.5130258010993725 3.055729051865359
-2.107378790107966 4.2782678883723255 2.8977685688461
-2.945573042544198 4.3594462385591815 3.700943910802716
-4.07636301236689 3.4262626649509644 3.3102414942206315
-2.3894097024707457 4.7449638970993755 3.530834177395492
-1.7240331302581013 4.379570806631529 3.419596481768491
-2.550083995208932 4.885332470314618 3.1874654768415267
-3.7758225113637933 3.3600023027548285 3.245078239496315
-2.4156037713348004 3.9207579428148924 4.043750946368595
-2.8022540155451696 4.059563359083322 2.7251304937908056
-2.391787969615284 3.431450737101423 2.8611047757822483
-2.228612487445327 4.027075192924131 3.650585626900896
-2.8064058641159244 4.236870862212804 3.494158536275559
-2.9043153006587774 3.77406722865231 2.551506820122765
-2.402018350900429 5.084590021624672 3.3049155386692566
-3.584611016368776 3.890390693869122 3.886369080898468
-3.9595665482771087 4.6662736315434605 3.245586311920545
-2.355304528015795 4.0019802032906 2.5371797089787087
-3.329094162054532 3.5000267930767035 3.737518415326505
-3.823252605832925 3.551816161091318 3.760955809340907
-1.8413036055087517 4.450023055925369 3.787869223293087
-3.887194641891618 3.512787949942279 4.048412420915542
-2.7306084774475234 4.4365768593778165 3.3055552477354233
-3.604467800271478 4.169286920830863 3.492848949009593
-3.6164911575297136 3.3702543177983837 4.139534281947035
-3.603450759350275 3.667233351825357 3.9837580412935822
-2.4234165494711997 4.250934822611937 4.360690863529254
-3.201759343849215 4.240082963075301 3.308975693724213
-1.9922195305589598 4.353899484617375 4.553110874244869
-2.4430570430630105 4.798090231802601 3.410340817586004
-3.2878007755431664 3.610770443050775 4.161913046037519
-3.0323917400581366 4.724714521862047 4.113191667983389
-3.2076352539707225 4.489128198834226 3.888480270160318
-4.541554889469534 2.092205840185595 4.29072057405932
-2.9288359209647212 2.828915576335232 3.7788196549856243
-2.1851847109232576 4.151148533726032 3.313540263858225
-2.8205581264335886 4.631026949356922 4.400971576402623
-4.684784943649588 2.8330367336875573 3.3798542795763873
-4.658569893418548 2.582510841339635 3.509323628201466
-4.844099411400122 3.0572238032786476 4.179233206151453
-3.5931503492694827 3.1358253326049645 3.673670738362641
-3.4525169083855536 3.9832290569709596 4.041083081659429
-3.4997085396182563 3.681042512950231 3.4629415092134073
-4.786005465344443 2.4875172397700327 3.91107526460554
-2.927868420334261 3.285418055425669 3.441142201830745
-2.937085882581074 2.2277635758874097 4.368226505856763
-4.3440125503546465 1.9006808448515466 3.976822283332223
-3.7618045598043213 2.2160830479400047 3.475216682439348
-3.305705709909745 2.8690768009553573 3.9241046844564687
-3.856113031035633 2.2752632007289004 4.027305313258124
-4.090403035293537 3.7880271663846243 4.881977553517303
-3.5957314961775015 3.481492135471208 3.591319957291156
-3.2159054811412604 2.3932855304468212 3.8981491101749013
-4.499579309837012 3.3227200911442045 4.449270273444702
-2.992700079527595 3.1116313655296612 3.143475372503718
-4.467130208064099 3.5213064513091137 4.654807243046265
-3.3534690445907978 3.1153425642894557 3.470951493777425
-2.952522676673679 3.080675135049989 4.102769142709649
-3.8732253448362597 2.9829455169277863 3.1475143705486457
-3.468036446047509 4.263877661787388 4.825260287233305
-4.1001147644017895 3.813179373610264 2.959410279729532
-3.561261023699219 2.876599240546451 3.8902754024456994
-3.814286341114926 1.8452825789769844 3.7600698251407114
-4.385980477120835 3.323047628716163 3.5388822830314535
-3.985464050598801 3.5130597487436646 4.917961375902775
-3.92683886809599 2.7807997852921127 4.213485014930056
-4.061808164019535 3.023640068142471 3.6452342904787516
-3.23175077993599 3.8734095470621686 4.261093464728547
-3.880715524725069 2.800682586315244 4.547272837075459
-3.686910875560292 3.8834917692252877 4.057654752475244
-5.2598798124559165 1.4584263829308055 3.7580678905534564
-5.015034395353512 2.358727025097842 4.752374596213709
-3.5717484890123696 3.5277614588505486 3.7721501751726967
-4.7326798480052545 1.2069923019470647 4.342704208605423
-2.805332464808421 3.055765595728642 4.45219178163871
-4.8818608319638255 2.760949882123762 4.133308096918819
-3.7458711904414814 3.162992757935119 3.9034327151077255
-4.456210135945556 2.898427695593511 4.622574424944833
-4.203120143486008 2.5655765724828963 4.649452474441274
-5.51574502370361 -0.19079531914322703 3.034884246153731
-4.3016021469959576 2.8129796930614255 4.5907135513716915
-4.939040084448963 2.0743377633328652 3.9285739723603976
-4.607072658649992 1.3757064572850004 4.179469441493504
-4.51173285627854 2.8320628509174806 4.492727318553592
-3.857009007124262 2.2925420115303687 4.236520031510081
-4.023943287918015 2.1944878804284906 3.250544816268955
-4.788373636916783 1.3368800596739012 4.067985312251148
-2.6139291839049097 1.9674576602973162 4.326201762092835
-3.8652176586799394 3.3362847877791326 4.679285926130355
-4.656584668001809 1.3888678477574232 3.6330742111071834
-5.2854588217910505 1.0857930166611263 4.0291175553485274
-4.133188899123619 2.941125926790054 5.001793693230066
-3.3925129220282266 2.124856889456941 3.5892857308083967
-4.198623757398609 2.245221884163797 3.887156737570717
-3.299178072963143 3.0028887619389693 3.491276727642622
-4.56623869588196 2.1013264477082405 4.134994666903867
-4.889160898917392 0.042683039525552066 5.64613130426084
-4.571591905792019 1.1822399314901633 4.533524751699638
-4.383178809852903 2.801030106199722 3.5102072958690145
-4.740617402528894 0.8888109324261372 3.7578919749099966
-4.814938634479571 2.5511665195516624 4.165094217974992
-4.801027944551944 3.356553214071903 3.992630886509374
-4.588238248221806 2.005675326769192 4.369533959970018
-5.270444279741802 0.3762803184528989 4.43419322302634
-4.669572361739541 2.1501360879477343 4.413505615422258
-5.149735979281065 0.5561652035756712 4.113074185286274
-4.828089108745309 2.4287659710768037 4.40399167309669
-4.586083777657896 0.21921113462116631 5.0985870575518435
-4.614442492666128 2.7639532383396506 5.747215850434005
-5.334033476181376 0.9013837717163208 3.963064740118052
-3.6168146536960326 1.6868978425333974 4.345092593071651
-4.88443953334632 -0.7837501455082 5.2969440740745055
-4.570565628547729 1.4999710267774475 4.617304093255647
-5.020966892955156 0.7892043591214359 4.48985704314287
-4.784223138048438 0.010039393951956943 3.1260761466367724
-4.785838489411534 0.9227623687501166 4.451982258401879
-4.878554868082249 1.8642785399787938 4.787550314570702
-4.884067696669445 -0.04225036421883098 4.442125537122521
-4.189871969502409 0.2992765071140169 5.155201869183903
-4.394844973636609 2.8728046635749918 4.581789757892877
-4.303049415021659 -0.004355820148750008 4.8922525355544755
-4.69038450834315 1.1426515797827976 5.173619900765238
-4.118022324858677 0.9945719904771696 4.023255661081628
-5.67614456333068 0.9934222761043477 4.645550788069212
-4.864594489409288 1.15177400804651 4.76794510225608
-5.938118567369922 1.8153365059527347 5.090299748058777
-4.9264423068049625 2.0598285228792963 5.224465536586316
-5.502558902652436 3.2127907104455113 5.458583343386566
-5.092248602671008 -0.8064940899182721 5.4238237786779155
-4.7906370071919655 -0.15711239570115224 5.205128130277698
-3.9454362905531473 2.305245126179421 4.508377417732007
-4.981620559046431 0.5434416440951427 5.01489074947108
-5.619423800791522 2.0139539865465323 5.577685495142247
-4.5412626086748755 0.7997245343584004 4.2763635550219785
-4.459982247745934 1.5451327872893788 4.291655338712264
-4.6876576155663425 1.8292283158809888 4.556068608504713
-5.235728435580898 2.045757434772761 3.676701815814825
-4.854470455484068 0.7090997536795383 4.8644599622304225
-5.719530250659905 1.0553651200760565 4.9259704903461
-4.511731962561113 2.3331519075782228 4.695315380112197
-5.074846348090133 -0.6601890836894511 4.797102750370725
-4.708275959678188 -0.7938961826675206 4.16104556313491
-4.030578032848991 -1.0427703946620706 4.520160039357638
-3.948609916276765 2.123576342597099 5.561319669125474
-5.108448629404251 -0.9188446580458567 4.847472513894142
-5.962016068242795 1.3996286784505387 5.16035030070325
-5.115473201413267 1.3743625674856987 4.8081348236400645
-4.6599605102788875 0.8375321286302654 4.6222142399029424
-5.50924310443538 0.8046194879363416 4.70234765644915
-4.519577173160963 0.8569553900379607 4.229675508421854
-5.3263378032787205 0.5649744387596853 4.22527248857253
-4.7653673327335335 1.247788049596575 4.6641288376140695
-4.178293841875222 -0.49417643721068205 4.5670615335059646
-4.142597057385692 -0.09348882333017813 4.962717692756296
-4.7571474441466615 0.0068371163076831575 5.613186913724527
-4.786737698364721 -0.01641377291035711 4.7352583569461775
-4.251358218085412 0.2039216932542369 5.1235586174185155
-5.569630319681951 0.4673646196037334 4.040838625381589
-5.015864288710419 -0.38362609375647394 5.180342266555845
-4.008649619460087 -2.1667707412397683 4.47329904944089
-4.504358107257359 -2.3460829342422915 5.00672060400039
-4.501952033925804 0.2486105593239213 5.039623525466192
-4.811440934622702 -2.2470911491627064 5.078021674373378
-4.951742249312379 -0.8532813278115686 5.564231150823724
-5.432172967803771 0.11431566924409782 4.848740763425008
-5.215811433461274 -0.6570724136666033 5.252468339968059
-5.568013824302316 -0.8240886706895072 4.079679482845602
-4.673487561652605 -1.394377388344854 5.079761947490944
-5.34121932738644 0.004806977946550253 6.594995925383399
-4.1592147697174005 0.7741339877869006 5.340554991481862
-4.301512828981492 -0.043731773695797255 5.120632075026434
-4.847254034015655 -1.3436876635494137 3.9011221986966964
-4.917085043821263 -1.3827707072202695 4.921352079861787
-5.020342233775143 -0.9681012093620174 5.234979878786744
-4.813650306126688 -0.09380856937675572 4.9602888642045535
-5.564593812745492 1.2218074930972904 5.060941761268069
-4.731732621701334 -3.221740367517981 4.544457323987678
-5.371643377506262 -0.32509697063761395 4.997746990441131
-4.023188643929328 -0.5939286304430732 5.281483168345851
-4.25947858467423 0.05636336027036717 5.2401884203880185
-5.834275040022497 1.132852502556997 4.459593234248438
-4.405485750549017 -0.48197929511638427 5.0965434681562565
-5.04319845207869 0.28529353191342566 5.169963326232266
-5.682466864720524 -1.397715029930511 4.767320286709299
-5.194001365956855 -1.343677280958204 5.817988927121327
-4.946481365622728 -0.990972264522969 5.148179879332878
-4.582339384482573 -2.2524479267540625 5.1759619926975
-4.234560220149386 0.933788461736254 5.485510364283167
-5.210216086307834 -1.7482279111589059 4.158910915989158
-4.593041934026965 -0.30305237325568174 6.2133290201618525
-5.580668312282164 0.9528360701702021 4.953914481185727
-4.476487907296048 -0.3646759507805914 5.388954906406578
-4.228174941211126 -1.3617457447637884 4.655264973082284
-5.4155712843171955 -0.3157156983862427 4.6188303159476245
-4.267116351324374 -3.176024387743384 5.526759330143371
-4.35220728210833 -1.4368711963886733 5.086995091135398
-4.756603790717806 -2.0841557694027006 5.131691286970035
-5.302608507712753 -0.7813246798139881 5.103435406839356
-5.02785665497268 -1.8947299378104132 5.156770268791856
-4.945246335176703 0.9879903818058573 5.317398736786007
-5.184124582779487 -0.9559916994537855 5.588443466597435
-4.485560337625316 -0.6436220782849077 5.584375179034279
-4.789432565249081 -1.0554493769785054 6.215097600191983
-3.9607259282496345 -1.3241616291083935 5.356441850112974
-4.120461986035744 -1.5666111558256837 5.138060764616301
-4.833905856911381 -0.8959646352065822 5.23625559114601
-4.486341591888042 -2.275056499803893 4.623279254717416
-5.153782816971936 -2.6660435780443867 5.794400601708487
-4.613701197817492 0.35216228986472464 5.998756666700493
-4.619483353650364 -1.508679012393223 4.698299335827331
-5.068617652156957 -1.866288816269488 5.634739935874272
-4.476996708793419 -1.7669130584031683 5.147970757895331
-4.036714664224731 -0.5814643005887231 5.716012661125676
-4.997212571669207 -1.5213097913900824 5.650820622180508
-4.860473493189077 -1.3109268792130193 5.36580674654909
-4.461192631355487 -2.7832747409627117 5.723691888938318
-4.417944034217721 -1.360880683777213 4.575938671345268
-4.0497051733619065 -2.035584070881153 5.463770315167012
-4.29071018528162 -2.629719938856439 6.727445272005546
-5.1766413717383815 -1.9013759361847673 5.219169131892479
-4.786531384626713 -1.6962203343742137 4.975205171502044
-4.855053233539276 -1.1434055001993992 4.9339321789816415
-4.406650797308142 -1.3704753236391232 5.312901124773369
-4.2754214524927905 -2.1436606375515828 6.5118983923900995
-4.788570033904907 -1.9034909484609879 5.366999084381002
-4.813507545860004 -1.2011445069745785 5.606417578138255
-4.020401045527493 -1.2844904647932986 5.132828212641616
-4.550340420261096 -2.218077701201546 5.779796255638636
-4.78583746393515 -2.9621829690800574 5.135488125296492
-4.109322890558642 -2.104661110592976 5.398998141941725
-2.876938051912002 -3.0015292726569927 4.778336416127281
-4.539116638138798 -2.3881041700493135 5.697093866982582
-3.274476875693887 -4.064068542823585 5.202052686130252
-4.061972302617847 -1.496959308855271 5.220574907557059
-2.3323776266354086 -3.884870492775563 4.600063176597415
-4.038454984126372 -1.7600085510704337 5.492812028673846
-4.094168900518685 -3.148906366607503 6.35370032155215
-3.7508971059053313 -1.6201289438782704 6.6405639296969
-3.5084168342284845 -2.3578179919727016 5.555265948991222
-4.068319822388861 -1.867496913192781 5.999952874722781
-4.611497462667457 -1.2312076509210987 6.050514062671612
-4.25533454804454 -2.444614011706204 5.954340403289195
-3.9026695620103236 -1.819475512566857 5.169143026109015
-5.402407758687617 -2.1049628354023624 6.865803397492186
-3.955165945777321 -2.5645008355743144 4.932626900662317
-2.446217143922831 -3.6942521013418057 5.02341927933325
-4.637120528608455 -2.316334764110824 5.638706007367058
-3.6949772597526667 -3.4976046376997534 5.545842880055602
-3.4242249669832843 -4.104588860459913 6.08351583913776
-4.680667649578963 -3.634778513593529 7.262540436715976
-4.6596984083045925 -1.9687555979445104 6.383980265724659
-3.9185756063392514 -2.3561950962249516 6.112748780334471
-4.042187563850019 -2.771199797342468 5.7543176770794995
-5.185712904297791 -1.9456335782216234 5.36105752401937
-2.941172189379231 -2.345335092143425 6.589245454437658
-4.142113292659441 -2.305599568349275 5.795944352345663
-3.762693265514776 -3.9645035344327346 5.70855589394101
-4.449342432880482 -3.2173457606397537 5.608129833924067
-4.899318128827668 -2.1734855286238397 6.444015056849749
-4.26197670077965 -1.847324196874395 5.851726589226014
-3.7975899045850294 -3.4742735421185293 6.854949053987296
-4.450143253573071 -2.064371261398405 6.044373096849051
-4.480716229283378 -2.316365766267204 6.175723645729919
-4.501536821382145 -3.178140324808679 6.688401994269381
-4.227432916602286 -3.5209892040181194 6.892807122052384
-5.285675249927812 -3.7252045246369883 6.2651996989731895
-4.002674442092908 -4.103833157219075 6.249657212814448
-4.5076773507033385 -2.858853854023664 6.066935048872481
-3.8487443471845166 -1.9213723399281588 6.395946449842237
-3.7775455937918707 -1.6250368756697893 6.466942112249192
-4.040329950458129 -2.572687462094329 4.937227368460466
-3.457385639775283 -4.4504785329385275 5.200640168294694
-3.2413948787230202 -3.219620384661043 5.531358884012014
-3.890707511782247 -2.744918316077643 6.422456400587042
-2.316140163703823 -4.7636597653721315 5.52785615666106
-3.149757655711257 -3.729073864281049 6.406157928595102
-4.047117979206373 -2.1703453161284236 5.865096086119988
-2.9807876818551398 -4.03168768399339 6.664211233507296
-3.341831120348267 -3.0236511923101497 5.923405992107934
-4.391135043385585 -2.7939651504637313 5.7705184305407045
-2.119456060174114 -4.5880470936892666 5.815528426979114
-5.022211940705874 -2.7584878724064223 6.591911393950558
-3.6633085305190822 -4.317731774765012 5.765366538160173
-4.6830560317559 -2.3337520233423135 6.51229460947311
-4.271102521212307 -4.270901280501432 6.635086141777562
-3.744679952649417 -3.1520015950345823 6.054254541497063
-2.7046236322215513 -4.600980564676861 6.960595824363232
-2.2577540003129544 -3.4893548360940567 5.8958086417248765
-3.2027366975296268 -3.8909567067187827 7.08917450878038
-2.7753933620673505 -5.126599824797066 7.377764184442153
-4.321696797661509 -2.0911637365074163 6.919214285527597
-1.6944770346184288 -4.8330108601095345 6.590822012834048
-2.343359834250772 -4.430189585802024 6.830697020160091
-2.8519695028363263 -4.520988699339194 6.113496540428827
-3.35400217553028 -4.982210313156461 5.700449807971383
-4.540952136931686 -3.878747715882237 6.585480937481806
-1.7304433876658076 -4.427588660225537 6.6507486291479125
-3.6016002534985803 -3.857218954938983 6.775535053593853
-2.662982700549398 -3.3679667130960005 7.138382023103985
-3.4613548257783333 -3.6149914435824417 6.781654719971035
-3.122225554559785 -4.052871734451148 7.030814294346421
-4.579141922646197 -3.251878158929699 6.627808519949219
-3.0388766412235846 -3.4192133658944903 6.385812505541073
-2.513721884128292 -4.196941073753956 6.3737884634703645
-2.836438998796993 -4.339788411365084 6.545656899387349
-2.321238351292076 -4.053664270867534 6.460514533681123
-2.49212935028724 -4.016649468101246 6.202212422564826
-5.180571520216249 -3.456762184539085 8.373550624817941
-2.423257179532293 -4.211831196748461 6.282160251069754
-4.581129973213194 -3.1042922293224207 6.94678377617507
-2.62649151216216 -4.493564260935572 6.895586965721018
-2.1093568080259426 -4.5314905796482625 7.147033185691514
-2.8617042886838813 -4.062070344381452 6.85503033284744
-3.2097044548269555 -3.0577299355467007 5.961320568964076
-3.1232628402413014 -4.810176810237715 5.987490708483619
-3.9525266488840796 -2.9260486799585377 5.366871666957618
-2.9012969616966537 -4.800990611706082 6.916938571984338
-2.4848184949620196 -4.344854691802659 6.386449045775925
-2.2092867934660445 -4.1067597233489375 6.456938724708213
-2.832917968176022 -4.451079653389919 6.713593907067407
-3.1106784070403903 -3.8361512691356787 5.388612179681504
-2.2069381243780866 -4.109317936367698 5.775660916158532
-2.478390085916299 -4.80507377975332 7.095437588801855
-1.8967962361579946 -4.358049379992474 6.817104835540432
-1.6865277509850842 -4.686584019316155 6.530499770726725
-2.0118544078978693 -5.335861168533811 7.032304801877854
-2.211061816093054 -3.6275070089779233 6.510583688626715
-2.608369122488687 -3.879933152450129 6.056039178486411
-1.3290106502640868 -4.534550633896448 6.371104529929033
-2.743445665470754 -4.057781539948623 6.838189902724748
-2.454205611989129 -4.53551829348652 6.705805113824155
-2.6237684065029914 -3.9386379423412157 7.427183733045673
-2.405056666337242 -3.798036735651603 7.161254431005181
-2.485414686022845 -3.8430616415287653 7.700895693018896
-1.869572722476811 -3.9060495160734128 7.635962440339251
-0.8698200983196378 -4.477837109532554 7.800210771151305
-2.1122305546231432 -4.769931039215319 6.065192437648732
-1.5701871256392195 -4.598773301289305 6.188262316597522
-3.070908232246322 -4.160453203304473 6.707969711027307
-1.998543936603256 -3.844923035984621 7.1449934228733865
-1.176811385839241 -4.80257499287067 6.292758607987194
-2.678140877534439 -4.11518827112043 6.59781757289832
-1.1466852792802944 -4.444929759921122 8.228375670826564
-2.481751547132404 -4.648737481610272 6.886295882031536
-2.958900689154034 -4.555499593596154 5.942233067445554
-0.05102771406407405 -4.73390296291308 6.745375854576804
-1.5078745779966412 -3.454058345123546 6.730898062223838
-0.1781928630704209 -5.568973627674006 7.356055822936415
-1.5627112476172829 -4.4803895698879925 7.180180171017975
-1.6595459185535264 -4.385027736940966 6.051693585718914
-1.3395134519296479 -5.406951619075658 7.39070253444388
-2.6332984779573807 -3.7297302832894736 7.088621122656091
-1.723545907284703 -4.245934726894519 6.043726139758935
-1.981536562207388 -4.328550307234197 8.060506370414585
-0.9078849615079501 -4.58612011559498 6.8753737321794866
-1.4730988810484296 -5.7739199831636485 7.231925849336445
-0.9434885749480347 -4.238959255397031 6.784742286377596
-2.5087684385010576 -4.369138943950627 6.248051050621498
-0.3284807188781751 -5.393256919616717 7.490554899157188
-0.5507484437949283 -4.499138577872647 6.24063665462696
-2.8670456665381874 -4.284131109015065 6.932334550117754
-0.2714663422567845 -5.545058044961251 7.347510826621344
-1.1729969729426324 -4.619657884307239 6.989791968246985
-1.1864289395600567 -5.3980583630330985 7.4539244311697574
-0.5706931976386823 -5.19793219612741 8.658538187593862
-0.0658550451481649 -5.003437938098886 6.8286217784865535
-3.9724954496173606 -4.728284525080413 6.914356106191025
0.7365285174792219 -5.0548681096687185 6.334354495563826
0.038061372101876045 -5.191808097590529 7.141836977989747
-0.6025709645532262 -4.9180125554238225 6.847199695325382
-0.08668896978605638 -3.940388573087944 6.636340983599396
-2.9950958283775084 -4.980875035636057 7.308663641720315
-1.6757912707225346 -4.387327785926346 7.313315075390365
-0.1633901910196518 -4.910396998807763 7.23912966691534
-2.656140496389633 -4.824180158665749 7.436797934944805
-1.1093991036849653 -4.761951390605377 7.363905169216806
-1.646541865517383 -5.090371123620931 7.0790600951649365
-1.4935751201275573 -4.007582528550423 6.495318773685554
-0.8886514988413823 -3.6602695036785744 7.386065721619654
-1.1003720588637251 -4.812540066127977 7.683786898317415
-2.4129688133319993 -5.372851163540819 6.694343480581274
-1.020506055336367 -4.3515201837671995 6.772840000229123
-0.7880398657350539 -4.359156645432645 7.696447233948225
-1.000557128745909 -4.643591281207565 7.346337785098342
-1.6034307934076781 -3.6725816515121332 7.535263066238891
-0.1675613747217117 -4.879624215863714 7.598747578835676
-1.5432174524072733 -4.070399450276992 7.074322626223582
-0.45656041737527603 -4.295967637978379 7.004755959852625
0.12313367664823259 -5.715054764475973 8.136346640132633
-0.7115675750823485 -4.086617473336499 6.9308165574868354
-2.1356658332019616 -4.756335868636148 7.84448959573507
-0.6619027745188435 -5.177181951382439 8.041491391915885
-0.42182255704180394 -5.192551210626164 7.2764897321137045
-0.24582164688090913 -6.312999755712845 6.97248381161663
-0.7428572225642042 -4.265880331060651 7.172643582682366
0.7023684403504151 -4.790501828946526 7.1845102625836805
-0.27443498212841055 -5.291029560898153 7.371707644800717
-0.7901828450338954 -4.801945319980309 7.327025138550115
-0.9753291899601797 -4.831862227793565 7.235398709869323
-1.1182014406009204 -4.2598291782127795 7.605902928467622
-0.016267687904217856 -4.956620721459176 7.943587141642874
1.5918392381237552 -5.6415858754689525 6.569676721921603
-1.9231691193562122 -5.348294156507929 7.860658245244039
-0.2621495846991645 -4.594961041597027 7.234582235934098
-1.3984721309608064 -5.833049785877197 7.423223522975446
-0.38416735245653316 -4.526525859657344 8.032410087613037
-1.5967799053854363 -4.474379309668884 7.234426310614346
-2.549428880784996 -5.03349659618104 7.087085781385768
-1.1071849210858602 -5.597057428602253 7.39633902806011
-0.8005451048050396 -5.531368769931233 6.895219149047817
-0.18203771603319854 -4.441056360691389 6.701458871577796
0.8592749813050057 -4.925814453399497 7.459577783452729
0.5211460456149367 -4.395278118282765 7.333770391615541
-0.2919747617864826 -5.547665616568696 8.175596214858711
-1.5314504440337033 -5.166580454197892 8.222063058772996
0.1065985483531602 -5.588883248096863 7.570465428499459
0.4642501627928965 -5.198219954026791 8.068896047501418
-1.2585961613573353 -5.492643243612958 8.341575216646877
0.9838058332339013 -4.730468364371341 6.849460354341689
-1.5729153329847076 -5.057069636908503 8.63568860400811
0.10550384854609682 -4.4910505627441015 8.410830358900359
-0.4525036753105648 -4.9110184448791365 7.755828182598262
-1.0266603511533459 -4.797238391272397 7.693168186635051
-0.09335666521565707 -5.919306288319812 7.535393129185738
0.9737369365220122 -4.773798884967481 7.50938964118763
1.758729809450828 -4.339030413657683 7.524510366635458
-0.49167157848276755 -4.7848524211334755 7.179207134343349
1.4299538637630298 -4.676649711156045 7.571648075107361
-0.7241032556120119 -4.265104035880885 7.22130928322119
-0.2607167135501512 -4.920302260918155 6.360311566401817
1.2740849041184417 -4.495388736495304 7.324243159309489
-1.6763589914818144 -4.2024873076719205 7.49480355221752
1.9338187801061075 -5.087937883661123 8.185253974599883
0.8395544521499309 -4.6471428970777175 7.2642831525286535
0.9117682779813949 -4.6479062728122065 8.815107359309984
2.088848583869485 -5.404672706606976 7.384504916286683
-0.31599127346966865 -5.58396714743696 8.377344476563865
0.6262962228201246 -5.0821119566012865 8.52551631093413
0.044976026325961975 -4.5605521209004065 7.729840114512898
1.9296235943520628 -4.467915829942386 7.442411518905956
1.7164120326411652 -4.904300400894286 7.673258474477491
1.998850351409034 -3.723961562794957 8.114132791570253
2.3496346743016696 -3.737132700714772 7.92375413693709
0.10659581470142777 -4.295094135090796 8.161083254364497
1.7472448398031193 -5.042791122198963 7.892551753880718
1.5735659559600583 -4.764982339230995 8.798546280339917
0.40826010074335334 -4.948581728823813 8.530569267411025
2.1708744159455127 -4.8625190711510236 6.962870917766507
-0.5582879698951785 -4.624879291592781 7.3984952612939
0.8647642214902898 -3.719833579570462 7.981714611146838
0.5866538649140455 -4.345873672217305 8.440681385676537
2.7283618439362685 -4.963036474744462 8.669697580031674
1.0535577226209973 -5.456696132534617 7.876517847562233
0.7817167600559842 -4.753061822460884 8.685864630992615
1.254479311349578 -5.213921360695498 7.549521238079297
0.5974108408349615 -4.359376408714125 8.809543658272185
2.8499179950331057 -3.8814728105346585 8.09366158305034
1.6924863863702275 -4.387672451057934 7.694644904759977
1.714875329692561 -3.4950619411491983 7.41498500153899
1.3352086971232922 -5.082253832306514 7.2947766089483554
1.8155791041078664 -5.279761676298412 7.237745135338138
1.67409785676459 -4.548849809803754 8.73459631415819
1.0459649692584896 -4.66395019367313 8.7320869070736
1.9518695737670642 -4.347187275819015 7.450402202910409
2.936528705650911 -3.55730730683261 7.91463736812553
3.253122446482463 -3.5660526911380357 7.604212253245009
2.1069483660189605 -4.171505990890181 7.4096179468562475
1.744294315591877 -4.024299437845228 8.212934470279727
0.7798266840621227 -4.766885089993064 8.614138791724638
1.9406941647290026 -4.965828146376254 8.050612715463007
1.4493530210080967 -3.9261290840480783 8.416085803337575
2.0774145835854707 -3.5495373968825477 8.064407627462645
0.5801734277114066 -4.905578400410725 8.53867430533181
2.348402731807852 -2.9573660319655515 8.607002021472143
-0.146468731773218 -5.014389526603265 8.575253176908516
0.5253013992063071 -4.634304438522115 7.000566652203202
2.8504459883055087 -4.046792365275568 6.898025494135362
1.5006263820328147 -4.279438138759065 8.195402574320054
2.1001233079710193 -5.090872685916921 7.593067537343763
2.5743287981448257 -4.537083471683688 8.663749321315517
1.7872913048208712 -4.711246348331315 7.382139882055548
4.14790562517004 -4.423241854357975 8.968007671516407
1.6709486747195461 -5.110179716832728 8.350119308214426
3.0852260021298488 -4.066835612031625 9.506107327887985
2.6933878064820522 -4.10118904352218 8.723920686985405
2.9188397251020244 -4.605381750224174 8.318920922334268
-0.7826474144296374 -5.381711108256917 7.9687203612084465
2.881837662887822 -4.992042854965998 8.595218898077375
2.844127230655483 -3.5060355849994393 9.002135753607181
2.200962284702721 -4.606245790527986 8.55253455519688
2.4954668585165094 -5.240298123154376 8.478324104282544
2.1972646164745 -4.756554765220067 7.802371790864927
4.502842666662017 -4.222946718316442 7.706233434506366
2.8118543316632914 -4.113001149175479 7.927360806488403
3.499070619083657 -4.81142445899718 8.05282082203616
4.331306161077684 -2.8537117713491127 8.213371346632092
0.8252777882072491 -5.831553705173785 8.241525667989123
3.1022556566679182 -2.9464571758740354 7.702589730265705
2.2913573796933897 -4.397539531001348 8.387678676334119
2.122122730014776 -3.5148534458005036 7.833749552500657
2.7147630385014407 -4.159979574343001 7.034605128431697
0.7120405064874739 -5.249571823684589 8.516655560090918
2.50663612652471 -3.15532050289193 8.27251678233929
3.6299300535645607 -4.59393348246609 8.43639986382902
1.9540995991607557 -3.6318018295139924 7.967159098415762
2.062416836663111 -4.630472918792908 7.544932850123929
2.249435282562713 -4.520355630032516 8.472307742246269
1.3392864086299328 -4.652276076143232 9.427665447506248
3.383038649473215 -4.039953832300232 8.198479673151413
1.9640579326301892 -4.351613047790547 8.529916818312746
3.7530140416643323 -2.707712525324806 8.830754554531913
2.120868315694533 -4.664796235048064 7.887701396549703
2.5282984706763196 -5.028628969055162 7.875191739935117
2.192890926178248 -4.237574051030115 8.403427173548524
3.400354662902391 -2.0356137114220982 8.013557472468458
2.8989204682530323 -3.2369206562735156 8.417347969173525
2.8836684612806933 -3.736737644963299 8.544529960879965
3.0884222085336397 -4.51395522558824 9.606486590873132
3.151997391113197 -4.191799997925567 7.194145741791738
4.100578795659717 -3.1344830211946557 8.474170178859312
2.5633993238659585 -5.0109186467822795 8.694663101536038
2.3450441441924763 -4.120640682994014 8.21727266395203
4.9352924415747745 -3.8928765964420036 8.204701798883498
3.8234386861363987 -4.008881369859901 8.991566378646366
1.7396469779599226 -4.589227857385379 8.663056776634967
3.3214492952337844 -4.516804497142328 9.397258342020823
4.576039664923216 -2.691387334415454 8.461078195604966
2.8251083443918574 -3.353184390302921 8.243098219279926
3.4801803285821484 -3.4939541378069348 8.342379826955082
3.284933094343154 -4.343966614805712 7.920488912407071
4.859827842484956 -3.2368162170892325 8.61811523224507
3.9105969407262045 -2.817791170185505 8.782317559379836
3.340784637118969 -3.6332066170111528 8.520183777559115
3.694648031567112 -3.0670720559350535 9.258419629324587
2.8688483819180037 -3.708133085155077 8.963161001591843
3.237979899068628 -4.199490057983462 9.26745221371096
3.779300806695917 -3.0731063471104014 9.47959977396495
3.8570443981005815 -2.801592314653568 9.472142734906281
3.7014506230022293 -2.5837095183646226 8.9926818962357
3.91522691416338 -2.8725775414436012 8.33353126439685
4.432809299258361 -2.130587801033759 9.249268601456858
3.5748492871308675 -4.026601828418454 8.600375800471248
3.866788647471164 -3.1318583060237377 9.89981354017499
3.759421077549271 -3.3777933826452333 9.249870425648622
3.218857534152827 -4.24701267982484 9.150230375866474
4.258890513628851 -3.458310807641629 8.976756278598417
3.176605197113027 -3.52373041170936 7.591628701158649
4.507387863230721 -3.541992671497582 9.035198810950819
2.7128176368094628 -3.9763892196740187 8.917715188458628
2.6554009989257996 -3.6861082411715285 8.128550747886498
4.4634058494888 -3.4563676256772697 8.573219743256479
4.810798773708574 -1.888984688114717 9.630839148030715
5.051159562492478 -0.9788289034640671 9.17999470567043
4.556974420497795 -2.7420015978897028 8.920499268989824
3.888561934678963 -3.5314929765735275 8.579360204573852
5.487131022285148 -1.6101572496892962 8.976029514847026
3.1577670484041818 -3.813321159322827 8.976727040513728
3.8677161794730828 -2.1617532385571034 8.776906304430312
4.918769856287924 -2.6621673240458703 9.384561533508569
4.009396748309287 -3.524111757732545 8.705917850530794
4.535551236876772 -2.6139175353364195 9.129318842496607
2.587316339367931 -3.520362677241759 9.053523413885813
4.418426183508213 -3.8297103310244984 9.467813458416641
3.8888819867456177 -2.623910513644518 9.953463935219789
4.805718722622465 -2.4335948807034398 8.472463146628325
3.504016552612962 -2.9951676258146853 10.275168114909466
3.962951959598154 -3.1898406529720504 8.961972655595442
4.143338876510921 -1.9004625236774777 8.708011376770283
3.3097426408592834 -3.8007784493640075 9.593120929555603
4.029168631470216 -3.0832922904496955 9.966491623599781
4.407853957823142 -3.1027733707495133 9.814807319510026
4.386127785318422 -3.2853991370242914 8.835209949671464
4.418539019535614 -1.944462380140828 9.890852767012547
4.619627858077226 -2.205515194935432 9.812925895373292
5.574639173512077 -1.3850008818892028 8.971804591615825
4.382876991020925 -2.094738914568335 8.766220918423652
4.326970263715697 -1.6091576014709228 9.615850759609295
3.402090583827406 -2.3304010942825686 10.38676321206221
4.058203748198835 -2.4950300870720343 9.435205327625628
3.2215244391615863 -3.3102966252860897 9.060911483640016
4.5983855615243865 -2.354283475625658 8.910251922408667
4.20382717071829 -0.8636077823775186 8.394045509545235
4.266506021299548 -2.141647562750578 9.87011705206115
4.015628275975356 -2.852530058176491 9.261638501286297
4.068848297167941 -1.475327608607607 9.532044384918565
3.9182425221221644 -0.9903705219756924 9.114558996338443
4.549778509392025 -1.8916283941018288 8.727577674179729
3.9949768046771768 -1.774010578885752 8.843110667238518
4.42248138802721 -1.71482841161667 9.04746473378561
4.98861054265718 -1.787726666438315 10.143539018379087
4.581924718850659 -1.24558987070805 9.299784412824886
4.436701517630984 -2.6946925460913134 9.459032018464413
4.350310019266901 -2.665525781407994 9.83562179974763
4.888117617716923 -1.6395435189826175 9.563602671614637
5.343196264280353 -1.5478256394724272 9.689941727049428
4.36644345425228 -1.9601683306696904 9.369166474478556
4.92413551722658 -1.1279881110665124 8.795939232688673
4.108010527442611 -2.501039079039392 10.19040120267161
4.0677953263626065 -2.368461510279387 9.320811943977583
4.234212421062572 -1.170100739152128 9.597241079176568
3.876142482915463 -2.081528620563208 9.154375737470971
3.9142518680155542 -1.1205686804807344 8.996487911545977
4.732001483671924 -1.2721784317123888 9.867190582212075
4.916945037576628 -2.9897121304277334 9.998986986470095
4.021089172775676 -2.465190336469308 8.446447780006533
4.725405041822719 -0.8427205211651013 10.045690840886003
5.1021700931392004 -0.8844212170623262 9.595524262201824
4.189636985765566 -1.9313691210698873 9.827624323076801
5.176658173907395 -0.7982742581007923 9.414578306251085
4.2791776693860815 -1.8994326556080523 10.17371259218904
5.165983067720969 -0.6025836260210861 8.355277601291027
4.740298198534972 -1.1217099580345904 9.605912460218706
3.7673405703193645 -1.0591884202865849 9.092255853659736
4.7986806414551895 -0.29994815936149305 10.30238352874402
5.102789136082167 -0.9066093209200454 9.67039092226437
4.924655623886642 -2.0332098560436824 10.020987128368615
4.391530136118866 -2.979224621893379 9.419183759627305
4.444727814379913 -2.2490945562079245 9.4273036712695
6.532967958070043 -0.6484518541026895 9.1003840176956
5.098504517315805 0.515670085131094 9.747279918084969
4.537876139260525 -0.8090168768137642 9.114312937559454
4.0025586779073326 -1.4750214630035445 9.562883333744777
4.770899837140446 -0.8739544807891322 9.64635796721488
4.893587101208576 0.39065992873268135 9.543968152001757
4.7204212236666265 -0.4523155136276961 10.040890628159723
5.075834032905241 -0.4042260111456612 9.51769193869257
4.879170386826933 -0.4116591283423156 9.007835022578675
4.893242849363738 0.917771207767421 9.829664870544374
4.59306264791625 0.24867010565529143 10.06396341204635
5.496550699669092 0.05245856941385957 10.671852148429013
4.2357068501874915 -1.1412614831023333 9.65479909934612
4.3418675513483596 -1.036883484002065 9.061778611043234
5.63703933655687 -1.2962826326965549 10.316776422933842
4.507295597734044 -1.3724055230186656 10.3378394582622
4.968102698495445 -1.1340370329100404 10.072915592519573
4.492253218773362 -0.9774383533904852 10.543258388946374
5.34406276852847 0.10473345879608359 10.47247887142445
4.428923397500491 -1.4595449988056697 9.812698376165315
4.44528369032518 0.7242403646531709 9.22672291215524
5.029784250344302 -1.178607081190513 10.288011265727878
4.302475224686897 -0.2792460578585094 8.998754578485219
4.910306081532954 -1.3866349094470618 9.763475090283572
4.923148056813246 -2.5221146960372107 10.124424372622512
4.293782500088934 0.0401545560291546 9.675974316348627
5.133983530019419 0.44700404928340565 9.087861992945452
4.396602719337051 0.5287776688449187 9.923656234600616
5.056596629617794 -1.4027228482552476 10.248822219401301
4.627617600627557 -2.695402661747399 10.246174332358514
4.562575576589152 -0.5950566769889818 10.56338723511884
5.18768320212095 -0.8836844927560509 9.495764177045952
5.931045994781742 -0.6244672804942727 10.48317332889309
4.790024377659221 0.4288470469802874 9.273529465734063
4.014111285600451 -0.5259127843442964 10.235542967339065
4.021100582129599 -1.8447050562696539 9.852844219070764
5.014131277773934 0.18010088326252624 9.925242143196453
4.088573151792384 1.0576404783687654 9.978898080099729
4.897529841010423 -0.4107857496111569 9.820456468198332
