5.625831475388309 -0.31397177439432594 -1.0382178442909131
5.938145156907164 -0.42681764293328955 -0.24758679198274253
4.999508835397883 -1.760804280192714 0.11595870357690621
5.09674116219351 -1.037194653326126 0.45676622306852577
4.194902396932132 0.5902202760811436 0.8275504160834413
4.335235264526845 0.6518879504086443 0.26402260286572127
4.107049168649301 1.2203494534880235 0.8542353172356889
5.07213782598284 0.7551068200802096 -0.2306501667677835
4.632709889355638 2.1586751779928672 0.05826881287388595
4.662372086942372 1.4274169027048738 0.006506540392939519
5.077951375103222 0.4641233424487725 0.40419469029978183
5.664955351661601 -0.3743466292715955 0.5174086686151804
5.821262651908833 1.0646993671039071 -0.050958043160944544
5.081974727235297 -0.7716281727218687 0.4334053223747365
4.451360679144698 1.2001620858307172 -0.28226997849234764
4.282806328380059 -0.07648616773606022 0.4471796441537842
4.642613206020064 0.18418921254873583 0.5037271749152569
5.971350495499446 -0.8718196496227346 0.04393452436136644
4.018982680006065 -0.6059094339048752 0.8011395548633544
4.749887807001825 -0.008739837934768176 -0.08165802126081884
5.503588393383134 -0.8445135433399736 0.011699531321341383
4.477499528179553 -0.1660865287337083 0.8341912409009136
5.2575916272129755 -0.12473118466546775 -0.26162299188246485
4.867709921567999 1.9040485018123083 0.20009872208741866
5.207748280944185 1.9402482962165046 0.9286996986114928
5.604213834547441 -0.5669068951523413 0.1510972737705617
4.748761051213802 0.6162098607590967 -0.18646544009568383
5.767038925379011 0.4969140294928115 0.32863622570579293
4.641321914278888 1.5925512705385916 0.10844262580194736
4.026425718812351 2.5367118962962625 0.45970130948183463
3.7375714134715343 1.6035668757590344 1.4236092945149916
5.06041007255314 1.0445133588501905 0.09813508154255146
3.8731796202310886 1.222925854388618 0.20688023005846978
5.067562536536931 2.1663481001715756 0.4754916223833563
4.868238668223807 1.165245585982802 0.8464056017409989
3.7973314207022852 0.5631367217725946 0.8248507588486096
4.646311276821554 1.563893920561202 0.2634137019031596
4.783860382402295 2.432415549052022 1.2546254002943
5.005845544765459 2.479653071355025 -0.1086767550910594
4.61841930324998 0.7187971417165947 1.6101933067980183
4.15161335491301 0.39935327327216374 0.0254958853322364
5.16430853294638 1.1308607024895805 -0.25696095292580245
4.724737329804991 2.4160689969691025 0.9722251157810987
3.758352418210355 1.29377498241199 -0.6529847788921039
4.6814185059526485 2.9109809417995685 -0.23942889250343036
3.7672648885627966 2.398639598123517 1.622893726991145
4.931701579466814 1.0859044624956753 1.1296118141170366
4.037038418919662 3.137638768045029 -0.2978989776521326
5.456670152804013 0.7374739086719687 0.2668527290105115
4.835547030124032 1.8725510862161188 0.056983099730649966
5.603197709570124 0.8564652970437067 0.49045868215689237
5.500203903810405 -0.7130149511170599 1.5557115922800002
4.793818715205421 0.956341838158165 0.3129310542230802
5.361146507504972 1.7601502682509407 1.3537626863814625
4.585400726882446 2.0858639694203016 0.0608873122883854
5.286897083719996 0.9660275640361068 0.7725501521115575
5.206162083113107 0.5908971659570281 1.4258042321185513
3.6244572885845447 2.7851290565227615 0.9059362679905977
4.476609423880513 2.0573195981258747 -0.03680836135194454
4.981930116942768 1.5375616653927324 0.3896214074969505
4.483493930841861 2.4591853706950526 0.979224555615396
4.802583624655723 2.2952199667051043 0.5547879091093773
5.096776817738453 0.6630025127926712 -0.009822701785751953
4.745879971440789 1.6977104189269818 1.236501027703959
4.037675580383502 2.845077695404869 1.2246511065878747
4.073287407796984 2.022364576980841 -0.25122882116943535
4.3184896598076685 2.7628989223174663 0.21079091280361872
4.854345308545306 2.08329413571069 0.7008453611610923
4.895271587189827 1.3607939331860175 0.17499487380393153
4.268384706775832 2.320520108185225 1.088276388523309
3.2663931250428355 4.540654676959027 1.048967828895618
3.304556904848309 2.953676269742353 0.42995730589697473
4.753465459249967 1.003768064763172 1.0940010382552507
4.601277340860868 2.1979794439046234 0.8330590510788561
4.271478049493152 2.7491976658236146 0.6586917358217605
5.29401181063258 2.0874239332458644 -0.3588775879565873
4.866497288053909 1.113433884755409 0.8986339136362727
4.508597758652513 1.9761061653356393 0.8252033387305159
5.714569549892832 1.847910416533728 1.9444462082338734
3.682848744187948 2.9645575465050253 0.3012851351808815
4.697813313728952 2.4295233580672932 1.1605811966674024
4.198103927043906 -0.23424692992158308 0.2197680832960517
4.3669872987084375 0.5045785478363547 1.4592556430839574
5.637548811400284 1.9787765239507795 0.39133203426046276
5.068835874386418 2.571254675737245 0.024826131160801457
4.650892569866577 3.1752120736481206 -0.016228281931738198
2.462053018146755 2.609927153931602 1.209201936961939
4.816659547558784 2.403534895548374 0.7872057451776538
4.16238721139705 3.0588166495645495 1.9100561519459645
5.375745276641042 1.2024178935718297 0.4348980499757272
3.656544463776955 3.0416692489373967 0.914416289484209
3.7683002216807466 3.228165178551557 0.91671919999556
2.6984606753872313 4.46566279658561 0.273351328140369
4.924322726873782 3.251567866220341 0.12607642728649926
2.963440881073489 3.5905744186000295 0.4328032603127282
4.020778249021878 2.6334214239645424 1.5108640673159817
2.947447075718539 3.1436319054528994 0.8691456003213429
4.33923033310871 1.681292032231172 1.375878609115953
2.157788016173473 3.8656847455306824 1.3204357348545128
4.056054247187983 2.5091172303196365 1.2862833203356456
4.375936312766415 2.34106495396516 0.8240414215219855
4.253318111322627 1.5561609802541136 0.9104319914363177
3.401291356636589 3.708205738197845 1.874965404401434
4.241946604255941 3.3438898065155187 1.0806684268365516
3.5539455221178105 2.377373818022435 0.3509293068969832
4.143922655703393 2.801267994843367 -0.2568214140363376
1.3432232682060485 4.15039418438401 1.6296512101037204
3.534506117650798 2.7436550765922108 1.0426407498969419
4.867171635576014 3.248511671746793 0.9046765281737719
3.044390468413783 3.065730417755276 1.4282069765090848
2.4932774327474894 4.8510481817729865 2.2842147787024247
4.415379406983773 3.3442836302779533 1.2920860018582319
4.377008829802422 3.6133141425556983 1.3914677398050044
4.358849410030037 3.4242081286752497 0.8213262322509385
2.8852486783641544 3.2051328268326644 1.8432775515216084
4.1575596610610575 2.7445938405009316 0.5600305221289933
2.5694965192153867 3.060417240042479 1.956728096656798
4.931114846640692 3.061145253973938 0.878828439769363
4.641551594202175 2.7741731799988374 0.6771200086257299
0.9513922003365661 5.765145081655405 1.5629992128005963
3.1824339893229885 2.650655735914698 1.1749716750289143
3.4424468902606145 4.389648180967802 1.0219909840549835
2.7579739470828044 3.4823242170385997 1.0756054808367737
2.4026212964380234 4.172937043923859 1.841475351489499
3.669668968034432 3.6383316056661377 1.4670336892654698
4.273495514014378 3.474080961413822 1.1207605979505189
2.6121304794857254 3.7655151370025433 0.5660358517726727
3.8562928173543143 2.2171378757284805 1.552893919875586
3.9663259586264297 2.7093174323284193 1.5350154576348727
3.0869013021053386 3.9452759937998936 0.11924597144342797
4.6664167546842465 2.654922775684744 0.8421966040675093
3.716872463167038 3.9694139913271527 0.5706399905920401
3.9122272864350984 3.875222470760566 1.6631957213551356
3.3147124263108387 3.1552137020338846 1.3460718456149927
2.4448475937892344 4.557220374341422 1.1750272444953205
2.867225289751536 3.9028050488978896 2.684905157026212
2.4880641193804474 4.481775100960932 0.7917674232929017
2.150092576254283 4.112454343513448 1.1440523060695298
3.0265497024322907 3.892977048429578 1.400390163416793
4.764486808379428 2.5295385118496188 1.4499027590607636
4.065672756466302 2.6903429810097785 1.272362382174544
3.596021401501722 3.1401162462441405 0.9221125057861724
3.245951066706984 4.178205642092597 1.0832583643454479
3.8143408983755327 3.2162186878742025 0.8001096596562105
4.036030981430384 3.3599903934172732 1.3504380807263476
1.9413528855434605 3.9065963617419825 0.8955104128546585
0.9504986756169019 5.780713489241134 1.106967333219004
1.2673702856758975 5.382255785516266 0.9802118801193507
2.5887276020577774 3.984853530498539 1.039554536262283
2.3715195603576142 4.23238711284254 2.0388069712290506
2.045005458160306 3.2670670242603213 2.286687533877163
1.678428243808831 3.3572181008061044 1.6960839334221194
3.590557897355214 4.377036916524679 2.1242826490895603
4.435639075764503 2.269278669440684 1.449660195632708
2.023349572512593 3.8280509847614383 1.1928354941988373
1.766994548865747 3.892916953688049 1.4765352958826434
3.0732590483037137 3.4071762268385872 1.1308817404855567
3.048966967091176 4.039343314881499 2.0358127403539394
3.3209233433243917 3.657515283682094 2.6990161732199933
2.8453628752626674 4.5714206358340554 1.7464427788751824
2.0485807422860556 4.8700451058273195 2.09144528388365
3.2819633744640666 3.675024518742194 1.929426524967909
3.0318251558553904 3.152006145785432 1.8905643936685657
2.997862347316121 4.341611760813537 1.2883705682812683
3.7538612377031093 2.887842237236599 1.8882264309023695
2.7029682731924334 4.331106381146448 1.7345379903685532
1.8704640748909707 3.963156429109143 0.9552143675554662
2.7546665674147053 4.702968201267306 2.0296359480590933
2.2593861899738554 4.20903597806952 2.7639554419431525
1.9599479160138393 3.9603748541026564 2.0968830836899213
1.8999365021991685 4.535776046330467 0.9142084853212445
2.8115103660336347 3.190809913166452 1.6950704078657983
2.4959859606854353 4.9716981403907266 2.1776120424799026
3.1488936736918887 4.228246035183529 1.7551938964718599
2.0744950054363174 4.694537028429747 2.7127146644807283
1.535202213732838 4.82019323083373 1.720969834956164
0.6269601633408507 4.5469998573015635 2.1338708728270857
1.3092721936261777 5.176139387375079 1.6947012250202624
2.330611842929223 4.3182004680348784 1.0529321366332804
2.351999968260383 4.7160268877861204 1.1685998371489408
2.3210961963879178 4.540275165171009 0.18604392847969797
2.143845766000213 4.452183509504492 1.3988921768253266
2.1519344066886985 4.576169595853045 1.0477362138223982
2.7719263792049147 4.343520255387015 2.1179371860481084
2.91287106587363 3.7006342223005806 1.5754324181511472
3.512050034722799 3.879633775066121 2.48342765962522
1.2047881648357415 3.9756112013849414 2.179464879924563
2.85531961005947 4.635224850223749 2.274071583737104
0.8286950219709558 4.843123454055902 1.1482879153268835
0.5922977616766529 5.378760873952879 1.7438920815526693
1.6454970398747795 3.5932259729052456 2.1968534899634307
1.3808180899883082 4.352333402066558 1.351442437514112
2.3374531986517635 4.935435596055804 1.891715144820879
2.071963280063228 4.85982272349911 1.4599389223470378
2.423482088009753 5.856030520023946 0.6907040843746641
0.5173723176091867 3.956038463568434 2.26522865802537
1.1488462964533985 5.730676292012557 0.8179831110103206
1.4302373832836721 5.522425134048662 2.1290186822314423
0.6284025935733192 5.737128789208832 2.9851121136648096
4.182758130964012 3.583383582266002 1.6468533517103898
1.9044628056910569 4.641091283221362 1.833738786448038
1.507742026395173 4.248809227443446 2.6863904019830107
1.1067837960059834 4.952779763131768 2.892556249365347
0.5539484265603225 4.814984157083844 2.7395326685118597
0.8594001519376283 3.990857048333818 1.548012097704039
1.200653296806056 4.5113890789424245 2.6045057629801516
0.5141733096029537 4.838231893869212 1.6519686918213101
2.6974018792558905 4.401672698993339 1.912332698215385
2.5659025293079814 4.110121063405293 2.401915262871179
1.5865078605573166 4.138426834897203 2.0324288858562625
2.2502425781165005 3.4058818067920926 2.4098503709714896
2.793367955339617 4.119742463647634 1.9471750120141125
0.6757992710043611 4.837447706759858 1.809308857175342
0.7437342586307542 5.638557498453935 2.649363396495314
2.39003737961511 5.442196930950231 1.8898291290501361
2.985430401686139 4.407050707266774 2.015248946105614
0.8900006309126548 5.07671214721107 2.214307999936478
-0.6662805235682849 5.602752061760254 2.364020901447161
0.9248212886002326 5.31410879228927 1.876508481778915
1.0841609203777949 4.84456213896209 2.6354602146019914
2.087101345956049 4.812092752852658 2.6925399200447666
0.9285313973768746 5.563043828422843 3.0808413307413454
1.3605014836316633 6.30401429700299 1.6026303715658134
1.5715007875288058 4.428692107588543 3.4408735386794302
-0.14479216071151874 5.4918727217652075 2.540164019209706
-1.0876439691835478 4.2974761690118495 3.0928667677526676
-0.4487959221235281 5.3884291907812765 1.937838732427433
0.32768072007585064 4.917456764987961 2.393477453823604
-0.29111422503737006 5.58287605171005 2.1143036172976886
1.3855147521006321 4.89106654632872 2.483051580384066
-0.6263057675048732 5.260071249967767 2.130299461438197
1.4744159535686305 5.314597327857708 1.9542690957005666
1.9601051246523138 4.4223356574625 1.8458009792499785
0.6157356105432646 5.448887493989212 1.407539532400961
-0.5521600442750865 4.584342526085273 3.334911048482314
-1.2561939488954124 4.2158702559881664 2.1116973120694267
-0.022942384853481573 4.785079663268469 2.1168955860168985
0.9305310632806489 5.877248093426116 2.8268085127154574
-0.978883816941733 4.468941616501885 1.7349095999037294
0.18138331127786214 4.043635832650817 2.4591237916902853
-1.122161613397027 5.944375931672003 2.2634081247505797
0.6143184394497561 4.945170164358495 1.7894991177747839
0.6682161050936628 4.853458636459488 1.9755616936705882
0.008650793511213816 4.968693584199776 1.8105268867870292
0.280472528278903 6.0664822402643495 2.4268382666324353
0.7164909896226103 4.562214304748773 3.1643858614751386
0.6545457579367181 5.0734220818832645 2.089589427453194
0.05082303485218055 5.31573092250947 2.7172545564844777
0.015852880799412813 5.295216829242315 2.5695414133839063
-1.0395204734239 4.87013237011993 1.8612826178549393
2.057175870644457 5.324424601812973 2.4894424445840193
-1.288226693323203 4.811505562050941 2.45458439932396
0.42912958204827867 5.690877235246239 2.6842020505167286
1.4638817687249883 4.3951836852036115 1.5169570053473387
0.11724563825644202 4.824075432946655 2.5626225788499464
0.43358158206803943 5.1588047782982365 1.6499195283767731
-0.6515776458624261 5.580549292878096 2.5764362815959765
-0.3042840551121791 4.932938237281292 3.3231630997174526
-1.127736604115857 4.921709570392263 2.351906597022612
-1.19256562757426 4.954953126849245 2.185911909351653
-0.7686075275959239 6.095881770987911 2.3976966778001
-0.9715503439790908 5.286995022756429 2.489264246894599
-0.42592665671554497 4.187274135259302 2.6129734278075767
-0.4535161528483459 4.621520622544074 3.2020469218773595
0.5655604409160797 5.3919282857777135 2.510505030374744
-0.854186700030941 4.528714980563898 3.453968337759841
0.022103561705478055 4.3523668224495715 3.561904404498135
-0.49884039433151234 5.5767635017376 3.0079386827133323
-0.10700085003722158 4.61899288705291 2.9766310742744824
-1.1617519854750868 5.066656163334264 2.5607061838852685
-1.4426051154234685 4.984309117494032 3.0833206457186924
-1.5275977377715948 5.076266580579668 3.0843485641265365
-1.8607299855062802 6.130141398320837 3.086787957736499
-0.7246112698292162 4.706891144377325 2.2555534578589533
-1.7637955915970203 4.19358351254816 2.535462611340663
-1.5956899379134246 4.508963546394172 2.9600063295145462
-0.18817910287998046 4.568197789420719 2.2455521707119663
-2.4028449768524847 4.042776009838178 2.6555692908569677
-0.14760250512574585 4.49186025317245 3.156248570875954
-0.6037832317636354 4.923674767769199 2.1884737183278613
-1.6411774675205322 5.362987128313449 3.1469104401485497
-2.564180268587665 4.695279253063398 3.2706119275755525
-0.5852970507371418 4.729341730630837 2.943445447316361
-0.5408119410933206 4.739067787399038 3.086839000821268
-2.23657930377901 5.006298242265587 3.313680030871307
-2.274478028934797 3.919437199867892 2.388687851910184
-0.18215055652816373 5.616650615821151 1.9781515903783138
-1.4398406683125198 5.806485628493266 2.44393328101503
-0.25794270252432 4.965714183129681 2.492738706636139
-2.9138480589223033 4.076734901282738 2.143300811864834
-2.287392337814213 4.772906688942762 2.81534439121163
-2.027584405627665 4.2019769110631815 2.2095167523513695
-0.6409622695103244 4.731046868804598 2.033601310685536
-0.42037992117184897 5.275680764329853 3.9310039411038415
-0.8864162122160304 5.4279716248467595 1.9398435927824615
-0.7550673702082498 5.041041544124979 3.1167698552986343
-1.6803144905614966 4.6420307532451766 3.0751747226689576
-1.5131369962051022 4.350511445955686 3.34976091757489
-1.4526690826718935 5.020717394213185 3.0713367694669067
-2.3882176034919427 4.460893850606024 3.132074394043458
-1.3691680875710313 3.8991664847266114 3.417307667719526
-1.5253866453288532 5.504625888761728 3.780761458117045
-1.2909538946029997 5.081035071049099 2.9038614585000744
-1.3683311755276102 3.8722729917093606 3.1872114363918516
-2.8664282881399963 4.327227954589665 2.6951553399254435
-3.571080687019415 3.1345033000730504 3.0836067990221663
-0.5032434810079658 3.8882639452852086 3.0016678662994267
-0.8279260280502699 4.192683482387589 2.7735996967847365
-1.0189029514042787 4.805993533972317 3.014621539080506
-1.955256448515144 4.386864269938366 2.2015683121198393
-1.8330860888098823 5.11502716681226 3.427179297251282
-3.48133621755812 3.050995131220135 2.180285380012765
-3.313422692494266 4.506797372478273 3.179652893790921
-1.5376869265392537 5.0230400530274615 4.0644230936596335
-3.567814408629643 3.368434087060523 2.790503984292472
-2.9845896940087275 4.036606270948183 3.360262660358986
-1.1814914012857887 4.8808054924383795 3.491634177477542
-3.021686765643522 4.142899451835675 3.6948993918542232
-2.0754497067012596 4.724631616109804 3.8947066918232163
-3.3213880263459474 3.444094947974889 3.3947298090126488
-1.2935781762835181 5.184029148270273 3.6802871898104725
-1.2419273765750238 5.516817838697463 2.9571968384011926
-1.894700404466023 4.101856122635615 3.3245591878671283
-2.3891575005944086 4.631862499242505 3.130131821982428
-1.6801548401713393 4.209702483853246 3.6304096544818742
-1.7430326791161177 4.296487492874643 2.3052036612486555
-3.9885446292354523 3.86538586306795 3.3979396202647414
-1.1704340118013827 5.106733717334652 3.2795773240993813
-2.9173550855967347 5.21904953581809 2.889694852801863
-3.223690571435733 3.6016948706891196 3.7918831040290133
-4.003272560518632 4.498695078033657 3.0524156578991763
-1.8720529395917247 4.055153309734572 3.8623249998359177
-2.8969350508071865 3.3819957169411454 3.9154872901972624
-1.4137757833293423 5.0192908844369315 3.9132833208886364
-1.2781148076394813 3.627154508237344 2.896583955575636
-1.9494867964689404 4.49250874635493 2.8959005358995893
-3.323792195395175 3.687630167572206 3.87284248349497
-2.686362945677682 4.004731289824308 2.7270723898416493
-3.740353467108227 3.679553868556971 3.586782304186671
-2.4171233530404574 3.7192005786448306 3.125314508492904
-2.603259504190902 4.273329513014341 3.6561469808411773
-2.319929780371641 4.646428206805476 2.526853447862518
-3.4697657349923077 3.0979415033916475 3.0437400196000572
-2.0829605509124365 3.9175956130525904 3.3270941168025505
-2.3377792656200853 4.176916269695767 3.770364421834624
-2.348433424000171 4.905374910106808 3.493789301560331
-1.2789368952321487 4.158583030542723 3.7400811095353435
-2.597425916581832 3.468847592461907 3.668766810116375
-2.5742348576095937 2.901955771731085 4.2215577315278825
-2.631215473822664 4.920052306548019 3.9105539988711193
-3.262578548955233 5.039188064836555 3.650462145909251
-2.2193203267563044 5.281195645353744 2.910089892630716
-2.7722570167750415 3.5568326626148044 4.260482407129165
-2.761189975102835 3.6090661919746876 4.050469832121061
-2.8996954442016736 3.397893167969706 2.9447418185896876
-2.95589339873622 4.1853104492422535 4.0126440877270655
-3.6897421322915114 3.1058714614805223 2.7443108785226413
-2.488513450879309 3.3992990672070866 3.006575301494792
-3.3845405453558346 3.3716022867872915 3.3027258855400663
-1.8178243670660836 5.173011234087423 4.231008700904245
-0.6755208422147195 3.7128353686675784 2.2725318139882464
-3.5796032130658175 3.7247600288294787 4.605886723145455
-3.2019525966752105 3.3823479188021484 3.542535639460246
-3.9983125487674176 3.8976460882306534 3.0292003846276154
-3.0027014535105714 4.036159613837334 4.237305044974868
-2.8305243070438744 2.9152707612133923 3.727942204599063
-3.00237620257538 3.4349378835049933 4.172734614673822
-3.929279912643158 4.316982231283194 4.2805902420907165
-2.27188323301893 4.5788209473374355 4.243005782018483
-3.4456875585062217 3.6001195688278997 4.02703955028494
-3.725966444501647 4.137480939281837 3.366430046874319
-4.97278690669755 1.1233098774911732 3.022803404981679
-3.2866399952897978 3.3119574212658787 3.0463582134302545
-4.75101616879467 3.4718244251596757 4.9868244503713015
-3.347873463243235 2.7260672090555746 3.3016484261599492
-3.89910217732842 3.7893398264181606 4.695836499717105
-3.821360189442096 3.1762416812736296 4.02424254158966
-1.0193720594675773 4.847497647785834 4.733292260224714
-4.948750396340543 3.0666999549894713 2.7429515394284385
-3.427735146454459 3.5050665781920953 3.7270194521892703
-3.2411716032389597 3.2969873025953884 3.581952349566662
-3.3570442326538568 2.4435101999132653 4.182567131637911
-4.225695872603874 3.250521866947036 3.8258801964231433
-3.953094945182898 2.730879877684899 4.878057203298159
-2.66398184275419 3.4341768736448506 3.9405653026011667
-2.620059617774122 3.2575687928184407 3.1876433924189556
-3.4682530052864053 3.278421440998751 3.77701794337095
-3.129832438657313 3.913576656104935 3.843530321610454
-3.6007670720099605 3.8334972165496444 3.614369597408721
-4.067474480038954 3.7049307417277606 3.5844407080349683
-3.406199793413784 3.261673386942728 4.374680633172268
-4.6924393207162955 2.0270489350570595 4.101430016179248
-4.330700190456507 0.7101187324862875 3.8749505494570315
-3.973286941829051 3.3909438474636833 3.81808046146145
-2.9089074943386324 3.8243272521833624 3.705574482216622
-2.842489989038946 3.6304006738374266 3.8469622127211704
-4.413766554653665 2.597610493394397 4.1860092397141315
-3.68496586595233 4.168312231305902 3.7700677374601734
-4.555921384773614 1.4489464567544705 3.823335115200832
-4.398214505983308 2.355805055239686 4.1019202356606455
-4.554223014640804 1.4289612771129139 3.1873421455235906
-3.6349551669648377 3.4615459539631686 4.252706909267466
-4.912172798154282 1.4823781268615654 3.148539260455398
-3.911636934440574 3.2385038622934004 4.132103891841851
-3.104126560773313 2.8398536691509744 4.131313374768966
-5.728803754547879 1.2870578342391026 3.3160848510015977
-4.51931742820723 2.4101662356582154 3.5560539758302747
-2.087128073701873 3.4457047079715335 4.6404190131821075
-2.8320069754243664 3.2388040845043626 4.235107261562787
-4.295004622818825 1.2288235918483748 4.797641300898158
-3.261295959058722 3.5019885302022784 3.4398882987611787
-4.469467296441404 2.1129265477244394 4.565053294843519
-4.191979779990138 3.0897004165929287 3.8378155995795527
-3.304610577260996 3.2175754749214214 4.2482201215831585
-3.5755638351361694 3.0685693949123047 5.102510036430867
-4.16637929772677 0.5942826879611514 4.498956392121157
-3.811596847212534 3.4291939276162986 4.045179808018207
-3.324352020427651 2.9196664197125735 3.5772576456287735
-5.127139743934988 2.5060398580176795 4.295759193683029
-3.62523418371963 1.6962744198241664 4.394568881149266
-4.260983028957437 2.4269312908115643 3.856980375417019
-4.349949338046749 1.677881320621535 3.8745676412474648
-4.879317357938176 1.4036487287932082 3.9404687400735634
-5.1285190161383625 1.339832344588713 3.5613855120057556
-4.675311814854599 2.846237224895907 4.180435059092926
-4.0173365247168515 2.9525252084739155 4.518410475131779
-3.7820854362218976 4.105875198899696 4.282084100230303
-4.390306694415243 2.338121300480388 5.353575435729376
-3.8875351989391134 1.402401569783259 4.764216874079746
-5.257583259921697 2.6314665570263305 4.4692704473910485
-4.559673786880693 1.1567894982593965 3.7095084588522877
-4.508070874596872 2.0453813610292597 4.553831874703505
-5.013253227993062 1.543274835495161 4.555293142238626
-4.919972048239406 1.8681419518768279 4.410868213365725
-4.212218939418594 2.2712941534731415 3.5536474744768882
-5.6145731552808495 0.9191722807059034 4.6633825168670064
-4.383338302141216 2.6273353269388795 4.215951307493043
-5.327583631591495 2.868313917749301 4.188808024622223
-4.841774851384134 1.4869817907622962 3.914219685565129
-4.204718472814554 1.5382161930302247 4.617617440249178
-4.919054011774972 1.1795654037306187 4.056116513858304
-3.823161809382373 3.70267787971544 3.8325209730829743
-4.914038069547199 0.5677186249635222 4.472457736357602
-4.2655011660620845 1.6663918449371578 3.3029853736778962
-4.799635758975314 2.032576755876214 4.554362578238444
-5.317935684189145 1.8328352948893376 4.596260183739241
-4.83666972512477 0.8381676102851926 4.697670340855804
-4.7730059305698855 1.5575038835918527 4.854355996968735
-4.938280309072204 0.3974200321080509 4.241364508263026
-4.394523002095346 1.802892895748856 5.291879488221538
-4.709821904631945 0.3386457647312836 4.640679272222617
-4.304828485003454 0.4685715174131032 3.9542691458976797
-4.999444677965357 0.44926673452992 4.423175145674399
-5.52555416529177 2.003415924056539 4.645459133680404
-4.6032671168023915 1.1040830065588367 4.761536316448428
-5.231821666325526 -0.9081721283952823 4.982339121665676
-4.702178938628637 2.640638962120113 4.383349311653172
-4.7350136026901035 0.1312724294530637 3.6859547857639665
-4.572141843833073 1.5130846316289137 4.901943055884554
-4.68518229970133 1.7074927609183654 3.9199798695865913
-4.445241714886795 0.6512999267897105 5.4940493142695725
-4.4819091803284135 1.7904127185611962 4.255033363990427
-5.0228565454743075 1.7591201054513363 3.9041886076866037
-4.864395135510536 2.2631579929711734 4.175994279668725
-4.745235431927858 -0.11498885718661572 4.860256036881383
-5.001930031121345 1.3898226266365794 4.608278581265958
-4.594694021898146 1.1592526467433413 5.3384859091955175
-5.384718769807368 2.017946814934141 5.036495711246133
-5.613039641762164 -0.31448873651189396 4.839705743909507
-3.979613782169067 1.5769456533748274 5.079548857717021
-5.480557198447601 1.4223523559060607 4.343389692452604
-5.018574299334149 -0.893086792320602 4.469207199232989
-3.804928786369285 1.7392957694594402 5.948663246748144
-4.374188447092763 -1.7456385477025442 4.96688158216075
-5.252531924741443 0.5581132637074377 5.170103379894612
-4.462980660401637 0.025836363905793136 4.941908395574705
-3.6171371378712722 2.5208250433297756 4.768892371207297
-4.348594169871732 2.0106111972634366 4.380431408534787
-5.472070778169301 2.000641208362183 4.888300500764101
-4.918070492383812 0.7177636001950303 4.895941896570483
-4.791507753835406 1.6091256262022526 5.0238268015563525
-4.888419352175955 0.713786305771062 4.7279196819396185
-5.027958175812789 1.032832119442027 4.983523708258736
-5.391233378279636 1.7136971183476848 4.87501230429726
-5.19739339337564 1.3264309651347583 4.865019354047431
-5.052773467488514 0.9886729566337285 4.353665409877665
-4.638584254979766 0.8426734942161438 5.513166322315034
-4.617114080296032 0.11961282121826818 5.773518985826388
-5.161545661967264 1.6000889185980096 5.054523632678433
-5.0365163018145065 2.201210447441069 4.800565010027002
-4.59138638873216 1.9204201054046042 4.834063979855811
-3.501375048274267 2.0429929699138114 4.60874770887824
-4.2324622130190495 -1.1744821456916734 4.135093133894665
-4.468855295254951 1.8816990479130338 5.202245594944139
-5.029702082992094 1.173347828647764 5.211360625611736
-4.482061701474754 0.30032297903696065 4.990022325181554
-4.485644334569192 1.3153620158416788 5.498296983554999
-5.3492175145069165 0.5008950884000408 4.2594959914661725
-4.758063459130635 0.7846631442642206 4.550768250757619
-3.5900020554128376 -0.047915747980869394 4.5015611582040185
-5.109260333433134 0.3191989069877818 5.574235364996107
-4.678177636347366 -1.6980846977560833 5.155516475027122
-4.360695536479368 2.534063865448763 4.3034326223742
-4.396515654703377 -0.39586436989048096 4.3217215348955085
-5.208382887717527 -0.19177706561622113 4.780207871858917
-5.459953097690637 -0.7880846468293206 5.654657728413739
-4.494694552548092 0.04411463540444841 4.706786469307436
-5.465027605685173 0.8931839995142715 5.668935159739421
-4.007436720312147 -0.7974586701903944 5.374797254864658
-5.0979730978706375 1.3304489036265579 5.386627152589913
-4.5798702493399555 0.063836499988086 4.500631092922494
-6.015708104769287 0.7016849826302193 5.140235742565435
-5.421781459901545 1.4635304162800484 5.027271777118084
-4.822228344618372 -1.1264361078541463 4.9523697485796605
-5.519735899012263 0.6386739860499105 5.63552814398403
-4.8148353495416645 -0.8047275768420585 5.353921343551136
-5.366920115592945 0.7418424826101163 4.614040254393337
-5.075336264741631 -1.3934403138763936 5.077587677562834
-5.134068488973627 -0.4300447143823179 5.247576235238634
-4.679846826389915 -1.632777613270561 5.069779099910668
-5.162803723897618 0.5668156813711975 5.088087987476129
-5.3356062865943255 -0.4093865306212259 4.750104309024803
-4.725361200624974 -0.7792209605664225 5.098667825157259
-4.333663556129951 -2.6576104000497143 4.503412816839308
-5.193814488473292 -0.2922453773537572 5.488073292789233
-4.944132278680919 -0.4372860805848834 5.8970899976353905
-4.992540088244534 -1.2213155044616022 5.8106404009784836
-5.079978411348951 -0.8808788067089123 5.817549907730869
-5.587866836356553 -0.6731724232455302 5.172261609997451
-4.521406930232837 -1.961201087222459 6.260359086306531
-4.377990932121669 -2.252363469109534 5.723032356809218
-4.48454911729598 -1.932546927761828 5.194686953107609
-5.071648712786061 -1.6109606470764424 4.5738188648648395
-4.3458232680474325 -0.5971696820856072 4.730003813509594
-4.0462023446591 -2.5468146191455556 5.46187324689673
-4.879974519449863 -2.1770837935928733 5.390852927134574
-4.783185907843765 -3.185710191209766 5.418448730224705
-4.791038123117625 0.6195128215274291 5.294578105732841
-5.058148011140523 -1.3033505465715272 4.738224034942508
-4.33825240977993 -0.25758210504290985 4.87331484378119
-4.968918678585071 1.1562147277920152 5.277159229371083
-4.489801485864024 -1.6539220087094664 4.9772375098419674
-3.930555981519574 -2.415524524767881 5.208756188878861
-5.398176218855419 -0.576949240878746 6.001093183033254
-4.223696000483378 -1.940719973263869 4.983525091720533
-3.8104939519585126 -2.2108820301977374 6.1636411361070795
-4.617364847808698 -0.8303510059743126 5.818367685595697
-4.733292207306376 -1.965451527757831 4.8463940946815
-3.8814891910289138 -1.3871515144604447 5.470634892664581
-5.155308661430352 -1.6255867530987842 5.788712594308339
-4.699544054849854 -1.2566037071666822 5.388184815897525
-4.604417886848167 -2.1781061498399277 5.569816516525447
-3.5995084060063145 -3.371389764358146 5.383828681017432
-4.520175998522544 -1.463310962902746 5.919368540186997
-5.616353586495665 0.2557603642211814 6.426342243631605
-4.258578076694599 -1.7270750368960692 6.357347881508081
-3.893567034689301 -2.6683460910876944 5.390512024279458
-4.3088857827461675 -0.7635191830235137 5.049017844544807
-4.914547440738494 -1.1558767033170636 5.9103678150080805
-4.345666130048264 -0.5384918829472145 4.997748536716402
-5.144872634838152 -2.0616796628145653 5.474605120948056
-3.0413746438433056 -3.3931746797678373 4.980517783404833
-4.5695106304825055 -1.2958661682627597 6.020122777564699
-4.02431147242409 -1.93067527254161 6.0639868102327386
-4.966979523221225 -2.07288064319597 5.723995531389054
-5.222196772978287 -2.823638634703496 5.128767696895573
-4.904605633889177 -1.9667308469012246 5.930947157793094
-5.7207044378913725 -2.0634055086294056 5.073154607953577
-4.59444574345501 -1.1564559620222299 5.499886910306753
-4.754814151536259 -0.3857361239717318 5.831825097332586
-4.767894974835966 0.7253771448581285 5.38461437631543
-6.170048631434369 -1.7541641801236552 5.046119551630134
-3.78400635756803 -2.60270308458658 4.53846498436107
-4.6332532242750935 -1.4560802595502615 6.2711663356345175
-5.4221666781472 -1.93069204150541 6.255462743483483
-4.539835187299676 -1.847827759497876 4.592991455472127
-4.355258692959813 -2.69572575264401 5.852872066530277
-4.38081682842776 -3.365206355853982 6.049468871633921
-5.028983049653441 -0.7395190160580233 4.870578201297531
-5.072259176672251 -0.9059763372578037 4.957122531121464
-4.972882254352716 -1.6347669430955794 6.353461994980354
-4.217612380051222 -1.59019945019219 5.4453026315917725
-3.9914069523607822 -2.171801124166979 5.68184786680683
-5.187633056682433 -0.44848657254262714 5.997848181960226
-4.161807789906596 -2.6818993152172084 5.656919670348713
-4.409035411120552 -2.2538865677804427 6.668300830183557
-4.477737473323465 -2.945388690099719 6.238078335432531
-4.862040619477595 -3.839571251751049 6.270572903839709
-5.06919356680087 -2.2773635697591676 5.685528419563093
-4.323072075105867 -2.95128986619061 6.46068805588457
-3.173469394570567 -3.2782122897301282 6.015951383061225
-4.24309885143695 -1.84107940905765 5.60190793066303
-4.244973042110655 -3.532289601837244 6.183752743308265
-4.484929846435642 -3.5133467238002725 5.67421900470667
-4.28342072553449 -2.811522121770787 5.577005521980307
-3.440761078687171 -2.1964191867984506 5.500371224222521
-3.5124015522801106 -3.905557836473386 5.154372967041982
-4.653303141812101 -2.81929214310972 6.452223693299267
-3.0787682707148454 -2.757074711678063 6.447561788397678
-3.9170148307666524 -3.4346957223106247 5.711409072774163
-3.8624902999881767 -1.050651041715083 6.359909327446378
-3.6865589430255343 -3.925219865886673 4.991844814545545
-3.7215194711694157 -2.75147746678799 6.098784652261934
-5.038594942769387 -2.7313864174620233 6.209596203483851
-3.2480326920519853 -3.1245850255141447 5.668444770100047
-2.679005145093128 -3.4458418153056893 6.687583446992987
-4.030105638664356 -3.802703870404376 6.276694998700476
-4.381057674463943 -1.6974204086281142 5.510814429158695
-3.6552633610908636 -2.109246979903934 7.267015770686467
-2.832184781906273 -4.069676636310916 6.9214925415943265
-3.250615915408462 -3.12689823138147 6.572358581219319
-2.861386565258479 -4.110130386303837 5.810638808713607
-3.0905777528272274 -3.521536960571602 5.89998288607315
-3.3460131108402416 -3.595412269767398 5.303170948079151
-4.684585236405808 -2.261074472370252 5.6543959607864736
-3.0813916026502324 -3.4776922006833924 5.920134676702991
-3.3733931787482816 -2.013133521391859 6.7527002912819984
-2.288761722711245 -4.361226636192387 5.902799836057054
-2.8648473269986363 -3.316387066154839 5.973227809116384
-3.2205615825021376 -3.6980536805327815 7.360033254597617
-4.287233155890158 -3.3492109086825543 5.543907884419933
-4.321217496419516 -2.246252013240777 6.640556462423991
-3.1858395134199666 -3.48757918088616 5.539150366154516
-4.34497368946962 -4.01158937821327 6.987297540046008
-3.7591410561220027 -2.8935515283725906 7.061706384384941
-3.8367364170722014 -3.0051367496350965 6.308094161581041
-3.519148673703666 -3.33745795526572 5.516840637809476
-3.7048889609082685 -4.940515942400546 5.916789792919629
-3.4733620137025607 -3.940933983505059 6.174935611481028
-3.84627540979896 -3.5236335696789065 6.891057981309617
-3.640641001747428 -3.459694448009943 5.2585932427272
-3.2965917765164825 -3.0048858410612937 6.444437347571293
-2.8227990513119847 -3.304500333992268 6.494404760466215
-3.9437490020929746 -4.305223928683599 6.264985051533958
-3.7506727987278143 -4.067171295400922 6.39916252367424
-3.0871902082833858 -2.5794759742541635 7.101398661539806
-3.7108203959393986 -3.2758178501770856 6.348536126111813
-4.46650539632802 -2.2839789837266276 6.44874470614656
-2.861664592364748 -3.8309573398142382 7.516462709855185
-2.823089299958219 -4.134928980281772 5.315078338168074
-2.7138967778416516 -4.164552422840655 5.6868478411637176
-3.386282450384442 -4.099574546458247 6.827337624928776
-2.799532894231306 -3.6097904643572973 6.5222142602688145
-3.3354796749684805 -3.207111797210969 6.778070990247922
-3.24517831806333 -3.2171839933403894 7.1950999874290025
-3.4384258469518536 -4.852207563823 6.297746557896981
-2.846286242422778 -4.033384848886689 6.016115849074701
-2.0441318945408593 -4.0665777794578295 6.464443331313908
-3.501884476020238 -3.1995333296688373 6.439073646449505
-1.8661642025996463 -4.317108171374016 7.330994782977357
-1.6727639576392144 -4.0559973968918515 6.319683443247199
-3.8991601939586893 -3.1731208119839507 6.162906172413594
-4.246097421937909 -3.0787255425569584 6.2799358453534575
-2.9740340588572973 -4.301387345702013 5.722470207883765
-4.023666848890499 -3.444032823165194 6.189821186458863
-3.7298858064294174 -4.710369860494007 6.744792585611561
-3.021911648377591 -4.537894384136905 6.231846850257901
-3.172921684768402 -3.870612766782441 7.060863298847637
-1.6498271953143044 -4.674555609684106 6.215993011510527
-2.0191485973610632 -4.130439679236765 7.0192457070153855
-3.5177429870353722 -3.6015444061018136 6.583450435136333
-2.1070897758064793 -5.309541161222078 6.339928236752085
-3.1835128091684863 -2.9174720926930635 5.641836763484565
-2.4580930630432825 -3.9230410304599523 6.798928512356308
-3.4099329129037668 -4.338241558066966 6.508180634717016
-2.202977400853863 -4.191448066634851 7.6114758764270505
-3.4927156297776354 -3.3514847234404783 6.263253219656754
-2.5416766122174907 -3.601152081251327 7.424175510236651
-2.461552637936788 -3.8897140526342273 6.407979743882935
-2.850155304745178 -4.824219522066633 7.1700533879718895
-3.4464505401989345 -5.0429819650655645 6.785991455263532
-3.1598199385735573 -3.4586420212074866 6.465280753081883
-3.9317852471929924 -4.083030181858241 7.040697591229177
-1.9382154596404677 -4.483256844290504 6.622311108836241
-1.460816560992824 -5.007748987690056 7.468251653315781
-3.0318369250297037 -4.019142792116291 6.80537397502461
-2.8977341253748357 -3.5337717382040434 7.774712807149433
-2.530050504836217 -3.2902664656440286 6.442057265895813
-1.9752014843863428 -5.736069694086829 5.707990145480122
-0.38608617349272434 -4.599685072009 7.150031149413991
-1.1775963541528744 -4.25309229335157 6.499892766892394
-2.1935861378046577 -4.460531138310719 6.6172900249814015
-2.539758369148193 -3.177177139864317 6.995470263471435
-4.2581749537259626 -3.5686605064479853 6.885130568598754
-3.4955603555470245 -3.963302646272724 5.930987513910635
-2.2930489377063497 -5.248133621956593 6.174204669839003
-2.1386474301113583 -4.440978275903795 7.34840864914731
-3.384795380622686 -4.5114455959994855 6.441351169276396
-1.892917670868924 -4.803450903935416 6.94931023636041
-1.6050238267354047 -5.400963268439436 6.877249332998525
-1.8797979368018272 -5.407103198804374 6.600965332784118
-2.0065054986500512 -4.532776953934764 7.112394888926124
-1.3833780350568767 -4.037246439553629 6.584974700773614
-1.9779858536899912 -4.37307962835542 6.461121080457272
-1.2352706883019868 -5.316703100431538 7.294585704514405
-2.839458664407154 -4.160866514528769 6.882911957971926
-1.0540377236044942 -5.051748061587863 7.214460386650362
-1.6267935623288234 -4.658991012267592 7.8685539844359145
-1.5131607141339 -3.813487668690356 6.929117471249657
-1.4375898679278247 -4.864188932240435 6.622717365226059
-0.7491938168872535 -5.425808143736897 7.401785892145905
-1.5357525905710443 -4.238524596737266 7.37392981874281
-0.04563003746670617 -5.048591461373235 6.41136192871912
-2.014599075524041 -3.7507910425404503 6.972097698514359
-2.717604736056865 -4.39706581933743 6.814145404116391
-2.9419187404962956 -4.172666654939993 6.681586408948834
-3.7748145760475804 -3.2231379383198338 5.5534864524728285
-1.3051313325851719 -4.862086702272555 6.295203490285553
-1.858910545873833 -5.141175100870576 8.468451263282251
-0.9326434606202545 -4.634907683547819 7.393241074192405
0.5879982841077607 -4.749067950904582 7.229564073232831
-2.4933965473219097 -4.338533185215966 7.310838860672389
-0.447194973307843 -4.328630285746517 7.022061353357729
-1.4720899830614074 -5.492845400251249 6.9256071210361005
-0.4076076449649665 -4.6393191462211005 6.831225722643094
-3.131452209936305 -3.851593427172133 8.415290165271687
-0.3178823954959332 -4.928818443189226 6.802443679818411
0.7481631532856691 -5.444176002674446 7.22176484559233
-1.2827756001171808 -4.526861813039196 6.693833437385343
0.04037585939891155 -4.620353966795127 7.155541098093272
-0.21792836684575226 -4.237471871252386 6.860588533282467
-1.1705667121384749 -4.2014867099719 6.847448453724615
0.044116010829966606 -5.795514337632329 6.903765914303121
-1.70029337360069 -4.21297173870896 7.002129907704562
-1.9735543036195486 -4.949283241592327 6.650406143313067
0.053051223466085644 -5.462246949675053 7.2884065030332925
-0.18492813697862667 -6.238714521462727 6.39689961985847
0.13263466935480167 -5.069883518478512 8.114455882263355
-0.7697272275305265 -3.461226224187947 7.6284972166533835
1.0489002588144418 -4.970008976525272 7.1405337926787595
0.4978827748602541 -5.411122406285045 7.783356121816299
-0.7088504052142293 -4.263525148631216 7.883631102862574
-1.4623077984683317 -4.928229497783144 7.096186344894818
-0.7617040565528749 -6.181440179635833 6.905260726448909
-0.25839439365967487 -5.214979821235832 7.601511127927498
0.8651977590140684 -5.639086478217735 6.866442615163755
-0.49507333995844527 -5.094289299923514 7.561757074111024
-1.0129929539051012 -5.037569084461104 6.852309826357802
-0.534835080905475 -4.571962616808161 7.684378665638403
-1.03870415694665 -4.453220797791341 7.2173678131950645
-1.0947839416376166 -5.271767109745168 7.051591181576731
-0.43660097793220093 -4.271985034745774 7.499404496692543
-1.9381684654751097 -4.757510532843094 6.3219175388684095
0.4918962290253548 -4.477738289246018 7.221563069945738
1.805630609665944 -5.015947857845614 6.969774516850813
-1.3228247928264871 -4.088457847731248 7.009689326233763
-0.9555566667493642 -5.034899671810861 7.4687411363495695
0.476375788837631 -5.042104462707366 7.8760319681388875
-0.5431406933140833 -4.551104425530792 7.877332899049023
-0.0935814887593148 -4.78742374841465 8.350173149029798
3.1078633323176863 -3.917925661467289 7.672449028761339
-0.405221748237159 -5.037434822432745 8.557229519044139
-1.4008398105878106 -5.306428514806059 8.34577882655891
-0.7721408221476512 -5.623846783495333 8.078931772882793
1.4253418886834026 -5.126135680462765 8.183454351227173
0.33002515260958204 -4.268022796817681 7.729171312644467
-0.2579377655103712 -4.614129682946906 8.510019929344345
1.1441080060539732 -3.437326574273017 7.900172323612276
0.394116072461949 -4.78289464771625 7.321941438103917
-1.3422877573088663 -4.798118701072056 7.139112995446669
1.3151100998369913 -4.630601629965414 7.693754962947801
0.1816248173817933 -5.582183623756503 8.802901313613912
-0.6540591741873374 -4.4660934647168755 7.26743436186743
2.529542253673168 -4.2670421132850365 8.006145387361263
0.37806387533187824 -6.175217923988528 7.9642818170435685
1.8134935167371444 -4.225008464669879 7.379013104162709
1.2162671191101537 -3.993903330352977 6.985202068905678
-0.06439251458739312 -4.839163980252541 7.748814167027379
0.15711316156303387 -5.281231664646852 8.026444890117165
0.07193182595473724 -4.742780489385891 7.700235848221639
1.0679727324724777 -5.0229302171818695 8.029485441880105
0.8686913902248236 -4.444725773724999 7.765351579416102
1.1944294729738638 -4.599792308090072 7.089887523562127
-1.1294887977357488 -4.6276143561896586 8.040793016785498
2.2345702484546264 -5.3561975215619375 8.016806086246639
0.9311344336188643 -4.593469439112856 7.613678951570588
1.761164983430985 -4.855135114751837 7.332718217069576
-0.32157420278042204 -5.7209016443584675 6.970752478757207
0.35231915582549284 -4.471333535582683 7.8653889021895536
1.5185432407634047 -5.004529830332703 7.576555190005039
1.3548248750790675 -4.955217903367589 7.39005455278056
0.0006031465163203951 -4.739631650799006 7.556581686821911
2.1086740759468565 -4.187002358269518 7.953151488433208
0.10091661610770433 -5.107295417690049 7.490316932302182
-0.39076254936036914 -4.110647445103674 7.755729476242216
2.984830697066548 -3.6647883268286585 8.209533873200526
1.2225040006338312 -4.891706737165845 8.16439182518685
0.4599248127735841 -5.296794066813271 9.060134941807606
1.7300971820774067 -4.468830876660253 8.709677067974964
0.18772007534551502 -5.268550344087766 7.446037076183425
1.9333061948824246 -4.655702487361619 7.71072732820358
1.9694416977935283 -4.510108839761883 8.41225041414623
0.8182458753173787 -5.105341681048309 8.711702846011384
1.6000540309765932 -4.326279822786494 7.994638268362965
1.4334517267267333 -5.838322895806449 7.3689348398676024
2.005862428351784 -4.445478693258725 8.2530960926666
0.20821339767035954 -3.88658096776512 7.565574473345457
0.3937902931390037 -4.8916509126967025 7.82149347024129
1.065466125312937 -4.593304589532381 7.819068876804933
0.9097895418325013 -5.078760593186992 7.3521971664814245
-0.040272860899303715 -5.505810322095555 7.24074693108637
-0.12109733188574777 -5.039694701315397 7.450454323615942
1.837844635475633 -4.676255262330541 8.843739847872737
0.5900809017110237 -4.516445854882987 8.378829403974951
0.8655883015177516 -4.99316550368224 7.5622008443992375
1.1008171049157958 -4.945599972236314 7.489395875573966
1.1175952803201405 -5.099514780490302 8.330134476548523
0.9661090459116426 -5.3584710004986915 8.285568593604646
1.8629148627876753 -3.893476646076218 7.9127598165284105
1.3375687700421346 -4.774762894527396 8.142983834288284
2.473495307311283 -3.791982743466224 8.490045643176803
0.895063464593177 -4.669082154627988 7.572362272293263
1.1208750285147315 -4.410942070613642 8.228921115539436
2.03502871738231 -4.20230882378304 7.924300630044317
0.8313926263098157 -4.822921710563928 8.74542688627459
1.4572902482784589 -4.054537860808452 8.132686622057184
2.2923676002299307 -4.6763331156238035 7.542124639053093
0.23029432083980567 -4.448860641341375 7.717380176139967
3.16149109579057 -4.472111691830986 9.209666106589372
1.5884289113319447 -4.417078236614292 9.13690409932089
2.5368012563352536 -4.131464606581125 8.266477621819368
2.3688873061867053 -3.72910076401623 8.50472165687075
2.083266121269293 -5.072827643611749 8.417629161200932
0.832586934824154 -4.669358279558222 8.091541248625171
0.4440259915042954 -4.840902174915739 8.065459358411987
2.35916162371819 -3.581250707029028 9.05365148768189
2.2632227455651033 -4.731945269969023 7.699383174587537
0.4540479028225349 -5.226971574563622 8.427245284458442
2.8148275184341918 -4.078183460688772 8.939478483795185
2.5966505458156433 -3.541886689181982 8.513496391091211
0.48956187395915857 -5.397209897239348 7.374663726346262
2.964948987313384 -3.8493713870824666 8.257421940110344
2.8844276156684234 -4.3832283297842976 7.945685669046343
1.9034182071843952 -4.224124390512122 8.29759195601121
2.6757795027734685 -4.240383864801951 9.419216384303892
2.9835433618779277 -3.985481340314052 8.100910062983093
2.5548933512275127 -4.721788179185755 8.588868413611994
3.584673263135607 -3.126269226818743 9.206604225879872
0.4924612440938941 -5.413456374218723 8.794176565009137
2.2976189061914543 -3.330297441066695 8.535756590690253
2.6187189908570088 -4.226124691359867 8.66101514275927
2.055249738157013 -4.528385630995381 8.453928601910457
2.8582917759249655 -4.281040506043662 8.58160207846707
2.4505850645553933 -3.7333038300064714 8.373569789589595
2.364876136143567 -3.769996271763688 8.966728211873448
1.2916411530631624 -5.4374267411914445 9.573457796358527
3.711126811334069 -3.28900099257126 8.09728350277404
1.8694966038285508 -4.295238156593474 9.406879208736617
2.916588126905627 -4.708213973497356 8.64478287606177
2.833644072366703 -4.171359744250024 8.729597397827712
2.5631570270771125 -3.6558874854947696 9.269232379337279
4.5422230517453 -4.403609419401943 8.70463430802442
2.882023511086778 -3.186099826770582 8.08073726597774
3.0300620272839436 -4.635857191570424 9.053807999208047
2.5922573419430943 -3.833211616264685 7.970113000850693
2.94277541882399 -4.527569365981534 8.452376911660803
3.778163712473356 -3.5442620361527495 8.556879322749753
2.311606077846786 -5.004122108457455 7.442689728966297
2.442251819884669 -3.8098601866945545 9.093058667341609
2.9972380651964943 -4.971254571465356 8.485553347176909
1.0667625016421773 -4.871147556393286 9.310330132281736
3.7952765822091967 -2.8956498248614224 9.009231610099947
2.8449446335340256 -4.251902957300974 8.889638799967159
3.503585853804385 -3.55761754375425 7.620112124610355
3.228872537983567 -3.7222261269517634 8.727051741107779
2.983918422234675 -4.192672943986955 8.885566549968976
3.503419437206426 -4.368899702142152 8.682104311640957
3.7015326094106276 -3.3626476226401945 9.213996371829131
3.8158693244803215 -2.9167869645498006 9.650632562659698
3.9843285041947847 -1.4829753800964056 8.66839291185341
3.158706158122708 -3.9492555582598503 8.081676169806256
4.155778264669063 -3.922728153293495 8.594393144454697
2.1721163111181867 -3.770659579250655 8.113070186818316
2.7920746001634615 -3.627898692493132 8.35781295367292
2.7497684522971864 -3.7711507072613646 9.132887966637082
1.6441089003253557 -3.9775707655155186 8.02074136449875
2.391075903828828 -3.63129789763728 9.655221473831721
4.448511927378452 -2.9970395225154443 9.053108675183593
3.095908376926533 -3.8247057571662397 8.192145296303343
4.267482943439846 -2.9103783941598556 8.207291950161586
3.890842927197323 -3.289126036383454 8.833055987221027
4.198769870742527 -2.8010013289220583 9.083919762754089
2.8842490392404976 -3.9254675943442687 8.704682179960153
4.138520427152728 -2.7570756337291753 9.508164616832751
3.439776100488152 -3.408885000476414 9.671359944428533
2.6040194943550365 -4.5250067377992504 8.835328106620734
3.0204910353305094 -4.408372000780531 8.730165461604178
4.31658106783364 -3.071395224838575 9.045946794436674
3.9017210911335454 -4.724019924869551 9.870818923689718
2.354770370128365 -4.496781932017212 8.236671850891653
3.4606526824582304 -3.104786845415014 7.885432354021299
3.6469628947960806 -3.359575387516445 9.196929692434958
3.949555301628323 -1.8187999998924698 8.158179495029126
3.5570019653423075 -4.462754884657578 8.84457957802043
3.842600064719636 -2.97488617927187 8.04467046376783
3.910201364810436 -3.232579952071514 8.587880736422797
4.532735279549755 -2.2048440503458746 8.916673954847779
4.317768390779649 -3.4467342303365403 9.731344040345176
4.913039343910647 -2.543878449615735 8.416611454704698
3.8476392056889996 -1.85181163245823 8.638598339917607
3.5941182395104203 -2.3905029370985145 8.374080187377198
3.2284744071708618 -3.194754449493556 10.067648021778195
4.858517731193414 -2.8126133093905485 9.089541684872952
4.596144502042814 -3.7650834683633643 8.719899377654336
5.163146497428286 -0.7620625279004012 9.037814802641952
4.222610234725352 -1.860754124066849 9.434913582515087
4.624530464017134 -3.227130230811754 7.867741673811619
4.493649369143844 -1.0919597445257827 9.261805784804775
5.525427311887719 -1.7997439235360744 8.628201829230141
4.0819544044024605 -3.24650705105865 9.673956267425497
4.655106620187254 -2.2571179108621244 9.323607675620492
4.295068524789723 -2.6555109585244216 9.428614472282057
3.745899884474069 -2.6117202408931233 8.56602691741353
4.670051918194395 -3.377291359020092 9.317333667713081
2.8967629866882767 -3.634096569592394 8.565166722236842
4.718381114251673 -1.2561610720893668 9.001281467279474
4.357936753947091 -2.335239700750907 9.226913877870807
4.911451188444679 -2.346779527634277 9.596011681867559
4.725266467159125 -2.3336093106055866 9.197082822832284
4.515367944743395 -1.5214882124849312 8.893634125438039
3.9149231296557527 -2.760822859935756 9.588327224930904
4.903943998536632 -1.9908806141390722 9.246354660520936
4.3724102313998285 -2.5945396414236264 8.95511134099492
3.4649968182432525 -2.080830551670087 10.596031433159556
4.735691496280699 -1.718944576570595 8.71408138037898
3.5327835182790883 -1.6809112644057582 8.737837383289621
4.049096311312165 -2.147077632396261 9.483996401878157
4.488368483796981 -2.170600330245887 9.391551729811631
3.3672690862358126 -2.720493570742415 8.738309348074667
4.545679032184221 -1.3632139672709924 9.646411764300547
3.749660678895561 -3.390251518406718 9.652838533499876
3.5086102707717335 -3.8188142748094305 9.078484525386422
4.32851665770469 -1.1771340581908094 8.41277952269582
4.931452364977414 -1.1517287713905882 9.237486511162954
4.502038017490023 -1.8959069686404286 8.646413022262193
4.2032401228488885 -2.761331944121577 9.609639788182799
4.272314015159862 -1.998454842276501 9.309862860929975
3.869365892470484 -2.6599640469480006 9.248306300194198
4.24031238040077 -0.8622378520702649 8.892801141374168
4.340112684498789 -2.9099524253501174 8.982345377533058
4.324313731229214 -2.469114217241344 9.4850892353909
5.068553170971864 -1.8898110580970684 9.55584306786634
3.5689347292362235 -1.902937252829831 9.474214805009401
4.550172130409099 -2.109545490810314 9.456104778527783
4.45192728587505 -2.134074173687484 10.109806141609303
5.15961298417546 0.9929126746984129 9.944370006531427
4.624410324140612 -2.200268383710414 9.242783809340365
4.899870111036893 -0.3010735698417915 8.96728129617094
4.812205300334992 -1.4211226944836415 9.546815778161177
3.77234235526009 -3.242883949757013 9.233041242610692
5.654989975109836 -1.3640834685383376 9.11939632576462
3.8263955225741677 -2.397191272886404 9.619421140961895
4.342760064796489 -0.48986016797244736 8.983778805229518
5.005299536418358 -0.8951841557422442 9.615780121332769
4.546095212178483 -0.9804112425544635 10.462804483288496
4.484604377639178 -0.7093943511809029 10.082305851488613
4.848755817560142 -1.5744602213489516 10.107977674919507
5.810372805604398 -0.937143362788121 9.373961678385681
5.355917425812792 -0.10976285039421779 9.89791851281375
4.4956395805982705 -0.1362502041338031 10.09590557123728
4.047032684020832 -2.405260277624799 9.463641299992318
4.394941302140593 -1.226107418450614 10.87868318490887
4.731090792054892 1.0523352972717583 9.746646231582654
4.785340141349284 -1.5504213967680525 9.80248241239409
3.9980892590063424 -1.6256324805787532 9.935532043815734
4.623685603854589 -0.5631443266291352 8.749703966479315
5.0591548071257435 -0.6161015709821398 9.69601271304224
4.216493098468605 -1.6891729341262087 10.33162217434519
4.379234321094654 -0.32996960842759854 9.443308195181766
5.621368759102416 0.14975630570506254 10.240875873024466
4.247590997621057 -0.9383415006858914 9.165945685983994
5.847717354407154 0.1238992050859462 9.372989426250726
4.840710386902922 0.30371220655181347 10.065026116586978
4.7709362017180545 -0.7240251499279204 9.911723966782958
5.201534388048949 -1.2655551460356567 10.299580608049169
4.92553350617695 -1.1837065472495891 9.565980619225998
5.361393755896108 0.6851898397532331 10.031042676196224
5.380936522976419 -0.013371539720157923 9.075602807150046
3.4659039113982377 -1.2767022514325967 9.416569681904024
4.616814131740328 0.8047276324821706 9.122259378568614
4.948416062863796 -0.8379566289903032 9.865202783751226
5.327983827704422 0.05792210234140592 10.421997642355388
4.7521951280311985 -2.0625985297699563 8.885053022403625
4.601460036420187 -1.210007256506503 9.833314081561626
4.6048449734084045 -0.23700528821878422 9.68847597668184
5.160094959038864 -1.388553314726144 9.458655015840712
4.998813757664566 -1.0616382637622535 9.994123906511325
5.255246684430834 0.019833138138280644 10.037977297842994
5.385383930010175 -1.8783445603455882 10.48508733949163
5.486278062164076 -0.9022233111155918 8.850344544151582
5.814900946478082 -0.0034476342172735726 9.24120777176631
5.361025792343824 0.42914895499574623 10.715911337675639
4.871956596124433 -2.219656233465655 10.003875049140744
5.060724170815012 -0.725661850208501 8.675393935315622
5.029251462998283 -0.9143655071104174 10.242658788861286
5.205733418306561 -0.7815708791166308 9.955253301766122
4.5231104925914805 -0.5446685780784932 8.729481114367086
4.550341758340988 0.6858237736239258 9.76407070388851
4.686116048246482 -1.646298983263623 9.704676475656271
4.5493374938573545 0.49046227798812064 9.824388621254682
