4.489977832163044 0.6135775772538434 0.6269310208602217
5.468585424296878 0.7096867515891939 -0.7784213860293562
4.072015722902706 1.13005296718886 0.09307241733937997
5.395304979546104 0.8146560858776261 0.14932622702666948
4.632242133401889 0.3621314802580183 -0.18025523511937902
4.6983824435602015 0.08850626945398793 -0.1881095785318015
4.7294837875642575 1.4749016656533511 -0.7896574737583477
4.550716780601305 -0.14633453301805163 -0.1951000799795244
5.795593860300721 -0.6126493178075766 -0.14658708258692205
4.937338060625032 0.010915610360395902 0.2704031378850394
4.808614537283638 -1.7055180624390978 -1.1472353882777577
4.502403985987483 0.28813853601149003 0.21559934171557343
4.360057601059138 -0.280321256711227 -0.8280693736286349
5.165866470519337 0.6217888461965326 0.5906804961594806
5.402592813032861 0.9138155468407132 0.5081533248485605
5.103902802653759 -0.21936386328320034 -0.11742323385983974
4.654945310650663 -0.09821707678145263 0.008153314310098664
4.54591495788524 -0.4044906405218726 0.5702186844828703
5.291153941392193 0.5615569153011485 -0.5170242214596552
5.006865556869189 1.2073681621677879 -0.12769656406305413
4.750172138201444 0.7746701724143805 0.8166304741066703
5.924945901758225 0.6474757827296337 0.9446839673925329
4.9549406407722225 0.39899808267653963 1.2932019944946642
4.66971192644081 0.6427474933737028 0.37696960054295936
4.73361138184325 1.0314471063583042 0.06764732323674225
4.00312660311594 -0.7744713672314525 0.26391711409403784
6.05724414174527 -1.0435441255077573 0.7747976104380975
4.826243371607521 2.0011713115408587 0.8282261123064125
5.767464201526955 0.8673810328991939 1.5472327270648625
3.890268436374094 -0.3599029640812633 0.5788868656998531
4.72220137027935 0.6478636618622042 -0.1624984503848786
4.618686392731369 2.276122431847175 -0.004636159575959142
5.168033906686275 1.4205049394853664 0.5700518305318911
4.283596850814992 2.7404453456492774 0.4937930995244323
5.1785938794867175 0.20646884262466206 -0.6286663834590824
4.5718886605660645 1.4868982163540707 0.3544163251411382
5.319763739498826 0.3956092441345023 0.30829907565397907
5.1980750514804335 -0.07788569108045122 0.30529119580659414
4.093931603723062 2.3604081236907772 0.10593617986549314
4.524597119277907 2.0925972802172885 -0.08351816422747654
5.626261654845399 0.5397718878391292 0.3014441487771686
4.061573340536047 1.6997845522230235 0.9318691503905117
4.4780091035338945 0.3608254814885718 0.9549248368418023
4.943272803640589 2.572550129731843 0.11424339519443694
5.524638767653822 -0.10602324025389157 0.24851194363755685
4.1017141187350346 1.2511916194603758 0.07979220058008168
4.443049847704021 1.062007974711189 1.0145416871067021
4.39658984885146 2.0584147530579604 1.7999030536762086
5.09525511355315 0.869568733654728 0.7528282658339391
4.853609807804895 1.3678242424594715 1.115013770431708
5.351828911830687 1.4596442423107894 -0.09530772593983672
3.627744526891527 2.7216958298384335 0.9066844003484984
3.641926969498838 1.4857029538780278 0.15517294775103885
5.084959499093805 0.06214356096445393 0.8535183477902729
4.377666909343815 3.130073545693242 1.1392676493200469
5.536829466831614 1.99888854503363 0.14831904396267698
3.755635211805496 2.3241648006014604 0.2095461857443725
4.462500337057413 2.6356283090084176 -0.8514206308907282
3.6647128286407895 2.2573567851762157 1.054647868860795
5.288287651310344 1.9898794667067037 0.8850535873948464
4.2421563901670165 2.20621078391681 0.548349691910718
3.926258174848882 3.2742176778645757 1.3403892097949828
4.345753613869431 0.41859257529099825 0.3389827546281896
5.587496298946535 1.939695071599439 0.2652753181283079
4.145181831474673 0.9343158050296244 0.834147809232427
4.437846245029426 2.2675582160482737 1.1788701432521296
5.036203669527351 1.8612718471378682 0.17041954658512443
5.5770435483896135 1.896702433685171 0.040191929842974705
4.59187694448826 0.925887693779929 0.7359623476225793
4.657602060676348 0.5175517474758944 0.5365999619484405
4.419028102484314 3.0951792838441197 1.7935613491979416
4.254858634171808 1.4720553778464784 0.6990587543191601
4.391157561934272 1.1022289426997236 0.6659899556396583
3.0806425541002262 2.9027776848768094 0.12951823373154014
4.319740929060236 1.9574239621221476 0.6562619675305741
4.263994730297856 3.024726188706837 1.7064572528959268
3.714384352814147 3.5611404829035145 1.3689555215511888
3.9271592162241453 0.9365930593105876 0.42937518669321895
4.571683005162974 3.660020588048958 1.5794324055497888
4.464063670140929 3.049538797803279 0.6452347361262105
3.297353811242329 4.114371411040818 0.5070719778509885
4.0153389137128315 1.585737443666252 0.41451563731573904
4.117166113385823 2.8986773112790485 0.3281212222268661
4.026660756414943 3.2042345206923204 0.3786845724994891
3.187769129657543 2.504462421800301 0.749514952275803
3.8039014700595812 2.5592973350645365 0.42628898541776267
3.9064861026304656 2.9259042826942134 1.3799837939248962
4.626169935364075 1.0045544152234527 1.0067371695272587
3.975333495707497 2.91597167575731 1.3820347348764959
4.5657447972613445 2.0431059794058135 1.2248998544892726
3.4900252605692916 4.171867118369453 0.8191680892929254
5.510023421319489 1.3498378560777762 0.4059709029179127
4.42822380334605 2.33186774113419 1.5924709430794644
5.610921553628479 2.0201782343183936 0.5493365198131179
3.915034876695503 2.3023764761744174 0.7972377799807706
2.655073946957167 2.985249406551417 1.4055784768138972
4.8124396624096 2.505948953139706 0.934548075075471
4.111628751367915 2.970102989577558 1.3713919667412293
3.9304276177149986 3.2539761502541067 0.6723279263249786
4.129144066889188 3.0635831309784454 0.36478055960139144
3.832190339118838 3.190474204927092 0.2772625395634464
4.731938978588025 3.481728072155355 0.7713900331417965
4.392904395111387 1.4757365981127144 1.5514008944867976
4.432955152185287 2.783996548505856 1.094725320227039
3.3644748150002366 3.367688506456337 0.9439638333227801
3.589756897368588 3.4635000841292625 1.5951790828965438
3.9341660935263816 3.017396900620618 0.36883309848242085
2.8203486501795694 2.864128029270272 1.6902598909574533
4.3144740636416365 2.474020355507613 1.3894607065766533
3.7523485427819683 3.1808401664918122 0.8921395027072964
4.482354434183785 2.5086531532064402 0.8021218023826651
4.156431372120638 2.639014020922458 0.8862049897766403
4.722832098370932 1.5953422487573723 0.9797874358357561
1.5282341350693995 3.9190355889623483 0.7725756528046062
3.8882129000993504 3.0669372113781797 0.4506583518804924
3.6104051987003194 2.5531126416172003 1.9863874538927684
3.0258040670624173 2.901138790099162 1.4528286947963676
4.300268630465492 2.610453791809108 -0.3326758074302172
2.048137813142582 4.081225744148018 1.9188028789744078
3.331191370525225 3.7970261568541446 0.9850249781040722
3.5483013588243266 3.5182402623798055 1.3690813450961778
3.5256142455118376 4.315362863823108 1.8100162026335318
3.7427002363862774 3.6206944241121666 1.3670294631389541
3.4366683156946833 4.667677815480762 1.2167496070662664
3.6124448772188362 5.106442003046408 0.7341590641598521
3.25237212205495 2.3771036541472714 0.6190474558035156
2.8096026142323884 4.509773096147977 1.0023018006589401
4.093208752093859 3.9765670324593283 1.0378073752673695
2.877537729946868 4.361751444660242 0.7797889258854598
3.803242321050712 3.2986109903149514 1.2770913406843236
4.347576255670103 4.69607973628511 1.2847031463923844
3.4614220541590637 3.452440746745758 2.242202181912741
4.225065329893381 2.442748693939953 1.164804743091022
3.0983704732037656 3.756475467997837 0.8023590226198328
2.9640207783626016 3.9254301016694093 0.6145342851659545
3.940300655562234 2.4477535356738938 0.663475038676897
4.011501561657801 3.806116299501693 1.9229861762325005
2.1286449845816544 4.34641798234884 1.3305160112343282
4.366905538623759 4.412278633189459 1.0928214949147765
1.9571913265673566 4.822151232317263 1.0958052214741598
2.7007185450553894 4.413639207520709 1.8880858675583907
4.0009583268406885 3.42862156649033 1.1343969115960337
3.4218454270103162 3.2862478220820175 1.8891776083397376
3.2523394010769398 3.6157061284283545 1.032217817383899
2.917785418429874 4.179331153333617 1.567097646546583
2.9221888260228006 2.5146897401282557 1.8106593131423778
3.873528985016691 2.988405561368959 2.449892933638193
2.037030491232122 4.550819275052036 1.5800025633481758
3.643072300642012 3.3624311685028045 0.8761572152225232
3.739773830717604 4.086702070545458 0.5778246883989981
2.5993706805018992 4.466523035897698 1.7548117783912356
3.3431637700142267 4.60103211469537 1.5831171736017267
1.6814667482782422 4.887240479903462 1.0066142222253842
3.0376023204338978 3.41058962096968 1.7882075325929894
1.2748029743607776 4.81419273254969 1.526369712622215
5.205277139176082 2.949906174594835 1.68846922921927
2.9486231582981186 4.0657092579848815 1.5850846922988155
1.4257828557880026 4.805409853881877 2.3917645353641666
3.1969112612419077 4.855053687512015 1.32793019371162
4.374071588924477 2.779818504418073 2.258251339288756
1.8362922539038558 4.08581973768612 1.170682676803566
2.3322699319429896 3.9121458560134927 0.7136139166346972
2.243800170246709 3.290272400445829 1.4284949974118466
2.4495508026269177 3.7245155551189466 1.9151282107429966
2.3439760527568434 3.9912362304336706 1.2630656982077517
1.962597645520263 5.21238671925809 1.5654217959672225
1.7489680167776485 3.478869639108071 1.4800586664875715
1.5442707555578363 4.262850796761237 1.5419449806978698
2.781355046257663 3.69175122802843 1.4972130601636449
2.4969771301405754 3.6581829820953953 1.6697900994243122
1.643412048845256 5.299856190225505 0.9038250158938481
0.9856025748504298 4.787725103657378 1.1693558749564503
3.7558979231600995 4.134875492105862 1.175762592756776
3.3348111913028258 3.928650686900537 2.485974035291026
2.148934936494446 4.806347721090152 2.824365763639559
2.1601392795270593 4.576450187690605 2.3368071694619026
1.2783422343322737 4.448888189840908 1.871844299293842
1.571990932076555 5.204313994699041 1.7339876753186267
2.3927674365738816 4.447673733429044 1.5212378299482932
3.5360559399321008 4.255941169818323 1.2937600658044395
3.400294289231234 3.9694739354011936 1.750345804968604
2.386756798809973 4.22746722295752 1.8229285694950093
2.4816271385891193 4.148062136399225 1.0056292141224321
3.510723597545557 3.8468196303881017 1.4349644117445837
1.8765376555924107 4.151705237621278 1.9384662658092313
0.9498688267549165 4.297970405320704 1.7675405098618318
1.2182448657971074 4.161654495693892 2.647535266731392
-0.08704973822497374 4.679625544607648 1.8274448136737582
3.07366932822508 3.931708986460003 2.1075812335223802
3.4931155424836127 3.651165070521618 1.1649718545843504
1.9624413077263716 4.694638156475398 1.7091297005022694
1.5384543636735184 4.205811322786487 1.5444543014557355
2.5552288588957284 4.680018087161896 1.458370379910928
2.0280601545180077 3.910231051267257 2.7748365401535073
3.236822935197288 4.010025472017234 3.049177927938392
1.247621431038165 4.784831100322658 1.4626393798672592
1.800171337667293 2.846085330774306 2.016379255969118
1.9727540224719502 4.87348389908369 2.8534503199206984
0.8832878702007652 4.464806098022204 3.085485622913692
1.1888303792098234 4.297785376246744 2.6132581378430677
1.4706936258745096 4.087631433963047 1.3179438924083793
2.2149791858371795 5.007578522086878 1.5820234332338534
2.158343744144084 4.34365638877687 1.6096978060409655
2.6917191376070333 5.090272380799435 0.9825581807705093
1.2383353867643037 5.061000133352904 2.081598834702499
0.43914475726232627 5.3103577750093995 2.8007174165262065
1.9039427598191323 5.129249843941721 1.4112264301004434
1.323921133230919 5.441024920694959 1.45003385214128
0.05019799349728012 4.826495306881163 2.3830131224133946
-0.13110897707831207 5.105266849204063 1.8808433456924312
2.3004572533445145 4.167247004901654 2.4686967197127623
1.340187648057806 5.593454909380314 1.3413316211331403
-0.02958838218730797 4.3887528814487045 1.8681676100064941
0.9961564692421724 5.869209444327341 2.085457715140046
0.5362699137076945 4.59128565347623 3.0206889954051075
0.25924127910013983 4.45826406086953 1.6060809885769043
1.088642637910671 5.220089308131875 2.752577643692094
-0.678107026806514 5.168571954247602 2.1122381817549627
-0.47905658741980195 5.082925997758225 1.9192398887149578
0.5084892271894104 4.727646474937021 2.4986865746137097
-0.5062677594946517 5.80623183533532 1.6820189525931466
0.604851174116258 4.831135330640246 2.8249552897161334
1.8605904054580518 4.73310898069543 1.9280172856748947
0.6665245526659477 5.303936074014739 2.5776066568258416
0.6243550960130644 4.119422452647673 2.7432397232344723
2.0194853823928356 4.710216337876947 2.4205350845822524
1.70335804436881 4.55706462820957 2.388735034915235
0.2545734366703481 4.40484219096287 2.8570780955193005
0.5484776083232235 5.041514834972954 2.811987163149065
1.1039532722885528 4.28788841781314 2.232376553358567
-0.9432943928562524 4.7135299725234026 1.474504533172372
1.7050330277344632 4.745596154570974 2.0186270247294873
-0.6678737954339895 5.026499671601016 2.836247821072783
0.7528144413551168 5.214142008609713 1.8800178420408278
-0.350341582145758 4.394336674004819 1.8734332836063234
2.5942503316326504 4.47108016812384 1.2061244021471367
-1.4073519443617741 4.891272517943783 2.238865223303308
-0.6576096852356532 5.20242307087348 2.064622439411311
1.676389829020031 4.650995840182066 2.9531589001798517
-0.08754291316516795 4.34478631554254 2.95328530210412
0.7642871497050594 5.321207254862932 2.445966573138617
-0.3103524157033007 5.151749788615255 2.5462128195026517
1.425947325065421 5.080906045259286 2.134308816621654
0.4146952267707315 5.548296954023004 3.3813567404083003
0.18531930065776409 4.486275642200134 2.729264115156212
-0.16661221111119684 5.158762877196513 3.2549769889201947
0.11763749355152713 5.158636511648546 1.956775218824065
1.4662465851514588 4.727118286551084 2.4690560774638204
0.968075620899738 4.5445656611855885 2.5983712718512435
-0.48221354225244906 4.81132254435586 2.2538894234859406
-0.21287222563142374 4.352535678101036 3.1230607736416407
-1.1088884412799076 3.6512464355328267 1.1833137799782718
-0.04160632255279225 5.255939631910468 3.1329535369995267
-0.7440184546463898 4.244854280482621 3.1551320596679346
-1.267555885731405 4.3110009077852585 2.388159162022079
-0.1346509095836662 4.786564163437174 2.6272237476352127
0.18705380244739167 4.803811876639308 3.316830184992554
0.6127791134595448 5.594513609461728 1.4579473905335456
-1.2555328101704748 4.909788245765279 2.8717125686335905
-0.1790677705922415 5.2535170217123035 2.3338562652497776
-2.381387382415852 4.645655000753813 2.7129834385257996
-0.693156707374482 4.709703747437122 3.435177488423596
0.5939280058564217 5.348847380073839 2.4701856819519468
-0.37104079167917514 5.328469493450303 2.3282191807824284
-0.0188818275215991 5.574649158589185 2.9124563872436076
-1.059993124844411 5.5640984281621035 3.4088610919124447
-1.8036561359652015 4.734298787535874 2.6214173040726747
1.0260485208798844 5.23049677056093 2.7321707096314465
0.347910325817498 5.540302744197687 2.449560203714363
-1.457778417008471 4.883770257758629 2.323432556716864
-1.715925710876796 4.7030099245858645 3.1880968892461796
0.030218930606267833 4.804332907550034 2.4483267406428273
-0.1626848911835053 4.868969582973346 3.284283807292247
0.678758723239295 5.1366087803661555 2.7809245740144335
-1.9978787131572404 4.553438041446829 2.57495932486161
-0.9381871212622509 5.379074479111402 2.541887420828711
-1.147300805625763 4.748972753414011 3.069323118612103
-1.9817515725209005 4.106377703593186 2.3451128230670766
-0.8100634018123083 4.86125668445473 2.356009908342115
-0.34338185233853785 5.662990302372365 2.296415795914326
-0.5862699149215842 6.039424787538516 1.8172261636288707
1.1235126123100747 5.088854343556841 2.868182913698192
-0.13300661356768892 4.662465526235009 1.8666544911647902
-2.8842934603289514 3.9332429481245765 2.0499719592228574
-1.4758057089139758 5.249751411895852 2.6727512291686937
-1.6051545559522453 4.408769157538386 3.586125298035527
-1.4201326277438187 5.067487354613059 2.5886788679781287
1.3632860205520059 5.207388335592396 2.3271221353436693
-1.8828130693300926 5.881580424670311 3.3682532472501556
-1.0700875435851527 5.186830183081438 3.1500391895833286
0.8356823797391222 5.406487559826401 3.1203527549385894
-2.90353887113288 4.323894280981939 3.649639058996097
-1.1923809971231876 4.244096084442787 3.0714369998790394
-1.635474260411323 4.558544404351604 2.8370808640406886
0.5782588454951221 4.67005789717479 2.6097326002555676
-1.5585525779587113 5.032054733757509 2.1696060411457916
-0.6629800147432396 4.223835915899429 3.6874950673025637
-0.5748827452596724 5.1769076312044175 3.3076934463007137
-0.18602058853262632 5.520451399637947 2.3145005141105464
-1.9492596541780363 5.210755146592746 3.9644138348389824
-0.6616597375942883 3.7749669255368614 3.348388454344619
-1.862761546274627 5.451316834976512 3.012926232591385
-1.529151476038752 5.269884358369808 2.5790282033675287
-2.939537016407394 4.966340821371578 2.82637353394479
-0.3278334335914524 4.445596924106245 2.817625719228755
-0.6681580607062059 5.623406144475402 2.5494102669459227
-1.7485396996787776 4.944851037025685 3.6576768522199457
-1.6234795265080568 4.536548128145438 4.609026521376764
-0.3409149671330505 3.8424515030821085 2.476023541470102
-0.8920882596742697 4.255551238914924 3.4984587592054206
-2.4330324182001632 4.0791348217247885 2.7045680533818555
-3.8051606988469078 3.8759302284970842 3.705609602292779
-1.4793588659827783 5.020772604951114 2.938001934206118
-1.119925151857319 5.192235544501966 2.5636471564570043
-1.8115822798425694 4.734202494465236 2.949700844181931
-3.030077287195272 4.239544054503076 3.79061096664909
-1.2878127772075472 4.120752408773952 1.668647391456773
-1.9117044216256236 4.811646333243438 2.5655851756222634
-0.9076820738266563 4.785375744897604 3.8001870187894173
-2.762184916751667 3.8516004054906023 2.3108963298947804
-1.949440015590412 3.9799273814347407 3.488330470701696
-1.1738562168585314 4.469088328705474 3.11501321292256
-2.9035952035304304 3.556464350053113 3.37481304109165
-3.2903068062722243 4.776197015232954 2.2190390029561797
-2.5521684552018407 4.48233819665132 3.6647935366499333
-2.8105978252074895 4.470936310546228 3.3366795110841894
-3.297111648156293 4.440473386960017 2.6356269193972732
-2.2069114752739254 4.186609204646996 3.60790517201132
-1.3290777955550723 4.794008437908682 3.6662169064977808
-2.1968927740389494 4.967103356185295 3.0989638996553883
-1.8607669741571817 4.288075608417224 4.300264214787319
-1.2903924703869598 5.569217473703035 3.103981493530541
-2.4238242897855837 4.280720329432132 2.862158649977351
-2.4008921920399153 4.402021633138202 3.517279570144846
-3.077288972049641 3.8694919953160576 3.597438206419598
-3.0176358195255357 4.596351432042258 3.420926507692947
-0.7711078063453037 4.682148089347006 3.367815973617813
-2.3417477374047273 3.8104888832333432 3.55897630606152
-2.578901508852905 3.6849601051319607 2.465880975850302
-2.879393285432633 4.542065540060163 2.047486691156362
-2.4622228853193167 4.219793820185094 3.300382408935322
-3.2269678773159662 4.137613362453295 3.7618081492179907
-2.2762386675290447 4.533347380150905 3.3056878548751083
-2.3247142994539 4.74094323886615 3.0944091357408463
-2.98285935183754 4.450796678504725 3.4363974928632293
-2.644596386395675 4.658049441219667 4.218048493217124
-2.936993889035282 4.179950892446244 2.744155205285102
-1.921074782571687 4.994495308566714 3.425601113882687
-3.3599602513214726 3.815908042977296 4.4406708313581635
-4.855263304481233 2.921944719358049 3.9358063569103643
-3.81964645933382 4.070405379474493 3.943108858741144
-4.141020526636555 3.5839845033774465 2.6053644241595233
-2.2586753083255604 3.6283722819205004 4.657818994700962
-4.118304836822931 3.986809295294488 3.5104244911873077
-2.349527237730599 4.666089114881825 2.837890344660723
-1.856241399977956 4.06754559657716 4.284845360810392
-3.2004439784134595 3.3889200209567334 4.304111701186341
-3.9003180672442492 4.297863128430433 4.15369447854346
-2.06664905321604 3.725478852211842 3.9789676282450714
-3.8470411183176485 2.867862098876687 3.162362775515625
-3.8379552820500193 3.5550952084491976 3.3944118022724235
-3.3886695824478896 4.44385899435294 3.469520934722227
-3.164081599992543 3.522124635703577 2.722019612178592
-3.2174679094595997 2.6408855098509254 4.150236556299125
-4.098845252131682 3.042321760573686 3.406207621724729
-3.0137597953826387 3.6264502294958727 3.2525136112448956
-5.188818784972603 2.7953442133913495 4.188484540289478
-2.253733493979349 5.235124746618508 4.063565627275993
-4.8544352962868675 3.0161486182471955 3.091925027286748
-3.9665274354606064 2.647258136247549 4.251091134652868
-3.3118394842563643 2.8338572247931864 3.4698134905550275
-3.4616943452694584 2.8877011290448906 3.6310562139975193
-4.242705627982457 1.441106942295867 2.057016790293219
-4.433084760819219 3.615443022281512 3.287860345068351
-4.468724043112958 3.123248102146805 4.491371476175996
-4.147224937992298 3.6198653897236137 3.621004639039824
-2.553758193360915 3.633619179824698 3.655857396046886
-3.62015245109209 3.5909435989960445 3.2313237962294346
-2.1652040025798063 4.799562124052557 3.218062468883638
-4.601914400618232 3.591053136524475 3.0414906090338976
-2.792061411311243 4.364326300530547 3.7486988001827
-2.78167344547406 3.2349826764741842 3.511377441740067
-4.435834938137005 3.258139531921861 4.417213341393895
-4.170154283519312 2.7266184464033882 4.422850213584385
-4.266950775298701 3.593273302614638 3.9388614981610375
-3.4422598442910712 3.467982310232285 4.205638425031034
-3.8093403857395143 2.9589822687159 3.8105135127341296
-4.04446160750795 3.1698026504324797 3.1224584075076685
-4.217766038963703 3.170101205002967 3.6861214456116067
-4.170602503174945 2.6162346923671818 4.688246372203177
-2.4796924128429354 4.322487125657729 4.667065423252551
-3.471327324290218 2.4219325827230267 4.274938454747277
-1.667628594478872 4.498372437449531 4.014288226542748
-3.466994865756365 2.3988287763017926 3.4280453297793216
-4.163293384279332 2.1664565152399504 3.446662900932553
-3.1040242718499096 4.765100563493997 3.97516375460858
-3.798280750019502 4.368097384990987 3.1269771350096573
-2.648991435485217 3.9357881958686907 3.770539673474703
-5.177087374971197 1.3310195610023892 3.834427084535846
-3.5745172936311134 3.2628348085429666 3.015769133685346
-4.626982885437363 3.0716249692159976 3.6187448230012955
-4.348591330995744 3.1119327624359 3.4927780441699134
-4.033640361640991 1.9596075787051372 3.866932836382508
-4.845600017251088 2.8080886432484267 3.6088211681621805
-3.8735640127374014 2.3625834742482175 2.67096770385691
-3.8737069576126952 3.1896241469011355 3.884616810693352
-4.6982200036771165 2.3007588655418525 3.526765823696861
-4.351142803008114 0.962630293323552 3.8733150409351187
-5.644088785539515 2.4493520658874925 3.8277448384677637
-4.817219546820847 1.3712468990061017 3.157830051469412
-3.8293106407095583 2.827387433863164 3.8274056801700658
-4.454202234070105 2.8300234312286863 4.532976514814322
-4.931574798854462 1.2998628203404283 4.182142836060337
-3.8874203316888907 3.384387734606043 4.498177492941557
-4.321034728066507 1.945161786215237 4.414340525150639
-5.180936621704198 0.7197873156977678 3.2116834336273454
-3.731904851839717 1.9810732031825535 4.216191601370479
-3.6799697950467958 2.300503691272506 4.551266392402351
-4.611365899741329 2.4189391202796013 4.751994562079105
-3.942972521310166 2.7468818702321425 3.8186682799943057
-4.629820859294386 1.7337005910791983 4.195766029877623
-5.070827656085584 2.575378554216258 4.691410590786434
-3.7521726338890717 2.1132388634749715 4.2261202644797145
-5.275262281912854 1.6351332025227698 4.541852251932345
-4.37257956955215 2.8381701869666243 4.483506803050796
-5.177817183267957 2.092843819522831 4.712247385439263
-4.336984611698703 3.326817424730523 4.794314837478692
-3.36707989637151 3.3350528603459924 4.611675685248107
-2.941489070452351 2.9165037472500464 4.515670368544301
-4.569101331547959 2.117697680669791 4.60975512134038
-5.578317798825436 1.6570239866243666 4.733350199385797
-3.901040348681938 0.47212709054330065 4.7009105228904176
-3.785725522764636 3.436817134323397 4.663120283488475
-4.167965125309593 0.40716374728939153 3.770391486193257
-4.7228408312999735 1.5362600481860789 5.091143125313894
-3.6505698452727966 1.2975798846916446 4.600811531870212
-4.1180410042216975 2.349682760698196 4.860235675988575
-4.549335352158898 3.7357296735983487 4.332076450636518
-4.974498474962519 2.064424636747899 4.751350380786162
-5.083574071490641 1.329406587659884 4.231609932898803
-5.772596089468775 -0.5671287859820523 4.569985567361848
-5.3849268590118085 0.5875099437026758 3.742365846729735
-3.909469614366891 2.269004332971663 4.249359613546938
-3.6041385539284105 2.6966670203356933 4.002213861882379
-2.9072497262060866 3.2562046541893586 4.027517478961827
-3.8485243913632563 2.33046855740882 4.1747512271869
-4.394353711952524 0.044396624701742285 4.4769481865329555
-3.9313805542768785 2.2691245099822797 4.405494065932249
-5.0017707342889395 0.2539514213776485 3.174409193634153
-4.739134676276178 -0.15531375855633492 3.8476367990451363
-4.27555796782042 0.21315467331859914 5.1487406899490304
-4.685111533421432 1.2346354875900087 4.498209401033771
-3.944782729674721 2.9549279704050626 4.15291258516882
-4.985035949296089 1.6898762489458876 5.016490987790857
-4.166622470288357 1.3694889542827293 4.25947100363148
-4.967882821882732 1.344231894574816 4.547508377538828
-5.0042511532191 2.11626599406732 3.3218990741127072
-4.3415413698242205 1.3696957490786301 4.02933454795371
-4.866341378773584 1.1566260829542383 4.9421682847848345
-5.659345111569454 1.7092927806910736 4.618446562774864
-5.398349862221002 0.895310595597657 4.983962876636102
-5.277365735218555 0.5236362553181891 4.169825102466499
-4.830871670648416 0.938631641198421 4.452685798330395
-4.6938266052025615 1.249331159220212 4.159120423933783
-4.04865961012852 1.5091253740782387 4.772359398851744
-5.65305463883425 -0.08724218075131646 5.064944050852796
-4.687327852135887 1.4826714100756824 4.72735413147845
-5.976530378906989 1.0174743872179801 5.054012310602606
-4.762831581081806 0.43702973939112755 4.345174398813006
-5.052530690158351 0.5179585895656256 4.424490232944356
-5.064465738788045 -0.7183420758190224 5.525565736238573
-4.3085639680216 0.9029163950899536 4.780156989690115
-3.847200540163657 1.929684824829471 4.624979703770302
-5.81419053951691 0.23780297583910653 4.4894341208294355
-4.49682360041151 -0.5806978019813281 4.172728817907996
-3.5058061302334433 1.804800440840926 5.784500315861095
-5.028743554479759 0.9759687988527236 4.032154559000218
-5.015176470369144 -0.24594631665966277 5.131204439832417
-4.924251211573907 1.1036327427221715 4.710739106139218
-5.587665638312909 -1.7009033237317084 5.225870613456461
-4.370805500533719 -0.8041613990489388 3.9980532829429305
-4.840184714958051 1.0029764481762542 5.134538320111628
-5.1593867794851995 0.032768432973519855 5.434516545045309
-4.748132832210662 1.5070160572901867 4.826469208229218
-5.412982194159955 -0.4355149959572057 5.611020629335505
-5.211768427776176 -1.1326192498208967 4.45130031713261
-5.50906495793543 0.09771677295171033 4.8390428292715635
-4.679065212169123 0.21699526013294893 5.080047184833715
-5.981701099388593 0.13185355665594484 4.568450416574008
-4.827735557629213 -1.2533068782396215 3.962511944730868
-4.624050405222202 -0.2912141966050927 4.649671121439536
-5.312711187229462 1.2396509801165345 4.931461530574676
-4.682943904151735 -0.6734336641123496 5.003144116455235
-6.030540976850109 -0.1483498580313782 4.770149420295387
-4.215665812446662 1.9174456739497 5.663852329274403
-5.593053335683792 -0.02610119111219059 4.396643137857112
-5.3484223273747835 -0.2149258138711449 5.107682218283662
-5.038266590408906 -0.3969937891145913 4.803645316409392
-5.146005071932415 0.3890333025995658 4.421287621736394
-4.024166077356618 -0.06709642184280552 4.511492928437595
-4.723513541726041 0.3077028269286456 5.267857129451402
-4.847561933439686 0.27226897137212563 5.436365582350659
-5.019509886836483 0.7532054443045765 4.66974505593735
-4.863421423700864 -1.1854154648212454 4.91363827824217
-4.577682464576447 -0.32062769631737836 5.153628540342534
-5.303853330766129 -0.8773830649380755 5.263656818960393
-5.640819717954523 0.21827495874720335 4.888957332707115
-5.219161451346919 -1.7326026968659614 5.311237341890719
-5.727682067651633 -0.20560401058343472 5.470487169271412
-4.705671765042434 0.42588865933245185 4.780526459890871
-4.981880531819885 1.0718054235944923 4.356781068036856
-4.352823392486843 -0.9316060580791962 4.690201423748476
-4.99125965985578 -0.8342461860158915 6.431128838549884
-4.254697331456093 -1.216775186346832 4.529288272568932
-4.9634386387601594 0.3352598553145387 4.720311337147876
-5.2335140385169066 -2.404981478978163 5.040357683934706
-4.921165250414269 -1.4817696394368312 5.085293794108454
-4.854788929122141 -0.018621276659273 5.712557423081223
-4.997553177313708 -1.7772682252532732 6.173133426151234
-5.004315423914054 -1.2460633265829621 4.068269640994033
-4.853924431406793 -1.440000910799202 5.320922544470267
-4.666150667714166 -0.8107607725871789 5.28651130947915
-4.812834379207845 -0.6253676076116376 5.359449772615609
-4.6786040260307535 0.5850196131816082 5.541896096497293
-5.696072817173568 -1.295759687554883 4.946830813245274
-4.723932342309369 1.7977652178431804 4.881535049137499
-4.140981147015826 0.06557773806042042 5.239731201355281
-5.73086428465735 1.0777809737192103 4.997161982400585
-4.591328931200886 -1.5715013542678733 5.941389153115983
-4.6450957243801865 -3.6581006269053473 5.078650013167321
-3.7690739644061533 -2.524709318871756 4.270115218065802
-5.011749670941574 -1.5608701936113998 5.117653690728473
-5.522713884546326 0.42154603535264007 5.466282371026298
-4.746501308589277 -0.4009276556227026 6.079685916649377
-5.200461957095001 -0.41204424149494473 5.273908377764686
-4.346549352169616 -1.7309442367421437 5.613834656995928
-4.565732399703649 -0.760988114715306 5.301520648926924
-3.515562207877626 -2.0044433204576526 4.477528208300376
-4.418667199911176 -2.0388275623570133 4.841698703798461
-4.578195051044492 -1.3482051471669139 5.721024182653462
-4.519652550814057 -2.7610824749695255 4.018186501545789
-4.520740465913274 -1.3730294922523008 5.907037935093966
-3.9875946262913566 -1.6967846094129369 5.676424472656792
-4.030018900490814 -1.2629471170163584 5.762794391945368
-5.3853999821040395 -1.8188546201479325 5.3611629705052115
-4.969099417841371 -1.400813120784786 5.414999432370955
-4.381127792575539 -1.65295745441021 5.219913412028925
-5.237078975150292 -0.6865908762127273 6.231899115949624
-4.253157406845744 -1.4142540184074452 5.260977093010879
-5.23908653072746 -2.1867482413456503 5.705522731850906
-4.212946614618232 -1.906267645498124 5.627859751033078
-5.035351349066275 -1.783501938071663 6.585962910674829
-4.580796313510744 -1.6631681446285431 5.250494289800964
-4.578230351128975 -1.2368724524056154 5.125831877987936
-4.189371582747586 -1.1735167014597838 5.965782455719092
-4.750956364236144 -1.17316281202373 5.8876319249160725
-5.399804928400015 -1.3328274092467909 5.8056586947206945
-4.415491695312973 -2.102610176619101 5.497210895564279
-4.8576748490167745 -1.0311706823668418 5.5970304686627
-4.32050561746724 -1.7514588209130424 5.74974354778908
-4.240033837107927 -2.4550085956354804 5.941517664046279
-4.321029422052433 -1.3481138115554094 4.720848446104339
-4.197144735784177 -3.71273229951591 6.063356492774424
-4.1772190599934165 -2.5700954058772303 5.780465288760858
-3.937734257511859 -3.387927889399736 6.129305881955429
-4.316436260184223 -1.8932691355023779 6.144015474260097
-5.539147400992579 -2.034039338854848 5.052981288175105
-4.699475170511393 -0.5209832730334678 4.7540186829043725
-4.456410978361461 -2.076682594762441 4.958604595396176
-5.325464846820733 -2.005661261943215 6.264717781317384
-4.142031559674296 -1.0389621360191734 6.256723982603505
-3.554235039844599 -3.5017561915005713 5.868293639570025
-4.465314570171838 -2.1245833681725905 4.659697462573348
-3.592242151942053 -3.193932525551628 6.407315321810151
-3.857456433460675 -4.097752227072224 5.39652808292781
-3.6706801229917354 -3.1294272668971996 6.420090510589926
-5.216468955662702 -2.4380924997158204 4.817687861794395
-5.028423318395989 -1.9201912332065756 5.802543311113529
-4.011173164382822 -2.417226919524435 5.743807498654063
-4.6379456863999575 -1.2386179433721562 7.423172980209472
-4.880478058194352 -1.7405153494086707 5.641320346848983
-4.080460695834153 -2.2725611241805397 5.049171685706536
-4.245361395826702 -1.9364723563411925 5.628964535614531
-4.541088501032186 -1.8640615715650795 5.777643433319265
-3.9726071012896904 -2.11416127188394 5.524702617294193
-3.488054360411065 -4.034120446948347 6.302784236117658
-3.976379027986136 -2.843378115644826 5.7940354710059605
-3.57631062212335 -3.9173999950698755 6.496489656592032
-4.685422667265429 -1.7170353835147976 5.274640935595742
-3.1244379357597616 -3.2612047846393106 6.379427034950377
-4.171303182908956 -1.735388332105482 6.453059385732693
-4.537898098649696 -2.45857149689888 5.826860456167137
-4.001850531724883 -4.334348846381227 6.408653624208893
-3.124855062381342 -2.228021561198608 5.331199859738801
-3.2113149092524695 -2.791566746961509 6.57458290423804
-4.740117566864479 -2.2695918995568203 5.363725309413532
-3.909596200072879 -2.9412724803905044 5.31521886761092
-2.3677071436209665 -4.822391430512658 6.244931363596105
-3.1433632095477226 -3.221804167832443 5.9721702627858555
-2.6830532834720797 -3.2835537988234713 6.112622144640098
-4.170958585356032 -2.3968543407706884 6.862653521925673
-3.4484457140128564 -3.3185061558497577 6.220074053609358
-3.3257680854368985 -4.11529444863629 5.556058964718088
-2.6112714255718554 -4.113905186539213 5.882489367491657
-3.712280103175052 -2.939771983918415 6.116990298721394
-3.514343228765239 -2.7702678924026514 6.850358587212165
-5.1952212059588865 -0.9943104863832443 7.268002572072707
-3.725224486416756 -2.7565147972000807 6.2610543155047464
-4.134779953988462 -2.896871434314186 6.45862569998015
-3.705135484503102 -3.4565110792514173 6.671314152357562
-3.1576601408113203 -3.5481205252706167 6.34443270739441
-3.318085875619974 -3.614131424540144 6.870802942499173
-4.520108115264631 -2.8565709599288422 6.411597425419464
-2.213892159769248 -3.042178640916274 6.537808020763136
-3.1496457540841365 -3.2139886198928114 5.602126705974919
-3.682222903477204 -2.468346497012071 5.98534044620733
-1.1918340273134571 -4.907960564254264 6.358402565497019
-4.654497328776991 -3.258186473959505 6.135664784205428
-4.10363303585718 -2.322581737795334 6.510257242043483
-5.315297885212534 -1.4535845701547891 6.351711313347282
-3.062633549187564 -4.493478136325129 6.4823721616446
-3.98005038640405 -3.21457058654515 6.031725447000255
-4.444384942042032 -3.5213724712976067 5.2207837182659524
-2.777159247388219 -3.966582508447721 6.460157691215627
-1.9438468426081905 -4.663906193119082 6.935646552419152
-3.9410974878296394 -3.2567833776216544 5.663995933752085
-3.6317424644789673 -3.726200603261517 6.096215000850152
-4.262060334723836 -3.146782662471009 6.908714077363963
-3.7300025750956536 -4.14752226665987 5.410431332904193
-3.0216091356401966 -4.365460478277194 7.243098241135182
-4.574760739163828 -3.3767081823023135 6.058872516878571
-2.388787145971449 -4.48542631932625 6.338179859102367
-4.197265672169322 -2.8873917431430494 6.1474787887624105
-3.1677933420906927 -2.8856226872973503 6.3062513556285404
-3.339330207900702 -3.6995680778045568 6.446584010469225
-3.3541085140808953 -2.969166105164761 5.959409064328462
-2.54925518965462 -3.262090512058691 6.743051215554429
-3.199801687087828 -4.0078375420228625 6.714744647995691
-4.427760597363113 -1.5078459561432662 6.51516166595918
-3.2093072052296066 -3.0014526482955164 6.243459164635216
-3.5827049215033364 -3.0525187661409454 6.710463403523772
-2.5868438778395686 -3.296430198489014 6.458117117734521
-3.295905616554181 -2.9063087029928925 6.766427906550983
-3.762107034749876 -3.3707034463073473 6.037870605089324
-2.3180352361288623 -3.6120676719438123 5.763230333199943
-2.6362336258549592 -4.437126283536367 6.179729873610267
-2.5350907693175655 -5.382210902121064 6.845921021945625
-2.0465035141377323 -5.181235715656562 5.492114405669305
-3.203650918895267 -3.867900831566531 6.4496796672847
-1.289995816301403 -4.724392964945461 6.636707770261876
-3.0308537167019947 -4.459668731829539 6.1211277702378855
-2.728761417388909 -4.7480694427530805 6.589208992424016
-3.4009884597518414 -3.3337818309103655 6.640137937817721
-3.7749062680988104 -2.247176919185605 7.117727576566255
-0.7203610341810422 -4.754955586891418 6.29705521997047
-2.9654950912623006 -4.684241478931691 7.611006521920529
-3.879476393520607 -3.5284314208791545 6.536289485451076
-3.2898147915804077 -3.5308689068665684 6.141376440206783
-2.596583048923315 -3.6516407763743914 7.089973453251223
-2.9787088232112104 -4.718218391008439 6.319413668845364
-2.627659182321734 -4.082899664547161 6.187239756755965
-2.532182805773396 -3.6503182301963273 6.182353260560274
-2.093793754525813 -3.903132262082926 6.363736798972797
-1.5475602775131452 -4.676412721123756 6.155955589537152
-2.2903984552665566 -3.833643226779259 7.076256912590288
-2.8554329567330234 -3.36202177765457 6.659958853897551
-2.9080819375407634 -4.251256422437654 7.135025949978859
-2.7243773192209644 -4.300892875183872 6.8911820210788095
-2.406560431753808 -4.0650865463783195 6.671508356810437
-2.3447034740739796 -3.664513658380423 6.564580185934779
-2.3105666869859394 -4.302246297338281 6.086018959438418
-2.3761511358146508 -3.435476410053156 7.792211589374812
-2.2229260771637147 -4.356089043713808 6.269332135371015
-1.3180789970797795 -5.655709577529638 6.692546099730644
-1.3363113725708928 -3.89202422165856 6.000360056193982
-0.8737050359736799 -4.675229061208494 7.029734113109883
-1.7806313481218625 -3.5221878080539284 7.388454841018607
-1.1520631791561464 -4.092891980724268 6.758888026461505
-3.4152692488257923 -3.7974626763468162 6.145704450387539
-4.031840453493948 -3.5680827567716666 7.087512268617191
-2.2759253981075744 -4.256767950596666 7.0074025131411695
-1.8257515316886819 -4.890409540072904 6.2077685041080555
-0.7803149336072616 -5.019586237043046 6.643947927681194
-3.47651212849341 -3.8418963427258146 6.857064674493237
-2.151306588602346 -4.896721845148033 7.185202130233005
-2.9149335238164245 -4.013128051083525 6.903552996111926
-1.5045889201272113 -4.960543845948252 6.790008825378931
-2.178930135501554 -5.915370454022984 6.667240716375997
-3.0819416849692387 -3.7759046984832016 5.963991461868665
-1.5237162820148524 -5.3220393557977275 6.764856278186869
-1.8808971378949526 -4.7753044266125695 7.0408718134861745
-1.2789566182335443 -4.945017384523377 6.7729933420191335
-2.1022136388752397 -4.891012384672989 6.613751842207645
-2.0213482971159067 -3.565405485337655 6.890696975142571
-1.2816133355861095 -4.936375117647171 5.957753197414902
-2.431198031916254 -4.388835068707546 7.3228065221417875
-3.18013763372506 -3.936345483218771 6.9723712260654755
-0.15364675134310452 -5.3207839308165 7.94818553957254
-2.532594485242945 -4.175642672268594 7.5174000006685455
-3.2536876627670166 -3.8733434403010216 8.099498736027613
-2.1249125123587382 -5.115407524323488 7.260360980958861
-0.18077715574727682 -5.872635105928594 6.51730652652933
-0.7275181257374657 -4.629389113802403 7.534757493780067
-2.77685652465148 -5.355466697305683 6.82176587850273
-0.3344422734589292 -4.608076059068347 7.5479190518499895
-1.5779255139057227 -4.66776711732957 6.500681895570478
-2.2180571486992355 -4.1851383108398545 6.295691579081428
-0.8762097264657575 -3.578182022476213 7.111089418191753
-1.0552931280922355 -4.112646103173512 7.342038540186589
-0.12003524898350511 -4.289390846598928 7.859373768862001
-0.2518573886793086 -4.650261956647653 6.346222729963364
-0.36513304842268657 -4.85963362189251 8.175350279364217
-2.0915383460250094 -4.685930767456807 6.997363326520326
-0.9173438853153414 -4.967010905641768 6.358798893245059
-1.1617091566694375 -4.379925653656065 7.05071269160422
-0.27225718234986557 -5.1231797059922135 7.779467075005533
-1.5094320303176816 -4.4125336252337055 8.0586734563249
0.10400149780495051 -4.93060197910521 6.852529164083288
-0.963129291766781 -5.060077206219367 7.655209415763178
-2.2082751723325083 -4.984544842105113 8.020462400870644
-1.4508491939784869 -5.210385491396503 7.253729808813706
-0.7455800597375221 -5.731644132116463 8.253040727999828
-1.1342727053254444 -5.280293030648779 6.850201044865164
-0.6046118537852618 -4.384590226102049 7.6127326564268305
-1.6297159991649912 -4.419569266857681 7.721674410998473
-0.276507411944995 -4.914138038688307 6.908037734461905
-0.784914512607798 -4.096580916352041 6.250976457408731
-1.2905789537385186 -5.16777234838432 7.578633217412741
-0.7376372403297172 -5.21591868349017 6.811831894330539
-0.7134375472277018 -3.8640371761981633 7.171459605952306
-0.3416170216269883 -5.877290665375198 7.466098963306673
-0.11080878825681813 -4.686870844139705 7.883744639216869
-0.3854627283474428 -5.091715652146783 7.474470868555717
-2.6263881149668546 -4.106617443096524 7.035224758479491
0.06135360006780457 -5.488155042433525 7.914473961518498
0.8885977408315577 -4.932030858506381 7.143021829337917
-1.3816220765540423 -4.724558132365019 7.439031145969133
-0.598897375616737 -4.318844277081632 7.705431860386264
-1.6042604893575003 -5.465137374151747 6.683961407937925
-0.13489322423337388 -4.431968761046962 7.181911846443428
1.345009140171101 -4.829816641219647 7.342989037900571
-1.1201803233517393 -4.875746140422017 7.559098516619018
-0.7662541607253712 -4.8202377251512525 7.475843151614592
-0.609859896618071 -4.1081110776536525 7.762540893765127
1.6364194259283082 -5.325162321956676 7.380641536579127
0.9003998996953051 -5.120033001200078 7.45812261595937
1.2646387232350345 -5.161296697979207 7.595830352215556
-1.1307823797744319 -5.348346992172847 7.560571562038005
0.3876487927022152 -4.884771985307385 7.804930147896778
-0.9040680957784943 -4.709981317252663 7.66080886918147
0.0853932019846325 -4.804730586813858 7.579766021981308
0.19481912999195064 -4.231199040453742 8.206471578831549
-0.9357332591773707 -5.197977010739436 7.601742038075201
-1.7607505415359457 -5.371185818961356 7.617387675862329
0.8719547945668178 -5.844830817437205 7.136585626090747
-0.6827994190257015 -4.480639163259916 8.102982360121523
-2.1711530915962323 -4.453229865600887 7.21754019309963
-1.4001140806020087 -4.879826734386136 7.459492364687118
1.4002656752237115 -4.882252012433991 7.781984535790937
0.6143513617342966 -5.731711669974607 7.459563485095242
0.0929415584596018 -4.855641856049489 7.612796788275148
-2.65547351901594 -4.045194994908101 7.045802288537267
1.4704852431501632 -5.221983091295476 7.231090208371518
0.2900508494996611 -5.713660358751262 8.070005820099237
0.6853166505578397 -5.324053958163402 8.663277243951805
0.7667626612932638 -4.790176296429271 7.62286361165926
-0.3966066741927538 -4.901765642124301 6.921617540524135
0.9267653659752422 -4.953784982036762 8.5084146306592
2.318319405440009 -3.4310270199959008 8.75923147423173
0.46484677460603924 -5.276559395039123 7.545814218349638
-0.042303165269377795 -5.339302877092853 7.7994216265699805
2.4662638530524483 -3.714785494859462 7.355122231110363
1.909956159486682 -5.395094407169011 6.948282572981895
1.1749214039907638 -5.147110189549229 7.6637995306338045
0.12946859017672338 -4.146765463806275 7.8061781181021
0.2633898090224524 -5.6862613901401815 8.273971247841896
-0.2854621421348586 -5.0049832082237895 8.389983666762243
-1.4462927227521034 -5.041674462376921 7.678352450163196
1.0049942315259677 -4.552083900111931 7.427894943507262
1.1171275489699914 -4.689787843052737 8.049783526232915
0.933022317775398 -5.153149179690938 7.400220081329769
1.1847837343301941 -5.077684165805766 8.26071413528542
-0.3112650889152665 -4.984036744335236 8.374885819275217
1.0605057404622693 -4.857124403945872 8.040605158080846
2.7723633897119297 -4.753795582428805 7.592141669506653
0.9995491928902804 -3.6952347032624933 7.85482535966351
0.8739231075277191 -4.108787399272989 7.540804475087122
2.173632682680092 -4.16086065233558 8.529835566090288
0.9283572732246096 -3.9856782709545224 6.587489006339381
1.5868763204925505 -4.094753650289407 7.731977686557461
1.4853020691667413 -4.858779469489579 8.068571368103788
2.6374371584885385 -4.838791904527057 7.999136895841479
1.6277480722097517 -5.38708993573093 7.875738551911455
0.6862215651466477 -3.999181465711186 7.945168039831194
1.3458794852903209 -3.8421557596334845 7.978233199643152
1.0563609474088833 -5.079890644092134 7.738433212637903
1.888578591168479 -5.196277440080315 8.169820552905431
-0.8999243079432954 -4.888483072914376 8.064730030685718
1.2536532618548033 -4.510085170464427 8.478095579267539
1.6560069277393454 -5.428262839774368 6.940648619560011
1.0254823786006764 -4.479165816806697 7.331734422000815
0.863661016024385 -3.7423740376610337 8.49134508940921
1.216871427510854 -4.90822491971039 7.939107184465476
2.1997943666785615 -4.921398985988628 7.77248711537576
0.6678249003643799 -5.400217324184402 7.916460716719712
2.917528116266613 -4.803958919595232 8.433433459897024
1.6585015617661136 -4.519812492065047 7.3096210731840054
0.8602049509041279 -5.010693082971521 8.796408788168979
0.44434235691923857 -5.568742467886348 7.794865010113507
1.3271756956205318 -5.061998075107485 7.867159805978031
2.336785137568206 -5.615639869103018 6.892560108238982
3.870820658989266 -3.6216505861331365 7.211577582451827
0.9854258791171004 -5.124264742331486 7.470535450492112
0.7271458864978136 -4.417118456792016 7.9919568866073885
1.2990389418634143 -4.540253754736793 9.410662631196525
-0.18474282523674482 -4.426023865373651 8.312115871466656
2.56648858749264 -5.142737980036407 7.5956841427049735
3.1810965578192096 -4.073573866681076 8.548273894284055
1.9281282221874654 -4.274961742424283 8.426089300722106
0.28841627501290473 -5.2101363425652405 8.087660683084087
-0.5271804956437621 -4.7927702874291205 8.958190092841024
2.693659916948198 -4.642976099650875 8.908636714813142
2.8352428425597136 -3.813322921501038 8.716432384405584
1.9312646412091894 -4.092419436215884 8.523340162895616
1.540392124478325 -4.129221383552651 8.383237112409926
1.6874723231595277 -5.033634276652886 7.542222353953442
2.694109604037382 -3.18417673743015 7.769755729221412
0.379996237491333 -5.187274541058421 8.308389979430522
3.61256593042964 -3.630403688815045 8.804152211077147
1.8523165944750737 -5.060500242226372 7.87426060487397
2.2515223555699184 -4.301222135020488 8.943245918045626
2.503485738108053 -3.339630090245973 8.559328661084104
3.255339825593857 -3.670377792211497 8.640548468694353
0.6943392234573632 -5.899409904863781 7.622720180485133
4.186843800359543 -3.564996901490994 8.709097337387592
3.376249471611708 -5.223412211237561 8.027688884220721
3.538011271340335 -4.15568945742868 8.34619499843656
2.7334226254300855 -4.644811074346052 9.068772069234033
2.628086145781401 -4.958224576651306 7.869323715232552
3.5385526644529257 -3.9121658519685325 8.302923726574209
3.3816392186641098 -4.665964498848752 7.128001901779822
1.7528622686710025 -5.00699591052155 8.479893346154798
3.915855698359023 -4.022203908300611 7.616888822288298
0.9055715861201574 -4.780874499046019 7.679711534131395
3.4202375144825345 -4.242691133823512 7.772462748965801
3.1097486751188907 -4.3155696756227035 8.104707150054212
3.017335103919675 -3.8464850075632264 7.736319691711275
2.579914775638284 -4.689398802832043 8.180548086927146
3.4052669181763258 -4.687857395170812 8.822903993750325
2.0687504227501328 -4.70814513442112 8.486398413899272
4.11179596217652 -3.2172038253965543 8.844648388518538
2.939797262658685 -3.938412127449211 7.801724025979369
1.7252392949124984 -5.44161814702383 7.233901752352473
2.671796141266805 -3.682104774394388 9.04554789019342
2.34569687728929 -4.872688273440903 8.80385145352669
4.578454734259062 -2.325955710124527 9.230874984586157
3.0987650402480287 -3.1299735813734197 8.911193523380986
2.857369150455885 -4.617133090061539 9.056603469721628
3.169551176707613 -3.5724277654049175 8.783130036946112
3.6754727187036753 -3.4085264895566176 8.798933346566482
3.2493547563473135 -4.327935396913141 8.885266144284113
3.1069873098104135 -4.191359534406187 8.35877763832158
2.5868036298364503 -2.0198646416882866 7.487267615545809
4.122941162509642 -3.2661040959595824 9.032038140060623
4.132796933892346 -3.412042230425527 8.933369058134838
3.8047311414472293 -3.269743967480266 7.878923557011854
3.0016279606965304 -4.013068594350729 8.060738180953821
2.208458994333935 -3.6392961578432748 7.692477948393469
4.228280414192212 -3.4214192183432166 9.016554860040573
4.7278569817761475 -2.597888904704986 8.9054666306117
3.5985500168353295 -2.570326343511389 8.858238455499137
3.1633389995760277 -4.907663606916098 7.844859259417169
3.083472233330706 -4.126685051972637 9.906824198219159
2.3079318582995265 -3.6176351208367423 9.332923395249846
3.0149537230188774 -3.9010454884004284 8.325567624932647
4.0628011601453595 -3.7951453126573482 8.31288496592374
3.842750081833352 -3.2586294574880803 7.981123216176025
4.201985378167675 -2.7365848809114284 9.13553062055459
3.753625314881463 -3.982836206455289 8.34041991100325
4.059456863708607 -3.40124338862141 9.038067879726277
3.464573473188113 -3.691606177181721 9.190115461645014
4.826388156215195 -2.824143790245014 8.97378736403108
5.129991762791445 -2.09938643025556 9.270335827550701
2.9317422422641073 -3.3010115143217846 8.764910418393278
3.1382561468590384 -3.267692192924109 8.944818261959846
3.449088179277979 -1.9881778846188192 8.415257830634978
2.720152729181612 -3.812624971154181 8.61568028506998
4.080268116394226 -4.066213531131776 8.808759108099672
2.6125414153459086 -3.4399672001752597 10.0349143343921
4.47566448519469 -2.8394676198671975 8.807344001311694
3.693256977971747 -3.447803037932308 8.986030419734865
3.414436767084884 -2.682965365437186 8.329113374899956
3.787775977022533 -2.6995443034525795 8.744540215368188
3.7304470903663156 -3.5302636243552974 9.356951632191697
3.2285609982691574 -3.4811434673844084 9.684340350594919
5.393439369705787 -2.308588137559423 9.145928757709957
3.9451372892793772 -2.042730275781535 8.889201737935585
3.7079928862979736 -2.2794947415751596 8.209109795871212
2.8386871761376136 -5.20960179668158 8.945273789364576
4.797680057262707 -2.0323574179920736 8.488432858619985
3.3820013606786548 -3.4089530525616207 8.933698865382269
3.479163707368174 -3.6293711787730607 8.394271182537238
2.5978776683692004 -3.9110696852912095 9.525011819213647
2.920508870967361 -4.181003509865275 9.995180050928134
3.73561363590839 -2.880279887885215 8.70274757466201
4.2587717370274225 -2.4798674957739966 8.441614469384751
4.043431284504579 -3.491980278127084 8.629317355001282
4.950566507957734 -2.5806775403080953 8.596234969624254
4.295489074837031 -2.198415761009569 7.6329295368886925
4.234806051987941 -2.0430860580799144 9.46215437589491
3.9124393236448314 -2.432835526509776 8.434002055252211
3.337095118380035 -1.3537468875400587 9.383216045328762
4.038873418384214 -2.3298969218877317 9.51244679988117
3.3249599000817147 -3.1006714032561806 9.590292625320007
2.7846214818542587 -3.5145615459754924 8.697407713133993
4.331340559428993 -2.3687053899520594 8.940272779640011
4.63241183267861 -0.8568846944474636 9.712558817937012
4.136810647511457 -2.908651611815739 8.987780298571357
3.917247582862021 -2.1067560868587663 9.219117604061482
4.573651833611994 -2.534699428064998 8.332599097562793
4.776167206709764 -1.313947798107218 9.196897806773178
4.866383752381758 -0.8137954110759329 9.23330335565422
3.4989945122932125 -4.322207400767511 9.461252997115922
4.511704463564813 -2.967620916578001 8.510059273900964
3.915756053506734 -2.4605110388656763 9.541042612523718
4.332638663907663 -2.780669979028382 9.528095039507432
4.415120381074248 -2.031692527941362 8.848572813609842
3.1891722455906346 -3.7225591107743607 8.522963755472105
5.163787148592312 -0.5368090428454222 10.004240605266148
3.61613419606034 -3.377263305874737 8.919170515002769
5.149282894425597 -0.5829962931383318 8.348648344996766
4.4750209559237755 -1.1947019607137441 9.157118270137174
4.362653489654866 -2.7879703653199575 9.35311528062327
4.758995196831411 -2.4030186532670457 8.877642615203595
5.48083538302022 -1.4820758241501635 8.870769142549698
4.8962004235769445 0.05969201880707694 9.134226753052507
4.276799600341069 -3.1326158618127753 8.847437354574463
4.743761933424894 -2.212658785313192 9.882113355173203
4.095027908292006 -1.0827326947175993 9.719580517590837
4.651461502534775 -1.403342482623124 9.736198714429722
4.672018987972817 -1.4858409912297068 8.552795300483425
5.314821849937834 -1.5036098598037333 9.586563720596173
4.844657323010977 -1.8704825601302986 9.30010070202031
5.126791412459467 -0.12849182161859282 9.733335219061116
3.539187225065003 -1.5649863977406793 9.233765901972598
5.226265080263381 -1.2232266379548487 10.132145496679847
3.8371793063807647 -3.0038197697309927 9.535447800098051
4.307272179853393 -2.5635229704381555 9.6610039007687
5.451549745332315 -2.210046395224352 9.453621307413377
4.386759721799069 -1.898380020872749 9.39045587366361
4.827186768843044 -1.1880562430612798 9.900473092285884
4.421553827425153 -1.8213679564288463 8.523373020081362
5.280298560691288 -1.5252025096670727 9.937043409916194
4.144549858258985 -1.6485930289543302 9.885331340896077
5.133581039463874 -1.891837227132123 9.972764324936884
3.5060974046543314 -1.5791298220526977 9.736572295266221
4.424042979746801 -2.656299639018392 9.856035334159332
5.511764994551438 -0.6669813163210025 9.073353958828877
4.460398333905327 -0.8998473617192181 8.826110713739576
5.5292670651442615 -1.4740629768608742 9.7952005223189
4.918239312414323 1.2673144136161805 10.270840638308805
4.5584451191673026 -0.8480307588164047 9.793016355456476
4.346103465191383 -0.8499982268481263 9.831388972163465
5.156070394456692 0.4524992218335648 9.199049280261457
4.494579304129467 -0.9756061048385914 9.590565202132291
4.602361138169764 -0.8784202146964208 9.117450639536056
4.578598249164354 -1.0657948043756718 9.724550832629566
5.37141484567351 -0.40547477765178697 9.783128318173695
3.555413154326091 0.46111767479910026 9.446329663457679
4.6856473847916345 -2.2418849162321504 10.451657996268652
4.448822616640781 -2.1157364743922074 10.460177547325243
4.924165446827266 -1.4403338027872994 9.897397385634282
4.837077069537346 -1.1122945858139472 9.631898071362079
4.896115704247042 -0.9447137359819275 9.293089341464494
5.107510956054251 -0.8208567622539618 9.257563605274504
4.945973000552573 -0.23049469826045674 11.056078276600072
5.481208971958837 -0.4170618873348096 9.623575076568034
5.119900675099092 0.6803704040813366 10.044837774844535
4.50429840078059 0.07396629865814015 10.031081669493188
6.01439951863682 -0.04221612570839668 9.946698220716652
4.5523069984505256 0.6295212842560797 9.278950406668478
4.568855954500068 0.28195086245030204 9.940367783847018
4.046937909424298 1.8427921764114428 9.453143625667716
5.168281147630009 -0.27844579965181776 10.143554237005354
6.440827850990783 -0.22514944187993796 9.634447582113165
5.670407544837256 -1.3694958693976798 9.609185333541658
4.7942994652093045 0.788745625574976 9.547041139083232
4.693800750938701 -1.5259344242178767 10.088585874571582
5.249157515889723 -0.897824089305335 9.71223438665305
5.289025248107964 -0.7284171824527901 9.791786690297519
3.884718538179151 0.5576406223643013 9.99117062766831
4.962126795365736 -0.4367888717010971 9.521838826069079
4.412492152218806 -0.8107758200969394 10.436380953652598
5.922248422900908 -0.3718904426971389 9.31781642164335
6.22762654314334 0.9914149437635348 10.35305663223869
5.057944410284662 0.4737370328347402 10.740251960211266
4.1918801897854605 -0.9739656131539128 9.814646997304557
4.614740828796625 0.7316039349385011 9.60661739491501
5.078828673291064 -0.4047497312894079 10.008764672424475
4.827692608236559 1.6089655391287803 10.00374576663177
