4.191982584169069 1.1338566695874275 0.48460067768433807
4.999588303712511 -0.7747587625779049 0.04478475406782764
5.14107756357343 0.3334636066035084 -0.4660698779552779
4.555658604590897 -0.4190662164278321 -0.4978147266044126
5.384511160361724 -0.39760902257444686 -0.4711431315818769
5.432900411470571 -0.35577504117608855 -0.039093248847108075
4.45269910845654 -1.2415737132764917 0.635328128415567
4.645974101042103 -0.9518153399687928 -0.07438840157604168
5.338524643021395 1.3327689227449808 0.6488241926025662
5.165714387863258 -0.18183296249102643 -0.7214147730810146
5.2034676949109615 -0.8216755851363415 0.2731098714179583
5.230003721878386 -0.25399631065736444 0.05084156378927055
5.22426378495301 -2.226229371840476 0.2968539344667158
4.519152144017674 1.6108960449184286 -0.139078497244219
4.177566389779759 2.0749099976078647 0.9977490210830033
5.2628864516964295 0.7306948737120876 -1.073618444727303
5.235235583079914 3.2189055297927367 0.5594007668111731
4.9693530600446545 -0.30347684881198095 -0.01502116735818837
5.2995002386366155 -0.475295626937605 0.06852221307101886
3.739642756976923 -0.13200136061075665 -0.3298272426724564
4.6780039214878855 -1.4142330880987748 0.5086603099858537
4.788473167595203 1.04767050222046 0.2445796907691139
4.962181435480213 -0.43060003002345437 -0.010896343160842425
5.089443683006491 0.8704606850469343 0.13962916613041415
5.374847055838773 -0.03851322661050477 0.13509712456359696
4.6438132181355325 -0.01035224814245413 0.7401925574992531
5.154997472180582 0.6289991142811108 0.7707345079588153
4.775608164721714 1.559590903972644 0.3605599556836211
4.794084856089485 2.0528570974564446 -0.42843557787802045
5.15252604146322 0.6772247462673685 -0.06571777877726587
5.149062534307441 1.8922186015857043 0.49784177161758203
4.698647432524448 0.7417713803988444 -0.8490503902815183
5.330052923446488 1.4242230004387855 0.5306939644251978
5.144166900253279 1.3898525626196077 0.534957300739811
4.197900568266872 0.9189975181060972 0.2236663051223291
5.060848909766841 -0.7004484918535784 0.813166731802617
4.14837312812522 1.031920913689058 0.7587106125527763
3.3367178376648003 3.9357538217091674 -0.21190088637695814
4.87880290409756 0.12839155531722543 0.5836774522560381
4.033932057919673 0.4032699542682294 1.0007492918495704
5.184696722302571 2.4516456093136445 -0.05264613975539595
4.555264603809666 0.2981296064763057 0.11705906538319405
4.162144055577918 1.8063199678671218 -0.8726054875315356
4.547198732644987 1.7817994558711894 -0.14159198821515406
4.157602035039119 2.3653127197047774 0.7041148044616388
3.536465892821341 1.0019184304732438 0.5786507225918068
4.1719992093366525 0.9929855319393367 -0.12679420535977937
5.126337636123212 2.174318375010296 0.032048188317639115
5.164548528181648 1.061461756208862 0.4069356508843767
5.651272603800529 2.7383613240107745 -0.48109403930934647
4.0360283177074985 1.730755830889373 -0.02020007852705641
4.581668867043573 1.9872891518336622 0.7248193869280144
4.1135817299763255 2.1228612879027517 0.10449451843651514
5.236901935008378 1.2291597566203718 0.15852654935236615
4.503119464982576 1.4388873339638322 0.9136866255007466
5.158784869782977 3.3646226766783998 0.5191639921269318
4.339191189017795 2.550604906631744 0.10040116636342372
4.579259960025969 0.8094858659631954 0.046498248599441405
5.179142120629513 1.4426917127727452 0.8541285030999372
3.6756042183829924 2.4221540391697496 0.41229302384084177
3.687915301738117 3.277052811623743 0.8892458331494797
4.541181912481542 0.32060377971664206 1.0023461893713965
4.242457093418449 2.2266664779342356 0.8492942492219193
5.1741321660377055 0.7808959718331201 0.8623792077194848
4.421549197883234 1.1556925993488383 -0.06983580387597754
3.4317857165159205 3.423149054168465 0.5413404574079137
4.023520980525198 2.717480498245897 0.36284807559143106
4.835282137840795 0.10205147583137575 -0.7825075721767568
3.747838461207565 2.8732110367417665 0.5441368984091325
3.923387334793266 2.6483398523825583 0.3091098767315789
3.784415892733936 2.2469715612909016 1.2532347272886155
5.0941341132376445 1.7469603799983415 0.8040028948808703
5.5458745575450585 1.009150043037464 0.20731688769336054
4.020037069156203 1.34895819193596 1.7459925937955025
5.265645741737758 1.6112463482153567 0.6167381306731015
4.244668340050185 2.245086153192149 1.0715714747333551
4.333216468684797 3.5096412050715227 0.3430328397531318
3.8910368444424166 2.7079193512386404 0.882265150392579
4.245148835507284 0.8057398005412282 0.6869901235978991
2.8843659426407346 3.1032854721309517 -0.36902390473039004
4.674775442971982 2.5933248981507444 1.4163135468571144
2.0268049184273664 3.83762996233918 0.71516108675566
5.305349361903648 2.169789851571146 1.6673929187700158
4.457911659866774 1.5973275460706882 -0.2562454921565176
3.011347251576609 2.7371416795039463 0.4860972167675539
4.257163797665767 2.8351835216491366 0.3582205776518375
3.382181708897562 2.7344883059222873 0.6814194697079197
3.76745960541064 2.331901000025575 0.31142896973181355
5.6317245343216475 -0.3731664710000586 0.5912148328427553
3.6644220544077544 3.2403607366311573 0.1376624410067745
2.903820209999179 3.385233217100565 0.5987830029724825
4.403626310577142 3.850715981702757 0.622615606554547
2.8223308862464647 3.3877075354705966 1.0559993322844634
4.413067724565687 1.4960221723946987 0.29884794512347357
3.8317344444235992 1.5979905485672241 0.5375214222614849
3.5768279017258657 3.7940720286525695 1.2998284650709846
4.3316224522195785 1.9033366550998876 1.0446960460155292
4.443868792815538 2.9665040033530983 0.49853634529787677
4.6839967508289 1.5739522343182377 1.5907400049825107
2.3712389891027796 4.036525915590371 1.2007945321119924
4.6601612815129 1.948225072183761 1.3735257338426363
3.7530453476494947 3.855645434354149 1.0297189047557969
5.304607690732393 1.5278298203436234 1.7776469722766004
3.3337386729965934 3.769598788923456 1.3949713682115745
3.170481917358381 2.8183154870331943 0.02219563483567022
4.326397905644593 2.741209259422177 0.7198001351254603
4.016768825632139 3.7973683977938877 0.43493286534076847
3.8081270896098696 3.703149124945709 1.2104004637085612
3.312798326855379 3.664302309968464 1.0342714611861787
4.241089107830199 3.098985934558023 0.5999180607797931
2.9218535821260927 3.2626609316210025 1.5701866548000465
4.902403620730593 2.7400044079301913 1.8889650413984034
4.210706645891721 2.8122337057835316 0.9946540469238858
3.012225790206312 4.183126556113289 1.757880522959356
3.938881174121135 2.7558244351452794 0.9844245905961242
4.001430280394777 2.866173182749443 1.5700736589958522
3.4902090138526978 1.610358931292331 1.3126619066504575
2.5961910814010474 3.4915269412483654 1.0192307899266069
3.622076708007523 3.8800482354232293 1.934411529149028
4.288955299220709 2.3119862558633724 1.081585568935467
3.2499349042946384 2.75670678522744 0.9894461000517103
4.029292905543556 4.695832808566686 1.9613240126003788
4.913575965058757 3.021881875973244 1.5441782140433724
3.279681602106317 2.9190020815345625 1.101356784818903
4.777143018935843 2.3310950493232956 0.8661045951262425
3.937626077318773 3.830366982136173 1.1415620829241724
2.3198043298532993 4.034449649564975 1.2740612845951043
3.9042769887562727 2.886623622075788 2.041043153671942
2.852886589996053 4.068883349097789 1.3905557043565395
3.2762892341629635 3.8775934072896887 2.137076435833097
2.549668042635833 2.809947275015365 1.2378981275358396
4.067267540460553 1.9388194295691694 0.7808822511457455
3.4178135708752695 4.7404366240201155 0.7475276025877899
4.136398314442669 3.8913768316360153 2.103192629038965
3.7898787062184387 1.5639046924525704 0.7212756148199524
3.088301149823679 2.3692940918588 1.3580429276579202
1.2068436997506422 4.229871665615651 1.2213879277369781
3.431799230551363 4.122106035089124 1.0965844414840045
2.608369148203652 4.3242531443443495 2.0617095111900077
3.6681572111309193 2.889332151847493 1.0843102178044928
4.0996746520123155 4.430837199011126 0.9189119326744941
2.33586591626356 4.458402115217834 2.2342698192538206
1.6357994275858954 4.850758981105269 1.6724884008024135
4.1864837039131 3.3916394508504375 1.0042869852205405
3.285799148516452 3.463479908297068 1.0366494287415677
2.6734858700297934 4.1329979546255196 1.390734440446881
2.4361655115964114 4.209221607890595 1.6800060888422155
3.25116186701634 3.7550273944334873 1.0461632951334772
2.6348820896056164 4.477274895047108 2.0100052430190676
2.882234231823034 4.531664329431265 1.8234092057186801
3.5505243954466503 3.3582592584533844 1.3764420998158675
1.9971024657222225 5.1759794434911015 2.407870303657288
0.7301264972808926 4.788046553783297 0.9320685485228606
3.6940279798225886 3.122690140758364 2.0761749668783853
2.2209206958427865 3.919903249790755 1.9850093813263516
2.531764148830366 3.7620980905267443 1.613371151502526
2.5907584467635254 5.6501198629878076 2.434525015853572
3.3220393951503255 3.073853868500169 1.5379021054311044
3.160624251387967 3.905739919420519 1.8837520768335039
2.267393668863423 4.359722587000805 1.8269308138949019
2.4802748628848006 4.930515473640121 1.4652196036407514
2.9455013084734105 4.093697367350625 1.2711582652722067
1.8717929891821925 4.552129370638877 1.4254776404283362
1.6047690613664152 5.2366034626714075 0.3078709969611142
1.4486785255038954 4.55941182397753 1.2269779769710127
2.673497302166536 4.9749214416477185 2.2642078484151957
-0.14092449430481907 4.556157139095558 1.778842629587229
2.8694034031037683 4.33409355534503 0.9056223495076307
3.1015287501675672 4.504566798487882 1.3814424977483337
2.3360131814285414 4.39582008378021 2.1292450770689095
3.2102367218502885 3.3716684750150105 1.3269756675560276
2.216062124872328 4.918097064758062 1.9325480879418442
2.4639994643469034 3.424938196226612 1.586279295119133
3.098003819752011 4.7808159742195855 2.2526483020283896
3.824042012742449 3.4979539453610915 1.8184571783311658
1.6483127275492448 5.447424611985779 2.530468759147385
2.946676314581953 2.8456309268944717 2.2308403282891183
1.1965059243388916 4.134349359034771 1.2658515678943223
3.7688961308604183 4.41307179662679 1.9585261272905965
3.310114029828 4.885522372412194 1.785665880262977
1.9356701757624526 4.715602708845777 2.268610215907292
1.9508811009222005 3.8291618015983238 1.2935774710339685
1.0231519094968315 3.818937407698481 2.3758885307953648
0.48946425625211765 4.818384888988979 1.798827595949249
2.0758211740766312 4.699389541596408 1.1266982975702655
2.3257759141636245 4.3575877322028855 1.641230498447089
1.6393811418149347 4.135431925260149 1.9533171264698317
1.787976670482038 4.224350035932641 0.8462375758666048
2.010380360009893 4.444349479194305 1.6812431156023322
1.1345527514977398 4.753614082098053 1.8508223768392749
1.036697254929645 4.137854734538437 2.244283886012399
2.538010361619447 4.1806300112846 1.84698940381822
1.9817966359845285 4.420840499094965 2.3693096849648234
1.1669770758842992 4.8735947140633336 1.6342190649545278
1.0831258131162724 5.869648095923206 2.4551284663806014
2.403584424990286 4.919188317220582 1.1531417114350824
1.5473962832852308 4.293355764879629 1.876497972101896
1.069216707288261 4.731977417176811 1.185619749716193
1.5151405627439793 4.770264093621878 2.6415281581947196
2.00675370889415 4.827710678357182 1.5007809879040583
1.6326484680113111 4.787640766344167 2.100801800306175
0.9976868951737113 4.339177122015487 2.416312028335491
0.8121101943914413 4.448727004349793 2.112450952278649
1.3123566427111115 3.664336865168242 1.9093419730850083
1.0845217963267846 5.172699451155017 2.114146638643354
1.3682557997973834 5.29103227673016 1.9357042798277404
1.1401227288721276 5.386971403576563 1.997940057562024
0.8270710481097476 4.36844267666235 2.8242734756067653
1.3578664193914376 4.860364086500897 1.3920048241561167
0.4886602762365568 4.689834712669555 2.4509766430755553
1.7356813802091298 4.73125195724651 1.6407363542880877
2.6695698024294017 4.114585907612569 1.6309047544906725
0.5543389563705562 5.067224982074648 2.76747117718536
3.336772522434062 4.6791711163703775 1.7082334352767996
1.7038634472983403 5.265234358451641 3.7421249967110533
3.094669746949406 4.057365273852539 2.406802828555633
1.4302980284875964 4.821568652162165 1.523740980359991
1.3275010897493689 4.281563303118156 2.3828711472970476
1.9068081949373303 5.394767842360436 2.041291937601177
1.8748577566197908 4.132753512088575 1.7911960775612283
-0.034152343115527325 5.343278359995902 1.638412983991644
-0.010533385024662275 4.31198713909154 1.9063387358570107
0.5173176018133212 4.523260769727023 2.357711178089718
0.814205786958596 4.995116596416738 2.9713157213809915
1.987763998310207 3.818231883444744 2.539050158910268
0.2087029861034756 4.747793858784277 2.4343929752846067
-0.12127803143311414 5.239403938153246 2.233233025603859
-0.5847230977467759 4.447457159194856 2.7230307889502576
1.7653448635273528 4.474007332557767 2.076130975833094
2.1845242565126965 5.222887818328143 2.231263398975949
1.8277399482431353 5.02641585349443 1.9154436066990417
-0.7282259306104857 4.894367746493055 1.9677365912620983
-1.005474141960621 5.366042924285861 2.698973753569521
0.24568146862053317 4.825825354301641 2.1490564765570697
1.6319947780391508 5.044032651831511 2.150797208206579
1.0243651363888244 4.769565272030465 2.3085230274687403
-0.5314656313299945 5.790295327581096 2.334908442259332
-0.6129441945273882 4.873808923667548 2.69199426232835
-0.014711382354350136 4.630930620807588 1.8808228951985306
0.6318650710753755 4.827931838096463 2.2885867303596688
1.6956092984429902 4.817768846281481 2.514861279668718
0.8120684262638568 5.531462608835101 2.572774108875051
0.5264575652503192 3.7702397647680557 2.632778622473527
-0.3456944087929394 4.53081539445038 2.534724178318603
-1.3524390171642098 4.599654315657304 1.939481285327799
-0.9031359001338349 4.320702414304619 2.8688243249587604
1.016474900282152 5.031601036040127 2.177778239201827
-0.28516487721558226 4.756782344845571 1.8759288411324873
0.5678980667520043 5.3458077232298296 3.374451997999179
-0.06957029175219843 4.822819349110076 1.9459740851215424
-1.3821141649889348 4.864578905911777 2.7213048427485154
0.7954099158662046 4.56276661582654 1.998758577776787
-0.3299781506192424 4.471129178709749 2.3696202619218694
-0.15331443498894862 4.3308415177860375 2.1569266076055262
0.0921114102180211 5.496571651076331 3.448691698640995
-0.09749192625348141 5.732649341438351 1.8662581735267652
-0.4036605393214361 4.5614163805625365 3.1377677192892937
1.4033677382476477 5.255745936548037 2.366904401723003
0.5359583176335752 4.347077071275441 3.0940780994500034
-0.8421472482204644 4.3368629089280635 2.5287254194640463
-0.8299214751264317 5.0310439977046935 2.6581217168105917
-0.5045876510908355 4.889422798283853 2.918874012302461
-0.1418401054192521 5.138250137595767 2.81451831020488
0.9469256435050001 5.707201346343942 2.5734198581487795
-1.9648035175839293 4.081829991294141 2.27489863191864
-0.4687129003346446 4.250603740470369 2.0062131841800106
-1.465036616281983 5.130707527537861 3.1564204384321535
-0.8203270842962921 4.538788099895963 2.545337378480397
-1.837873916178873 5.115074525209956 2.323413518798066
-0.4481340103507824 4.794086885826094 2.756079822502105
-0.9681721267409676 4.987837090668267 2.587660741113956
0.7985006418753813 4.567857715021373 1.676762900475271
-0.6126845284749246 4.876682669199995 2.6539643144240617
0.011032391332047833 5.207751005424127 2.2893377779336266
-0.8761079580069964 4.972522712101708 3.2496059001037074
-0.8054241078749446 4.343116678059958 2.6315995915893318
-0.12589211464461839 5.252919778828385 2.4323355489025795
-1.9177344373472016 4.005123576359913 1.5487322224363747
-1.5551440392882103 4.898821082005548 3.2861028012465487
-0.5318319775025127 4.969708353121595 2.520669258872129
-2.146647452967385 4.8733736886765415 2.9368309014534724
-0.09853621700934251 5.143929534247776 2.1108546451902432
-0.7656602281252894 4.538812722899245 3.005505763955587
-0.44950254671400286 5.002143676267205 3.069206764190756
0.5512777170628474 4.466109022680165 3.2832830737841863
-1.4582370793607153 4.879985124970345 2.932789022155627
-0.9375589085860303 4.853794682051236 2.488987357839661
-1.2479593576037862 4.053755829831109 2.616557133630613
0.35028839610142126 4.738377385626363 2.7715241993335074
-1.396561441169896 5.050998422608788 2.5034644029667708
-0.4094534421352206 3.8917953621442445 3.223294781556371
-2.2396273811575234 4.817207818199067 2.2615644615115857
0.19646707116847453 4.654374469844141 2.406573962663753
-2.6340563389082883 4.623888644086701 1.618312549676281
-0.42274997742615916 5.117154048419418 2.2417286956993787
-1.0854629032241645 5.007074858913612 2.149921709891401
-1.7708183153503552 4.645098110099441 3.6313159858300246
-2.076341652484968 4.280674233551767 2.892155559002385
-2.1780808971762395 5.0394901619612495 3.3738285100866214
-1.3591506635934167 4.590667935649827 3.5427373412328977
0.05702030235781723 4.826230867723639 2.8546091769644018
-1.7121863319691164 5.178010057137052 3.149885627718145
-2.8406577168592557 5.1041528842704444 2.9054871837681175
-1.1931939244311516 5.006768266933568 2.800215997614995
-2.0995904333298885 5.002351575516246 3.6900187445973147
-0.9556589330047349 4.596317634695145 2.645952672339786
-2.59666009537282 4.3028599350918455 2.5231088167276554
-1.570776055459246 5.314862365707859 2.8334937095957384
-3.5873968457007557 3.6833366044186207 2.8181459530956015
-2.6268090370707773 4.290187077508098 3.0184210715163324
-0.6343103658310557 4.726511245645679 2.3820234435813363
-1.0713749967088448 4.938352986507855 3.070891988868954
-2.2208959326215454 4.250202136939374 3.169564326546671
-2.184678304132301 3.708836403025733 3.1257718288470673
-2.2996169800906374 4.103251111515019 3.653492875071226
-1.839723056007721 3.832131359616042 3.478796254565188
-0.5426832278808977 4.640195478498152 3.9240451964748235
-4.09696795977674 3.5001565917190733 3.772450352741675
-3.3447694055009936 4.392859837270755 3.034687052265143
-2.106776793868554 3.931889617699227 2.43351905256115
-1.937652564693499 4.864994343024319 3.160627444319905
-1.6894657087708023 5.0240225325866765 2.156278199090724
-1.7168993529177052 5.086878532002584 2.780207331801496
-1.7833414608446658 5.639674591967721 3.270676541117367
-3.0411029835390093 3.927958096267442 2.87662368499976
-2.087636332858149 4.342227872281226 3.939258406115669
-3.1352437554019894 3.8203338033785004 3.202292472695917
-1.656772725464539 3.4479087225876635 3.4712657018621993
-0.7098457936057817 4.873491495658762 3.594641942955651
-2.704981576943289 3.958678461892289 2.350647168524052
-2.5818706723454157 4.477141745231731 2.8280181314630366
-3.35727504058001 3.7122273816328075 3.4678787652979572
-2.391432391776835 3.7366410037505413 3.2287723410402345
-2.170720401105468 4.6218843296577035 3.6715615132211084
-1.224172063784171 4.9252912363913826 3.0442675102952337
-2.465004323780127 4.228314477694626 2.6066768313410913
-2.141691863093632 3.1771992661802764 3.6700728151048194
0.02995996005526483 5.434063451010937 3.9499644937435736
-3.787298426620886 4.38236960162369 3.6857372926468175
-3.3996274366152033 3.111900225810753 3.0190367197716528
-2.063131891309965 4.245997344734834 3.3489898107622107
-3.1330938991240878 4.308377858562954 4.403119445719362
-2.5616833033126656 4.209007778116272 3.193875970446759
-3.0460200445580368 3.5027727178465193 4.078297265794111
-1.1347737511733131 3.792335421742064 3.0290605493703273
-1.7074713472489034 4.652474843529351 3.6451456678807284
-3.0952540878670565 4.929141281618904 4.0291715501432375
-2.748592694940391 4.08481968072524 3.532045610805927
-4.089365929562862 3.761366422573623 2.84332349993046
-3.292458722839205 3.9265039369394947 3.4464080315313232
-3.5902329850674515 4.024208788233122 3.3717480364374364
-2.3797275629091033 3.9080256654489123 3.561581485581524
-3.2236323134197105 4.108886565446577 3.787115974671818
-2.2506081656920633 4.3823507995030315 3.6545722447235685
-3.6541310588503237 2.853225707245936 3.270036125028999
-1.3430451703381845 5.145983175365009 3.8401736174834076
-2.8907250019646877 3.2014824310301324 3.6803077413925656
-3.97213708610799 3.3323149924494144 3.7564968564750565
-2.169716908481091 4.6108981216100196 3.1619648289850435
-2.355202362225305 4.9488613895706886 3.237806761930205
-3.932969193237635 3.066061435972565 2.95133331768448
-2.211397382076223 4.036991115027304 3.440819587554054
-1.7530219141233983 4.436126909452594 3.6136683159597554
-4.162008531086864 3.1064003235698645 3.740506916187952
-3.84981899908965 3.010886243363994 3.825938243466627
-3.902367995595254 2.9541904314356446 3.7415595178254955
-2.0805605990321085 4.494030669744584 3.8566702146515084
-4.932274189870512 3.0444367831806938 3.268654073985362
-3.9360572118998127 3.3760239596973287 4.22222605303512
-2.476990115966068 3.496140299259525 3.6600916135911046
-3.897381943529307 4.503551498673711 3.648012787279645
-4.406148700444961 3.329854866631793 3.2674574100173706
-2.9861585360384084 3.6075173173443913 3.915588697670422
-3.9550325135943316 3.3131817990116694 3.417598204297166
-3.300956265063432 3.290788363349258 4.16746603858732
-1.8398164718909689 4.276462259213313 3.104511820479531
-4.541023279717677 2.886531240474022 3.720580157104826
-3.1096687269100327 3.577801404300685 3.375391792054432
-3.0235627198323374 3.723704818295864 3.708736638535864
-2.705539788934223 3.923375962236819 3.7777911978025456
-4.480900267971868 4.759389597598257 4.378310469314172
-4.2838458623894775 3.426032920796704 4.009305091287861
-4.675445481416934 2.5898045510021137 4.234483454930389
-3.3807563343711347 2.294557851602678 3.7613868403701036
-4.830207471833727 2.161512076085309 3.679344712956485
-4.3989960129732335 3.1928179061809185 3.462857556628605
-3.0272311100832527 4.05001065614387 4.56765014807497
-3.795803193419323 3.628089857663618 4.568357260248906
-4.093363424406837 2.6649885691692177 3.753638304972953
-2.619566407605998 4.487978562319466 4.353300946852176
-4.594775818657652 2.529661795805715 4.07336301204849
-3.0482766143257845 3.294504444100454 3.7552154408681897
-4.064047171079609 2.636118429339439 3.6135376712767773
-5.665043873514058 2.5009877997233017 3.7705104718706184
-3.704133246179236 4.107099489847157 3.3454844870089655
-3.210207523214267 2.785998078001765 3.9964664698968697
-4.004134344687466 2.936001150960003 3.63814785509095
-3.8985308009225674 1.840399507993793 4.856698959006355
-4.632288713203067 1.4334889586704962 3.5193692782048984
-3.483205072048426 3.280900650110855 3.539348244622931
-4.646396086289979 2.4771501551318313 4.411016988719877
-4.016374804510068 2.1273576107706385 3.5907390921988958
-3.830697946333484 3.1592731435989414 3.878651207314877
-3.559791633520014 3.334442842770435 4.210365733411216
-3.501439188611156 0.7555415653936024 3.800988068853616
-3.7328879906562538 4.1513570031875515 5.301533364881323
-3.6686045685003354 1.5189662609375154 4.969659016640263
-4.455596097249727 3.5884014850375943 4.134827490697119
-4.352739535289831 0.804573947319874 3.7985018218422106
-4.8817228908218055 2.018893627496612 3.4616877771250634
-5.3318195858994635 0.9410971825874057 3.449220768454265
-3.253617126153761 2.3970357512569427 4.234300994720836
-3.9470465029135324 3.90645200430903 4.585262168759794
-4.584596921110583 1.1654898782512104 3.396455175757473
-3.728762392430635 2.3423930398154615 4.383859688962749
-4.04987256060647 3.511062166758767 4.1417984713620015
-4.372098972324126 1.414063061998675 3.79417560238764
-4.266284248137501 1.48388122170586 3.883618338463901
-4.428761275688995 1.1432373802983617 4.634022837516937
-5.6137754800180435 1.0093278966782369 4.6096425998359996
-4.187367574432788 0.6777968820302627 4.661806869241077
-4.5656567015901075 1.9598684242594326 4.673101229685288
-3.0432104835902374 3.2683491371689146 3.9853838828998733
-3.905800212612787 2.461686103498896 4.4478149510445055
-3.8657264548573482 3.1400274648954154 4.402315133413609
-5.1050486872223795 0.4076229623652675 3.913603554277277
-4.7648702275056785 2.2261815672676897 4.007508114949345
-4.2702153214366385 3.108020950986644 4.554624260909352
-4.536880197197425 2.7991649310581552 3.9205359118271295
-4.435152046609657 2.1568960905034684 4.034571490911513
-3.6541914294339395 0.3528148037356367 3.954768630512243
-3.9746310348411757 1.7818286542269974 4.292874422241914
-4.995906485258008 0.9466623204598328 3.7429517174363225
-4.788691013426656 0.48519532300966683 4.6743198050764505
-5.4878357966083975 1.2091739626417812 3.9111234017806895
-4.728868260088092 1.597900752705985 4.576455238502779
-4.57280344035047 2.5707940481835685 4.454525055570191
-4.544731159518746 2.370735517832858 4.574636077027102
-4.900377779650464 0.5239559576018192 4.760231521171949
-4.794864038957448 1.7317139686111265 5.083560760733408
-4.5804244714202555 0.0656473799054972 3.835685415554564
-5.056813437201549 2.314195431632935 4.42205542687812
-5.610112505944793 -0.5055484373388599 4.808395680517344
-4.535184856405267 2.8872356631289935 4.755631634819159
-4.419638678113904 0.9213465283289585 4.198379671862579
-4.742096081782583 1.1948557143907297 3.9843318607462934
-4.862904138846238 1.9069699879627822 4.424376221761388
-5.47738058893396 -0.27032547189319794 5.1067469280692945
-5.059033384660974 1.2658261104100386 3.9932931713881126
-4.957383844071764 2.4034028692023677 3.7972578247364925
-3.5555254131102414 2.2252580613901416 3.910668243368469
-4.924349578027598 0.8022848584224598 4.604606523173992
-4.578693993889021 0.8661231216389207 4.1582615946556185
-4.561241133145445 2.23285054578128 5.158231302495625
-4.957262210712397 1.1252901397522412 4.55931374256222
-5.122082905663872 2.0553686388892265 4.289120901282261
-4.191251028992751 -0.22429784557688134 4.085534206678997
-5.0050954483711365 0.8159255910076733 4.61330269922166
-4.2486423111701646 1.3527336884610657 4.702179115535401
-5.14857603311659 1.1880944157805566 3.649318945453045
-5.758679660165868 1.8938011299502038 3.9398222528670956
-5.456526223468303 1.9158146304990888 4.215442125790279
-4.643509153253261 2.5616760323331382 5.485513635978878
-4.507640433046921 1.7990150638411537 5.111907415572594
-4.912715488287001 -0.34500321986831656 4.071545443708821
-4.845643125937708 -0.7632695733858087 5.449799577902449
-5.3817264637425 -0.0651427105039685 5.066343341580879
-4.078127532050451 1.7635664536312416 3.2714882295573964
-4.378312034359566 0.8063757993542239 4.874316182986969
-4.7663208010504645 -0.15392195810144899 4.706201221709789
-5.970094384377199 1.4230905568375818 4.5186508119684765
-4.915045431587633 -0.9572690859933084 5.786844753522578
-4.394592026515486 2.6648563311366322 4.480811218769364
-4.525163523321176 1.2168179724231272 4.70349138427967
-4.957536794019699 0.8564899975696895 5.129378183120879
-4.187482828503763 -0.26994472394718516 4.712796831429962
-3.984689226382902 0.0433488217993432 4.5846105073228545
-5.640345574835346 0.3584748229770961 4.6061513539594845
-4.494450287831972 0.7360220881135808 5.521752170430179
-4.772668188580331 0.006961373235582329 4.532983188102073
-5.68016705702753 -0.37999574425132904 3.287876918395204
-4.7834652551765355 -0.05134045430674185 4.912731274653977
-5.56557491086443 0.7709785955142822 4.19247731456242
-4.403303178861816 -0.2721368318065986 4.466895318046636
-4.92394611185092 -0.3750319230991825 5.488268928875415
-4.848953966828301 0.6438078071310473 4.897186852654347
-5.6987144382140675 0.23475876161821446 4.491663752781148
-4.80242172949885 -1.2254967882084031 4.906159369335674
-5.1952500156316805 -0.17984394295205797 6.00145119042938
-5.032304065219308 -0.8911631144300893 4.7912337720775495
-5.156683964375775 -0.21587754820431027 4.596394649909727
-5.357957075384388 0.4773071709017318 4.48218291107464
-4.731858774766654 1.2142118819333254 5.935239413740852
-4.646070362188493 0.5840891991030235 4.421233717881721
-5.169649284863705 1.4144698767652122 4.899896942757671
-5.095733644088676 -1.6517320689623602 5.030812005307032
-5.112571600521189 1.004368317224195 5.079650374017863
-4.915152552232247 0.2629070685866922 5.2369076290612435
-5.175908706584848 -0.22088485479150483 4.51751048776315
-4.439989409735762 -0.6568336052424897 5.314155642624973
-5.4575635266446545 1.0656251632525577 4.92007679223626
-5.16478913064718 -0.9722870057409259 4.211688262953538
-4.699707150899819 -1.1816599328829434 4.608090079071462
-5.390865214169931 0.8150213575072057 5.127377771868185
-5.458035805517565 -0.6451501576276841 5.9800869324805985
-5.872257189119828 -1.664173904333901 4.84250428881531
-5.5783398928345855 -0.25140955498286155 4.664457420780638
-4.552689350186569 -1.359104576401898 4.797057090630879
-4.672400002159323 -1.7426893209796874 5.054011183533381
-5.214056445947827 -0.5573460662001197 5.055776010432059
-5.190634273989665 -0.4541422465008717 4.756962261083845
-5.612275563029733 0.07219424228463212 4.218904874646941
-5.592996004502328 -0.9526057554350368 5.032738268400244
-4.956441454163233 0.043605475534585526 4.105052379805155
-4.94658688475438 -1.257933099240081 5.011063288794928
-4.587824733299285 -0.8697267246073614 5.388222056177713
-4.865437131964395 -2.010111912028073 5.647906969503319
-4.298774465903192 -1.747729047162864 5.023513484531117
-4.424559444713021 -0.8029402223811761 5.478410359876448
-4.267017473477615 0.575216923136153 4.172516942614231
-5.19705977086043 0.7036572968166228 5.563665136653143
-5.036326740091918 -1.034917804759914 5.134068975134249
-5.02240230190658 -0.2506328497526539 4.991710583817259
-4.210983910077865 -1.479479756176631 5.645638647768168
-5.232680234739045 -1.933047593258343 4.6911432966094875
-3.928107455304059 -0.13204074970766055 5.528080611074198
-5.057819682670936 1.1511668248639975 5.655439267384217
-4.579896582697371 -0.23987647348410246 4.523565725998551
-5.4558933182886715 0.7057845841771814 5.056072143497828
-4.211085937244976 -0.8737790973171823 5.159493400212584
-3.107084871077764 -3.042702095243539 5.4932639613776875
-5.568715200984916 -0.30136664727409845 6.245403871382399
-4.994102688543242 -0.9933569634882913 4.762689387522979
-5.0148364076064755 -0.6488723567948235 5.317262381129189
-3.6121745725045113 -1.9580804469937336 5.404992320434646
-5.488672054611348 -0.9416988020785247 5.0429849484859925
-4.551521262708792 -0.5139234644990672 5.647279000815342
-4.805302289403937 -0.3270217742554415 5.325739628667143
-5.39128623749445 0.6362328534918907 5.104758345865585
-4.412109539496546 0.29679212226477447 4.869155937932358
-4.750778721459183 -0.7826679717149916 5.144004980388008
-5.129741378782246 1.0994828451997563 5.774574746174642
-4.830415591896466 -2.663336252550612 5.417074487422566
-4.746572729523824 -1.539835990273899 5.138060893236871
-4.384747187594801 -2.2295347596023807 5.7887434568158165
-4.319501863257279 -1.220575720825702 6.294322713928508
-4.4065320935127525 -1.589383461678245 5.526663693721971
-5.235783590292684 6.54212432414189e-05 5.446426414322732
-4.470927508153179 -1.369970233807918 5.819999984200789
-4.941594196626278 -2.8383780243712295 5.554960263184752
-4.509659806579432 -3.073548910250466 5.935335038262186
-4.14432584427861 -2.3919029456544183 6.273090958736382
-4.6509244006731585 -1.4634101337398953 5.467349006060081
-4.93441762888543 -2.0159488716133116 4.909988717692201
-4.381155267150058 -2.555134927319713 5.800954394685748
-5.266756264879792 -0.4074289882368759 6.222246859714256
-4.4027197502383455 -1.5915991297111567 6.3865923913262534
-4.600481773109156 -2.0751076718288806 5.639133814231369
-3.697804118259077 -1.0835680358879165 5.9045446507502275
-4.30086159944687 -1.47089876700195 6.167698507216987
-4.033547819291445 -1.3007452356367655 5.626679859343514
-4.90216263282936 -3.8495436168332016 5.216336942294459
-4.024832196262316 -2.1227211380597897 5.418468909109934
-6.059202246144419 -1.979900048355763 5.917455055783898
-4.314482764142297 -0.3686347274909109 5.304194627236827
-4.917709759721623 -2.431800403194101 5.62029910915752
-4.3774708701851255 -0.7005359239487045 6.593480558757826
-4.290442500646089 -2.7105823040049652 5.84463258464546
-4.395820137117925 -0.20393325931354037 6.06103197276767
-3.2650334108278978 -2.9311436944736364 5.241931552505948
-3.8615834486418916 -1.951183021764955 5.908991262154901
-5.000586946365143 -2.7597207865722813 7.012776654153859
-4.030059961535809 -1.2566947821866168 5.956051934863219
-4.003536460387988 -1.89947535566548 4.722072311236609
-3.9110332541889674 -3.331443352765015 5.871611249662172
-3.7719559847240913 -3.3617556649077516 6.2012618132440265
-4.5577907924847185 -2.9911090401871787 4.5868065544643155
-4.669725496492606 -0.9176788571621578 6.627036456927166
-4.32444007876434 -2.9076395116871367 5.673523883037671
-4.2128207027000295 -2.6838536347161552 6.257080082615221
-4.742635939234675 -2.073516625459851 6.661733919486444
-3.421846334792259 -2.3352440649534176 6.050031108015351
-4.766016504479829 -2.441530243870489 6.219980655384276
-3.540001880888851 -2.974052172535983 5.592785956433624
-5.12764889231038 -2.6316912847786025 5.187153730212829
-4.416653760219997 -1.6331411527054032 5.479007277864416
-5.918648930878091 -2.5840067343397575 5.558426153057162
-4.044339284694887 -2.7096684781712903 5.974623553407395
-2.7586072480103403 -3.5454176141159124 5.952081941298603
-4.37581543296747 -2.5032759210807174 5.330856158462493
-3.9775432982769656 -3.4878595636837884 5.809058362261786
-2.4355347241814425 -4.241514168955564 6.175600250570109
-3.5951948230832205 -2.3400918263769035 5.094964478664578
-3.815752447794088 -2.8355950514148303 6.048932385052124
-2.9134990369840157 -3.7949973790462894 5.193729308719302
-3.8959207467759045 -2.5440417658806553 5.7167873169741
-4.387740400456344 -3.3580513634380535 5.828355024013602
-3.7434792290371424 -2.5018476330314363 6.224169896799161
-4.645321588869151 -4.323024077800868 6.686315721811537
-4.399058452106087 -2.6610403557613034 6.086393069965367
-4.392756414306368 -3.227459168298658 6.230674541880839
-5.219487541234812 -3.2809944546826735 5.784199831547423
-3.9579355039521937 -3.0498434214078194 5.9244302642369115
-4.217968609788743 -4.32794843891215 5.927665780970823
-4.557493716025996 -2.3827900645522835 6.216936289030196
-4.180745397971077 -3.469338151715096 6.001332641978599
-3.7455450105519112 -2.7088123641954565 5.908905145923921
-4.959709483578924 -2.4920228169241003 6.162594953232911
-3.140759099176318 -2.888586312507236 6.915459386824307
-4.338618379720368 -2.3751035626993175 5.717365171478541
-3.1376557795764826 -4.536417990388551 6.959392557394327
-4.213943472658723 -1.6142976614947064 5.596934294765997
-4.773811474442795 -2.2427669066362093 5.797567411485568
-4.347722763238929 -2.2783917262665927 5.988256701257075
-3.42704990643759 -2.6432020013656183 7.268016661482605
-2.634862618093171 -4.361328173935948 5.551077839087686
-3.647281284379432 -3.4349497354463194 5.610447525206149
-3.404376494408095 -3.7520120514856705 5.636450942843291
-4.592405355854497 -2.639935003336502 7.089528618699733
-4.018891345900624 -2.5211540925620195 6.0712238152148075
-4.087081287654496 -3.505181281595807 5.305988369775915
-2.53610567312225 -3.00199821833037 6.8772831510347165
-2.283229489809549 -4.353807472860872 6.598827735229124
-4.794629838939607 -2.8102192360275406 5.920619229601645
-3.70852740538257 -3.194880434647547 5.809731034844126
-3.608100796691852 -3.4990656122100945 6.563719287155936
-3.716392211897748 -3.6750365583874314 7.068747338638172
-2.8279225449365293 -4.546964501712841 5.977752400200132
-3.7057558350191457 -3.895690587519632 6.114534794175656
-3.6251704458496326 -3.093162147352337 5.881365822568105
-3.3393414987159784 -2.8353593885092683 6.145388177206417
-3.1059208017752873 -3.890210973887498 5.495308107873967
-4.680655716050948 -3.6163253625837917 5.434172549765618
-3.6038914312996138 -3.192146429716543 6.4820502963541475
-2.995341667514001 -4.726254673315104 5.9321010474603835
-4.968036902560646 -1.9474894784381143 6.274078056209302
-1.085941602659649 -4.365904279942793 7.078436119041132
-3.2534989990581797 -4.417711324785868 6.2001327653566065
-3.9783134108980893 -2.5588669602808514 6.572342171701638
-4.265095877500933 -2.8009527702887493 6.055245018768233
-4.844738900320285 -3.273748465644275 6.577849197632087
-3.4401468388225274 -3.923623004313077 6.372420378300162
-3.056545885107965 -3.1207511863570456 6.447211296315706
-2.7933101983805533 -4.458253064588559 6.842245028981553
-3.21948523927256 -5.086103698769906 6.733386335106632
-4.0042447018920875 -4.590158460598192 6.884139342599356
-1.2476877715354635 -4.444835665248122 5.997622617038788
-3.029489492545858 -4.387914379719875 7.134454403119003
-2.4909073567537305 -4.27809211360573 7.073011778046377
-3.248145732999499 -4.5929092631958905 6.732019591227021
-2.09947663073689 -3.3256420190712275 6.4832927145926424
-3.6778323287115935 -4.700388726221416 6.011447000959754
-3.2412269262899494 -4.48067018786875 6.260756139334697
-3.207581147296926 -3.951988987882045 5.809483638542336
-1.4333943822970259 -3.366600929701266 6.234568809608639
-3.0463213626450476 -4.238838252597385 7.3763365048452885
-2.8231226943105714 -3.9616674767256095 5.954315115071128
-3.7696591948814486 -3.1712962469615893 6.996476725263376
-2.8791600777356847 -3.8979533421038575 6.978427532924821
-4.082842330686334 -3.5496810325049593 6.9316677437450345
-2.9894506924020066 -3.912516112271943 6.658020574964837
-2.9078903401003373 -5.541458621965066 6.708962957012509
-3.645269600444231 -3.332904687959134 6.006067191783711
-1.2861444181016102 -4.668869484255115 6.483381089143245
-4.46125975326192 -3.5029221534736608 6.534071437991839
-3.25832256320377 -3.9356120640614902 6.218052249662018
-2.413613743067667 -3.697440556584483 5.435210550550677
-4.86198499583729 -3.1736967992955707 6.987576472907879
-1.6938239158259785 -3.916879837081734 6.889736366773638
-1.267630566680813 -3.8163916779163407 6.206413785685963
-2.5541341981622216 -5.198970998712439 6.400182590374868
-1.5467219821471914 -5.385070415756317 6.877409174493833
-2.200598485248909 -4.810121526210395 6.466592257470299
-2.755410848266312 -3.188484257623527 6.148135360889007
-2.523174997906785 -6.001322519742423 6.839442578175388
-3.754648126096115 -4.720322227640378 6.7918623247003165
-2.7022993759648872 -3.422954027696335 8.282575847064559
-1.7584627125762264 -4.429897971199278 7.428924472506795
-0.25862077955387663 -4.345568054399813 7.436600152014464
-0.8528777615156541 -4.131958875730817 6.894877631788287
-1.4958405218963975 -5.080955481158418 7.711046604799553
-2.5664769543676087 -4.7969869505174145 6.0476213396858025
-1.814792570442134 -4.848003301260827 7.001383623505001
-0.960569144176877 -4.286507464820751 6.342287560187875
-2.5518369266156147 -4.495657563231125 6.256498922711952
-2.448178337788415 -3.502105903510455 7.480321892424691
-2.5165139556851255 -3.910240510229342 7.001604297875965
-1.4765537348673874 -4.9455689192115635 7.143592479219486
-1.8035205791782867 -4.174690866985542 6.732939606625034
-0.6961974439881753 -4.302623409169827 7.923867815194681
-2.0630362756337104 -4.871624410738704 7.422743482519011
-2.2695772754777663 -4.584756702969173 6.86690683810139
-1.6871326241327473 -5.274244825409235 6.697685597746979
-2.3726804778112887 -4.714693354758548 6.851741279892118
-2.410740633526355 -4.298179563470694 7.382466256007685
-1.6828201237665652 -5.7519322340677155 6.61044843104794
-1.2317880503450962 -4.350824738291219 6.395886136534607
-1.2204136961353849 -4.745867698869688 7.381398936883672
-2.816511074990394 -4.411744137625393 6.784917874324031
0.451547429313041 -5.7902222059192585 7.699775491757295
-0.4500618398370218 -5.4042258813930655 7.1862988437256945
-1.9458767823542904 -4.263932483607944 6.379022624517669
-1.3851160600717896 -4.92951616439667 7.215414108755029
-2.004676265187956 -4.768023475323435 7.138017782787104
-1.8181133555097666 -4.150225333325696 6.727574033229749
-0.5025482554268212 -5.692729998990229 6.68496405580903
-2.1905320466483316 -4.126159294235647 7.068396582061649
-0.37879874769116995 -4.747071906327444 6.040636457100367
-3.2886390103888097 -4.0424616903524155 6.4897501616696935
-1.553504154412274 -5.310814506230439 6.413717316987151
-1.5729941742566913 -4.471945349415141 6.935907224842795
-0.28828773326347146 -4.908635907362825 6.375465777493442
-1.0235234516814788 -5.759003075000462 6.357262703073383
-0.89588282167251 -3.9462491439293093 6.817409499005593
-0.9376849308681473 -4.466029218465194 7.553666175806348
-0.5814613676749841 -5.706087541134969 8.09661563536597
-0.7997127668581 -5.219267799983863 7.395364002223689
-1.1520333740381858 -5.215827243197176 7.2391459163857474
-2.917904883970575 -4.321213509145479 7.278970435146408
-0.8412764520910241 -4.0231178469276685 6.987370746273394
-1.8759061676318998 -5.083983551007176 7.1834028917827
-0.13152024858120576 -4.41917142608322 7.739502908581324
-3.0040958849634576 -4.766642566476464 6.826773410864576
-1.0606650214717221 -3.7323300463080176 6.940703151375387
-0.9761360350302071 -4.351594488034838 7.334187995098971
-1.1359017622900687 -5.334066274545724 6.79421961477751
-0.6245775245939984 -5.283206222445213 6.979026323459966
-2.201256047813253 -3.9260252391263797 7.163665997987814
-0.13842223835966938 -6.302271098400937 7.351812720817279
-1.3829217498081778 -3.831047767914759 7.578991673047424
-1.0264011156085315 -5.074163019240514 6.899489489655579
-0.48821504558689505 -5.519567143755092 7.539205460341384
-0.5552645209219405 -5.118928999978926 6.893695288583906
0.04824321851764338 -4.906295161318439 8.162382159120384
-1.3067002320079755 -4.992127440034415 7.454259704177921
-0.6042611788574167 -4.590807269469244 7.001785505232048
-0.12485271272517509 -4.227408374310048 6.721262196273801
1.1788762805674773 -4.761523318288999 7.048546601184606
1.4853249555330907 -4.52608853099187 7.547604616325224
-0.6276992362279987 -4.40153300826743 7.580648102713277
-1.9100060639663574 -4.438054536123774 7.566630768968666
0.1754403355372433 -5.428531952490796 7.730526324300649
-1.299731476525222 -4.5831197261028835 7.151176667261407
-0.8929609965896972 -5.014277538001174 7.164623873082044
-0.014446414406698393 -6.312567720450966 7.263869499853238
-0.1354376119158464 -4.824718589269168 7.680800821351025
0.5790874793628733 -5.051998595288484 8.309320354541834
-1.071233642263235 -5.217786795500249 7.6381705590721625
-1.0730219779529955 -4.914477128122059 8.04971132131047
-0.13556311600048074 -4.741256273387192 6.8115805184583635
-2.984001150471595 -4.802843186360544 7.559687132547939
0.06087322315114097 -5.054529035544325 7.955366114018917
1.9656125782253786 -4.9107782578202235 7.498564959833327
0.5260044684168136 -4.916931962233824 6.606924842355549
0.8396366285530193 -5.209208247312485 7.698119656418457
1.230657317645669 -4.431088076612693 8.325491462455137
0.18647424394110687 -5.4459063161367105 7.727396484921094
-0.21415867802233207 -3.886191245067583 8.711117955324735
-0.037159587132075324 -5.148696531862758 8.310773565124538
0.03751317577639805 -5.214585443754892 8.272934942920509
-0.0021644529645389946 -5.1175226890537475 7.394387095097429
-0.44439884085775355 -4.8751890756599 8.036960885711071
1.6669391309052257 -4.16589872880795 6.797051340222735
0.6867739117622333 -5.135451955563159 7.088771837669123
0.19157351640348672 -5.344220494495704 7.884466759812521
1.5853262548484475 -4.601879099937043 8.343616793569542
-0.2957300199231712 -4.752165945746186 6.423199414777747
0.1693763458084881 -4.336387827772321 8.19129974850163
-2.107603648153655 -4.90040029313343 8.41547985128248
2.0954071227669706 -5.146028214618123 8.457856886501121
0.6371089413285225 -5.042827681598389 7.591515490563854
-0.3877306590527604 -5.299943166289566 7.782581304134884
1.0222807546988604 -5.464759419820521 7.6982677066126755
1.0319969424848459 -4.958495207110944 8.178484387449274
0.6405233206090588 -5.776892133126186 7.256021813605001
0.18306850226563942 -5.6527105407005545 7.644019358881667
1.2499772079297458 -4.78024850466321 8.966282007987997
2.5139287142249147 -5.087451362318285 7.956084450870207
3.362594800681205 -5.074401620802848 6.940599243923371
0.40987021797221995 -5.768080525548263 7.816372784600059
1.767801985705081 -4.347996836363534 8.405180561087885
1.9971191014418177 -5.259977102799548 7.088642660791755
0.5705492893264126 -4.706693385025402 8.723899805587921
1.5076304770878501 -5.113320263835176 7.569043985913224
1.6300079333591362 -4.580917412934071 7.808763607216126
2.712704344486236 -3.80377021614305 7.765158726077855
-1.1899708061731284 -4.80913954999531 7.923596174351057
1.4052039499545668 -5.204973634565959 8.643426132694024
0.8859296925584595 -4.137059372276438 7.313636179476063
1.8540122389263065 -5.029619004079069 8.85271944608685
2.894779704637267 -3.305560391160135 9.128083368211097
0.2554252895287524 -4.754501335449431 7.397565339656157
-0.9297829254255873 -4.258544411059731 9.200664920149695
2.6140980173103108 -4.779611407183316 7.478393108624275
1.1668327506310732 -4.491716215590098 8.45359951915363
1.7380196029090078 -4.73358183341038 8.194441920731222
2.1664236330476214 -4.5291231109539485 8.198031145064913
1.9152443207425986 -4.434320782290285 8.628924319327664
0.7161594090448681 -5.696837148573025 7.987124578529456
1.8411051289892233 -4.908916760925621 7.8134512033178805
0.39365719791888365 -4.162436703822943 7.964040861808705
0.9693417316154851 -5.178543463495565 8.157797962490562
1.27422597730815 -4.882046867297327 7.852604802937887
2.304756661792613 -4.5023058796774835 8.056473126775288
2.1663721474559554 -4.372821115397281 7.81204302548035
3.0012126341338585 -4.209678034468785 8.003019576714307
1.8687875237822233 -4.279326322009569 8.384843352676274
2.6864502510197723 -5.071952083445205 8.384895713024578
1.6999477869361317 -4.944117592471284 7.605198895218116
1.6430692765779116 -4.904911950145285 7.987440731914022
0.3945740208879181 -5.362531264821566 8.037328902143786
2.2507903859691547 -4.017669696405279 9.07333418423004
1.252089703362358 -5.095852852423849 8.721517089165648
1.045141886819649 -4.911101669017179 7.878962746586699
0.3079560321620137 -4.288094299669625 7.535905537463388
0.2053952077499113 -4.849391511754897 8.178591285543506
2.720309064495981 -3.9706676535610623 8.091480198650771
2.4331181835376396 -2.9633475018740314 8.06300751074407
1.2413616848437707 -5.202200999911838 7.2318657041642105
2.627379572403543 -6.296232348765407 8.53214974685241
2.4966206074086945 -4.47909045418064 7.750372656571517
2.9641569640556553 -4.48337954134552 8.64279716617609
2.1249092429620196 -5.2684180721566864 8.382816290545144
3.011832790974632 -4.064222625861244 7.710523392670476
2.08923287136045 -5.062634002993479 7.356133795767253
2.359593022168742 -4.421286053181188 7.864677960846708
2.9302690975094143 -4.342228822698484 8.041236697833694
2.418062662557482 -4.773334357329128 9.048116133737304
1.4919776071529967 -4.480781556617261 8.340653234443089
2.7287047685147523 -4.752840351024013 8.282181917100917
3.477299588977856 -3.7764754452085465 8.914898881336063
3.408607076926618 -4.457711510110598 8.457454778724117
3.826625725624201 -3.7469663771558124 8.856375708728015
2.2337993076552274 -4.981915187977543 8.559543612061574
2.6149892007264524 -4.6233312447050645 8.172911205083896
3.142852934728424 -3.740119705915838 8.199478296960923
2.2673286604090217 -4.105005602892259 8.235807823537394
1.176273453205615 -4.6792946414889585 8.32247440676313
1.6576760762020382 -4.8698308934583014 8.555165255078006
2.836992419602828 -5.138210526114828 9.049855112988432
2.55349383616028 -4.033187777924152 8.85749652422488
3.0483190915234974 -4.126364979691702 8.131146395581352
3.4849251543581716 -4.1783631948831434 8.535646382402927
3.5857483180635215 -3.9012328237934946 8.80859764714337
2.83024444438377 -4.315702649766698 8.258277494508025
3.3490361586669604 -3.3639533439264033 8.362378130827075
2.12227133233781 -3.9987549217522034 7.970915234954918
2.755854085827139 -4.401181472930102 8.110469957166739
2.8128395210875112 -3.449858458798256 8.325720381443453
2.568174011852772 -3.748866866075523 8.517017495579674
2.0321016954073605 -4.419101359866606 8.815313368558195
3.193700608623328 -3.6773659999355126 8.741307865355934
3.8257789012827668 -2.9892394901088153 9.362716602160472
1.5670921798722248 -4.6133004374358 8.635910808174222
4.1552463175826695 -3.4808654358272895 8.452268833846757
2.535070679059011 -2.8636103492972063 7.8342528993461515
2.7200280647044437 -3.572618115566381 8.664742885149531
4.3277078488501255 -4.296811546946318 9.031245500557574
3.2008057181843608 -4.624750593138564 8.779128385216831
3.0215224555861164 -4.236522209151921 8.583219086029402
3.8094500652088232 -3.0977131983274906 8.147560596476819
3.036048806105733 -2.5483486885842312 8.937196608187651
4.594615109155814 -3.329176902387292 8.780774011575781
2.631266793665287 -2.787934686469289 9.152715345391591
3.466603658433323 -2.068495011176409 9.167547437733875
4.293457463946928 -3.6855747961028222 8.84847515520689
2.607228595681602 -4.9904812861743615 9.119126155528303
3.7335706520843486 -3.0647934003232473 8.420748641552429
3.421426021558322 -2.9808362213322845 8.478837519079804
3.934376190843447 -3.08030490389739 9.361541088881904
1.9302794726145651 -5.047208391681889 8.53509798084796
2.2173795971681076 -3.950239349286504 8.64251139324032
2.9068980302679663 -4.700354216601961 8.63487446889877
1.8809010514098519 -3.258966495867269 8.765578505660528
3.730898976726738 -3.7747449448190498 8.484514224024025
3.7802418994260845 -3.530139934555706 8.091648664637168
2.535338716161809 -4.136535328838675 8.793828211867494
3.5667792135174987 -3.7145853317961173 9.906410268993923
2.165342929899116 -3.670953544263163 9.180452814318583
4.333359182396553 -2.400754487841094 8.423933213325624
4.51057068586599 -2.434046005277474 8.5914106085211
3.626413731862667 -4.152208383780293 8.739017954440275
3.1460295686546664 -3.7226807752490028 9.312027855868205
2.455245499010968 -3.403228166640517 8.59484096515843
2.977823317822861 -4.022246046694833 8.845179864771508
4.640292080203961 -2.2704689333595396 8.772834419400295
4.828688078661795 -2.3753970391238384 9.135351972361276
3.630600309175943 -3.28082110783169 8.453161555940035
3.795319775263605 -2.651653010697606 8.619660450955875
3.776774317827485 -2.529594619846563 8.917701958517942
4.073109502486727 -4.337247545486163 8.599870472967522
3.497452854666514 -4.169335537884306 9.22925131543592
4.24860177938719 -2.2086461630285226 8.882484100681694
4.275185044794297 -2.8369512961940835 8.151965217982742
3.1904531031093253 -3.5425972171696816 8.54492806593694
3.9629495609282435 -3.63885655767689 8.910500613602728
3.5861171171597688 -3.3200242246166596 8.648754465595722
3.8764999847949992 -3.3585795801869454 8.20290636688884
3.049105771508576 -4.3598611010200194 8.759774322657105
4.30897524186756 -0.14419602956190505 9.163016686496288
3.499816389827728 -3.147906872803885 8.923736021409267
3.2214564549584503 -4.416640018842437 9.243047198356418
2.9386016859212942 -3.8492470668021745 8.832698103274558
4.91687021966988 -2.432770379762048 8.58430579125165
4.202224026311611 -2.938893448255823 9.09042092778464
4.06740921153093 -1.9218656917436734 9.712070166163029
4.21071276281875 -2.0883548525640068 8.017264161974058
3.3230994999629573 -3.9112014606499743 8.73818854200828
3.7287217334753606 -2.316837637915207 8.912380986291874
3.2913317818210284 -3.6866742638955827 9.454387102959224
4.653868363425432 -2.8350906113037073 8.794580135359821
5.206786263651532 -2.128432913409502 8.811708319066456
4.727786392888767 -2.4277912061223432 8.796472822034088
4.862941681884782 -2.4615047092961997 9.420194144676204
5.122356732841859 -1.3928514394401919 9.669446462357486
4.210635317711434 -1.904939104812984 10.000756019832357
5.5505662253368255 -2.2530324440290825 8.955295292950352
4.296298386623849 -2.130356710048947 8.949800649958053
3.983912903187717 -1.86507891481759 9.165695806659024
4.4708563690497245 -2.835465175708112 7.867414751755107
3.6409449824406552 -2.794066820904066 7.7301136138375455
3.676264858847241 -3.759869349935421 9.580882083716807
4.239309134526057 -2.2490297743054817 10.142222610639
4.582945559273248 -2.1993249944497277 9.22828678873206
4.657885190936027 -2.3494337777597436 9.409924051099178
4.433091249250239 -1.688155091709693 9.253600010827311
4.4863991876146105 -1.6793886531762883 9.145707174703839
5.419202346516249 -1.2584861487461843 9.970542719765477
3.458154048841878 -3.2659821964755062 9.8157201963542
4.992974443532947 -1.0006489354979735 8.68252486988462
4.554281804349755 -3.0661227183031867 8.861982816371768
4.0551416064299515 -3.349634030530027 9.136504152970183
3.7787811417632167 -1.252160688343954 9.565248331345446
4.877560405986913 -2.053842843693541 9.023988441688378
2.7358536048756843 -3.620498377162019 9.097917657459057
5.05529455633627 -1.8670301306445203 8.584993008263666
4.003662167233168 -2.2035043807009616 9.594312370035569
4.446275664586771 -2.5576794828104608 9.114905494956231
4.301930696559492 -2.6451046491475885 8.80903398845623
4.670824019071951 -0.39888695299408544 10.263481290521375
5.571256978408043 -1.9891707831514251 9.181636284146634
4.388234574116021 -0.9299858843142259 10.338240980268507
5.095180971691004 -2.344890837223937 9.803785394508154
4.088933758009764 -0.7614115852830912 9.542639667569837
4.464546520502867 -2.0126168805442783 9.814784940941546
4.4253896989026735 -1.4297520410445392 9.393275541641854
4.438291485512729 0.14235915694474197 9.113575456414255
4.612277885005096 -1.4889070798021116 8.474117845344464
5.032406797851733 -1.2168160659215186 9.827165110592595
4.143554572631383 -2.7675678764094784 9.353099643247297
4.745010841941123 -2.3082362080292116 9.058435307268223
5.093556033750442 -0.16555100299679193 10.428231464646444
5.311834108749462 -0.9494779797209978 8.72723736388499
4.97125922407429 -1.4960468205977022 9.523159902156413
4.291818469129069 -2.3328755608102494 10.199499641214054
5.230380483690873 -0.8414831179929798 10.048724571072821
4.130556864306695 -2.26134087524071 10.099528560332802
3.6946581870393542 -1.8693422195511022 9.416323499819072
4.989746960644534 -1.37306782933997 9.184056862711866
4.801808834559485 -1.7373608168800883 9.935801062330846
5.183774733021644 -2.1352901512986735 9.56954183275781
5.287904423685004 0.6452376303555479 9.248914799073635
5.14937861526796 -3.3367100014806157 9.207456214060473
4.638939092585624 -1.2062132970607824 10.010815670201952
5.121089098222986 -0.5377084674245864 9.160342582273806
4.093745699829642 -2.060246749076875 9.942447804073955
4.238372084393899 1.0416029973406906 9.615140352872245
5.52393659063379 -0.10144520867520306 9.075998089013371
5.277812065376984 -1.5687821336320125 9.637112978120639
5.517008700139489 -0.2630905458946488 10.004122022739798
5.090746667210644 -1.3156684572855701 9.880622519623516
4.456620144496701 -2.1168278687288873 9.445347898039445
4.411841564399943 -0.8002405814031691 9.279361769524048
5.385791495451677 -1.8434518018744357 9.04039799557124
4.7370377996327875 -1.980825488285223 9.86301795415954
3.703566377134667 -1.7840014449914665 11.126231394926114
4.899848629386702 -0.9988754578533908 9.963857146652106
5.0462230349649495 -1.1367509695853033 9.639934173776535
4.952424470068763 1.7157414175355528 9.571911865207944
3.8912127508271523 -1.9835485581753016 9.794870543836998
4.677044970130152 0.17973047827110986 9.72708693810263
4.187465370747809 -1.8144909394439832 9.45994195712186
5.136006136712405 -0.9354965039530998 9.312485277121226
5.4077281205853325 0.2808199482304854 9.857931035175799
4.40789679717642 -0.6901737330282613 10.360718284381173
4.81690603116974 -0.7581984300919825 9.813782735176808
5.274542523346371 -2.065260973683113 9.80827222651945
4.264472737812043 -0.4487669735379156 9.49598838696006
5.336690254264009 0.7618807157198565 10.128808539323678
4.241777364313359 -1.1350000214235865 10.357847382704435
5.255952404928259 0.5733759479460517 9.42306377139482
4.0411222589708995 -0.7859176036996546 9.686764786621895
5.714706356156712 1.447733574729153 9.734895051490264
3.756155437739143 -0.656756704343105 9.503651753391862
3.9540859271718034 -0.7220369021595056 10.720736685977494
4.279095308646094 -1.3070564475545698 10.47709442010019
4.081830830649441 -1.4766260598913432 9.930226826328902
5.98063437438547 -0.01934519906888383 10.490739298488997
5.634924156983686 -0.8409699663661326 10.473105976853727
5.583229178101252 0.43507712476836424 9.740135038862732
