4.487912317445763 -1.3151267541194585 -0.09996411463323278
5.095033497146545 -0.5800266784204791 0.07714427320160126
4.984623620138906 -2.735492360122237 0.23453934455690326
5.367041450901421 0.2467817875926198 -0.03426114502019349
5.588641242623418 1.588951078285758 -0.37517101875960923
5.512455312865038 -1.1419470702847563 -0.4495164053232853
4.514084646722116 -1.2772120021449265 0.4741533682248612
5.416297395109334 0.9906194406840785 0.10156590032256047
4.581529777563273 3.200389313945515 0.044985336840759255
5.392526588716258 0.7647693512724766 -0.6311329485282543
6.037931940050647 -0.03366272257609349 -0.3246564152216672
5.1500678886937425 -1.0928918572472353 0.6999470674928592
4.577083987042803 0.3849935606235456 -1.4187045662296995
5.288028912182352 1.7370754936424837 0.049213155261699046
4.5084488430740945 1.390775737473573 -0.302238973732534
4.915699401979009 -0.42191260428093763 0.01177447796966516
5.026893932518572 0.5344162024490854 0.4118079089846014
3.7765398422412826 0.3956291379729171 -0.8207409987260172
5.043948034301753 0.16255671323956744 0.7939886332569648
5.048801977586973 0.7723909031724057 -0.14667216901759517
3.581075285540635 0.40591794025765265 0.14063350823977463
5.129618090828759 -0.6085116672909485 0.46390219815288286
4.790990507146495 1.2900787061659909 0.22852796296507474
4.893792559811667 1.4479401443398994 0.23851889758910988
5.228492922865256 0.2943129205130576 0.027776306366637665
5.2066166087038654 0.11613714414828355 0.3327076415313615
4.865508987404792 0.4132690732776423 -0.7262874535236608
5.478583401591603 1.5181789801447818 -0.786532684104976
4.050322030893007 1.8557889337594367 1.1090142469339317
4.441769023999389 -0.13513968432483656 0.5508348735015183
4.329142034046146 2.4674432739939607 -0.08350752457237065
4.415569633969686 0.8776629492225149 0.7035342107501259
4.2663378310650035 2.309659077283897 0.5236696072719036
5.521040998822289 0.1623158981174999 0.018232993275883513
5.366284938125397 0.34507478198235975 0.5735759678340981
4.079652294529983 1.6021853955107774 0.5187641264775209
5.074483071356141 -0.07074902643098818 0.6093202954069978
5.537131366508209 1.0257626382478404 0.46554687595334465
5.2525144113897575 2.710370765783876 1.3542772085216574
5.270146494321982 0.6341135103142562 0.5345256707713273
4.766438527423118 1.1518404965207434 1.2284934379161956
4.794890535936084 1.167195088748178 0.8105765919776053
5.497771610296176 0.3033437254988436 0.19925902744546356
4.9287411138248665 1.0564759922016669 0.38626099909402556
4.209689380565633 2.4444781769285484 -0.02116945097942796
3.1354248432476655 2.7637833360249124 0.5293044338708247
4.828327810359132 1.7737851947563243 0.009592157806101897
4.815226306642445 2.0977584664716256 -0.13298268774310373
5.058557814740753 1.4433798180401634 0.8747592209799155
4.287941035119402 2.495169287437201 1.530602613098825
4.7777829384203185 3.2662549033890764 1.0728122126158768
4.311388876914213 2.290846338209032 1.2215927807715319
3.845203814627687 2.6980497127039236 -0.7963095207309567
4.804238337328797 1.1060970748136767 1.1941263416380452
4.201117506590432 0.8802152741977622 0.27636716590898236
5.046316995322365 1.496419335463576 0.4062019003996078
4.160632213364968 1.096529038553187 0.6130487888245159
3.483456267272565 3.110501133066342 0.32593324307913546
3.873779433175366 2.1076562694971 0.1333365770771503
4.890342632639766 2.11179749086015 0.4949569704342033
4.74853097237922 1.1443755981065318 1.5016763770917447
6.0497581236297195 1.5242253299232105 0.5674890375605409
4.557397581962787 0.8757742430663896 0.8729436316401286
5.165989530352105 1.6612398891060314 0.9215689040112705
5.331692019607407 1.0121710030661812 0.6846959865583144
4.85166312990497 1.6930577614032403 -0.004606808166544241
5.079854023404934 2.443176925963116 0.7787472244046905
5.040650029181011 1.6856105749712265 1.3530437320545605
4.80878650703597 1.0726553076161556 0.9180621311430047
4.5477434707922475 1.9078857219795575 0.7163570364372623
3.5867512989140278 3.213142914029289 0.5325449399526121
5.325332630031099 1.9357248288464153 1.0028579550698167
4.289534043613637 2.846402542999354 1.0624959206720377
5.027924056084103 2.2664415409431493 0.504781955214382
3.641354062969154 3.99349231506092 0.49189582279128186
4.361451436136206 1.818139105370508 -0.06580372319768579
3.4763151473476093 3.3649560685588176 0.7268097241113021
4.4503984008762565 0.6686207868713776 0.99237090292978
4.681904420783317 2.0702616290925135 0.3055663107980374
4.0908427536533205 2.7874996795907285 -0.12930051675496945
3.2363974262470947 2.9024261695057647 1.1158348264169353
5.2075943263967 1.219646117313006 0.2870539908170957
2.222403626118405 3.63632180462812 1.4821912590032031
5.017716451022081 3.0293462683120893 -0.46018262327912174
5.370951420592583 2.055264423952878 1.1276445404745556
3.763557542139981 3.0549792676183927 0.9126407171595703
5.146978681255229 2.144993615152556 0.21053502954879078
4.992144821499338 2.1966333820185198 0.7683659087011874
3.7772813535393768 3.204314762466535 0.8989631305023495
4.559289435970175 2.059942163677972 1.587063625937091
3.706855982263993 2.914179504391812 1.2306250228972377
3.729888659681586 3.3080348240569983 -0.6826891683366456
3.555641186526125 2.12791950476948 1.0761945607810477
3.772510942914965 2.123115260433025 1.3259757313510505
4.560761115075094 1.948816453859249 -0.37269570624319925
4.884141058710749 1.8362051522782954 1.065028786490075
4.312485407456872 2.8534762786115624 0.5967937822928879
3.687901285213085 3.017668150178939 1.1249803304857326
3.2173573581034174 3.26958104639974 1.3702206300612647
3.894397024616374 3.5579122608572744 0.22314720545169664
3.6101235070184217 3.091992112365229 1.4005881516859857
3.1779676834392094 3.908476590695761 1.3301460973532557
3.2345595075763605 3.489448364205602 0.20777368962475184
3.358158345911316 3.256154579966901 0.5967467132299764
2.8276420849850026 4.418518366940287 0.827736847491666
3.771122912353304 2.641764691885114 0.23208472337645347
4.068677321669667 3.5213213696565537 1.1385808062100118
4.819998632282798 2.4730509215773986 1.1913950421520871
5.32275663501897 2.89646768552375 0.2841924711753546
3.5720673473354134 3.165697279261244 0.9750089018741641
3.5165456305616805 4.40007723173044 1.0980002541695313
3.632913805615179 3.1449013379646313 1.0588696892271028
1.6632310084246351 4.058560390611235 1.1304607659525674
3.970168721589018 2.637487667682133 1.802609081767185
5.005950968986581 0.9978273789862893 1.5818715448144838
1.8822259125659897 4.691842545064086 1.5718322144033814
3.512224418691541 4.021369011200439 1.2621213628716579
3.889937134808465 3.36595852097076 1.3843862346854034
3.6721232367617516 3.3370963464518435 1.5993550997773571
2.44628577985666 4.901060219841651 1.540237086337054
3.3892322505872845 2.6655265765261897 1.1518290053944993
4.356534348252659 2.5208861770496593 1.382670595468439
2.5825283017391447 2.59426438314091 0.9052862700609496
2.888816573152845 3.2246281248909243 1.006600551004588
4.483428506949054 2.6879937439001793 1.746279359214498
3.120208106975487 2.6116217005761575 1.4059158553399262
3.9818370733335153 3.14024011195675 1.7940801196798615
3.128167434455435 3.2462662426412647 1.9607514311022967
3.5192611750456733 4.721416822244348 1.4369281390027084
4.755043973733849 3.756256371627016 1.5117589249111891
2.7470740238157876 3.591029214897077 1.3452338106700816
3.9049496817004834 2.8844763691614763 2.4496039362805697
3.1105344406527182 3.588750258910458 0.9467916212001491
4.293606667593524 3.1318482747872607 1.7801628013816795
3.0966053096863835 3.2293589422682842 0.9166458389752997
2.6743616483518498 4.128322289789939 0.37055668413817255
3.740709203964487 3.682362012244159 0.7073615601507134
1.530073224964661 4.419152392008095 1.5021350375190898
3.11771034505263 2.6119037300077523 2.5431754433324443
3.109734119486728 3.844803841880855 1.2880873206431178
2.9470017194353675 4.106943868944956 1.515553132315203
2.0384020630107234 4.181471157062673 1.185050617817967
4.434057780259317 2.464001741203247 1.3097229284741785
3.2611146819321744 4.493873285814589 2.357762211615166
3.0086927282632527 4.05029306633449 0.6735501504256015
4.0700288082140075 3.7104169768230153 1.3372536603571565
2.9128851538453375 3.0581970635416993 1.3329408333984856
3.407002806052327 3.401926873477535 1.6871507197102475
3.4798022425442916 4.600382559233892 1.3759709115488976
1.9733012591975772 4.989009521696921 2.1510455507876336
2.8455138139005904 3.7817203462030724 1.8922008956514746
3.0777354574476417 3.244782473651789 1.858983039242641
3.0134027788858515 4.18522502874371 2.0594873872497215
3.333320724758287 4.670637795513868 2.509407447626752
2.3254976032088552 4.878153393540694 1.7896761010277764
3.8695187490536402 2.826894154853313 0.9736044425155225
1.7212402159079714 6.052022201994104 1.9526753660560427
2.8460819041018963 3.3435543843689337 0.9198089214680037
1.6430488286113523 4.265614185263336 1.2950551092026892
2.152910005970231 4.682054480790712 1.5140690407150748
3.575446016147735 4.374033270991031 1.9377873575660562
3.6726028122597194 3.4009420575691185 2.2187908973159614
2.545981809090326 4.055303954294703 2.1906728313109927
1.6394997491527794 4.443530952775751 1.822488603015823
2.1155797011124897 5.135837014099818 2.206472692109442
1.9417960109933283 5.493810104019926 2.7191047751823714
3.301523280471337 3.8728030084633494 1.6849755364331584
3.006256338931718 3.9284774510928853 1.1787753410389525
1.8539184795052233 3.8469000678587406 0.9567018361180791
3.3892513478699144 3.412575305089342 0.9609619167728968
2.8779697175301955 4.213105123898962 2.1176277857768846
2.7207201898200752 5.134980975060529 1.8237904696755245
2.2350916735704924 3.0249064227131037 1.1962724367630844
1.6668501609469655 4.3173998942866465 2.291054913146848
0.1690913596148043 4.283377050744763 1.1900233757275225
0.8536426304968908 4.837394313271612 2.096327616153592
2.159344382461622 4.679667714868953 1.4798269335856666
2.2746849608956876 4.066532668207735 1.7699443837939826
2.0790608608514325 5.3344574931780695 2.204861622115483
2.0262672544677303 3.4578659721179132 2.1723957973450068
2.94512657502389 4.924237847485458 1.2469256006339102
1.0765987945152062 4.535613582840142 0.9338944702544467
1.0109460739615974 4.678022799066071 2.074593375654476
1.3764969041332746 3.6953204061138925 2.4273009085881974
3.4562598732521614 3.8184158770185976 2.2807572076859817
1.6665209773970826 4.634573837775273 2.1002112079603887
2.3215724745784314 3.7570865043043247 2.537907869257543
1.6191249314310396 4.614936064978619 2.586749808874932
1.062576071279244 4.515303243665061 2.1729413704648
3.8745769922254194 4.051668995751929 1.3029779893313265
0.8945520548028132 4.405794994405778 2.382896727749591
2.9904354297926057 4.311440940533275 2.705990241218
2.323793870346622 4.119054540340346 1.715261882152512
1.5567500999636925 5.05925340354636 2.0919296369491054
2.153344443589999 4.238464746002102 2.0031985023124603
1.8714039925895591 5.1066210181642635 2.5934766195981247
3.1091581084441775 3.42374996615325 2.3499865501215593
0.9113414742016331 5.162778741683251 1.293093930447821
1.5586442928417479 6.250229528869176 2.7123669927200025
1.6843672645007601 4.999981989829226 1.5228672324091972
1.8052151798199163 3.4288592251370895 2.7334858679930845
1.7166762648736058 4.567240893827184 1.9387853130193768
1.9803510340778065 3.772687207005041 1.0887588834859852
0.9178338981197344 4.125935260539798 1.56771984378992
1.5104831017509632 4.352744192873742 1.9484907139823655
1.46596674434833 4.795063286635429 2.8014264702415868
0.7403495935257435 5.529420687612671 2.3224421357717637
0.7494089395253537 4.277050207386114 1.783989871417739
1.7677442850334348 4.994659289781991 3.153090867732806
0.5217840504098747 5.339975812756015 1.9432385445292533
0.9398694399024166 5.11203210610892 2.3709968934626744
1.479937781976561 4.475104657221194 2.1107716102589618
-0.29057861480962716 5.0491119662472945 2.9314342153805084
2.6613373467764654 4.487728520897294 1.9922404667649218
-0.513983808574601 4.584190807508896 1.800928412224399
1.1295911336851088 4.403264522692001 1.3538299257702362
2.3845822244455803 4.496443747763024 1.7996152094446742
0.8461255353299904 5.650230950161316 1.371818591043485
1.8246707601390049 4.3304800263456675 2.1502705250582492
-0.5358342023100631 5.011635878107231 2.9583674288516706
-0.5542295774161119 4.659414852606196 2.375517628715943
1.5958202179597303 4.599133907606754 1.9590752471481914
0.7904207030205822 4.3997291565091725 1.989540804306423
1.6636095464508727 5.16308064459861 2.256167251634332
1.2463655565576153 4.902698964672482 1.7844708849920332
0.8264016572462961 4.196285218493521 1.5863235168004
3.020650379469808 5.112334605958323 3.1434002376103005
-0.15125866255794407 5.470234886696855 1.701635546971624
1.8714013939208372 4.763671588003541 2.3644918063858302
1.83255945277546 4.524560536390088 2.862804286617143
1.7140862113962376 4.566739577593563 2.183176656055636
-0.5663295555604084 4.747242928161659 1.729675477818216
0.49341031937085517 5.248244394788952 1.6705822943413584
0.29667642394380256 5.750825028008467 2.448565648490912
-0.4136126999083257 5.0635932532671415 2.4955375773993844
-1.6577032424310327 5.092538503865259 2.2941968921122484
0.2542274844186192 4.878775253710593 2.056218898909467
1.3119171558461993 4.914152789101724 1.6981201161090738
0.13086328355354626 5.291275302599319 3.2710429535902703
1.0280314726433228 5.075703656661308 1.9485505857048657
0.6018320389530434 5.0676650491769015 2.2177318439197933
1.0792878916637494 5.284981137599876 2.371748450015126
-0.0680154609699885 4.862811041750765 2.8225411958723003
-0.2235570165358011 4.182386486689402 2.761585068621679
-2.8639337187865053 5.471187312362117 2.1116597144294316
0.16905976204087314 4.828951365687273 3.4015181342262117
0.17772176503130635 4.567861409238126 2.3585474209229553
-0.5038976067307176 4.567592990554426 2.4488364196697017
-0.32782554265369557 5.516568446173874 2.1384249663786847
-1.1637045923371123 4.29737477768165 1.911493932023488
-0.3842037779305003 4.861184849549154 2.5258880781044715
0.48498328717778094 4.9395678744328295 2.9158915935091176
-0.19057168960284898 4.746322784582927 3.0963955034683908
-0.29314074326429385 5.184172007164565 2.308236263886354
-0.7963992899458805 5.337560644957107 1.8907722803328926
0.13886298722122867 5.060450123524668 2.7348717484032883
0.8734276590497797 5.3567206061559265 2.178688763891623
-2.695763418427614 5.044017042504345 1.948232242805986
2.901731582799368 5.519535659986907 2.6061024520018403
0.8509734826846548 5.237639146259793 3.7040107925890386
-1.287213563248205 4.951097984213714 3.4205573699112954
-0.8822432989383214 4.797296314296829 2.8130159754010493
0.018799761643775524 4.909166463959416 2.8175724599069594
-0.5623909673344882 4.797916416924626 2.6780544228923215
1.32650251610389 4.861631538261106 2.1393433832168793
-1.4102473731296703 5.064965885764795 2.9653531035337326
0.3862611844134125 4.618049808241233 3.026880757627966
0.9922956844310761 5.842843328910774 2.817023357619752
-0.9185888955330204 4.749818391977241 2.625954353528576
0.5230922521336882 5.239130911237442 1.686890532497475
-0.8490278949698016 5.22111392039944 2.732691791295146
0.7749072246210899 5.512762712870484 2.270970966985558
-1.5850758863766141 3.591478300456488 2.5660623284752075
-1.0736285610712013 4.453990887836162 1.6644111897873533
-0.5284306178293425 4.751773667543187 2.5526950011435194
-1.0955313389556405 4.46115076432173 2.711715183429473
-1.5681847836696439 5.469749094099285 2.3417140023885326
-1.454754427259363 4.894177749621024 3.5725071177871417
-1.7749307171769055 3.8583544422981477 3.920226771957356
-1.0795422983378375 5.110149485983708 2.2372995844982553
-0.02087992096393951 4.848699935328125 3.515161857946394
-2.121473384497436 5.177534126551376 3.4988300429627155
-1.5292037594200298 4.893747344719761 3.936428553632161
-0.3292453743474536 4.554709385600546 2.8354092299654883
-0.5492600551318809 5.205789687259165 2.847961564993123
0.41690542647013085 5.734362248974223 1.7574794085793748
-1.6533404077456508 5.191113892280847 2.8763830867741174
-1.944013080602488 4.777670785950413 2.798641274790814
0.28048945946988574 4.610590504800275 3.424121902055779
-1.6596418266941035 4.824755339568799 2.6599131297920624
-0.9147489067996339 5.091320223489235 2.7765905612133452
-2.4911817125505715 4.702764171666697 3.761088497967995
-0.776037815534826 4.623379075113812 2.9251879909194005
-2.8878511120987436 3.7208219768096042 2.5662551048102475
-1.3447203715007108 4.51807194242844 3.724812622704444
-1.0717046040439082 4.6142399449379345 2.3989993640140357
-1.1189664206671397 5.029876896660031 2.385241241623379
0.21231948855882807 4.996353557415831 3.815783432842223
-0.33677827774198227 4.787549560836026 2.69718815179454
-1.0935115325438869 4.931528680677844 2.165364694853773
-1.0889636667391764 6.144592178045468 2.364254214997081
-0.6990373816062322 4.841862360867581 2.744003179562203
-1.7972286706859995 5.09395171847463 2.843478782998309
-1.4859988439828113 4.347492954392058 2.6009548890454917
-3.0131274689998815 3.874955128680253 2.8722912591344367
-1.6728469961881396 4.026419607459817 3.183941781562649
-1.4737482367963788 5.071503461499684 2.544972019327781
0.31302007149147765 4.335583321400489 3.9383892491376025
-0.8309529960005116 4.3301887018203775 2.4992622275264407
-2.150984505604993 4.230297664127009 3.2874672382474706
-1.7292310515688782 5.790678065007541 3.4934686322413246
-1.004779622022157 5.049277297574893 2.4564603885513905
-1.2510852236616798 5.231224772213975 2.583524329199625
-2.5856078137274885 5.662039355817689 4.169267455689678
-3.368773656237291 3.9084867795230047 2.900888661817912
-1.7805236946162086 4.618448353718682 2.618183307387372
-1.986872174392235 4.235311339635562 2.5580994740735665
-1.7193454778548505 4.359238085623677 3.7340280326596993
-2.3719501080527663 4.5333842128302395 3.283322402372925
-1.910617448576088 4.608939636668703 2.5979996490197363
-2.2457783265532187 4.4304124162418645 3.335555600796819
-1.4918015799525737 3.862675084429942 3.3957365083687776
-3.708723755589507 4.604454937386297 3.3520674396262824
-1.7264135406533627 4.7631913844825124 3.3115902796123513
-2.877046142745961 3.5597217047723406 3.9894193459097647
-2.081574642129933 4.540434836597529 3.9741765756883267
-0.30531590874459597 4.415272085360172 2.7894526448881485
-3.087978237990773 4.950563711134556 4.08680576499563
-3.558856249071574 3.7339999106981043 3.3755049101396484
-2.2043137545287474 4.90577536251227 3.8241993665223766
-2.7026122184278543 3.3710532078601765 2.610083302701235
-2.2073009876835834 3.9732495258369207 3.4372571155942673
-2.0132065781856925 4.500490294294766 3.1005867116709496
-3.117642017007219 4.2347366450581925 3.2809912097651615
-4.477794411029487 2.9243386147677373 2.4770303281386052
-3.8427079117519707 3.728918260002257 3.031249737394794
-3.6621235136357906 2.974613334750605 3.725616109231643
-2.4421115344036237 3.1798482269688195 3.8769250538093427
-2.0196212895296046 5.466452728680159 2.9614571496435174
-2.439453751967774 5.074639073103574 3.0249530449487905
-3.0316459058729195 4.426938372062297 2.624329400366106
-3.232042045978158 4.888450661145983 3.0796337014288047
-2.1740826347640754 4.534843974938732 4.017078870425753
-3.3199475447198936 3.2926734590070015 2.880896807176816
-2.607168143229924 4.808840038211882 3.502319717964607
-2.4805553565061373 4.879016351723404 2.800630164271798
-2.454263258299298 4.619658840228817 2.8244186347760607
-2.933472516316907 3.4132704126824605 3.4094853645759033
-2.810130506323187 3.992253693364853 3.874018795375021
-2.9166367357630367 4.06289756452059 3.2506155256484868
-1.9345457008025508 4.36744804296527 3.880231951504158
-4.382930648171545 3.683880051361413 3.7912689885012476
-3.520784976061399 3.5647749848751857 3.772942778117314
-2.96183344316659 4.618844347818328 3.4828843133171814
-4.600934266015965 2.4048799890980783 3.393941169192345
-4.88742511617857 2.8712493397068277 3.642211866725196
-4.354550120977318 4.30612332728543 2.6065243500989017
-2.621315829465473 4.6170171910976885 3.4265363801182227
-2.9131146171039255 4.373407669809377 3.7844916120000702
-1.2887176197024726 5.437064280038166 3.359163013858838
-2.772477292581507 4.38607530295147 5.018758675026933
-3.457137920284982 3.63978685237552 3.584863661388151
-2.056226646045312 5.38544797504709 3.7760319975907737
-2.7878798476878837 3.635678077364546 3.355961558912349
-3.9067965143933403 2.197575672017205 3.921456891043557
-2.528663285996233 4.719180395398722 3.593170213979244
-3.167845025124848 5.449301038713847 4.070706851566428
-3.7955277208723355 3.2238812900802873 3.4889793921308088
-3.040538520637105 3.1954334786779053 3.9559476957142636
-3.8017507544102287 1.7050351256531011 4.213262134760132
-3.252079799221912 3.1905803016072354 3.3019635113469437
-3.5137348468046703 4.2944290608905655 3.833462398742934
-3.1294574033366325 4.154778821524419 3.6401894199307825
-3.3673428310176936 3.2205577301843693 3.985354937516729
-4.709908681916798 3.8559795890937782 5.120947430941216
-4.184192201955105 3.629473984270323 3.4691306224216754
-3.0537384167566324 3.6081487690467084 3.6088740860488753
-3.9164767604810597 4.601316004396222 4.3706023795777975
-4.64351822627864 3.6093978239145006 2.910938464570515
-3.4427295895819165 3.9122061147018448 3.1463363152244543
-4.310743857934249 3.9539861228246473 4.048855627271259
-3.4728447625018344 4.270243603254127 3.5809336192228196
-3.3014782777861256 3.686335654876815 4.109253077288947
-3.146536214469004 3.702599114074031 3.0757579678810787
-4.168388103303247 3.066451804268183 3.2717109951955123
-3.4211399602698647 3.8598963509465523 3.1073856648637865
-2.3985922435399223 3.6647927412900865 4.147151831855442
-2.844726033531695 3.1761347706168617 3.4358050025256146
-4.366566383329147 3.9296629553655293 4.214993429441652
-4.14661119058168 3.3060883913489603 3.7433418496127984
-3.5029604486881674 2.4903485904539777 2.8434713825704714
-2.839529501440498 3.0257222312387904 3.679185493830729
-3.402766492738537 4.185785140872641 5.138902164095331
-3.117938681792429 3.0271578154451455 3.2184561081537595
-4.657227989224039 3.5250729300927373 4.136435849990545
-4.6341176513111195 2.1333032672508865 3.5948693379797927
-4.743755145591565 2.180765124962151 4.894769883879901
-4.184996349484072 2.9537178845170446 4.8926268550222325
-4.575875960587344 3.0709545351640166 4.480292584291966
-3.044827197165638 3.631118267566662 3.7573241273345146
-3.9124395780486085 2.1442196739624744 4.220647518003443
-5.566084962638456 0.6880632207877877 3.6907836698954086
-4.381756721884023 2.468434578055199 4.4272564159615095
-3.443965458271434 3.474725261120743 4.706264605782653
-3.8268823271428647 1.5316769495458509 4.320625103440663
-3.5409923451613596 3.4667294849925994 4.232438041569459
-4.37208374574433 1.5446590962961415 4.260176564497109
-2.7352255748370604 3.9282563271306157 3.612220695887981
-3.8388486587512864 3.0120541399958682 4.314829892611966
-4.17245478366358 3.5820077930683873 4.4097100068106165
-4.396317318397601 2.3804508078917253 3.58473497056396
-3.902774927691498 1.588622460120252 3.668894528514651
-3.927032833666133 2.8220391197798764 4.658575347208342
-4.006369696784078 3.037894142655529 4.311005065464475
-4.779738955310405 2.230077392872984 4.243204091826231
-3.5504074423194574 3.97826600788193 3.824933106695948
-3.7541674964636313 2.042242360391637 4.01453893083051
-3.825360358091872 2.3404554217625604 3.9533338350618745
-4.51051539378108 2.6032743405691807 3.242431918856859
-4.815404095453894 2.0393936204858742 4.157424647542899
-4.057682536322394 2.2438485527475347 3.182397972132187
-3.1668950225578407 2.146496262875219 4.058795209930878
-5.514068245333526 1.2452126425830805 3.9637414300630636
-5.105379067856334 1.6033847108789638 3.7748263103339172
-4.463663594930026 2.2410113422744726 4.931967068580192
-4.567804427295597 1.1839711478403192 4.312606069980496
-5.073821047175856 1.166846685085086 4.276787774956244
-4.478705375272945 2.1907710911787297 4.102434377538856
-4.82630135810729 2.6885612331335675 4.097208749884413
-3.9395169585132104 2.925832781202805 4.148701500520493
-4.426696556301865 2.779090252474695 4.4608597301407915
-3.9220796425966697 2.1311109859902837 3.80812996892686
-4.575557834711029 2.4253240613644613 5.0403062221958645
-5.546737519549113 0.9607066181530687 4.538570091084084
-4.089672595643771 1.1369902217871755 4.180428448112545
-4.594246706094488 1.2376193450950375 4.827592640614732
-5.168902878806893 2.5154504106461375 4.064568866423011
-4.190347660982889 2.458044746192349 3.8371120521299162
-4.627878963748842 1.6318004465948581 3.6798651272129543
-3.0096614885907127 2.512578128345543 4.329166406994506
-4.900407030415668 0.4578170577949672 4.678268899950828
-4.489864057001591 1.116401397461489 4.41010743070602
-5.332647881177858 1.1977088133804359 4.408700414556158
-4.815947207311996 0.3466230643532541 5.088479814289786
-4.2257747810649775 1.5015968672700375 5.739184768776878
-4.6883199279568775 1.5107211074629532 4.891930085783096
-5.8676666508430095 0.3663669641910789 4.169657749028584
-5.5023824392945 1.9386192823065578 3.773559525137065
-4.077165846694456 2.741691153874398 5.538754962355183
-4.337926338013765 1.2083631196727742 4.964227345438553
-4.621801488406614 2.709219896180227 4.146330994895527
-3.3568501146756695 1.6007903143006448 4.812770182138206
-5.072064486596962 0.6021954604144217 5.110747656374167
-5.014853764901661 0.685956193585066 4.400033549812972
-3.78258822991437 2.7613075550004185 4.854460703881604
-5.224662047542249 1.2051300906857678 4.123110657325508
-5.5644002740859 0.53276803233234 4.600473645571998
-4.155295820191118 1.3602611438384917 4.369626230240043
-4.556226823770952 2.9583651680400123 4.034975574282637
-4.510423267525256 0.6759306860236494 4.50056249954181
-4.62839799396937 -0.780061151045595 4.14847294679291
-4.402656948363085 0.2766024923377704 5.08205723330667
-4.643422972941493 0.9075276367798689 4.315884866903111
-3.6842485928048476 2.612211351262562 3.8918538683192168
-4.313730088166189 2.216072392227332 4.259137130738147
-5.188585316169413 0.5203960099628552 4.914366003142387
-5.2973193247783374 2.320085123308487 3.805001088919443
-4.118305181223205 1.9170164743386977 5.215024838487054
-5.571518995271245 0.9410525118657298 4.8603440991442435
-3.827952117155021 0.4715298868155119 4.219717584762956
-5.105731238037337 0.5002206177665348 5.210227532367554
-5.4844832524793645 -0.055509684919419634 4.188770308300494
-5.4373712873509765 1.2338093598473 4.416937264821592
-5.080053894140231 2.2418369032524406 5.224399561834682
-4.93721200737256 0.6371533693785092 3.7537998765082854
-5.169779944731475 0.23712428691241966 5.13522676604127
-4.033716359236096 1.3986912746578928 4.901244179998271
-4.277762509031982 0.5349314290947842 5.226757779373957
-4.695377885188203 0.7856700187441946 5.177684033191452
-4.446133941490487 1.9484692826032821 4.660052412683118
-5.006716666806771 0.719611055718609 4.1428179006701065
-4.540186090781055 0.23730715456539522 4.572849056311794
-4.492072613500365 1.3199047576878584 3.9852189615590743
-5.076207504407917 1.9158487321014621 4.498541587616532
-5.000067311206629 0.4628420352827297 5.308020320491025
-5.558211306904232 -0.3481393371116961 5.0253811218721225
-4.400911730634989 1.5777755504783084 4.8967239411681875
-4.648964409169338 -0.5048117750297 4.851502253033916
-4.0235626973458345 0.7796619682624777 4.936325893850436
-5.25445027794844 0.8893462545729093 4.853256040268029
-4.57940233466586 0.3509605910991634 4.299083500001139
-4.930348519833942 0.42611348771768376 5.358827983099468
-4.203472660964644 1.9106737363531223 5.42661410175234
-4.972276861722937 0.08910706603932499 4.622640518050913
-5.765613495499671 -0.7058000584733275 5.014119173995297
-5.336991346192572 1.04484713955983 4.747812494347877
-5.5134086402471585 0.571175548079263 5.128087148276622
-4.748999732891993 0.45445047370775954 5.08043958003098
-5.027057547589698 1.1670264377006276 3.9816764459197196
-4.6816240932879545 -0.7680938518281712 5.40379188630231
-4.380540212508403 -0.0654238979287915 4.881425705762546
-5.905014232138936 0.4485444753191135 5.608401588558528
-4.259392986261595 -3.125992701039719 4.312906209622005
-3.573307376099043 1.307507081966684 5.352296024143662
-5.0511090545017625 1.970557239755125 5.494272163246336
-3.907513926702079 -1.4327985479629657 4.1715902640664195
-4.8898188666541476 -0.642961071106554 5.048211095969251
-4.507731771173321 0.31723837120082937 5.7081213708560705
-4.070481047436142 -0.4507006219107742 4.643812581829888
-3.999736016337554 0.576307044594282 5.161711870810672
-6.019778089145517 -0.6863454378661116 5.056049898337731
-4.430886415576769 -0.6822515196712396 5.46596823551112
-4.381956623052127 -0.8021281796384417 5.754313055061087
-5.06611359458561 0.03142627625844309 5.579774825762053
-5.365942090498174 -1.4254262465052407 4.823137640374661
-4.124137732723007 -0.2861680862091679 5.2844253674813
-4.6900008733825365 -1.2278709111559505 5.463103526770204
-5.402981479624563 -0.10637779223263467 4.775720849571723
-4.91138680714344 -1.9143426360156237 4.238954059609625
-5.317038016275263 -0.9501916139286727 4.6283080301931125
-5.754242319624464 0.37907482374559415 5.597463793679831
-4.871096842080357 1.3054843030457852 4.569828180626204
-5.538138082458249 1.0589752666202437 4.552819100121042
-3.466754956762878 -2.2570118213397774 5.924841841784337
-3.872768374067624 -1.8542959102651249 5.7132690923931655
-5.607428530650146 -0.8697623572298913 5.388812260684816
-4.769532467270062 0.8922594980355109 4.761451286910925
-5.9458966058528455 0.35072160827503557 5.909043020703386
-4.52630028263993 -1.02071793700006 5.822840655318864
-4.320725747051278 -1.3815510018155295 5.853983755705942
-5.017794231904014 -1.0828626681189604 4.877522435047718
-4.740575734373261 -1.486551105617263 5.069683069127946
-4.884149481754082 -1.3183857670261974 4.589039605195903
-4.470135656698385 -1.1742692583789147 6.413506373764028
-4.919291331081298 -0.4524258893788372 5.3596507947995295
-4.941252871046206 -1.8636680401740169 5.408300883676396
-5.271595000868632 -1.6533859458245166 5.6992125862958405
-4.391066394694478 -1.447096365685351 4.912672192260166
-4.824037830518488 -0.9499081534721188 5.36868566706139
-5.099403323582681 -1.2313201290170916 4.940331407691998
-5.267545249110792 -0.1053082086523619 5.188116751684751
-5.426084220248543 0.10452003126793588 5.802518109848103
-4.318057976205733 -2.0659117456219236 4.817833242029428
-4.6229553048322325 -2.260324995796951 4.637879430744431
-3.9319388589085102 -1.6195884889053036 5.073208737293026
-5.470766522870853 -0.5226928260416256 5.567043762630812
-4.623007275079699 -2.8951677390781536 4.932325160762196
-4.87488367728419 -0.42868729730776456 6.633682316213755
-4.242468519465516 -3.1095733789664273 5.778039847447162
-4.65168784507435 -1.8620241982766428 4.628288250278138
-4.331773786937876 -2.326967132568878 6.062359780797506
-4.818670125749606 -1.904682069528798 5.8008903416030115
-4.692638416934648 -1.0207302453427534 5.696680313391801
-4.9046869586659465 -0.921728414094376 4.772685543081784
-4.243505267955831 -0.17811459290243342 5.361693473783699
-4.7979876781121735 -1.0406506798571347 5.516106054424345
-5.11193135050527 -0.8996515698782979 6.061920269278316
-4.271922582420796 -1.6894655230813678 5.981083739181249
-4.24562506209088 -1.7363980206475864 5.0071641214263165
-4.373545903867483 -1.6808780599865571 5.2017966017334825
-5.133420770752696 -1.1420254591327348 5.077705704673725
-3.4781012179530433 -2.772969604234247 5.645802261636107
-5.317235083716029 -0.4466811203112971 5.201483059747251
-4.625442951152866 -0.6016291164369753 5.318826574882855
-3.939016442006755 -0.1870957363283051 6.279114324479973
-5.589850548275257 -1.5467391409669666 5.463381929765171
-4.21880355268714 -2.633906727118799 6.116261333406274
-2.9512224595569956 -2.7606493910611003 4.867468299866806
-3.5073235596645818 -3.099596414154052 5.031397776069131
-3.9654645821723236 -3.5291036180384623 5.860379692516669
-5.851789292207635 -1.8522060072235054 5.501298034363003
-4.722170482422877 -2.847811922411232 5.31815037102107
-4.612211963182152 -2.138221333425207 5.785829873440749
-4.160674498708766 -2.8381064774261713 6.12659909218495
-4.7236223888952145 -2.0964940846205042 5.188422138653003
-4.333829518992451 -3.0383210224213366 6.80600322414063
-4.0953126792586065 -2.1684894977872644 5.068695078280938
-5.125993342693598 -1.1531652069259752 5.631363965733083
-5.21080450124559 -1.6959096092925727 5.35542458397891
-5.104338068495727 -1.5439747328079756 6.263845089456067
-4.502341710415783 -2.2411813769487 6.276733933607512
-5.222671418214621 -1.158404924952096 5.166097711190371
-4.802458411472176 -0.8698265955542142 6.3244399816187125
-3.9386758468159835 -2.6191829164092373 5.559286132132665
-5.004192566820119 -2.025342265468852 5.489470782041434
-4.228216955676596 -2.587906356215686 6.055642449145605
-4.760065384896313 -1.5342650666791822 5.942150194472556
-4.1792355798327385 -2.4616270643738725 5.508289109457937
-5.21170629195183 -1.269618866749013 5.678490337916642
-3.471822704407876 -3.5489820021160914 6.157432214530136
-4.001795906544512 -3.0967836602720378 5.318920090326277
-4.322035349097459 -0.9473907710599344 5.192398205570999
-4.312189190074517 -1.9082754889178895 5.7632268611942905
-3.3639101891666496 -2.7249134469092415 5.49935531457966
-4.18878566859872 -2.229140743975203 5.896851603097476
-3.931172125848424 -2.382310677202403 6.441053928735096
-4.621896487877523 -2.0538094253374144 6.071910411395875
-3.6788851141290873 -2.8560057308112747 5.984718271187039
-3.5803471885555083 -3.6633242937442945 6.591290979608917
-2.7791463192186407 -3.4279379543441584 6.080593941519094
-5.1696637992294665 -3.6190719002932346 6.338309800653658
-2.567062959888359 -3.0192036851317323 5.088377001356642
-4.523568227300357 -1.27695510657227 7.056939029269444
-3.3903380370523255 -2.974785170170509 5.427328553478373
-3.8233910752746922 -2.960838959063029 5.556953099695003
-4.848240611990313 -2.215575769103558 5.5590632649297085
-4.541702650327605 -2.9239529637767423 6.4051431012630635
-4.5194433006889145 -2.9812967158031927 6.006076937447709
-3.860375415185234 -4.104046340275884 5.886978604042522
-3.3832391672516438 -3.704410329346491 6.349760711648358
-3.938210046988773 -4.326912381799231 5.635084530245376
-3.2214086817110497 -4.351972594129282 6.208591965214135
-4.955826384657474 -4.025704534252474 5.977103039800004
-3.958136162526125 -4.057395657439411 5.964326355078017
-2.9946026162660893 -4.500341732965818 6.088260093716937
-2.3822355015670023 -3.965292155392173 6.531493292230201
-2.0875863056359667 -4.210709601523173 5.438313890780558
-3.7924988729735736 -2.746352752571764 5.912003620834806
-2.961145891445524 -3.461150530530694 7.256435147993816
-3.6603090841316948 -2.3558858931353215 6.200605247845041
-2.1863369026059836 -4.067599945586573 6.44172628271821
-3.8562415396535763 -2.332242174681508 6.259529908227185
-1.8362467436263874 -3.530516630266853 5.854859284285917
-4.541765491227339 -2.3355264144182195 5.105913876812878
-4.86629288457646 -1.1332491108335534 5.897415092569929
-4.1599814452010575 -3.5208068629009035 6.7443083760776865
-3.37476725749855 -3.8235622149604898 6.923560498786726
-2.6322682385719105 -3.6872479895231685 5.974764685660549
-3.944299472382027 -3.1450256857630006 6.090535717444497
-2.856694665493677 -4.707887815145471 6.064489796030047
-3.0568424916888404 -3.9811667799974177 6.366344368901885
-2.7435764509964544 -4.186182688642975 6.35418323193977
-4.499885378714184 -3.8333452162867427 6.2003884077552165
-4.245355666024828 -2.3758738148768646 5.974967651655956
-1.9988135589131204 -4.1452223268560076 7.032200959068067
-2.5540689414039432 -4.195947044775317 7.074402036398478
-2.774341954703237 -3.6860292236574796 6.796039352503105
-2.136048066043542 -3.6232044307666156 5.899188557169917
-1.619080729624733 -4.52386299039858 6.2692932523624725
-3.5252197359883515 -4.3605120958718295 7.038605760547066
-2.4025801945555827 -4.518919022135428 6.854708975076379
-4.37767891652837 -2.2143823208079434 6.134437610954936
-2.3388915359888305 -4.117280363631297 5.938935839890986
-3.202629636629097 -3.3924929569447753 6.739050352125207
-3.271134462148553 -3.864398239645199 7.130796088127584
-2.763656469539238 -3.599156365078252 7.183523722068546
-3.6311370948353625 -3.9233489409365543 6.278438381056755
-1.9364652649511482 -4.279202800737126 5.91154862742863
-3.1892221700506376 -2.556680499215425 7.27407552712763
-4.089937398314239 -4.379607915484432 5.93942640485053
-3.5240297527707454 -3.476672371725346 5.808509902691988
-2.305963472402782 -4.3290207442717 7.058959480644535
-2.5380569655153944 -4.61214692305692 6.8911738590695615
-3.694969044610332 -4.6019598613235955 6.965678767695248
-3.3049138559629987 -4.110554053889235 6.494898634952654
-1.9679140251383578 -5.164351942668736 6.685523293249059
-1.8545522284897904 -3.760533154776887 5.757875794802825
-2.3311605354565716 -3.683391149102383 7.349325999924616
-2.9358924285577515 -4.097015203868148 6.354290722566591
-2.6212760351887923 -3.701683212633955 7.012883503305928
0.024290983292489413 -5.014760744985239 6.795579663683946
-3.276090925126865 -3.9571103542267827 6.0511241218842
-3.4405145979130634 -3.8818037542736166 7.265272393763931
-3.098335116557007 -3.3605346062645873 6.359492479558742
-3.0177699130124096 -4.8022070815264035 6.238520228810774
-1.8523597382743024 -4.6962340411141215 5.902410108906294
-1.7803617091924935 -5.0273352188319045 6.814372696060925
-1.8694836251826354 -3.8549325638405154 6.720099858033013
-1.84901431869172 -5.056172480373264 6.776946620576837
-1.9891231418222084 -4.490897815351413 6.1490855076821305
-1.7531297670510202 -5.08345562616604 6.819800536898126
-2.629239200613564 -3.470497199502202 6.762391808146831
-1.5197268190233668 -5.530616104807069 7.02763175820401
-0.08093852473938636 -4.801340392125412 7.00432867014844
-2.1411918987273735 -4.3261081238560655 6.665960346114067
-1.2084519191996705 -4.89565247207324 7.535752091244791
-0.6147355760483104 -5.704802944698918 5.937596215238758
-0.4172360984206144 -5.079239249649132 6.912412687148323
-2.6811366854487564 -4.412650094983895 7.116757547841093
-4.198388477964605 -4.14546941128778 6.673523388572833
-0.07888730273305707 -4.259739496207176 7.084784448216148
-0.5682573295781447 -4.957621177298667 6.618753440512545
-2.285953530131232 -3.907497795666733 6.9773706918496075
-2.1564832675887033 -4.7119895551224396 6.994733661720159
-2.463647894967307 -4.769843695951852 7.1200801002909815
-1.1799380540718782 -5.5200402505451525 6.409234173675121
0.36140418384176354 -4.2291322573004 6.3766129113632575
-2.118625270952942 -3.46905536813832 6.721767768282802
-1.5368350912440583 -5.0641940728855905 7.475776162741208
-0.6512613250838785 -4.015799432038182 8.406084420685458
-2.729594861688427 -3.70538979103749 7.6283047217239535
-0.6118460735635983 -4.872543086820304 6.813147959249837
-3.2436312090537904 -4.288299639585762 6.975590055080004
-3.1471739973358126 -3.755873875754884 5.813881373923237
-3.1720898038637397 -4.14245065059647 7.1129834004793135
-2.444861618771641 -4.3776039798637045 7.748237682030256
-2.7692296208740133 -4.305696921835164 6.749826898464655
-0.12511767925549505 -4.779309117179704 6.902315944592398
-2.0315342154109137 -4.00547131938549 7.004863267965907
-0.7213929554405457 -4.911409625219636 6.953725466579041
-2.5119559364877904 -4.945921414517911 6.848536236974525
-1.9554871731198644 -3.8836393066017716 7.325200399287869
-1.5697432009744186 -4.1495280448458844 6.9641113128625705
-2.770277114013191 -3.993380307390127 6.763491439471705
-1.9334272564652892 -5.391788067404032 6.94331390300781
-1.7754913655801052 -4.106731290437177 7.943694230247477
-0.7992395773563412 -4.024428949934355 7.18704371010211
-0.675280845950479 -4.486635914685375 6.804486882720958
-1.0876105298529903 -4.26389571866803 7.142027780483757
-1.1212009591117285 -4.918340650194707 7.146816276883215
-1.092893564618654 -4.666255692087945 7.685070978346149
-1.4761955885599838 -4.7432732444415775 7.20325102789791
-0.11516024752924979 -4.71034006461843 6.340220224725284
-1.282963022043926 -4.4345913218809505 6.586908548147176
-3.680253098037329 -4.293710458660952 7.124821720284452
-0.7637424515611623 -4.981349741437938 7.384501800828605
-0.9342046701663604 -4.552595770358491 6.618595185440777
-1.0481780196067338 -4.219913739370071 7.8997272305612976
-1.202904484123664 -4.087827508089439 6.674758222974456
-1.8063201660875616 -4.422757974782323 7.561847969315893
-2.2002684585391603 -5.5041730356370335 7.7908682577894846
-0.5402506307610563 -4.686200825117074 8.795898755916875
-1.4989924690444347 -4.792681710320179 7.516600939393929
-1.866757001478719 -4.828094006905427 8.143873778497293
-0.667495674715433 -4.8824170707966585 6.506188399349451
-2.3948148946560757 -4.5254051185754545 7.582321321050402
-0.7148084375006782 -4.797593049499138 6.639828254274025
-1.5876595248731533 -3.8993240562873446 6.897551486620635
0.8289206697053089 -4.704109763528739 6.8182632674888515
-1.27163723558096 -5.090038745546632 6.752923870096986
0.4379992164416911 -4.119059944984061 6.924621145612681
-0.1257731409544713 -4.767067030238697 7.459423255958372
0.8733049971398099 -4.460808394473526 7.5099812691738865
-1.2694394322461549 -4.281877118634522 7.410791397512738
-0.0007765427036378179 -4.510563374295517 8.048966495023862
-1.1347843188052504 -5.143305353566816 6.836801548329575
0.16005534020010248 -4.886147603379648 6.975878842419471
-2.2584998937387404 -4.396956435959813 8.195219971229195
-0.5790104038246587 -5.045989815231092 7.509610203460895
1.2002311563861006 -4.593321551983879 6.921953955055837
1.0385905023955189 -4.742784140471285 7.656375454662037
0.1621271809893137 -5.29407835915298 8.130574650810008
-1.2897072091706094 -4.31696924985926 8.214295516962991
-1.6513377119117278 -4.658253557381517 7.666443048474337
0.11443295738249776 -5.337891527846477 7.166379687245575
0.4651376739770206 -5.627528756069794 8.046550127530914
-0.6289330168535753 -5.478665847302203 8.098419189769125
-0.13160181258237375 -3.90360270737801 7.582693666202342
-0.008560403760013524 -4.169240357323107 6.8902247279769675
-0.3802873589187136 -4.535417035859563 6.802476184190391
-2.164667608179716 -4.410983533952539 7.348247832322481
1.0604375159154233 -5.2634513926787045 7.366965841373058
-1.3450757471231316 -5.586453600515119 7.020675475367387
0.9441202049696984 -4.721853184422963 7.774135343708102
1.3118808777582387 -5.693900116205543 7.855329626930826
0.6229005886899963 -4.639309089063815 7.877991287255696
0.3473147227686476 -4.809915287984645 7.578426295189739
-0.40732984918947496 -4.176101956525008 7.878203516601518
-0.7846177506498486 -5.008637373687129 6.8238166899845965
-0.6345565419074334 -5.202385472953948 8.52046781151624
0.06893157901548476 -5.077882311747598 8.450896489830933
1.1378089103171416 -4.617890745874651 7.5746235674864275
0.5007700385689291 -5.210072344322165 6.574925506045128
-0.8743091516638589 -4.845599517842557 7.929818949336954
-0.43617274792086963 -5.089798123165463 8.330428996591493
0.580650520501442 -4.862210484977718 6.74833100381017
0.40573107015879145 -5.022408572448114 7.146072443443621
1.4109722711073798 -6.006242152031631 7.752672655608578
-0.3301974094211784 -4.482592695774938 7.968449972171278
0.11837408173004296 -5.089921445474534 7.378867546045057
1.0836215183050104 -4.700916145884094 7.630324555097227
-1.1352620508169253 -5.082501515817709 7.739083346869322
0.6189277250420359 -5.544596982200316 7.510364413754594
0.14540671673662284 -4.923449261404077 7.551757042791577
1.1821136077476744 -5.175845792422912 8.382268383343074
0.0020702976964242885 -5.4012162146766505 8.042612938808805
0.7248305687868739 -4.596237550337104 8.186743237091685
0.6480170289929894 -4.176177278055046 6.801784252982829
-1.1179816992588547 -5.54585830001987 6.850615157073058
0.7880083142101963 -4.4677972460206545 7.914152439366648
1.1246499708734965 -4.78739489572652 7.991305449446907
1.5986226287296508 -5.264496042914339 6.937540340110029
0.6137450945049134 -5.455796340674928 7.42769176667891
1.4837979741222642 -3.7652734750590984 7.35684912808861
0.9420575120140464 -5.318189318069621 8.346487708392353
2.616328167654708 -4.034168256366239 7.80630185168555
0.6472607503767749 -4.599439217014269 8.236467003020374
2.454536231503102 -4.7728440991485375 6.6071266260807455
1.6087695217864326 -5.6124840604339825 7.834319408000953
0.3146930278131721 -4.950108395340435 8.162801536356453
0.7468392704181761 -5.285724852762857 7.068164644614687
0.3388801149288187 -4.983689178228248 7.702949041417853
0.7048854586266661 -3.9345173543602217 8.146447811163704
0.4196950456086396 -3.9002380318124983 7.535997833990755
1.3671899670610164 -4.853028216451989 7.999329494242192
1.6295542402856662 -4.828347123489523 7.516798064784816
2.0702689138232957 -4.726168952112405 8.551533670941687
0.5184410863623247 -4.641327106732438 7.287794774312748
1.3563465754492512 -4.325295363945671 8.51287686751822
2.6357533493313543 -4.574603799971719 8.18946280105361
0.8853771026164589 -4.758900858609784 8.217532971139725
1.0469701585461735 -3.9537742623366703 8.858876627426017
1.045302283786759 -5.522978597090218 8.838268151815848
1.395159662501022 -5.418788052932294 8.572133469733739
1.5838342251466677 -4.908815144628316 8.263686352068001
3.082641475163335 -4.86684012305323 8.18792368453611
2.9230111894296735 -4.382084757075754 6.505740592555632
1.8718633873399035 -4.564916137068304 9.286531347602802
0.5357775834462335 -4.375883488100086 8.893992176816255
2.135941432188172 -3.9158582725487436 7.5239109552658245
0.5963445023867324 -4.158812183297405 7.594126886523918
0.6200301410052214 -4.168455615395295 7.530785632547413
0.2976588486315904 -5.210771551394705 7.115959526825504
2.2938600760367676 -4.114262426124192 8.672968823311853
1.8869953513661433 -4.678620445684893 8.012453433943332
1.3983198049985308 -3.841835780316621 7.200004531506093
0.46669970858427934 -4.602102375474656 8.484279125911218
2.5770766198328774 -4.714893496677062 7.858788920869255
3.4049264872346217 -2.8151491688435484 7.84170057946948
2.2111247005595556 -4.143963831561334 9.062963827659829
2.8270226258629783 -4.308559820634994 7.949863969478294
3.1614459324217017 -3.9385645866172374 8.566190463359213
2.3753905383572604 -4.421327121554787 7.839125828813032
2.013009404210098 -4.776051211592918 7.791747665767507
3.199958999183434 -3.887540873361781 8.239401464080588
-0.046519964610663746 -5.578931209484482 8.856584795908592
2.908847917066414 -4.661187579929759 7.916848659403576
2.566522344720599 -5.051786464053735 8.908534241893493
2.7217180147611435 -3.1987723609761423 7.743914901691493
1.9726930854743219 -4.498313868718296 8.356185058680532
3.4603899592957466 -4.186735333566071 7.533137912545186
2.7749922452044715 -3.9493116585914416 8.182260690857262
1.9958928895915538 -5.42825833191335 7.229943495342932
1.0267930872229853 -4.88296964846375 8.119591812959182
2.418269354519797 -3.9075776805904083 8.144919103799854
2.087700426718336 -4.688908142301784 7.951061173128923
1.9333261979608725 -4.6179958043157665 7.976946908942805
2.4719071399061603 -4.122079870808616 8.291514401582134
2.0119540219478607 -4.523138245962958 7.960898434653975
3.2411477723062174 -5.0653872309525 8.534786286953743
3.9396714915379274 -3.442608180731526 7.290029965082667
1.8032459946634964 -5.811716582600936 8.44147352592438
2.548918525288149 -4.505972571415077 7.584715278427359
2.006166505079153 -4.495684492633593 8.054596965091608
2.9144476469595535 -3.2446497755009927 8.739556161945572
0.47188606801335836 -4.802170776008318 8.390172442543715
2.7406555900770377 -4.160191749609087 7.169289432829699
2.8347948039485367 -4.767302448645138 8.328578632850341
2.8446631822018436 -3.9507722118115103 8.488367658874548
3.03546028449596 -4.090572201844525 8.30670539441494
3.032774692435194 -3.268754005639195 8.565854104981614
1.8243192855276047 -4.533432484251491 8.928555909076328
2.043785663796076 -4.819098524597892 8.197209491270533
3.418171303076478 -3.844559902386964 8.305060340545126
3.9113054017834545 -2.3173936407738527 8.388221352860475
2.0376651583020333 -3.875007943734553 8.034676722341516
2.9778422787724668 -4.299579285891807 8.837972045505222
3.731165157648012 -4.1719250339451515 8.88092587996026
3.2841687736010057 -4.099710337432469 8.693093796672363
3.4427312359857956 -2.800814724657229 8.32282788562294
2.4162007163188473 -5.030185652842847 7.03216449180309
4.82448497372761 -2.5506787982222527 7.227803578376753
2.4235684815507192 -4.425323841674304 8.248734315731728
2.4794430165930526 -3.5715895710659393 9.113531580458586
3.0819959004793156 -3.862864659898061 8.082596613645151
2.5551668808037067 -4.313627649005525 9.040092245195138
1.9706593377106743 -5.194663268738179 8.716023179012572
3.7021276273965116 -2.36258274169432 8.382971164598114
3.5117984262555675 -4.756140446286285 8.276678306841271
4.031851070892185 -3.776186009179748 7.8076614403162266
4.618965071854503 -2.6929031287221656 8.96686250902649
3.9565850662206583 -3.1810379853002857 8.617236890664866
4.245135484792768 -2.5186769324647944 8.314458066828347
2.6497548332422873 -3.440852682649806 8.863132827437344
3.753109073109409 -3.4461412329141656 8.259286554114235
2.762398140354099 -3.6679127351183656 8.586738317620693
3.7422898378202825 -2.9435090614589745 9.140637585408365
3.97774553661576 -3.4427511761526888 9.035943216875827
3.4449028815676073 -5.047693061750833 8.575494423018998
3.3325989735322135 -2.823437040866088 8.176324584928635
3.6006247025201987 -2.983922846949409 8.524587124269251
2.8127339210240603 -3.1505106807742336 8.419591020799988
4.557074799392369 -3.067543551246847 7.819608919839771
2.6482366731622435 -4.255977132555577 8.986176242701978
3.0053631020953127 -4.559502424293516 9.16147601066211
2.0174998094829752 -4.5569485592727945 8.600581214139742
4.60762912051071 -3.178064504367742 9.438036653691054
2.9777196263960284 -3.554987017554747 8.23426955416978
4.262539921558933 -1.718606289191782 8.764657242384905
4.11728784783646 -2.9133519103402543 8.978817673957609
3.587243893156181 -3.7662055726747803 9.355796376202191
5.127419455235742 -2.314703431946704 10.039956518066612
2.69455367991863 -3.3241246281003596 10.094996525873231
3.8320666925309825 -3.1752109017647223 9.202357128268
4.195572046115866 -3.0050716646474798 9.32897923958043
4.045982843415409 -4.439223678721796 8.892535171068127
2.9826491043768475 -3.3540710748737323 9.273677637940565
4.440795558729939 -2.1474461639143674 8.71496065382044
4.060212019180013 -2.570381606071491 9.513968074166574
4.999924527375558 -2.2253462260366423 9.02975026390244
4.847134009886413 -1.5087788030633495 9.259466483275968
3.9417863249981178 -3.3368175202713948 8.946135242882665
4.451326776375915 -3.35807959806703 8.728910887825457
3.519937690296246 -2.970016246582323 9.051258332180998
4.338241908617268 -2.340995628579812 8.41850400741768
3.4813149808217196 -3.7451843728965444 9.004159966046792
3.6529917170975743 -2.9189833768597433 9.012264261088797
5.040732423921129 -1.685512609465207 8.410013866376573
4.427079190237189 -1.8262425499984158 8.837346698899722
4.796904423565492 -2.69256363350899 9.259407571279628
4.649511980679244 -1.4017322624199546 9.479211900665762
3.841652237790582 -3.6472168952167103 9.671320108459652
4.841036908610912 -3.250545527018052 8.971268856404734
3.416220828497613 -2.0939650361069706 9.655696088462213
4.365825706367513 -2.743701037918348 9.1603677934963
4.770034473350079 -2.0886503396073834 8.977333655498972
4.9093183180053375 -1.3794138754268803 10.234657749209278
4.299876056178552 -2.7995280668905775 9.58754406651802
3.866800586018683 -3.877940288245671 8.77642180444686
4.428760886020004 -3.0172849053622217 9.71294912585997
3.988389709268825 -2.978778720648456 9.270271197288617
3.666957719344784 -2.999802552180975 9.053872834820645
3.748872959518984 -2.2977136418418036 9.327320532999693
4.192013068585685 -2.0262662469485546 8.903517975848992
3.9990164513337327 -1.1853654110839467 9.176097035250214
2.9539728409022463 -3.9594798274409104 9.049278988779248
3.980018847934536 -1.9392019973077208 9.412280341900022
4.481951238395274 -2.6691030428383278 8.962316823204464
5.321943363810684 -2.5153914498650147 9.123025069780173
2.6738347509684965 -3.673955304294791 9.614102852988118
4.303005169332435 -2.2223268106637515 8.990028007282115
5.095345500270148 -3.2261922132147323 9.20291306641433
2.952140334812222 -3.65562015954723 9.627065154759922
3.6310756325526556 -2.4591780607587634 9.418621025015035
4.216997180085852 -2.6202682692778057 9.37759502202937
3.9092931161171616 -2.6569828563324283 9.000781706429349
3.5980956841910987 -2.85710957696451 9.155798704661343
5.085241434026994 -2.2482701227215176 9.561048800969308
4.718520087072569 -0.6180695106847732 9.447090885675085
5.290225496216802 -2.109150754901724 8.822740090968225
4.380224926324003 -1.9737079113503462 9.450330853590225
4.805250917571911 -2.2733293844472064 10.218015708996004
4.99441460432236 -0.03242230317256487 8.95912178698723
5.051594070617481 -1.4846081159971922 8.73489253890328
4.9546756797535 -1.0264380786068223 9.34878734702667
4.556288302555421 -1.4266731787021183 9.29357156139646
5.412867950375258 0.7839518150114189 9.936710809280864
4.795449539356911 -1.8124757245892889 9.228765859115413
4.430367289361217 -1.1321024642710185 10.037274832252269
4.858182251383512 -1.146832000926157 8.826179399917311
5.055018393269358 -0.8180163039592541 9.617183368200852
5.316822457414258 -0.4535104762356568 10.46651394028673
4.427834911635464 -0.5172026070317496 9.158454937263826
5.164439949141459 -2.2709183022630532 8.764474545821097
4.887602328117507 -1.1742199644844125 9.696452565121003
4.123070418150512 -1.481696314443963 9.942880939359286
4.74865272957438 -2.263373785023154 9.25656153252126
4.73966802490458 -1.816275918669448 9.274622326773313
4.650845310948401 -1.33643821349722 9.600245884783694
4.3720909331399165 -0.951860825687091 8.81492429507263
4.968472573555438 -1.4749310970753093 8.890237883169572
4.702222027506942 -2.1721039121308294 9.018841792517458
4.970178804083165 -0.33532829857512064 8.869926581881655
5.041184585273669 -0.5091260953756988 9.210092753139845
5.7568396784589755 -0.6005140005014795 9.108611463606904
5.1889916625120485 -1.4855426171048138 8.80672736726066
4.39970077423246 -0.5635171515052101 9.333612865714175
5.255976006475111 -1.194730179659927 9.16958369014973
4.746664809149736 -1.647512784653042 9.048808595741624
4.795453724930055 -1.7938729066071852 9.732496819090557
3.606792389017608 0.050166883506359804 9.500631236845749
4.852178418124502 0.7182604483432229 9.566881754034618
5.06199578621233 -1.1234071777634553 9.904928898817124
4.053809215138308 -1.3391839705330764 9.895499590162274
5.185543286009698 -0.627790063220001 9.795619678819108
4.310354565072683 -0.19344698197068347 10.003092891258998
4.118352016862704 -2.01122917274846 9.496027815701002
5.948343735787342 0.3476509801452885 9.827642909378289
4.9295724050576535 -0.7194268581704495 9.795111425563805
4.615841935606903 0.17893268492028636 9.550038685213051
4.470201000527431 -1.1465886345362009 10.084217073655054
5.239577231223173 -0.30335816279016997 9.921580194996343
5.141806257017174 -0.13967596962201073 9.040566967098266
4.509762563947249 -0.5160812638969884 9.759809540502978
4.889494832318386 0.02572172954838067 9.993301885141786
5.1172115178926525 0.10022857522532658 9.125995210379216
4.813147059168044 0.7143168380283091 9.89589695479627
4.990747698856945 0.0366447677546428 9.194339435671306
4.948038681430122 -0.9300044374768028 9.263247492973974
4.767292975225141 -0.006856140883083974 10.430020171220605
4.371906988780207 0.7724767580295238 9.732012368682877
5.121844829433262 0.11507011532982256 9.470815057385336
5.164025689632705 0.5702282818400005 9.903989740603851
5.95695074317009 -0.9020459685840583 11.444037945727162
5.9538559685559065 -0.8870006878783019 9.74183882945208
5.640789572819402 1.1565674323491306 10.155659654054064
4.358213040679178 -0.2517475043787293 10.545170676996241
4.625153592841801 1.002046687083866 10.335715895442396
5.482753776241097 0.6928755498798519 9.409447550546293
5.1433111961508375 -0.26300686027906583 8.486557241169699
