5.367431173370255 0.4434241886462658 0.6094600944623537
4.583578787519307 -1.134457251654398 -0.5268317554901075
4.832767311270249 -0.19989815648522197 -0.9739001563956929
4.904978620819303 0.2725784619263169 -0.48103604547623713
3.8444327655653048 0.135011697421999 0.7948618496755071
4.666424134125835 -1.12950846166932 -0.4516327040620603
4.613973304148821 0.65428208439381 0.6375827140663051
4.698800575752401 -1.5735118453277617 0.6855667706987292
4.568976469776716 0.20531650495178952 0.44852720567361815
5.329457849341225 0.4593846998025083 0.44717693210639486
5.438525885513778 -0.5024392233329746 -0.5554681077496184
4.620814392876726 0.8539508429542683 0.19286665783398294
4.322127999544836 0.0037493534593296416 0.2546123805772261
5.578849699689394 -1.2559553893067732 0.11627744624845116
5.468047445097237 -0.027544803042660288 -0.42124258142581483
5.572737942577957 -1.0031871020215781 -0.6558420376402453
4.454176682089172 1.771522461139737 0.22981336806571326
4.318426612347714 0.6902804267581002 0.8093374367216501
4.1873602684227045 0.9161533553326742 -0.6161708163141457
5.446738764253534 1.4312011301697454 -0.2720012146732049
5.353070459826767 -0.25430163755486 0.062256756349148235
4.8053015149431335 -1.609706476408861 0.06987895182895329
5.1228847557641135 0.34048796867142656 0.27784846115187073
4.824424755916188 0.8022606992502783 -0.4907533077224867
5.158558334829483 1.2275641014851857 0.5265771291910182
4.466808748038974 -1.353421646153513 1.0682565137251883
5.029819594184022 1.98446861948741 -0.8588693231357352
4.427513125238152 1.793360600431059 0.48004534565194834
5.304265374528066 0.16770551502901618 0.1082631094307609
4.215068965634981 1.2300565942131139 0.4713585849650153
5.127327090920099 -0.3342596849951553 -0.13757611959933091
4.001162520992103 0.9687239972074443 0.33890346493623746
4.715461749353966 1.239632777311772 0.7574266745981999
4.933354310267368 2.054449821108207 0.7311818050908249
4.071696564800943 1.561133561490175 0.7378585839138132
4.769979540309018 0.40041941687409466 -0.20686696991739156
4.5372223916596335 1.8007072921852028 0.1426346444849474
5.462082684577852 2.2640032524853897 -0.9327700439954562
3.522116053160136 0.21602565012507696 0.9147707564594094
3.445075056950429 1.5441283556033125 0.00674678872589457
4.349003831829929 0.6769237339006934 0.07284701507678859
5.469729369707244 0.6399789858570747 0.4409724284669527
5.726029385572374 1.355175059609075 0.38773109186391996
5.203068251478948 0.6885069527331699 0.25551267686768075
3.831258032046678 2.7128988647518164 0.44056137657385963
4.995674455780462 1.5821017480286983 -0.4249976202632608
3.766212991177522 0.22155180226874968 -0.08366150034411357
3.9666486573787676 1.8182076162845853 -0.15302018851106625
4.519469723075182 1.3493700196605682 0.8072688458860122
4.344129078215652 2.2159598677074213 0.6910270032380484
5.025956871162808 1.3996444589917214 0.8245809789175274
4.510226951990218 2.646473200897705 1.9528070007691432
5.318167456307325 1.0468704466008498 -0.28658854956318525
5.2965292361544805 1.3816677887751483 0.3980518759131883
4.41723507256973 1.8391886870783 -0.07187097771123951
4.145673788586708 2.3677207330364065 0.21638876027396187
4.898417485069997 1.3345745169797765 1.2521548857032379
3.859550805412553 2.3284700930524767 0.8667671706471591
4.036539260737146 2.385419808031843 1.582727669330989
4.307270819473653 2.9954675958232984 0.8821647321636883
3.9968434816380243 2.8340431173189105 0.6512759358495327
4.46614530354087 2.3245479945819656 0.40509712717764174
4.999546399263333 1.648974358498289 0.6258254521633788
3.7596054614865966 2.105334935112641 0.34072972033618365
4.967407755093689 0.6469071585076133 0.6565553883064618
4.942571078751832 1.9554519702448314 0.891287070506062
3.4814681140777695 3.0063146378239436 0.19719525778118652
4.249285593976402 2.4515476390046707 0.20983201094814152
4.4643591903663 3.4656181477373136 1.0712102864695316
4.415231052654871 1.4387224601285404 0.8963662547177753
3.25451202425372 3.1793714964303623 0.4140809605526806
3.4551651060703072 2.838882321786515 0.3183523323425225
4.415925604613681 1.4774533992782901 0.5779953363060445
4.4422951212892805 1.9881359653298631 0.8459622746716114
4.42976993055085 1.468621527315769 0.6863403339299124
4.024324281483527 2.475227454841779 -0.625936567041852
4.286374735234538 2.9645630416911875 -0.04922004267516322
4.194270875685085 2.4574470521671863 1.5452647616029866
3.9293731758543324 2.9661022986140027 1.0376280315440203
3.6254562393964234 3.0654259742770473 1.3403480220372992
3.127538186269652 2.256488753601132 2.066167883191212
5.114080895021723 0.7265399770897119 1.5457795076385639
4.594296149082548 3.233006010419103 -0.44701320506396436
4.8912384553719574 0.3977122867315291 1.1810799159727057
4.09893606176698 1.5837112163120026 1.426514331885841
4.143506025705131 1.6458232648392424 0.484865253930061
3.830069310512822 4.085682970980265 0.7908543078503311
4.356539239575106 2.0218650978803288 0.37553765579928217
3.8068817139151427 1.8165085552412477 0.6463276928269207
4.753173980243999 2.110501693365128 1.3464730517540475
4.615859633745181 1.497573878639834 1.2838702897773002
3.2833731267353103 3.4955432528938224 1.1429108993552495
3.727737207678886 2.715092572680209 1.5210522021621842
4.030683070521681 2.184666159764078 1.1527960904584513
4.239735006464529 2.1340724730133926 0.18293283512537528
3.234913777977816 3.766918472039226 0.9751886995270234
4.840058492875885 3.2246751004419614 0.821049646341474
3.361455529856227 3.1847916692104072 0.9311319005409793
4.277796448649967 2.721468042853059 1.188722450552427
3.619413567484047 4.009133106276219 0.9950019858305109
3.1482676218863546 3.1792278535208935 1.285968335814753
4.815666637545581 1.7641711059722944 0.43445291407336173
3.375814443468967 2.945748137057062 0.7228403172905737
4.320267056988633 2.8935864771932596 0.8434220802847356
4.582402619239058 2.7805026969468356 1.2504334531190986
4.393966365185441 2.1597154136697085 1.5679553548161185
3.513456441104792 3.7446954406388357 2.8623311326573155
3.7294332043644554 4.204783768142195 1.3209535029949888
4.673168246271289 3.694394272444277 1.0320104420200735
3.112987120926408 3.6732276184024455 0.8826809626709647
4.561099814503038 2.733278217286447 0.5030719878853185
3.7053786824577983 3.0515269360978725 0.9144936553805663
3.462279188650699 3.618494716076893 0.2948912382707155
3.101542406938993 2.1038023915550292 1.3728284869793328
2.2416344513793285 3.842893325339079 1.6851276118193264
4.803126323799245 2.875869213258966 1.4615970200379955
3.6605807560479655 3.330954263468522 1.5258299148693828
4.44692368384704 2.4087470523476964 1.5417107999849125
4.640785061763785 3.8064033511162463 1.7848277615532298
3.7463849666668634 4.2361703623795615 1.8853467202399647
3.8181815510976183 4.271750372307212 1.6451899470286706
3.305010691510804 3.375839060027504 1.1387353400129974
3.6626120428973947 2.224754095860441 1.7116584203785359
3.1827593994445613 3.3149239052189983 1.0348983593760006
4.149046816204056 2.6275043308676067 1.043438005203454
2.7143848310700758 3.8128653424663934 1.1236475983081151
2.902023664478034 3.64551056899325 0.42371871914812587
3.8365400224323674 3.651117856909053 0.5772216828762138
3.738167554912488 3.882503234191111 1.7462714266359018
3.602736149215788 2.7192837180977887 0.9363681370006908
3.9829296289030083 2.2381715633719987 1.778180845748435
1.089852906182121 4.310579747271564 0.7978403341337833
3.3760304310634117 3.2830532350989894 1.2796896782533218
1.8251927001696795 4.780720065442442 1.9404578572659061
2.39812960396362 4.598122681027288 1.8183298144143776
4.19964755657894 3.1816971470098747 1.5413226335681844
2.5082621030373415 2.63439936023864 0.4863528710403501
2.4479797866562394 2.993090774300839 2.0052055315601267
3.400153438868743 3.9015390976212134 1.8094297400096249
2.4940289101622204 2.5484261594248636 0.7105763885750346
2.3791677478927165 5.18422083532084 1.758182157027774
2.4763741290454027 3.9555634170780096 0.3435035895513645
3.9746725515273034 3.694760583202204 1.4517349135657713
1.7956556150142005 5.08199601955215 1.3266936380234586
2.369613840133731 4.521258821494978 2.456197457472912
2.7581853575005364 4.997725992653347 1.6300049071886036
2.3163477851437406 4.269653897814478 0.8088816442184511
2.7984302640418464 4.715761271140126 0.8463978276571742
1.074625727562114 5.2973201225475215 0.8090335325967832
3.3620339623601034 4.242659014278619 1.25020099603389
2.9944243726246853 4.0665091799224085 1.954943356975605
3.171277847185317 2.315631987938024 1.451932779979518
3.232745703798784 3.1954811398678062 1.3687459052127091
2.184490925120905 3.3200356263183424 1.4654223253365677
3.602101961480924 4.423458768037329 2.058112042070947
1.5336999837348597 4.415413758262976 1.3388637555336096
2.4389257603516916 4.051064345425475 1.8507879614006462
0.3423341298066444 4.971478755772299 1.628916713148728
2.3642144093174258 4.631446655564218 1.0269711705927267
3.5291000091022444 3.0592322388681934 1.373836571472536
2.13208904359014 3.7610524062642963 1.711176325548465
2.83864121682213 5.174090664742734 1.703997784031611
2.0280418195747068 4.0936098793848 1.7525302686978634
2.483484572674937 5.060405734737503 1.0972151088383266
2.595312946812453 4.676956231985038 1.9728609231644199
2.4971566330102637 5.245913751706731 1.8253877500899134
2.411419743898852 4.771497631189817 1.3132448143605113
1.2987228149326489 4.201766929385389 1.9191891785756066
3.0779603991250575 3.7750332776669704 1.9068181284802912
1.9919418139847052 4.149660647603826 2.2371516118237107
2.8399770427244873 3.1108617610848124 2.1180798323529957
1.9013563765940114 4.920602407702211 1.0036351536820123
3.125020719355583 3.150478167918644 1.8519359678840233
2.720582807288034 4.189094681342799 1.5319089543863222
2.673398436676476 3.5479709432155193 2.6680529532943655
2.5254288201893815 4.29833069309729 1.8151454048958588
2.717377693155097 4.79848862865892 1.2363530889911907
2.040758049114581 5.561355304250167 0.954947481590257
1.3651395688718004 4.506015680146198 2.0238222846391793
2.1469493175018286 4.05391795216947 2.506705629166933
2.42444343800359 3.721749860546019 1.8035863457526875
1.8611593236044586 4.984784618627485 1.9304761934113677
1.4759070460946708 5.00943902550223 1.3176496000215954
2.304023202094098 3.665865135703757 1.1936200072368428
1.0601627843544088 4.681767459386718 2.4933905084243433
1.3813356078598082 4.27571533567105 1.5920741887734564
3.267803569967191 3.606575175238473 1.939026948923606
1.1033399968882112 3.3969047231679053 2.363079477946732
2.738534400766944 4.308788177323985 1.0514556550175729
1.50266874080794 5.51764393179959 2.1371876678698256
3.041024734170515 3.540181644317037 1.6074978987382196
-0.025715088778780346 4.328967311777782 2.1443760338683493
2.0428560908916573 4.603944000598066 2.490428534565728
2.12151991647286 3.5204646122036047 2.4934492641052928
1.2663629062751356 5.7040817646588335 2.1939925581259425
2.937400221540053 3.9812178137530574 2.6655695577166743
1.7400868000773735 4.896944484966354 1.9958802495144714
2.4349467217882603 3.71236210397743 1.4813567090831818
1.4856306969277802 5.0969180364349445 2.825422208853297
0.5853507610614724 5.071055178211713 2.7090773493776164
1.439338637033501 5.611407251135931 2.6086641391290657
1.6528084091261033 4.994409945198854 1.5044304546442682
0.3846180487035522 5.747626713003163 2.5305680019034167
3.1951383052719193 3.521214311202798 1.9186071309418462
0.3457792771548412 4.323196904827323 1.9969746409681004
2.1970003121563098 3.956837513768198 1.1881294072962214
0.6959313840294137 4.168601628440554 2.663082719471164
-0.02693688980417501 5.176709958882683 2.3139052245072564
1.3173513235529992 4.509759680420471 2.820927655478953
3.245498674091046 4.660565946591689 2.574576939046913
0.1326670947799823 5.650149646490027 3.321167457667716
0.8925505156032578 4.5361322537994795 2.3483178654574868
0.014393126919092523 5.479955992197302 1.2828173973590615
1.033403305462889 4.437915720284662 1.5940731410227975
0.18514854978669573 4.786599114800378 2.104714399461956
1.7538057190261793 4.667344613071879 1.4508403811111896
1.059255254287666 4.431800516564176 2.6545277599135035
0.9606076231893469 4.317780657347181 2.2311291629723224
1.811492321199378 4.068865591624892 1.508866685140072
0.8120055753802182 4.357448836905366 3.135035224883751
1.807250463562566 4.7734370248863645 1.942372950798003
-0.16190060955703195 4.4222544091204 3.3667682188897388
1.2478286648399006 4.2596963585792045 1.8467212471482952
2.002395226019164 4.518475405830172 2.697352796826145
1.8139146606992678 4.306865712062919 2.723601397265017
1.056806012305977 4.3564637078159745 3.1025144322843863
0.25022739170090275 4.9774131584587105 2.6117880420484276
0.815862835696535 5.231914258530411 2.6012667980496778
1.940214019691062 3.743684309170136 2.148091432874031
0.022231801291432613 5.311641060664607 1.7808282854703361
1.020896332510293 3.4642179954413908 2.1270609336864976
0.3098658699583844 5.746147980006213 3.175564074080476
1.7512357201789848 5.541854917746121 1.8154189261732343
1.7901705931527379 4.945029747845464 1.7003442348951006
-0.746453744842793 5.411835907876281 2.3975650263558856
-0.14328907642565097 4.4319361327914715 2.0145146178214843
0.6197041558191696 5.284327679092732 2.43885117068785
0.7803434787014429 4.917235190283168 2.5135109707539174
0.9507344854854152 4.9236364573265705 2.293306349829714
0.7220986355764596 5.641126458455129 2.7268106057860217
2.123076713379116 4.279104476663435 2.187828866964855
-1.5470142002241973 4.118334266046759 2.8808715114877765
1.127604741023046 5.251052860012015 2.388817836582251
0.009748889358842426 4.259438568958379 2.87749085372989
-0.6041662241083379 5.401337245062401 2.4531963184715755
-0.4832204481198354 3.8775390822392737 2.4514049979761836
2.072602211386233 4.36125240099458 1.9779596244198987
-0.700152252792299 5.88067320405052 2.4193811805265435
-0.11691645408436747 5.001541643652598 2.59498146640743
0.5265521240854575 5.605550905074675 2.2234048858681326
0.6954825503813522 4.819967199031179 2.3967008101610707
-0.10866835775839605 4.841346175719604 2.567339238598723
-0.6507505188894549 4.646548294120606 2.0362252878285987
0.01144667071070711 5.4138067411869155 3.1904619168247192
-0.3618386510634306 4.232564862153319 2.8644915765073162
0.18016816347864736 4.373887034261881 2.658752647600885
-0.7807176362210132 4.402956457560338 3.080357432968222
-1.393673688973356 4.639973396468868 2.685604979358697
-0.3980408277230392 4.63788222968289 2.0453548332372593
-0.7057601247691119 4.5539188587563295 3.0025154431550036
-0.21728386820348164 3.8477032635843162 2.0958789941758353
-0.15029028628451727 4.611175489025386 2.5919417771182904
1.0169727473690242 5.285602581795788 2.504884877079555
-0.8708137613309292 3.9511887413316162 2.858738871629018
0.22071564377584205 4.916514626173309 2.6879808878732034
-1.3446199832123964 4.0578169000613125 2.529869646635315
0.08141298697285289 4.782255694205992 2.035289903370159
-1.73631874021998 4.461238675691184 3.442628864767608
-0.7711669899085932 4.618883775008004 2.2423952064942405
0.6650554801140314 5.172505377851994 2.5427448389792877
-1.8963553510962523 5.197318988787673 2.046827594357393
-0.9445133822649477 4.605944931373156 2.9849725021419653
-0.2694483741964158 5.89853485582664 2.7796731411865316
-0.7656019349002996 4.926365344197628 3.4926007599706113
-0.6277344105582119 4.643538509142175 2.020286487976218
-1.3200353060397625 4.476597899340384 1.8000018604535364
-0.42318533615241094 4.973029290677189 2.8608258017935846
-0.3454173954475644 5.376412689221686 3.2361078304948427
0.4829375533264371 5.288043128062147 2.9635745825188247
1.043126711658563 5.012414615926322 2.568120712728392
-0.820508854913384 4.172864592949921 2.529885166463701
-2.872433337905636 3.8230350417377053 2.5504142563169827
-1.2709425661869076 4.998871351804754 2.966309305025714
-1.8857883287495063 4.713934962793268 2.737696299660295
-0.38333646149431755 4.881188690767734 2.925684631012922
-0.3669250768717215 4.737606558834619 3.7929319974603164
-1.6423000638930025 4.2200232684364725 2.7993252672727547
-1.7438775754749074 5.510402778449946 3.1296795816533964
-0.8265150063165461 5.172972910821085 3.1496518583524042
-1.449884752789174 5.200996521321981 3.4825671362330253
-0.31983714136991415 4.616578171547633 2.2744177601801234
-0.5869122351373997 5.317273389359255 2.742430825310016
-1.6946727272645594 5.510274349612277 2.1631681265041447
-2.3036201558710734 4.443308550135083 3.505048388940058
-1.0433186783707549 4.872453761418013 2.84025510651354
-0.6758652376178608 5.280962280748297 2.875194852077668
-1.0370822174291796 4.584763607593675 2.8968116047069126
-2.354213532196284 4.403901558988049 2.3246000198581824
-3.4621051035049195 3.9644712993182485 2.729816912237297
-2.1489770939955 4.096262301629217 2.6288730802606435
-1.7473845244097628 5.331006268418744 3.758717940340161
-1.6946550703121455 4.980425539535314 2.6470082407347384
-1.2788069961461026 4.678119454885074 2.786612715550539
-3.1381142865891043 3.6882571015974257 2.5537322477027784
-2.8846135725333384 4.306586572495532 3.3257647993961093
-2.996243543319182 4.867692776640382 3.2634505354050276
-1.6715518561240361 4.641251570236473 2.6996296189329962
-0.9054443363630537 4.555475209930061 3.212616462439352
-1.6235549232030555 4.439455572205344 3.5834514368538706
-0.3860995540995502 4.28274293641641 3.6144758310982192
-0.18797455243060426 5.275562433176464 4.139157783633244
-0.3383714166080818 4.882075779878842 2.595700382308794
-1.9965444229323108 4.000954569577246 3.769231136649133
-2.4996000284449953 4.158919836025621 3.567692056538826
-2.2553868574483285 3.871678847162272 3.6151882666438486
-0.8697309068087894 5.047024804615212 3.5971494292350976
-0.49993090722395434 5.161264966188668 3.1329807584364158
-1.6953154756022986 5.177416040386182 2.7048123492826126
-2.109298968587047 3.615928762734872 2.401775701390009
-2.829379252138777 3.482744901001887 3.5254452954630797
-2.724015609401 4.6415213069931465 3.555210407062759
-1.793603034240838 5.110767982509196 3.286263896381902
-2.025730840859354 4.76986012450485 2.809634276876866
-1.9095804329323716 5.149979991335306 3.707154899014258
-1.8763293048546437 5.892195973385063 2.3735052825795897
-2.366751263190306 4.329879961568584 3.8415109189439556
-1.8523070008104574 5.297277899290822 2.9626968689830866
-0.9110222894830318 4.250243933742002 3.9037360433705124
-1.9520344730625507 4.832627770896164 3.4083146227995478
-1.57951210620302 4.856650824026507 3.042566683409495
-3.281733369309956 3.252175864690568 3.3455532889269617
-2.736334377563032 2.861759696336356 3.8683405298645503
-2.7174628690203364 4.2860999100616 3.9302098840415853
-3.2281366508701996 4.5235023393793625 4.517168241450025
-2.867927299129005 4.857428885814703 3.4956115586981755
-2.085677484149689 3.6931061353825974 3.03463124273809
-3.7846323178792556 2.7415277528983184 2.4466458412683276
-1.9831361854924618 4.467608910946986 4.369713207010628
-2.6831984173389323 4.041212056025367 2.9312445192679837
-2.6473803161847966 5.044975079747824 3.8670370657845465
-3.4011846942862745 3.654457418399045 3.155570845149889
-2.7006001217511235 3.57128786459357 3.060182375106342
-2.5889587898752646 4.08384844167967 3.917755976777505
-2.9570434460427952 4.0603644626603765 3.90065638587549
-1.5409640339233566 5.590636735826523 3.484434854585228
-2.7986056205019487 4.69676285954614 3.7036111534431573
-2.3219994028203836 4.598727260318107 2.619495575989519
-2.7510669262961804 3.4264937223881047 3.197200233256174
-2.007596310922146 4.054296489299154 3.400907081292171
-3.390901542134524 4.220052055190486 2.4399064548202416
-2.3648120478370265 4.602480885218329 3.726508378055106
-3.3415683592929137 2.6504378217882683 3.246178366585742
-2.02898035060729 4.377147834915671 3.158873111233896
-3.220749100482211 4.61483163139766 3.242629420669878
-3.448227202503716 3.2671037918284966 3.807498239284527
-1.602398145836927 3.8532060295499644 4.701622706861851
-4.498310808700898 3.8821873648104765 4.156938442136002
-3.6236109913486394 2.078993171762885 3.1802588600332986
-4.26118405823446 3.509427735064707 3.998264633599295
-3.1805524306606108 3.621950277732981 3.8425490346594637
-2.5906180222247825 3.5722709206623438 3.682416312639406
-1.945128370254991 3.510749345001506 3.11084734771216
-3.6681013069232984 4.056295463527902 3.9984864693647144
-5.001608372777392 2.897088098243782 3.6935807521799378
-2.876803077570267 2.9221026524915596 3.909506063041656
-3.5758940270471955 3.7345419755295723 3.9440305254856654
-5.023184685691578 2.3765457046550678 3.524544359453094
-2.448287653655507 4.398483320736715 4.649889664118652
-3.733938633768133 3.0091106501619924 3.127401460924961
-3.866816346627376 3.0523814662655138 3.874265362431543
-4.4897745302368985 3.349236271705866 3.829062321775201
-2.304237652737207 4.138797850440308 3.4439824937560877
-3.910848589161525 3.197544143200353 4.006444820707891
-3.3916964549373216 3.723324296978455 4.008108831013443
-2.849919539902472 4.901145981352162 3.5363695775177413
-2.73116002244444 3.825409956928874 3.6462523778680502
-2.503363011923917 3.8490565574229065 3.078883045905011
-4.811854291247014 3.5108247762018103 3.728690427100675
-5.243390442978348 3.1416076236157116 4.890415598501989
-3.9343475447294627 3.0905286820449627 3.916770107281512
-3.9937959218765062 2.7778240371816563 3.6361938143930854
-2.2486436499333315 3.177596442127798 3.6040351479320623
-2.9713063832866085 3.104540380261394 4.319266625653284
-3.532164202099687 2.91328669469835 3.332117825252686
-4.565486123637654 2.2876556802461145 4.033630143358293
-4.033315793873513 3.6023097617520445 4.030710514306209
-3.4095149749930327 3.0768833541896528 3.4147982665353034
-4.39322349363138 2.1677741762814127 3.344010307296052
-5.028425650943208 2.552923183063164 4.04134413599465
-4.727988860694129 2.9400183059464644 4.321174017214652
-3.135358925511458 4.168655501773769 4.215203811532529
-3.259614403457919 4.111915793235187 4.382957263005875
-2.7169320771834586 4.176353852415272 3.872403151661339
-3.7981590810650543 1.5382996136629183 4.385214696247023
-4.171347535454277 2.49095388703788 4.609943055336622
-3.668634174794946 2.6350682150547224 3.8543829553851525
-5.0150338388400035 1.437740329875954 3.3868454247695903
-4.343869857292678 3.1990061598937496 3.750948402440431
-4.462177351010758 2.2182935321712236 4.505974373184046
-2.8702849109056228 2.4583304356619604 4.0534127900754475
-2.6515680886555324 3.6060240477650836 3.9327125909519536
-5.200343704900169 3.1680045853688656 4.2034821613633016
-3.548891738744572 2.851909306413936 3.900610304550116
-3.4812305315077263 4.220190756033759 2.9497057922981993
-3.314250056991912 4.057043623670457 4.627811160813859
-5.487053997397043 2.8291325624416572 4.777164391900922
-4.476854296544697 2.558214825009098 3.664012307584966
-5.120108748720274 2.5477903602529848 3.911845248142754
-4.50993332940497 4.0826408210539515 4.806855710117392
-4.194440650465801 1.8974387989896908 5.124378276492426
-4.358196298166866 1.04609558223224 3.34370222683441
-4.7932849994356586 2.661529787837319 4.402785197175667
-3.6819165939929737 4.055980552836647 3.6596421401625876
-3.835707268985821 3.5179780065213193 4.017629605306109
-3.546203875215207 3.8614603526621596 4.3228076453533415
-4.55619819911678 2.744439173940964 4.19780175931344
-4.725880748596697 1.7935156932567158 4.762599062490451
-2.933455868714425 2.922084170254266 4.282468643966431
-3.877817880333171 3.5334634152213376 3.981487406306919
-4.3093539073567415 2.3844072322015 4.3125274235943545
-4.6489151699334945 4.847862088750661 4.90060486769285
-4.748763956321038 2.508345216584092 4.600270150386556
-3.6452252005545276 2.834983557648486 3.2187407718963135
-3.9860284023294184 2.4612625414560747 4.323833938949565
-4.596735343292175 2.013896422123233 3.418980448294959
-5.1483108981852554 1.550874376578082 3.8156524975659054
-3.8977394306208746 2.3087152720076456 4.622322187669711
-3.332853736437753 3.0834826962829514 4.950164520152865
-4.180737511629272 2.2795282831273163 4.119294191439226
-5.071653746791554 1.171309544960627 4.572988332288979
-3.735224623188116 2.508822621687299 4.272417827360948
-3.5005717909098832 4.320785215393517 4.46129165485428
-4.3449808206745635 1.8561552286311633 3.8207008625109906
-4.331793538987887 0.5912535107929865 3.15420731898437
-4.00702844500643 2.7559777703516017 5.2831451550061965
-4.892459014428489 1.3136279064182887 4.098303955122011
-4.718322071594083 1.9384281963355825 4.107374070923857
-4.297872490173777 1.628804677198126 5.022392863439627
-5.682186761296096 1.7398848961140123 4.417963313660085
-3.6425144508504146 2.041911601696088 4.12328303793541
-4.496924652105888 0.6150428346624766 4.573178843268976
-4.534926051918882 1.0425691080298825 4.74726179902338
-4.025307344672789 2.3327781278996937 4.469404074059329
-4.738422298995257 2.0333147688134576 5.225296361933371
-3.7429799156963717 2.557772595559462 3.987726736824093
-3.5249038830466177 2.62113769074179 3.7576527116424097
-3.6315719900537 0.5809466458610635 4.536704871699181
-5.213119533407322 2.299215662637424 4.88643987835077
-5.268574311669481 1.4837412194396111 3.4125575774692933
-4.277580635556752 2.3809603255918046 4.464843748191122
-4.493348112506203 0.5079162446992804 3.718740611802262
-4.154226201583741 1.1536472060617624 4.11627098446153
-4.104683561983552 2.34383475559461 3.3593155447387293
-5.798156400253176 -0.4589174240142067 4.38831434376725
-4.16501586597304 0.45809288152832695 5.079051272904368
-4.898869896959569 1.2142097429324112 4.598588939844559
-4.583609558716999 0.9026791127816567 4.0854586683466065
-4.71610561397131 1.3646299847760957 3.6578689876633086
-3.4188394072907515 1.8321498898996595 4.377511032696663
-4.16302790508092 -0.007513512160781813 4.6776627997580915
-4.978692231734129 0.4964513782189739 3.8323155510512943
-5.184569460978132 1.616548100167318 4.605583965069453
-4.68637909318104 2.3463471087107504 5.066115155713858
-4.964650261839641 0.4054829468621916 5.287726937317153
-3.861391620674149 1.8015758555919341 4.305542835908419
-5.422496492511154 -0.061659274275036986 4.799277331241287
-4.795583382644697 0.3516434416104054 4.116517974799075
-4.55921169204784 0.1912978512131662 4.257839113175307
-3.965172554440686 1.6679933589226268 4.820150143445627
-5.169923629617215 1.8302325013970064 5.49361603762078
-3.8651716333994375 2.321775174576014 5.112187484194497
-5.132036351650003 2.807706368293167 4.824378085954195
-5.4863804382125245 -0.7946004119103769 4.235944566054508
-4.758824957786352 2.25096257507003 4.985231942495635
-5.3529351391484985 1.4322940336163799 5.184298851323147
-5.138281687479929 1.751979588745558 4.848212400975445
-4.670597747515475 0.16618311983118494 4.708457077412392
-4.6257371229991 -0.7013965174702697 5.297425240931872
-4.1895239744247394 0.1451874970677098 4.559095920888833
-5.046076091528274 1.1231174507916268 4.602768586930652
-5.014660997372505 -2.599670785468247 4.76778639525665
-3.9878643496742336 0.594856758412318 3.924949953852664
-4.8447824469996785 -0.1435535937447972 4.56340095318716
-4.201015354928342 0.08794819069432766 4.32391756087165
-5.282973794923507 0.2849279857102973 4.949823627528907
-5.971281200003711 0.10677657746743009 4.708505833347862
-4.670076867424145 -0.3167120755840222 5.521692375121246
-4.2490214920890566 0.2281334115815194 4.5317641167725435
-4.9702890193334355 -0.1650561367151631 5.049163024349586
-5.135911650518381 0.2451866646787552 4.5254991336275925
-4.391328985191802 1.3903679419653934 4.691116831999009
-4.6064809793414465 1.1120613390317613 5.137721259303782
-4.436076553500822 0.6351688934565726 5.274704616960184
-4.273778758982909 1.6826765555104122 4.632562286023077
-5.22623878483911 0.03356332030296034 4.339866211763251
-4.898413175381144 -1.1149402400843014 4.601449365883491
-4.116848026435283 -1.4090272346178936 4.5553828362828686
-5.277238376403352 -0.35169238423019566 4.45729758212882
-5.3359615854905655 0.07611527443491158 4.551843158655103
-4.41259823975495 1.4989431232876345 5.178825843964829
-5.648395576547873 -1.17707578221232 4.83167718122751
-6.144181408497766 -0.5393592670549353 4.522063262236518
-5.413475548713156 -1.6183341315170816 5.060470077317269
-4.17066271352512 1.0367060661364136 4.745634592555064
-4.676980709474512 0.8169905649702188 5.688152073214924
-3.6692888008221978 -0.8213305224595248 5.551400865515681
-4.531256109344527 -1.760575254906962 4.261900479124122
-4.1649921555766385 -1.8136190694745333 4.583195661036196
-4.991477685797668 -0.7139992587313789 4.696337948693118
-4.405900397488017 -2.2703845480160862 5.7774546022266176
-5.204485916640763 0.49641097964558656 5.1402926905583435
-4.506184120631832 -1.0378626770445665 4.921914528164179
-4.1594350490819245 1.4194510012463817 4.736575780520627
-4.69058147600268 -1.16818097370031 4.378188531702592
-4.633327898573039 1.960109246015082 5.307522304542303
-5.650654628631432 -1.3915489131825696 5.5835382322055525
-5.465816564794852 0.7599566399491857 5.209483978516166
-4.381551780602995 0.39040900977712445 5.665797902214375
-5.871821080862998 -0.6539261375143035 5.036555237400966
-4.4796367882341075 0.3934568565326618 5.714551485826363
-5.190822889544643 -0.8316507807862566 5.468271060388425
-4.096368333128636 -1.2873952267448199 5.351242590443404
-5.281697793962658 -0.2489214611780859 4.71943015354271
-5.462896430179812 -0.05976523352442744 5.473826595118875
-5.496460694824662 -0.4128283768978849 5.894836251491243
-5.376374507634695 -1.2002575272329592 4.11203911439965
-4.980277588377695 -0.15758259653934936 5.358391107475646
-4.348347148861987 -0.03703858232599468 4.677715114160209
-4.387461718933846 -0.14511100451205478 3.979167752516761
-4.67871842536652 0.23553609349770524 4.682344771059689
-4.783270734735265 -0.9223406042972138 5.584589149767574
-5.409363074652146 -1.0471775483280559 5.154506894368722
-4.292725062570352 -0.7234252538919796 4.949222040779542
-4.98404643632982 -0.08408165332348513 5.944636859961249
-4.8885813003394984 -1.8871579442404578 4.860441188374297
-4.6400255780058135 -0.494208670650152 5.107749453270967
-4.457842477963438 1.2671341170141581 5.111131640641573
-4.345141593553244 -0.7955587255919733 5.161026956866372
-4.657227718394781 -2.635466526760814 5.0342492403036445
-4.215169142495033 -0.5947242400604512 5.087574682065095
-5.140067616743951 0.07150553689066048 5.260837001321553
-4.004720413587144 -0.724526806853582 4.956989243764181
-5.4547330861784715 0.046128306688885005 6.3190992916333215
-5.563535517150144 0.19270452865096513 5.110179336917964
-4.799688281959126 0.4257423351668116 4.456613516060923
-4.5781321130583175 -1.3292958484256088 5.7509934258816635
-4.8649504818089095 -3.126695374388813 5.502640235948159
-2.7647153064395216 -3.6456947724082234 6.150294985840567
-5.227405916804655 -0.8645113929057825 5.443797949431716
-4.692901972515532 -2.5276047017018475 5.658390845770247
-4.009765674242984 -1.5998592289580684 6.186904561215741
-5.524661328266244 -1.5645800960923693 5.518759224196592
-4.6847065787722055 -2.640501002983502 5.187437333051144
-4.68203140837344 -1.9195525021205406 6.236293655711133
-4.332930132253882 -3.1755398899656195 6.25763453976104
-4.46597270202269 -3.6485454028779767 5.206229692660563
-4.9378705105787875 -1.0224656760265074 4.95818674231867
-4.319753869840835 -2.4219833112503713 5.14530778104163
-5.074547672061747 -1.9229628744493668 6.338822732927632
-4.407184799691692 -1.495778972444539 6.772459558292692
-3.8261198222473856 -1.065826478061314 5.423484850524134
-4.077219720296613 -2.86764567750605 5.507461070503722
-3.9495103815901578 -1.1672678915740673 5.973494408461727
-4.655340451068171 -3.463361086344255 5.8401099850185165
-5.546947931123307 -2.6532181261660415 6.1870316345045495
-4.548745391374183 -1.7456570884661267 5.0380025047153705
-4.998448449176031 -1.0777575348488388 4.707345955472297
-2.98943959244499 -2.938069518010312 6.127492954280763
-5.032825086074265 -0.5093315623172574 5.0910284539242925
-4.46225029426008 -3.0794075581007188 5.170351194148234
-4.055158819828415 -1.3888851179379307 6.256133504051544
-5.415323322297647 -1.0263821975398666 6.646072740111777
-4.749129402194833 -2.019415199903891 6.20710709484088
-4.186145897565812 -2.5666501817519807 6.012067648941068
-4.886760237186445 -1.4209866552550123 6.335045892313145
-4.5314385652703395 -2.6883082686800592 5.390857621382191
-4.375846426503817 -2.849604591216004 5.4189143090248715
-3.8051603634288598 -1.4826715282179292 6.124087039719216
-4.489464937584019 -3.081449184641018 5.513497314229013
-3.674189387373845 -3.929754205922851 5.78390036368576
-4.490970398773964 -2.1307641002402 5.456863324394379
-5.6954772900276005 -1.5129459065108062 5.463608702775527
-4.389806471316149 -1.686152246159221 5.570395725973047
-3.8858878926477014 -1.982534556171334 6.078905193894132
-4.20784309658603 -2.8926992305779806 5.783941709588705
-4.318328087129466 -1.9905488552587447 5.840825279384982
-3.561921948133954 -3.206901680933672 7.194668585529622
-5.416674406315675 -3.4290335020539695 6.4138891990318765
-4.839208655726833 -0.817110579495963 6.05885994632784
-3.2530847155802016 -3.769678605944419 5.235162046106309
-4.235547698805214 -3.4010291249662568 5.9247255263093646
-3.273685113964729 -4.116195636036604 4.936998383007434
-4.110342598653418 -2.794820989523751 6.386118226333708
-3.61141664812453 -3.9880960407579873 5.251548508121061
-3.9870629507368274 -3.379424371437988 5.774358154523663
-4.443709468225532 -3.5642334393055264 5.962395616371777
-3.3066920598961547 -2.7076356529457004 6.68799003892804
-4.247943296252763 -1.7680649290667112 5.77139159560491
-4.473709557620161 -3.4247960706390157 6.047938428829799
-4.859492621644848 -0.8978225365190091 5.843761489500444
-4.109886961027188 -3.0326562029648487 6.052341183931662
-3.1070820389383824 -2.2919393939477537 5.984036618083371
-3.9948296254125415 -3.123478684965238 5.997699838555722
-3.7221769460485574 -3.2088614608395223 6.4420218060860615
-3.4371409525822045 -3.6235804639611486 5.20185878357771
-3.955535899180739 -3.3546491493763777 5.688225104857673
-2.918737325296886 -3.290454058076169 6.153497071044454
-3.823266669018433 -3.465442279779231 5.553404810483124
-4.597743219042485 -2.380836599892399 5.51481972930214
-3.283925408723411 -3.2069578574218847 5.695939365459784
-4.017486500992305 -2.8557770732012178 6.1276707356144415
-4.577872095807427 -3.470261374623635 5.468514589412511
-3.880973435715759 -2.9031933057354324 7.0070358209372685
-4.770361425541521 -1.5895269373658054 6.001818558122706
-3.55024398700857 -3.905873148514448 5.689291579300335
-4.056606857124325 -3.593667726588363 5.600750503496546
-3.902643062796885 -3.499547745745823 6.808232128918502
-4.397551766971499 -3.1999491697339506 6.523994521650934
-3.8265541179721616 -2.14360235821986 6.5502533160711085
-2.9879813358979908 -3.5407361294325113 6.602622720402691
-3.120574045755181 -3.824477882264993 6.510901341222903
-1.542587492373165 -4.61308565885572 5.593900843656719
-3.5801613117305253 -3.056675474197549 5.980322492471128
-4.040769165745499 -3.597376117116397 6.191651975431906
-4.168411712872831 -3.660566191424065 6.206630002895504
-4.523210860053392 -2.9170876595196966 6.1030348682015205
-2.1021676640764273 -4.1451504190756365 6.674729926532996
-3.454472705649122 -3.254695101731608 5.304042681197942
-2.018116276842584 -4.409683065416943 6.946698377046436
-2.6529579734058966 -3.7624796158818246 5.760227121225014
-2.512489706217884 -4.149253710088994 6.389978769230468
-3.80078849295171 -4.143380990559614 6.3935335924184775
-3.809948806542929 -3.1424361620633032 5.932062142733707
-3.5200568644735433 -4.569007940041391 6.457700616130359
-2.78199730740776 -4.94851909805422 6.314901354507255
-2.930771943447426 -4.362515045588357 6.193378310849813
-4.269286755970762 -3.6050755529517184 5.656782475487477
-3.088975518226964 -3.99429392500255 6.770597240269753
-3.7791450638696524 -3.5569444297408137 6.1641779612606316
-4.698251405695948 -2.8518962395359173 6.442304535403658
-2.7767425988804812 -3.113486535942608 6.230376463184136
-2.662800256344419 -4.271161183599971 6.922457864056717
-2.256891741304943 -3.490719263418192 6.8557565137521825
-3.593667915468208 -2.811346326505446 5.902375450721412
-2.940120925744096 -4.542286265447371 5.834351788552441
-3.6869625361964893 -4.4828071325796675 5.82444000995918
-1.3144296004316485 -5.2332679452839095 6.986884294774556
-2.1558282237624424 -4.207082857164259 7.287696343437493
-3.926435506678373 -2.806546842307562 6.346209017462508
-2.477440872275397 -4.449780440973456 6.974659023035312
-3.409689407118102 -4.359904985893274 6.052356784764162
-1.2199543854044175 -5.787862911365782 6.566805687090514
-3.1046858893315976 -3.4962431178543607 7.087198445784996
-5.510202313105619 -2.4667234304198904 5.8493960404327865
-3.146892997768144 -3.5963964162459545 6.282645834286745
-2.160034469437795 -4.921089473980633 6.295558368527944
-2.4624123398165647 -3.889872810061522 7.482301881359965
-2.6112049162487376 -4.163374753189847 6.128352478771194
-3.236508804480818 -3.150729645954642 5.907157256325406
-1.0684906975694173 -4.278032641126884 6.503436688876552
-2.1334848143693375 -4.022141490971225 6.241992697804599
-2.807621994476654 -3.878496984625229 5.76773663870371
-2.3721214713144563 -5.43801298044779 6.93216518886022
-3.2526603917900316 -4.802228715893347 6.751653115213852
-1.9218562220295876 -4.769776995085001 5.428437018404686
-1.594920735680163 -3.9159329213335203 6.1299352188022995
-0.9440780836176166 -5.167634719753553 7.159899724625058
-3.1203481263504345 -4.891775803119205 6.624110209117122
-0.4971693286795328 -4.524801773190348 7.153939684746308
-1.5831792057684713 -4.450964194679858 6.87820776965815
-1.9753568928726895 -4.5949379444838065 6.841163311328379
-2.986067295118379 -5.431576247964941 6.296742068078512
-2.334062835261907 -4.505427697489733 5.536428637219874
-1.9837697235005398 -3.929317069447348 6.164077440767979
-4.930534065635854 -2.5318739634876866 7.456821029001324
-2.1966812006740883 -5.694897347258487 6.701139258683215
-2.8774120082733488 -3.16673735063822 7.089160269910724
-3.4658100712525255 -5.05700211748396 6.1741533035666984
-3.9206530439885405 -4.034671253971483 6.289175812550762
-2.8588640156249525 -3.1640091881932206 6.186980185836766
-3.2783931423116077 -3.8883386066283503 7.044859073236646
-0.5102420390900592 -4.518877465171544 6.977675456366264
-1.2877444375407323 -3.8604744787756595 7.041325741659297
-1.4604834484059792 -5.647327574824752 6.363040787261822
-1.136925290885312 -5.1118181091736 6.2611711111336605
-3.815361998361801 -3.374639421177001 6.151665698693202
-3.0222900479126285 -3.6641980353853376 6.2447215485725325
-1.1990244931932201 -5.175251483477557 8.26514739008963
-1.028524328625119 -4.892335667349096 6.648431566562153
-2.707710881341857 -3.751518869803094 7.144739745274972
-1.1895679102943295 -4.399867092700239 6.913586118382093
-3.3013414915824697 -4.127200794114448 6.906548674923907
-0.8676027043709815 -5.032704774374734 6.806785200044402
-0.2431942923134796 -4.923059693791634 7.0979158139840095
-1.4156880518470236 -5.620403010335888 7.7479040702030675
-1.4437790946485192 -5.188294876533367 6.890820069107487
-2.86970314187491 -4.2308987375781095 6.251075804980934
-2.7968286436310086 -4.303201394597192 7.116789205869057
-2.2244656949193105 -4.2039272534059355 6.752216128185521
-3.495058495798405 -4.617314353913284 8.053068973358883
-1.8130410869620994 -4.218993826878047 8.397370947168579
-1.452125598645742 -5.009107852840972 7.409600386858657
-1.507937339834656 -5.135745147303209 6.957150741729676
-1.1464503290703387 -4.672112770299838 6.08115346628373
-0.8717418383607045 -5.3128867027706645 6.73577489408017
-1.2905317501660658 -4.653790797968242 6.91131664189415
-1.8748565287335148 -5.112291851219483 7.406105006546019
-2.0893182146226463 -4.765154449309452 8.009537277480897
-3.117714314751381 -4.456296888217115 7.397663551339098
-1.600966241880324 -4.932062012492598 8.521852105176956
-0.7319234964408203 -5.035072754238433 6.183807632674088
-1.9225040789471701 -5.101985635067821 7.204659576938304
0.4350693650654817 -5.656974383492717 7.6238013192543095
-1.7443621113377634 -4.702679796574457 7.744747105073665
-1.4225061356895257 -4.72507675412591 6.286895719426342
-1.661398878087932 -4.897424455567868 7.42120606288263
-0.8581982792268015 -4.956810793789118 6.89249682586802
-0.2706643607619846 -4.690950692097601 6.613534786865294
-1.372893450131198 -4.251806114786527 7.795043583199514
0.9775990171951108 -5.070627644481941 6.423094660544948
-2.578422270883822 -4.748443378734617 7.344448076094214
-1.8730281842738932 -4.366794309242489 7.720227502905991
1.8435046101473285 -4.381554835977386 6.891732827491905
1.0371334111240371 -4.517326708369352 7.727523069552373
-0.8908087528857219 -5.113194166974407 7.3791218588928205
-1.7180915543024096 -4.537307618092914 7.177828699482314
0.5964457185913064 -4.829949527147468 6.634012277643169
-0.7400280163073482 -5.3609008326977765 6.693699503769235
0.2959388745304951 -4.074267511600765 7.102164913759301
0.8449667400691786 -4.30892484919375 7.056402207849751
0.781248020538215 -5.450952639243405 7.918363688288208
-0.4757112559762396 -4.946394995831348 6.971056490826804
0.028579536127981548 -5.44774984700012 7.0729923240754555
0.3182569598843481 -5.07805092754221 6.360609084733774
-2.475254851993519 -5.516354796851142 7.347994427430007
-0.5976133202703052 -6.217407267399553 7.270284648364998
-0.6166749863741091 -5.690309705597876 7.932251931672695
0.7193769024287903 -4.390287104437124 7.941898365936037
-1.6928481101585429 -4.423124104276214 7.274813026270859
-1.1878376167854108 -5.631874219557477 6.836989240836926
-0.3061679232296125 -5.236643911276975 7.621318970651929
-0.3757558757082098 -5.503906189713405 6.453509308313331
0.026791394971598218 -5.271237577781125 7.277400983682552
0.12340528651679472 -4.496355033159376 7.143787974565123
-0.8137703612707622 -4.624506899019105 8.333012546663621
-0.29255819957869317 -4.304168937250412 7.856425319833626
0.31150200417782165 -5.037400071297512 6.7456131212531565
-0.08287316861489949 -4.4068816713791295 7.412597020935503
0.6763439980646875 -4.050725312871227 8.580068331289588
0.990787196221797 -5.569769724539505 7.254245561087351
0.9276875702675083 -5.3942718758196415 7.091853454948606
0.6920023494552262 -4.977331711481016 7.174949458388167
-1.2740581640031952 -4.825788541889618 7.457091833765859
-0.061362473359313566 -4.696435202202842 7.64469079627674
1.691666324538399 -5.350282568401918 7.29043479205111
1.662064272014358 -4.4108647819312825 7.768968458996657
-0.69899302194515 -4.946426185211743 7.077310718661959
1.859806374101049 -4.587117051391473 8.617649367750943
0.2556305013555267 -4.534226753855909 7.552004901277448
0.23354386819483844 -5.450983662929555 7.298957361488663
0.18705933800713992 -5.133487066973931 8.09440088561333
-1.1104983152498948 -4.624871840237385 6.932197376096598
1.3974605276092043 -3.934911765793071 7.843028713838737
0.49446035450819753 -4.555203810415381 7.737800567898921
-0.37656020694492576 -4.714170345886491 8.458524490645836
0.3128158966647149 -5.275887154457398 7.7492516365396495
0.6622732341249117 -5.441747534626289 8.186480144979413
0.7285723345183364 -5.574016574649661 7.2132739495663545
0.2860151616387597 -4.797450292284944 8.303588033832511
0.9680272488241936 -5.199267695851341 8.483746705513662
0.7652420784837418 -4.404767912006939 7.819879165253734
-0.40638318523837264 -5.166470518825032 7.578072107134204
-1.0727666506147688 -4.168481956183915 8.18590981181266
0.549123296955558 -5.242561381242274 7.363080029341827
0.6127519725968903 -3.7651737494203763 7.6452073649874315
-0.5322643426286864 -4.575701496134527 7.983139965944097
1.524133246219051 -4.587557271514921 7.900525954069169
2.0828398902132856 -4.259623171287736 7.575736538217728
0.7668036219035206 -4.2882199822422375 7.748079727210214
-0.25731861824167157 -4.626853075411863 7.610520092062074
2.1690505483467875 -4.803676969439352 7.702589623529159
-0.3864553428565614 -4.165449190090531 7.710114665191347
1.6745134820058765 -4.564880425048105 7.577846189095264
0.8166436712745014 -5.233196912787393 6.8439576900642125
1.825812874010288 -4.550646597375358 8.381104089636064
0.8617286959444111 -5.422809134058037 6.881580685146496
1.8763529805947665 -5.209241561350769 7.936789847544009
1.3991424362915255 -4.3543951508578695 7.476665506537063
-0.8268921349811275 -5.081023363867833 8.112028917990921
0.5633352513593706 -4.435537274316096 7.728474437119292
-0.0004166927974562161 -5.4284079995945484 8.150720594471423
2.0688086982604914 -5.3825870963270575 7.791472788938503
0.32669873948445244 -5.2352336721347115 8.557840460009551
1.1052421909388153 -4.621248107899133 7.340676220584154
1.622496503299022 -4.3288537465720225 7.644540786886907
1.929889095222224 -3.8862879432854927 7.933176931348234
1.5645754003902255 -4.728369285171057 7.999686898563425
-0.4784716636581509 -5.715059421836658 8.185150439696875
1.558909188543097 -5.737054616331564 7.837368021871855
0.4070801238280192 -4.609259345904865 7.250943420805721
-0.9279816817215689 -5.220984315978161 7.772989191234303
2.0836770987034265 -5.128040613622125 6.85112180212041
0.8325205785560984 -4.499036631055441 8.28536674525501
1.8897546036621566 -3.9831867278647466 7.602848190445415
2.556391197948977 -5.256183931201827 7.474802086122573
0.8346651818310695 -4.5417979049327695 8.125224769973537
0.873327969431365 -3.9995575431868167 6.9947454825569055
1.854393549223228 -5.42114694216242 7.890060889453797
1.2573115374570771 -4.8099949824850174 7.145942723282983
3.610512936549793 -3.897009323455359 8.226405839885267
3.7970204454615035 -4.1109828659477845 7.644325662475153
0.6249570645176336 -4.88942122798159 8.08432402463702
2.203247015509612 -3.9619723872018806 8.466112886518692
3.059542945941763 -3.6662585331801374 8.56114882003167
2.1909959519614985 -4.053815390191252 7.555419472928882
2.468436979251192 -4.29947354964838 7.736285302870221
1.9866223026972576 -4.231385121220281 7.635051626977596
2.973769870677223 -4.030231646904013 8.98879745667135
2.732310118073262 -4.157301700269911 8.19437132420316
1.5714154592607563 -4.225675147600415 8.928378363174808
3.2943861915941057 -5.590954622430187 8.919612715201753
1.6078217957204406 -4.807471495217971 8.158618208459732
-0.3852936527603905 -5.183519739165231 8.56568612289946
0.8152435139229226 -4.443402399221605 8.080460725993365
2.5290478737856374 -3.9268830361509934 8.60790633005275
2.558792293763234 -4.141197357571475 8.516330501063642
2.586000528928189 -4.847983313609811 7.591929201429783
2.3597436208032887 -4.965381001040627 8.25541851038284
2.1272072249841956 -4.758537333105792 8.358833771133359
2.5795112628208647 -4.721743624828368 8.701701693018203
2.168557356331535 -4.318843774430281 8.371831911830197
3.6250866668659247 -3.3555402455264804 7.975908664121897
3.142498491484173 -5.414166642004937 7.481184669400131
1.5304407394022177 -4.404461181108308 8.391466861792624
2.714220007323747 -3.642820000885051 8.876511844453558
0.3232898610902444 -4.64175613508195 7.880637890882835
3.219092741833656 -3.9842157616459666 8.187003062915256
3.084618303430428 -3.4953918691367263 8.107345487027283
1.0269263555055752 -4.621522319077312 8.62147444173887
3.8653498504070676 -3.8348379319952466 8.91629321391924
2.8782914489593088 -4.420501079401707 7.797213743304719
1.9731622525647032 -4.3654587668536795 8.36364875489754
2.6879145253267316 -4.2822199952072495 9.070559705591961
3.0369966824489434 -4.482997854835361 7.37097441538033
0.4302748815525102 -4.523452630268403 8.167527248472055
1.7386597214139086 -4.263348037699024 8.129071044457106
3.429572352940168 -4.4236228017990396 9.263516288131568
1.5810628488236589 -4.092843819947472 7.74360149760063
2.980739973525682 -4.668960684016972 8.498688424270048
2.8472580587012244 -4.080461926407253 8.685509665916438
2.6551415371692793 -2.834708576914713 8.801365751321022
3.763558687671124 -3.3396706535989393 8.328756422798568
3.425020777310649 -3.897881422611585 9.154180290035733
3.395480089754373 -2.682994238293817 8.7879028661589
3.54023393926502 -3.887765456476232 8.329930109949457
3.214578540366635 -4.77986842706516 9.029107132983572
3.006775052188755 -4.005768353610261 8.605621295428401
2.6922474120861075 -4.505785826709555 8.69472191151296
3.439892150705211 -3.1770584976096194 9.028760803488195
3.4902236536233286 -3.373420132801345 9.258112609647211
3.319081467805114 -4.10782543078333 8.720280289734369
2.43373498180186 -4.60358274970076 7.832997468144964
2.3042437428151845 -4.155495085387317 8.247409537914097
2.868384578418709 -4.718390410608708 8.6614879215004
2.293399447195453 -3.5633776952277714 7.404700209009101
2.6860651021179724 -5.2433270063636765 8.509011389588597
2.830185994572635 -4.096574761495708 7.8549315219408475
3.251255515603751 -4.03106979262114 8.101624273305854
3.310145491642399 -4.05572479721465 8.062633425157205
3.851461055166089 -3.298680693980714 9.42550181925595
2.7322219009871884 -4.277165711278695 8.342272175940133
2.3994755847640157 -3.867964716131665 8.89522323512838
3.961076669118086 -2.7200112986012885 8.857806329246522
3.325666891966649 -4.287752881690794 8.43583042479191
3.519535348917492 -2.9327584514130023 8.796074029845894
1.7638284419787638 -4.3470157491981425 9.022525810127167
2.9359277028175046 -4.008717236163862 9.131082605919799
4.019159029222644 -3.5193312086599304 8.618185433733904
2.871572311056087 -2.7247013295205487 8.504087737169998
2.80224193595564 -4.010950974106101 8.917525220081021
4.0734500606426085 -3.2268459476138416 8.128822619171144
3.1755345597938884 -3.606510424250423 8.84674907630135
3.7334791015473696 -2.193897467072331 8.39214223757374
3.4535923594526867 -3.4237591844014856 9.229810476954713
4.58595286079627 -2.3284533415528754 8.47778559891209
5.308617582947066 -1.326057970333792 8.333534446428194
3.216864888043472 -3.6678888213959664 7.935536601933004
3.834941804835753 -3.0376049198450867 9.565764880632567
3.83348708966211 -3.2246837561750192 9.153434504788281
3.0119508062048044 -2.858258001022689 8.82633675809469
1.9430087052849714 -4.480099590862471 7.694350955394187
3.7353472562571706 -3.8726083645678315 9.470914353133542
4.154088194219499 -2.9053723206070465 9.84167551473828
3.2456377575151047 -3.633406917852761 8.792246123658115
3.314781673933872 -3.8807006393154984 8.682817200984635
3.6680865132121303 -3.497657536326107 9.756379173004955
4.544110943504816 -2.54727595444421 8.522196001289325
3.9557213606741986 -3.4929655914951896 8.939330559815206
4.141843597924701 -3.2597096477597707 9.12110487474615
4.667535577641811 -2.8754931327163895 9.642861094853702
4.995930631779631 -1.2141928101705273 8.887945056625409
4.332185800704386 -2.0700702584558632 9.065017671949212
3.6529623796850723 -3.025382582758781 9.053148135300068
2.775633460042355 -3.660755457187612 8.898465968973396
3.3897727848327515 -3.4625627775769785 8.671150525253355
4.858755404440754 -2.2955219069120805 9.049147806082892
3.7923273817992977 -2.6467860880744993 9.282362494963527
4.442267760093838 -2.4742060112025515 9.397138143033649
3.9842487664392596 -2.2659503357383053 10.174700569249902
4.579531284010975 -2.072500749701937 8.712552038287194
4.683174992680779 -2.061031505487754 9.320596544835857
4.799618550654818 -1.7572028151570165 8.665286558069432
4.2573263821499765 -1.8804466427974227 8.715056934640526
3.54548301063052 -4.088414405449015 8.484896497674924
4.480485973942764 -0.9912414579398893 9.007580352719954
3.6051654027925704 -2.7557882450620554 8.791803785463951
3.6502179769609335 -2.857386813504983 9.111369405883373
4.885763202585435 -1.1974421351288769 9.505805584309462
3.9643316430859796 -2.1658373149329573 9.728953126309117
4.595226807686844 -3.455353965952211 9.076296090152264
3.346557656474561 -3.773035999475367 8.763354720821143
4.300073301263103 -1.8054964763763297 9.647493826719042
3.8149641231612526 -3.198792751836756 9.093479780251345
4.154852162805328 -1.7693547880350053 9.484979459991383
4.392422683440292 -1.0067162266060767 9.404548023199037
3.722244619564355 -3.579030659013273 8.748098696870299
4.643383411321854 -3.553170918789454 9.176708290291065
3.9648676739837616 -2.273820393767367 9.54914463303335
4.318585741631949 -2.874752786503896 9.35232582985678
3.9342594464274234 -3.040924194346498 8.836094107977125
4.3641930798186745 -2.98064732609861 9.583650678868407
4.021835448851977 -2.2962529448533697 9.211784587474314
4.254448841478897 -3.374630459656802 8.573303943158725
4.704450092817896 -0.7117913132628134 9.714540678976327
4.715568592935805 -2.270526891138465 9.595291658863639
3.91782673835478 -1.6039081395237276 8.964946203738382
4.30715341186836 -0.8373397628560966 10.346676911560062
4.17587490978387 -3.339381062121436 9.6443977628919
5.366148183942636 -1.6899398708669529 8.936318746309162
4.850641037306455 -1.380511508492383 9.678429264068383
4.50245530935945 -1.5361036939132133 9.154412522769556
4.689766281026149 -2.0380260987167107 9.818983117775474
3.780119019899912 -3.080375288874676 9.948360736942153
4.101008224462706 -1.6080973531022624 8.31102238612772
5.051837904327572 -1.0024645496094506 9.403518436969236
4.879125988747912 -2.3367005206099445 8.830471295547461
4.0538324244412 -2.671966728506709 9.693538562960091
5.270193301915572 -1.5762588005559666 9.810745059623653
5.699117698674261 -1.6101865736178835 8.752261790981727
4.736313782853137 -2.092379536258283 8.281624706229305
4.27909183340513 -1.7920368160216897 10.28365517563525
3.838868097951107 -2.9301565513991994 9.565788111684267
4.058625302355754 -2.656232879461766 10.28277399764351
4.6300876932178685 -0.5132492538304533 9.957405265431763
4.82178466398751 -2.3033432099595994 10.092063682804097
4.466614511959626 -0.3078166843735249 8.891808115695138
4.802132485897441 -1.3498672695289982 9.730445388359383
4.8387339843492265 -1.7161386597070774 9.432158107911084
3.779286849043972 -2.005891298765352 9.939323010468016
4.843549327351356 -1.5451801176527993 8.717969601209782
5.83176272700556 -2.4424879150655143 9.41197628425639
4.481782700215277 -1.3913129017047843 9.567954145288336
4.861900605668288 -1.0144952735802464 9.724810738074245
4.43373898551861 -2.381736723263985 10.33604581112115
4.2151957731145195 -1.2651397065142063 9.484043015317356
4.973437029613132 -0.3651931469741606 9.747210579907302
4.79865014017036 -2.258620373263166 9.912477474008762
5.170190629021409 -1.0139420672932693 8.438387665232495
3.8741077982963277 -0.8646796419967684 9.022391041816194
5.800626836926167 -1.0361939256300825 10.440817521686766
5.561331182212716 -1.029865777749513 9.592816948713605
5.172168838569798 -1.935737336232861 9.865272779893296
4.002826829253245 -2.3250152981944594 10.071471130930501
4.600030974384854 -1.707159408462998 9.795776763248568
4.264521883474153 -0.8826437197761305 9.093873731100068
4.1680578778762465 -2.21906467088336 9.942696633537919
3.997321977637035 -0.3049600660472166 9.662226409794368
4.5610874018270104 0.8217394121946296 9.287118466814093
4.887885365714592 0.8018386985286245 10.17970993428629
4.600415330605401 -1.9373174584340755 9.42489641218301
4.410027347864852 -1.1121668334453416 9.434618903944095
5.191724546574585 0.5517091480610681 10.503270223740822
4.509574686283336 -0.7524214740682138 10.679656568124557
4.640499517892658 0.2914940422141278 9.643552843181213
5.054916616659546 -1.855306683714322 10.236400671501444
4.169113339606957 -0.30781364167697145 10.411918574348922
4.93460599151991 -2.526079475793629 9.91979859637327
5.550858868981086 0.43449888849105645 9.256046878411125
4.665493731978603 -0.8743705012879794 9.670234808257849
4.984802858932263 -0.45569781793578307 9.695956932960923
4.52291945656696 -0.12389115730185155 10.092349841857516
4.875632689925643 -0.9437437434527536 9.111481729932096
4.909547993836098 -0.340354394414717 8.976990219634397
5.021015104708171 -1.6649612705727062 9.75762721323273
5.21020404137102 -1.814180002057437 10.006840798139708
4.315672166099543 2.3852077990714826 10.11612855254181
4.906899126095966 -0.6192294627639354 9.486602154055925
4.785167376530738 1.4298218148412551 9.840073110730678
5.522226076264955 -0.43416592809452664 10.235836910012067
4.929733950061252 -0.5405808698733774 10.03760698350673
