5.6329561044053 0.36925427470206984 0.18835465560594014
5.057541735811452 -1.8455119497418597 0.21989939398148353
4.255895726815499 -0.47571379275729775 -0.3734343174895866
5.442076981822219 0.2331662670275369 0.499459613392654
4.9166816673072855 0.3373664730430386 0.006769352536722464
5.372698435739297 0.810234720304497 -0.7100761445415523
5.131495614276736 0.009142010051207074 -0.11879942074066335
5.594139794002113 1.0289362672574671 -0.10737987717444056
5.510145183725479 -0.29132027514970693 -0.41788419225589796
5.352638423370588 -0.3190876523940228 0.24311943175075054
4.4430513560883185 -0.08390231982305914 -0.1067541381261013
4.265869897511984 0.1878495684713575 0.661581135145431
5.3393223862362165 1.497279012272919 0.4749412425333274
4.505076319628254 0.176424873675311 -0.17954153279450813
5.394075478094561 0.3573216269636575 0.21661434376730876
3.8670922096905556 3.4346701398045156 0.6978512472473997
5.239174153320584 0.9457769833923515 0.17829980812804197
4.54454536403929 0.867587057213937 -0.3586489483696096
3.6498462224262216 0.13984425039822151 0.0506572301314904
3.896756393355233 1.4447931441306183 0.5514617528649981
5.641745414109345 -0.04039675281315338 0.6351855744187962
4.545374333019512 0.9658366779342743 0.5838697687691008
4.531513064719758 1.7026825378874975 0.9986069853376687
5.796098714689364 -0.5994550712398424 -0.042475256251020055
5.644813130965564 2.030998654677712 0.30271892870018846
4.475816140428021 1.24437381026832 0.6356542809091141
4.828807164843632 1.58003802768495 0.42727574067976104
5.632347370410032 0.1798841019174727 -0.542676374831634
4.363420357326398 1.2832624438767035 -0.06661559892495816
4.922187913162157 0.5811701274153419 0.6965656943316786
5.1185056291386575 1.5657912400121554 -0.19604966091156278
5.154997084470501 1.67252830858124 -0.31127944819119363
5.446922166520597 -0.1837748465506106 0.14313392144807024
5.308695624976601 0.7992582468138836 0.4847678175344735
4.775063573188744 -0.14931172368318132 0.8121469335467835
4.7501983226980915 0.5818593339986643 1.0680111297119526
4.946849011427769 -0.2513387718223132 0.3461074080132964
4.863316680594049 0.15947661197226612 -0.03531228402134634
4.313449145601514 1.7585151808913926 -0.33646049694719404
3.702549453470667 1.0048031789607161 -0.2883276896187824
4.72050205302719 1.763800217713969 0.5123480643213045
4.473407897700181 1.541052797042308 0.5992679491718944
4.773750877581256 0.9045583478998483 0.16645479213321668
3.8458181474468582 2.928592196110678 0.5743676895636449
4.199041871869944 1.6045253586460946 -0.49323695919711597
4.334413587108591 1.1128227072242252 0.5460197434897243
5.108425274569341 1.1576322971322521 -0.04341076351041173
4.601899392554148 3.1222024198065843 0.588275284681522
5.4248178496411485 -0.07034487484308634 0.12424510615697182
3.962017317417721 2.4000641278693076 -0.623901263783583
3.931736055877269 1.4825116577777235 0.697133171113422
5.4810166774105396 0.37281240729364107 1.2458409219368407
4.398004093859784 0.9801362278009813 0.7473315852968175
4.164170769592454 2.071276108045708 -0.3781329989782911
4.733278807584452 2.8648476958507962 0.004630165900099126
5.500141271128495 0.580557610572261 0.18739087389386305
3.60198314766945 2.703977190930707 -0.6514843217849229
4.729123390911085 1.3459606018760273 -0.18123512653364537
5.283134984978067 1.617393053006846 1.0672531810640855
5.215503395524562 -0.2625931415182567 1.0579146918402311
4.992443594176519 1.3332683946092363 0.3850170422016653
4.488551840268226 1.214005683294322 0.42134416717946666
4.451941869881353 2.5890986803604417 0.9870349497593138
4.670421913505284 1.625507895031309 0.230353583016764
5.24395513497681 1.403220945154003 0.09145046972857707
3.9230388810421237 1.7451573754954912 1.5296788238039434
4.612793201282634 3.0632616484206707 1.123523869345488
4.254678689313713 1.2220232411133438 0.23894951469140807
4.88686225765192 2.6719643338452026 0.9429576209042576
4.690606159975582 0.949233751028531 0.9462375479750416
4.134381779495146 2.4920840634439516 0.24750616507479223
5.110382772448111 2.2591312891424233 0.6233608190962099
4.195068389833341 3.0009224921741957 0.7497002595947717
3.782746323785754 2.224698126280709 0.7679667004461184
4.2642996485252445 1.887389284571193 1.432284976198284
3.893406527220102 2.3447585040861725 0.057624551714796635
3.8237841954660565 2.929488135348161 0.7345527432988742
3.7194493610071167 3.7252047668486354 0.3536032223497717
4.496084720689144 1.970165081242395 -0.45326314371798926
4.052345693781029 1.6224730342467801 0.07428627437437663
4.288161716809522 2.0623270773322324 0.7184444250776604
4.705475478684211 3.0484143470466933 0.6536422053317403
4.894299364394746 2.9677927196834757 1.0710146987501894
3.8761908104299425 2.8842671705419924 1.0980455232220225
3.263687437296534 2.726870217970975 0.6720355009653489
2.738207997517862 2.3115477805009945 0.4483230886512982
4.0526592922218265 1.5857142015826633 0.12298628854120675
3.477712182753154 2.7931935044990706 0.5221813958791517
4.274550104815247 2.0040444404644404 1.3242182296855387
4.680008094063675 1.1723134020330406 1.072273860772629
3.8775198632636374 3.699361712096518 0.873956729615461
3.759287652518607 0.5672905128521332 0.22919009526126422
3.8222225262725633 2.177540329349615 0.9499287606309166
4.6935997585555125 1.9500170774783236 0.4446423852592832
3.559043095346283 2.4773927275873606 1.0246203900596502
4.3346780026754885 2.962988011203959 0.4497737237244791
4.003612589000888 3.5381088928269957 1.3277149513611772
4.566808015665592 2.978214700490306 0.8651434845413766
3.999464881818165 2.888901899989937 0.2300866686360158
5.254544556322928 0.8333438325162164 0.6865978250342841
3.1973637494681104 3.9707484920956193 1.24516084092558
3.693594738359293 2.358829436055239 1.3709050721461407
4.3834449857342985 3.1763231082975625 0.8640398181378114
4.570024055380038 2.6586054440056133 2.2109905048757286
4.33075377159463 3.888303531926254 1.5621299499345191
4.61620259538634 3.07407702804658 1.2401079099953334
4.077599295470855 2.6035706635271447 1.4220823817854567
3.5716345346994274 3.5456509289334908 0.6893629494686517
3.446413636154751 2.988545031610321 2.1445393456541755
4.244900544121576 2.502510765798146 1.3673085041111155
4.986729447593839 2.4269960266470743 0.6327673289446871
4.101657065575456 3.1856788361327606 1.0525614871413111
4.26377221219174 3.1680196856368688 1.6988918719413433
3.6515550982080014 3.373310443065234 0.2719050639930032
2.638031170995077 3.2066347897476533 0.18102825206576834
2.7901597166527785 4.928846153284722 0.4120576897404602
4.305322956787322 3.0318971711550273 2.1653223878043617
3.780684665682368 3.8206968499634497 0.8161782073371884
2.5678439352581623 3.5482937121920743 1.86441056137717
3.8714503965676044 2.6183023214959036 1.2272357621076297
2.2559344251882973 3.9312315037680934 0.9410100202395368
4.196078111699781 3.2988454394141207 0.9853330641792305
3.7718355635022127 3.034403218638825 1.2858342612859766
4.371822060464014 3.8869983989322208 1.1965191133001372
4.189708488156071 3.8670339847934585 1.9843557300969925
3.8777675152756084 3.257044189535132 0.6350401638890033
3.7324008722093613 3.070591523126893 1.20068468098604
2.8426594565903525 4.603034327412123 1.7068848650051174
3.831617343299339 3.268406446961875 1.3517367255767723
4.791679333011436 0.965122923597513 1.2022117011012463
3.6802764043353786 2.2260472566661407 0.8432722847372061
2.1866905866845885 4.055439795976451 0.9994246317457118
2.394677975106026 3.2480291174217575 2.182928366413835
3.0162687545687987 2.296471598786803 1.6785959774699604
4.4501677364273124 2.9986443523255994 1.2148409421163113
2.015759621728145 3.7617469938939125 2.0151338694892464
4.226378646301146 3.6948195499849597 1.517601476730583
2.863078455107428 3.333849006411997 1.6413409682713083
4.397276279526735 2.3058617363976452 0.17523966448185324
3.2848586242715654 2.988741842499505 0.8281460304132874
2.1303301203496363 4.329419610845513 1.8275410841366897
2.2718016671364296 4.7914389624955085 1.281448096482773
2.687548650677161 3.5798222138131144 2.268183135614258
2.3383171171124557 4.801606890786347 1.2715425277345764
4.163021071464281 3.138335432561521 1.8088059910168859
3.431432763595001 3.5834648056904728 0.8975075835956303
3.8579030730457755 3.5735338701927795 2.296006401811422
3.357946781647769 2.9484642498168574 2.057851219147608
2.521538156835484 4.366110032092256 1.9070763047286916
1.8282142765411304 4.621399579949456 1.3605112532064163
3.7255157603365654 2.919361837767301 -0.05099429610785622
3.3295915755247405 2.8869528760613608 1.2731538677416072
2.737023430186578 5.038135275269081 1.5558493465046608
2.17040119609716 3.567057230866668 1.7242271739685295
2.5927398131489237 3.9470982328731945 1.820292806678411
2.758677305536866 3.525948541168896 2.2328884213823397
3.5266716339201776 4.06819096650551 1.622923578555645
1.3105875395612867 5.421678974639836 1.1119123282122625
1.7349557758069951 4.915481006968955 2.633145020525549
2.669581405902096 4.146082581900742 1.4150973096488695
1.9491056895598158 3.73117744314042 1.8848920534381952
0.5293280882393249 5.041887621246352 1.4540084084196336
1.1344271367169856 5.026550861449797 1.1775343507133185
1.2791485350565814 5.042503735963882 1.0673461158194277
2.9969563419511074 4.286929196496629 2.0510152387124103
2.403759977640003 4.5061581019147265 1.3653774149170126
3.189849896172425 3.9764015021576937 1.464717679460623
1.2863586693305018 5.018597852307869 1.1876044235694834
2.4114084855322786 3.9549722257810553 1.310953132785517
1.7402770091718591 4.0837443238545 1.345270553981247
3.078377053631335 4.790736593833313 1.6742103058193747
2.4583794290619476 4.140085864954279 1.6409337403244268
1.0312505707710318 4.430514501514956 2.116621438359657
2.368049407964027 3.9678579014279736 0.7029459973317964
1.5917872341367962 4.771217520488517 0.7516236546924971
2.4170437729451466 4.9089220035955545 2.199576272191035
0.3471371269377953 4.745002915042585 1.8180099601108448
3.1328089324984623 4.861587107177089 2.1724834947747684
1.2828739253392871 3.624474501273083 1.591243670924862
3.3356146636416835 3.0226205510888247 1.2071258818957087
1.8380549290013903 3.98237315157851 1.8302932209096645
2.644567974540712 3.972402220337085 2.3254582357459848
1.6206570731994083 4.71604460173828 2.219644414419646
3.3961992911141357 3.116709162754122 1.0623072280148385
1.6905505370176095 4.865876360362036 2.012100466506141
1.861855691909582 4.671421477000107 2.1253531292703247
1.8768777430754005 3.8855176853500772 1.5612163007208295
1.83882866698227 3.998919256338887 2.0914512062144603
1.389087780387874 4.560333174596168 1.7360829451040465
1.323342671100695 3.236129849389162 0.6531163382234657
1.6524339582532468 5.229037340453148 2.146236636784325
2.703755947421558 4.77845489073155 0.6092981832070221
1.821913321557482 4.407846258096992 2.077456886758852
1.9933561582317607 4.782002900856927 1.711138612109393
1.1515276242397419 5.158951890040549 2.315780167726539
1.89404159677564 4.647454623957427 1.7519159817311831
2.184436784761464 4.282927027153927 1.7935024564055735
1.5651583423230955 5.002795921534767 1.2068049445508213
0.09287774463270686 3.703058486254149 2.5359045920483743
-0.07891131484957907 5.216821930697529 2.7162693533633537
0.33623281121054405 5.670605200186002 2.0813178889637274
1.7782940680275632 4.283838017008498 1.9311988833872915
2.319086734020792 4.964522842323042 1.43500307140608
0.6532588694678848 5.30058760221617 2.4280249159008602
-0.10333720873908192 4.5873394144704065 2.031476551337374
-0.15491529266453063 4.742449189404015 1.654436451168534
1.7227760899747142 4.646058854001062 2.2667703493200175
1.0602709276258055 4.456704610954985 2.3142262075043813
1.4386465261773302 4.065907434277804 1.7829416299993028
1.290802411589853 5.0993087671385355 1.7757211562456188
1.5634859982754725 5.034981090417131 2.144811646997034
0.7396954055760566 5.712608730692923 1.8486042201455932
0.4125087313454874 4.533501969510337 2.0460300877132642
2.138665786301087 4.517918342907294 2.6972276208248847
1.7886890665394288 4.582440540415721 1.859243930063304
1.5932250123257305 5.238894375848832 2.5194490662414726
0.8120335726211486 5.014254167650411 2.391002476255647
0.2610469279044396 4.335198290433062 2.1902114420251584
0.9859147282569228 3.841221052975108 2.316042337926921
1.9822666952678407 5.190242965412379 2.40176660842434
0.5164088271929725 4.898844766907088 2.0548287359758297
0.29255163366508957 5.07852733272865 2.3858176453577347
0.8037739795719235 4.854476601195202 1.914572272226255
1.8435383492119841 4.930103609443009 2.3078009222617704
0.4791343635026966 4.869761454575632 2.145448726415937
-0.2593687571068671 4.729197235667111 1.6133687636920522
0.3841843982970674 3.883063722510496 1.5752387078747376
1.5663632259347462 5.397708828644803 1.3631583549276114
1.3230056931623713 5.47526273437872 2.45346715132381
1.5755647871435345 4.691413656756522 2.8037963735580997
0.5369997539434166 5.13695710235833 3.029070884967996
0.17031889433915667 4.204306613421067 1.5021229286027695
1.7164386317732168 4.87936994135405 2.6525694419263095
0.8311577724992419 4.18952717930823 3.072073244539356
1.166689254485597 4.690299295285695 2.835692913871873
1.1675163822290968 3.496359353736513 2.8052968122135136
-0.3877089528998711 4.93117918548595 2.603480831604157
1.3082237131011434 4.648629297702688 2.746070633367405
0.7891681640405924 5.362756569708077 2.0214148280135498
0.9067860773178755 5.77070362940618 2.0660408425132832
-0.18902639899824858 4.527741445116451 2.7349831245424827
1.5915006243505727 5.502562341132701 2.464755889294803
-2.172060918075494 4.797891991625024 2.8317507020626804
-0.5084951577277109 5.086854358318857 3.3349278405157277
-0.05604992476954028 4.930585979911322 1.8164822568272752
-0.10628101376095729 5.180832662485838 2.188494420754828
-0.7664444867418342 4.832484524856427 1.6707653016005466
-0.8998756267018841 5.1727297921599575 2.6969966449359326
1.3298679692826414 4.431616513957825 1.769782093236059
-0.08996755121670737 4.610816912141237 2.6222104503990797
-0.9080066080960026 4.553529840091448 2.835029410998223
1.4333530746285754 5.140744796119278 2.496712677903309
-1.363310531297026 5.215172411997717 2.9773471585130227
0.1479781050356906 5.275072003037935 2.9025668324479756
0.5460022216289833 5.228596084750299 2.240446444414138
1.2883520399628985 4.680307133061655 2.9566823501842823
0.061924229276083556 4.622207018688825 3.0443581666243458
0.14648277476131172 5.428780929872619 2.9035223359060813
-0.5781583135720876 4.473565058502588 2.9865382627233554
-0.44037118447618046 4.9302310205678195 2.1750009067616487
-1.1870952230805338 5.293421144193031 1.8654382148058648
-1.6416246269546013 6.156978724903334 2.435698805821018
-0.49723790844493965 5.034269427863226 2.03887444354641
0.32648380683024614 5.858892324831634 2.9478381290511297
-0.23546012198638422 4.751885345230228 2.409946925442299
1.0357756638727953 5.51035641102836 2.8926247821855515
-0.6136516785668048 5.025964881637225 3.2067241100460597
1.221284163004471 5.594835450819228 3.1641164426653603
-0.4289986303864907 4.767284807935233 2.2251395257538316
-1.3572462350417502 4.839376791181963 2.832845663644551
-1.5682383180615196 4.7094261078060855 2.697970271081346
0.14427271356557597 5.2264766064605865 2.5107571162413094
-0.23380003409362185 4.853378272426764 2.4922311766686653
-0.38919507630835465 6.123790916359562 2.8052357563179156
-0.8612176263705774 4.728343427338369 3.0262044638546257
-1.3310738529964516 5.05345693961649 3.178609091169557
-0.9139744165692752 4.787112394720263 2.6181802562971512
-0.8644951217409182 4.638873036538525 2.4481619909714816
-1.3958732191540844 4.912050852426907 2.942578400772985
0.9989203789300736 4.5666055445702005 3.475788334086214
-0.6869240033304294 4.891755656301262 3.056682189732599
-0.8469576883948101 4.9734093866856615 3.3201930380682336
-1.3383838358964033 4.86634814959189 2.858755729406001
-2.5628809123873735 2.7580576717283853 2.903124537980173
-2.3022901583398214 4.945165899305376 3.208640447530854
0.3008621858040029 5.040096098434532 3.1200006372353397
-0.640444024374867 4.888460081922142 1.8862579301025226
-0.895501317311068 5.613416662482646 3.4441203181030273
-0.6034051649705828 5.1825166050804565 2.6831485068607925
-1.642069300625515 3.6868035055102224 3.3584279923048066
-2.1636017548812907 3.881458455099269 2.159853272309494
-0.6017997782951925 4.985181751872403 2.8981122096541494
-1.9836393596025066 3.739405230632236 3.240554810059235
-1.5823485836434183 5.521563809931396 2.4890188052412743
-2.478684025592861 4.410303098107004 3.168265245015269
-2.3194577616421586 5.091539757272427 3.2701734303261625
-1.260041887431591 5.373158733628618 3.3875575258231088
-1.4590103591550878 4.057519186688097 2.9967769352431066
-1.9991769646913764 4.032854434833735 4.016823713997159
0.10078367668313241 4.653828563370355 2.1834494002961593
-1.544317362559823 3.3078932345317558 3.4236066963889793
-1.232431597376583 4.602450330816698 3.159904843807597
0.37658598708476076 5.0187245941612675 3.000538231119483
-0.01698171538332117 5.1604465546350715 3.8040972953335603
-2.214496434133668 4.656354643140331 2.8275585867135193
-2.9972084121593863 4.461098807919689 3.7427252114771594
-1.9350959110878903 4.4497141491867325 3.3006690169227513
-2.746047954941928 3.961666745932519 2.949234335551634
-2.3902136922376918 4.5090388868751345 3.4154800711372952
-2.085088896687813 3.982566936384966 3.1803936112196673
0.5693978678963619 4.608157092643562 2.8316662416131595
-3.0667982189935343 3.583145244605377 2.5903225514120236
-1.4144488647097886 5.191146387743898 3.705998263043286
-1.8974969953864023 4.143673715689557 3.0764600799849426
-2.2352229391805363 5.73966689350211 2.6722971756344656
-2.563402959023564 4.1286154698951165 2.534009808664602
-4.1359149684242205 3.664273312574186 4.650500005513787
-2.4197504426454866 4.574025206364755 3.8329783810905527
-0.8756472884570143 3.777474468519474 2.8347313238780423
-2.4249036420143 4.937393367685036 3.43209982292964
-1.128467026030449 5.11032355793225 2.7858462371083395
-2.1330330784929945 4.5329961506374845 2.541953115623332
-2.3828562745523207 3.541172846398956 3.0442594481789533
-2.075537263121741 4.635956719164488 3.367905704830812
-0.2970564435396605 5.191983695247897 3.128823283822831
-1.181549985020166 5.54350057118739 2.6543815478136352
-1.6172050946228642 4.22471886154596 3.339963769214451
-3.911157070030565 3.310516391080205 3.725677408583774
-2.6425355572930056 4.916113553682415 3.389135599849172
-1.5008683381679293 4.217735284398037 3.904724249079894
-2.377321619258561 4.640054816541898 3.206518127299709
-3.505794121180282 3.138190457779885 3.5401339192865224
-2.022853575835607 4.447260686444592 3.720656008558653
-3.8967120729987124 4.362641091231006 3.0757710869153163
-2.954122030319047 3.926081691051136 3.7383545032550947
-1.2825351011980874 4.383820137564923 2.5951732824102414
-2.651084186652283 4.784712664383793 4.099603629180867
-3.5032231433188996 3.545142794723865 3.686148209701023
-2.6732193941484663 3.7051031352746664 3.9879402930109507
-3.1087007787573175 5.055309254617545 3.038549368200545
-3.2530434976308147 2.8629681626549055 3.1275612282286915
-2.570074483668717 3.8076007566367704 2.7065250854838245
-3.2209501497356294 5.15770876855648 3.354894064604576
-2.0955757871513128 4.538343961946544 2.439149347133415
-4.240496418875096 3.367630612294494 3.949074479045277
-1.9853173193696732 5.896442638811791 3.170282569220914
-3.2267484277546843 3.1194909700756646 2.9461894761203498
-2.4346316264029637 4.209773246371372 4.184875171431636
-5.00190182421859 2.787287811242808 3.8802747899309034
-3.2665376337348118 3.7821696649300787 4.211468323756648
-3.377327079183891 1.9215851552389909 3.16511117590605
-2.26111785360146 4.982655319851769 3.1799566263433494
-2.819278871967432 3.5883463843962233 4.550501051015368
-3.78615565767639 3.0330751544943744 3.436658557498499
-1.9661116473871616 4.588526673967325 3.0895388838616715
-2.83659168029334 2.926615780165763 2.5035577220142713
-4.381585673012271 2.5906142565809565 3.9968812249028747
-3.173855068003628 5.680810259313432 2.7346707615978447
-4.780543196383334 2.7834316637194565 3.3752521328891785
-2.604381927952562 4.220096539440798 3.0637583560872343
-2.997823731544681 4.266514284509424 3.7744360585843335
-2.091978249837321 4.197006527581782 3.1094696642262107
-3.0358345663071007 3.3203291228703864 3.3666488856074768
-3.93070543285833 2.376885509778437 3.7226502797229615
-1.517640094509648 4.1808781153006525 2.4478383825991177
-3.045211957335442 3.7087394810222785 2.8446180173478837
-1.4449548510003243 5.2214247804854 4.120405627630909
-3.3375898205754715 3.7645038883743194 3.7788805625254676
-1.47430294347531 4.621910126355882 3.9374430306379824
-3.4347456331522648 2.5243995425256003 4.326885620719651
-4.062174413104035 2.4315344581690947 3.6891896902166432
-3.514749518015482 2.8946986888553123 4.63980611258488
-3.373604865766046 2.272777323221196 2.960301300615005
-2.3239534445366314 4.975721441727071 3.765572779745035
-3.2607241533197526 3.9831172251197975 4.335267880435795
-4.222504701411227 3.6461014622099337 3.473052429643088
-3.374497876851544 3.6311237987282023 4.000986637715464
-4.755358007709403 1.3716439510845333 3.3890678183311334
-3.8698516974031927 3.46978676113397 3.755894866862802
-2.696060658249128 4.477327240061313 3.7020315664717858
-2.192149570804768 4.043371749224753 4.157161116579715
-3.1350657091560863 2.789878393538242 3.9722963652618373
-3.888117248675512 4.244449097023568 4.220415845776404
-2.5707326851635686 3.173014804271599 4.611591648003698
-4.46981900638297 2.6271008212386784 4.594586553522893
-3.3718712713225973 4.500225201551009 4.240170495346159
-2.9442223340042353 3.891770450068924 3.2729676182832135
-3.097356957561755 3.9548230606728305 4.015785447241449
-3.681733921698375 3.085117722626327 4.324540253822848
-3.97713622174177 3.8773438499401074 3.153286608779569
-2.9940284302937976 3.5020751172484927 3.9365509651368784
-3.9119309038499317 2.112032517668846 4.784425532591044
-4.5642962595634895 2.3146665819403838 3.8047471117548133
-4.517618555165447 1.9715213449239442 3.0413691854865155
-5.112719001083916 1.3039664613621238 3.0863762626071694
-3.8116557450622643 2.966557791926193 4.358193787846282
-4.295878436170349 2.0712306096617246 4.752041226136454
-3.4347929210846817 1.7607388449677046 4.06742156983901
-3.682607647885459 2.9140073173293937 4.4518025891825594
-3.554298265326049 3.729730717753309 4.378331586027193
-4.638342688805683 2.6449483082132885 4.958821987974074
-3.6371388004362433 2.808169891154218 4.3634955130121815
-3.6104865444446586 2.5192257596370524 3.2555181422164763
-4.191770090417189 2.081191067463097 3.6111821272800584
-3.6073826523114554 2.811437828437934 4.231353787359817
-3.481668930878802 3.597750451671919 3.2580629192069677
-4.602901666886826 2.709813731605914 4.870726279244392
-3.4116377295682363 3.5619570413045953 3.895814513639582
-4.038509447714426 3.4987754905029003 3.752569890998728
-4.556445360703257 3.5937715338526557 5.069009562017721
-4.364248478645126 3.747430544503933 4.260211535687693
-3.464204558650307 1.66420791160314 3.6036997014027685
-5.221009277163324 2.44735430428608 4.660098934553713
-4.406332021366457 1.6471092178390532 4.184045262554064
-2.551967281298485 2.9635691285368293 3.6152804872743545
-5.387467556399352 2.279623373700774 4.696438868301439
-4.206741429390803 2.633907254249005 4.095081196323872
-3.8349337240074357 2.150763947095398 4.728740740099578
-4.349935133454946 1.4933708864556878 3.931773205283474
-3.835259383418227 2.604904582472742 4.524281516263493
-4.172590678628664 3.5057006789339082 2.7832465991625956
-2.7642918172664412 2.288774699576315 4.248047674016175
-4.000545877963123 2.4146042522987443 6.096239802360939
-3.7931524288522387 2.6944379193537418 3.940728645855402
-3.724715482683729 3.1279240947765925 3.845459627312723
-4.423699605065307 1.7765494783904916 4.421231743663945
-4.374995785578886 2.893781206345863 3.2535965266847207
-3.8833563671404145 0.6317927042174573 4.562664600525648
-4.775648200814816 0.420918508577597 3.8404165377757016
-4.077902889455344 2.119005113074546 4.075565802407935
-4.46151981088515 1.7747396963640836 4.294787763890618
-4.497874118747346 0.623110892521765 3.8907563384462582
-4.134631195627768 1.7892838875061945 4.4414724132750845
-5.242919790871973 0.6890873219267113 4.357766145274856
-3.9909388789001237 2.0610444808102737 3.6140021917006773
-5.507054163289031 1.70114019087651 4.108086427805367
-4.077160369859994 2.530706755401253 4.121215325288738
-3.7106002593207554 1.826895185507595 4.109972684747319
-4.494740300558372 2.1536474371119523 4.076408196726254
-5.146538505552887 2.379165804314755 4.604636370349116
-4.35248125707893 1.0843576387923262 5.212911271371793
-4.759324158062965 1.1400818521650267 4.20235958729958
-4.436385607749124 1.1334563781259008 3.3674313900733344
-4.448749367234518 2.025877876445575 4.6498544100648305
-3.294811385034161 0.6183781158791279 3.6416131761908326
-4.7444983358360755 1.2637776492592359 4.944980730739678
-5.697030676417315 -0.3164590304624268 4.9504516591678165
-4.619293485357171 1.422476049661208 4.146387234149404
-3.9223824325862857 1.3949702875458363 4.460421894802587
-5.5815281861631405 0.5140761663802806 4.984062046483407
-3.9001774171989214 3.1472720718116003 4.692029174144026
-3.6438842601020345 2.301175741039176 4.432476889247755
-5.052785982549161 0.7708415380399847 3.52121750310656
-4.894215279582808 2.8327456625791716 4.550382174829124
-4.989279464415547 -0.1806515370011658 4.172693140722107
-4.1486835203771175 1.5849305013270332 4.558367686312007
-4.615825833017465 1.5610437811020261 4.45157853575629
-4.769452184703039 1.0000130880342748 4.093236323426217
-4.90206712217406 1.9148419150790128 3.9801399913840205
-4.435556913943651 1.2336775514527158 3.1682963695768747
-4.835541850719908 1.0177435180504237 4.199487413564387
-5.055358330271431 -0.6412420417650663 5.434219908154974
-4.768331983484871 1.0503935138231668 4.551668690573104
-4.12909724619816 2.392021417105599 5.044096238371068
-4.602576315442959 1.1288626825856414 5.4641557333032065
-4.023433308148093 2.542159924447032 4.019643040623143
-5.5452332871188155 1.6291592656540126 4.37480222331632
-5.223930469837984 1.289158535964597 3.8586064029590315
-5.6902541316145285 -0.24270540198407506 5.131423764893011
-3.9907723335946197 1.6642310059161503 4.891508660303085
-5.4748327641178465 -0.37248325206614763 4.911495573015281
-5.608219878467682 1.5016284439614676 4.419685580515489
-4.461085656235393 1.6485495907160246 3.8565267130838374
-3.6616206682899723 0.1272805284397898 4.738919751664447
-5.64227579588192 -0.626313641629985 5.065376373482811
-4.486675328523359 0.4282931616909978 4.574637218376857
-4.15702933864885 1.4907160785737206 4.88905721938335
-4.735051908162689 -0.4571901305257771 3.1503251857637773
-4.946409795955113 0.8986659054096234 4.074468496038103
-4.410622444171766 0.7120022580053189 5.439474214490215
-5.179970946360962 0.20990458967603118 4.847562292211941
-4.461291744280175 -0.6074934661281529 5.010176592540094
-5.618700054771024 0.626622907906814 4.359834467305823
-5.659209401858423 1.9933245640073538 5.355406344566044
-4.552418803941389 0.3457769638213187 7.151591495582899
-5.477472596757174 0.08451099666574001 4.411415379137749
-6.140431858432391 -0.7914874017004957 5.228318156850857
-4.82058659806857 -0.7595827626103496 5.0262298277316475
-4.992274556719076 -0.06277286455282949 4.7672952064160325
-4.8628068724785 1.786144509393726 4.492991319196082
-5.468014904266877 -1.547941135147941 4.521037391882568
-4.870320900375893 0.684283786422147 4.139903691283524
-4.915616234181784 0.6627003373315624 4.756810940218168
-4.977947718061679 0.05327456521017941 5.496209911314725
-4.716173118013973 0.21877021317245915 5.005532028617789
-4.821358816331593 1.6204995652028311 4.398929648358155
-4.540372494554556 2.1605423638074877 3.693410782862768
-5.072423696584934 1.1917965494395555 4.032364048408652
-5.120646638272402 1.553667756520537 5.057560712882554
-4.754707768721524 1.4497409160236618 4.20465710757061
-4.971982337860903 1.667280659392723 4.66066456585219
-4.720908354466983 1.0358825387557848 5.133814802331855
-5.527559704006693 2.4999947089865393 5.201745387295839
-4.852769054436943 0.39001566270801624 5.52032643602216
-5.40310784456585 0.4204032070447819 5.3773924293866315
-5.087765648790067 0.7118950765422097 4.10762719062239
-4.746062029010313 0.01482211992998155 5.03678506323858
-4.262062669129877 0.3893085460129149 5.187244395771418
-4.547680614457259 0.4697689141351498 5.350321624391434
-5.1591986187537655 -1.0167378093566348 5.229484774488573
-4.985741301096677 0.08212260765486877 5.363381844245534
-4.63654303226 -1.1424040960664121 4.061921869458436
-5.642663033553196 -0.13491899825382406 5.013191353901398
-4.809401261636331 0.3714726885911194 4.635366130339141
-3.6749984612446505 -0.28417630297731195 6.092727657255084
-4.118531953063114 0.19983749722228622 5.230866270236597
-5.160993860297096 -0.5433950923440473 5.377018648112776
-5.388763096223056 -1.3598412811830942 3.5687889955713175
-4.932069685930099 0.020429887748524302 5.194065229851713
-5.077939831120408 -0.16685719388277154 5.219190812508816
-5.460815054737168 0.1903210233338192 5.0884506155486315
-4.80782982474615 -0.1279560928752149 5.098649086367107
-5.291599967938172 -1.5701769354405744 4.553807876726756
-4.396416279341716 0.7389155447947368 5.566408275634903
-5.17400654252868 -2.7814098889637253 5.452871841151455
-5.4485636197427105 -0.2432559566906988 4.849856425429567
-4.45864919424402 -2.6431313292352874 5.331377314031383
-4.432619153478976 -0.3240945946095913 5.4672087311047255
-4.12992722290202 -3.5227254999062745 5.045505584207332
-4.882820727235305 0.4507960102000305 4.590483978963902
-4.542718009762476 -0.7203883892252592 5.652804257204037
-5.796844137668495 0.3891756835583387 4.3974419889615435
-5.234280695235331 0.05357236065306575 4.623053561737346
-5.411612503970111 -0.5116318387214447 4.726087981982222
-4.447233548752962 -2.162000640619069 5.825382821004545
-4.472641503831712 -2.5331692770404954 6.25635099219088
-4.792750292188503 0.7835817218787617 5.745537892886885
-4.419311118480787 1.832182842929088 4.972150288435307
-4.763459735084279 -1.9737552667251599 4.501747066545021
-4.903264639430543 0.143955688628498 5.535489327960361
-4.351664945025491 -0.16456280678397434 4.490240695514594
-5.083789608047018 -1.9318666671984202 5.75239395593407
-5.1013234548573445 0.21453701012364818 4.619337807090735
-4.809400147789981 -0.8426411096105981 5.142332552360675
-4.335727623566172 -1.8991471684368553 5.655897845466976
-4.869491036390311 -1.3350844433802675 5.252396389779514
-4.8555281850624645 -0.7460512706753673 5.404450827851684
-4.74186364305484 -0.12941996579141346 6.381998180776458
-4.306621777953729 -2.5814691711671687 4.922156338412218
-4.679160642744175 -1.7328132096115845 5.616215122748984
-4.197648541206424 -1.603981478312439 5.096371838969308
-5.29490362485497 -0.9028006605122765 5.672058536352926
-4.222060828378249 -1.562016577964489 4.984914598176329
-4.246238927682386 -2.1555421041034117 5.0016585497657395
-3.343893165815357 -3.4486889390708764 5.36309528142275
-4.582888145640181 -1.9270999412175205 5.197653518478097
-5.085621919683767 -0.5882850107764035 5.803256197406376
-3.775587653186557 -3.4468533592444657 4.566181969548607
-5.430218255717005 -1.5447590341410036 5.619976481657142
-4.443274965990082 -0.9562372924358401 5.297624136871946
-4.762709803222863 -0.5547751162704818 5.815748040926575
-3.793158057169532 -2.2026096269265336 5.935111487478147
-4.434532628682225 -2.469109477846 5.136454339900202
-3.6015865903212534 -2.329296494821819 5.749106311546301
-4.814450082180541 -2.8506923650614144 4.856072457801755
-3.8314294235082875 -2.380026219455704 5.538632651704729
-4.448792371689726 -2.3690721870135327 4.980128111152272
-4.943157237877724 -3.7023654814766145 5.649487354662053
-4.33708465711173 -0.9489567924442346 5.745499481824252
-4.7104911969573395 -2.939002567806701 5.073347760228695
-3.9475453819213686 -1.6609059384035698 5.74256126603226
-4.096949901115513 -1.8212278512449485 5.367490472201374
-4.328198192016379 -2.0923668493994305 5.3651795398037345
-4.096046283479102 -2.781263924555218 5.458013595044971
-4.953342161654138 -2.2912249940418943 4.936920639273958
-4.902656340509817 -1.1532626165870274 5.767718390521841
-3.8595536225440314 -4.775189495071335 6.154932382044204
-4.6111497994131385 -0.9649322718247285 5.784785260387272
-3.6930020574198585 -2.276804552857367 5.762817014511173
-3.5671575404474125 -2.3211496229023827 5.966781605230024
-4.516432062734986 -2.438267201958012 5.990687966083531
-4.102770186890092 -2.3605556879205873 4.823947168421925
-4.377430024149571 -1.008903484215974 5.658023822881544
-3.4380823124222144 -2.8268301276328947 5.952736484749434
-3.411017658313177 -3.584419598487105 6.434031017451213
-5.2891434698526565 -1.7275302718903272 6.788000512558955
-4.5334545062816245 -0.24129789842612587 5.305664155305452
-4.143174938653992 -1.512648496256624 5.504845147221956
-4.798424888937275 -2.029643762104558 6.582767715502596
-4.763362753653077 -2.66177308874102 5.536191393271969
-2.994173213715056 -2.749894403626402 6.093458782684866
-4.090261871995452 -3.13232857115246 6.261051731888908
-4.072758427744217 -3.628388895771386 6.034401059418512
-3.54841454587278 -3.0900030719751026 5.297711702766551
-5.056925214600962 -2.3718356210714266 5.160773173812395
-3.8714216762068316 -2.837019844151817 5.661757130814374
-2.8995704682658534 -3.4582642518146662 5.930791049405862
-4.113284407411434 -3.3904894661709055 6.147553831672112
-4.5150811443541246 -2.1004988059413567 5.613314357465304
-3.9452400472181903 -2.633233101931213 5.66187093375522
-4.829235323100529 -2.545546242130411 5.978536381178002
-5.486715412859195 -1.277764794570634 6.402764622549526
-3.519944823764974 -2.831497109306038 6.3731530724088055
-4.857134982916181 -1.17663636274642 6.238291202949746
-4.640568089731118 -3.708641298674676 5.679094467110844
-4.809004442796843 -3.5281001228538638 5.458726457172035
-4.5093330432021945 -3.0931115880034388 7.046472051728517
-4.364350160141498 -2.5551257384784054 5.846015041274756
-4.756865829730396 -3.4683561911837626 7.456744955442577
-3.5554260302324314 -3.0297932066858224 6.6333085026398955
-4.388369831465828 -2.358328742352707 6.770395994470916
-3.0030043587289454 -3.2373315855346187 6.468453357950687
-4.219511284532348 -1.700745260363806 6.775587949331361
-3.2299769102960836 -3.1305900801214315 6.425425599866131
-1.2620726248308352 -5.042252043982781 5.792465743594133
-3.650228871417983 -3.0109569892791406 5.17237485043477
-3.5150487520398532 -3.4100357917630557 5.470319269836053
-4.0479118767884215 -2.580913221054476 6.527449525504602
-4.0057326083915985 -2.908851588830065 5.730629110305295
-4.792417009393709 -1.846118230440479 5.310544970206171
-3.0410313159558493 -2.820724580073459 5.869450716268251
-4.746926935918418 -3.057201848554092 5.74907864033939
-4.464896690930968 -2.1173323576520584 6.582789137977825
-2.7103727706505194 -3.5769433684722465 5.962910342880839
-3.2032638982128874 -5.5429751531496 6.8739926006161385
-3.7164024064249 -3.520208379008802 6.1917499195049865
-4.36388918464967 -3.449039721104619 7.21882463395759
-3.099910121623342 -3.4234113079986708 6.537734015836436
-3.4337827736555373 -3.332785718825845 6.2391503577593985
-3.0486473220856882 -3.7310496066701497 6.788553132285493
-2.858499029688859 -3.366837479674537 6.46282709300298
-2.8789272494390947 -3.9817090372727995 5.573511250463619
-2.8922278240897294 -4.03805936078656 5.861256670494609
-3.1979323585290724 -2.9479158537144463 6.061633664769907
-3.7567134924246677 -3.7426480141570178 6.262707415565578
-3.6109366188560794 -3.7773930093182155 6.234187218342703
-3.543378849682556 -3.8586420157145045 6.98599828678219
-2.795574377694427 -5.217141372153038 6.403451013312497
-2.770811003550901 -3.7339998952998474 6.410444136871104
-2.6227489077321673 -3.116931171676339 6.400393206275336
-3.181502734965143 -3.9858745907152056 6.580326551229952
-1.9351061538665308 -4.21446204775326 5.5965076338078985
-2.9799991304061013 -3.6127558189607947 6.473540972742
-2.3892659837360606 -4.065989068747844 6.6976071224490505
-3.2911145929256342 -3.8651222866624404 6.51369725838015
-2.6059718457189325 -2.8701864033419953 6.31852376997671
-4.247555103928236 -3.8028653022961563 6.846088858081677
-3.753411363617047 -2.528797866561442 6.25468525392819
-3.1998707295430915 -3.9309288842688823 6.787187426887283
-3.327212334823202 -3.4689887711601184 7.228770749109099
-2.556331034627901 -3.5892313467928845 5.3967225887930566
-4.275567987696524 -2.6939082536911068 6.418577554295643
-1.8346570221741136 -3.287847966047752 6.493715118443507
-3.775025539310756 -4.22437036848916 6.636060355061495
-3.448897542351582 -4.162672723250366 7.073308010679542
-0.5490188675095504 -4.531804002630925 6.846150212877208
-2.39112169137882 -3.4003286135208692 6.2328493900809825
-4.026048278118661 -4.0000063412548545 6.359900284029112
-3.178136605550351 -4.314242739583757 5.712890070748937
-3.0833122508496396 -3.7873966448714906 4.855975976280918
-1.5212658117437952 -4.526296748250475 6.494566204088418
-0.5662789160208227 -4.605912513894723 6.502860410579045
-2.9938221954601354 -4.521103343503942 7.196837164640517
-2.8804205164778596 -4.301421852403592 6.933355373319461
-3.2432589766803877 -3.2127662282982845 6.943662056449954
-2.73756363060599 -4.014744346810931 6.689732246785945
-3.9829171315396015 -3.984327284217746 6.749573121708162
-2.4149604344121345 -4.712600062286949 6.090439422821154
-2.0698494669984187 -3.347137729714127 6.882665511772653
-1.7900973220861325 -4.232897355784052 7.465415695308289
-2.548095087268103 -4.383292480788923 6.805518673524025
-2.1673246737932916 -5.247325833949023 7.006638008925229
-3.5263034334590952 -4.144231745385201 6.005788484115024
-1.0839513687929114 -5.337090670390739 6.362716923428988
-1.582620288527245 -4.940131907050225 6.689137469641907
-1.4006940776965837 -4.2653277187127 7.279319700209802
-3.117866346790292 -4.260892289338425 6.999512217634144
-0.7924959189604411 -4.298397976562943 6.631594891117046
-0.7249129744797655 -4.290239291792136 6.428484307113953
-2.3737794686219154 -4.458176625787919 6.982435554425687
-2.899585456698477 -3.522381931192852 6.525301217028069
-2.764184154762404 -3.5898669233593683 5.9707168303910825
-3.255426785354396 -3.8336831103991575 6.787582328681981
-2.189239838156632 -4.541594463861645 7.295408209332706
-3.5226423460789817 -2.872235738212975 5.841941945284777
-1.3725129626223904 -5.24309491452551 6.967193451034703
-2.5804854732092517 -4.4500406115996745 6.473175480196844
-1.3653000695543573 -4.808563460653398 7.249996546943995
-0.8561007358919108 -4.302319539696346 7.521694689286819
-1.9876384963545077 -4.474211094304432 6.394418865475639
-2.4133823602842814 -3.640076907551764 7.26838875807145
-2.40165957740753 -3.931100487141802 6.525126487986032
-1.049003304037128 -4.849670809446177 6.717873216807398
-2.623750423312861 -4.1346807399111825 6.296329417463885
-1.0135001727990864 -4.917088642956454 8.035655853984291
-1.2529381311592864 -4.4748666571948466 6.623512326132621
-2.8698586033495594 -4.8104739582093545 6.073385783795768
-1.440629545104099 -4.945003563666201 7.695251383907386
-1.280113906084231 -5.317972868957285 6.986899440945081
-0.7479960512217455 -4.383544425557562 6.85075902200438
-1.1356549405747494 -5.061124869100064 8.069503242562842
-2.763399383152505 -4.444387009162506 7.15618205587427
-0.38357568331885655 -5.083577952151941 7.327165504859865
-0.5159042503734302 -4.538391511218165 7.105828363743535
0.057809643146619 -4.947995826942484 6.946805051888291
-2.1025443788042697 -4.158415002170686 7.708625074432733
-1.4011413770849082 -5.085927023558454 6.414183468490933
-2.5334822895431763 -4.584522614850737 6.812233308267957
-1.649492225558897 -4.033915780503047 7.38097260862579
-1.1436064024167916 -4.710649303189776 7.360242942641122
-0.8215124186617934 -5.017630518894683 7.1219136781776875
-2.0114692360478252 -4.823009427596351 7.569684390773844
-2.2442016234577284 -3.97354056246105 7.9215904014840754
-3.613989605507305 -4.0231099629552105 6.979034968356828
-0.6549880109442208 -5.075147499443471 7.219691676348018
-1.767072598641498 -5.24481327961883 7.0974019077806245
0.3464674596010728 -4.522994122056582 7.574125660122063
1.376314831266378 -5.14866275506112 6.325567841624443
-1.9280744687785514 -5.387601145691372 6.922360013399953
-1.380633401150665 -4.778468518277143 6.714572283448483
-1.1990433367826183 -5.354561558349715 6.625052558407609
-3.8649864337364432 -3.655179707144337 7.641999373708966
0.7074363056191539 -5.489353925311254 7.028123039030321
-0.8503981342061209 -4.002432114017361 7.22393566690776
0.577227798220301 -5.828449718690442 6.87458828373406
0.5908312423665228 -5.301144453920939 8.405427950816717
-0.43661685614397033 -4.896098842263447 7.260446368103835
0.523135565323819 -4.952532611354487 6.576235391328995
-2.0814933340842035 -4.9094460088977145 6.824619220890214
0.37387383252369605 -4.345359630717244 7.176429748421395
-2.0386178147334233 -4.484062384699898 6.892188205594983
0.21416793464968986 -5.263066301777085 7.60984816676687
-0.08387560891859785 -5.165866792093579 6.78731553490587
-1.0332139069334318 -4.835815623864926 7.636285856440147
-1.4241387991398422 -5.180363923186759 7.026392910993328
-0.9176098647056548 -5.038262991997751 6.4684312190427296
1.332315403802565 -4.59756924344178 6.842163391663917
-0.9052191653540266 -4.4420285233639785 7.689834983842424
0.2397031751606147 -4.819993012106006 7.363464018511917
0.31293715673266215 -5.231473137588832 8.35064519625565
-1.486963807479141 -4.8317194461912125 7.297085710588416
-0.8084646529095086 -4.979962184056407 7.177445906213504
-1.058801249285512 -3.7772569464057297 7.736276046529694
0.11455027470501013 -5.396464466528232 7.849509159530657
-0.1837624377389017 -4.926456580770488 6.253399785290864
0.4937059907791161 -5.039394818574911 7.220272104942339
0.10409178518239355 -4.999044419993494 7.517970991823281
0.8313038184253102 -4.812198955413325 7.288014541039994
-0.37289060267229607 -4.497448333349206 7.07693851302976
-0.21697365479843564 -5.808929139754806 6.953803293266204
0.40918093465316474 -4.813579774991689 6.822141536567405
0.16413395125981256 -4.629281818694674 8.29886843786363
1.6149620139397367 -4.665438137192867 7.592006412377975
-0.28859343364636364 -5.049294772662537 8.16544331397346
0.041386272378414336 -5.248368989036124 8.023309545822329
-0.15907928471450802 -5.255565834959078 7.153716647690304
0.3976319127787081 -3.686948394496274 7.230043759967271
0.08411211994971596 -5.255309776321222 6.576355368527989
1.1466142173420393 -5.138202242752483 8.170783742893619
2.2252905976693746 -5.896602514603623 7.396535340947578
-0.5579248523448586 -5.239912885387451 7.832590851130027
0.8460653120127734 -4.156340211398293 7.795415680873002
2.196912213915605 -5.028934878127467 7.002394287875107
1.9092082743453713 -5.023785508536877 7.835266786674881
0.7270769724612687 -5.34038633949726 7.232138522423186
2.0821096345176255 -4.888146350801552 7.863264998653099
-0.981730417707866 -3.4690358067414655 7.19431385664073
2.643729728146842 -4.371357313028194 8.437128692613602
-0.9063147323176913 -4.071654103159453 8.688174416075707
0.11585019902685174 -4.943077853155379 6.775780986397223
0.038458471683031285 -4.606484088496941 6.4956358746553455
1.518314685417446 -4.725558846897051 7.499838500288981
0.729871436684963 -5.479446602010489 7.953130693430264
0.39613096059283603 -5.0104949188634595 8.244973784754796
0.6325616560387084 -4.152120647238414 6.275159186984178
-0.055943570774810374 -5.2072713144541085 7.438550915648521
1.367959298611559 -4.577535922656755 7.684720104470655
0.636725243400958 -5.646554933988246 9.160765943514
1.3297593165697816 -4.686558432075377 8.259391807676339
-0.4028470385326826 -5.046541970619632 7.057580548291091
1.8226484944098396 -5.269042528021261 8.029731999301957
-0.2462526307585232 -5.114166753110466 7.282646811474864
1.9666793716176756 -3.898019474101512 6.954684695904004
2.0614043110948854 -4.400472623050717 8.120109820451628
0.8506843143480876 -4.792879070981655 7.888527325584629
3.4754946180840403 -2.971648611146877 7.2259648685424365
0.4418546283365564 -4.585231390996228 8.05739890704761
1.6461629707274632 -4.395115128777416 7.532466347986967
2.2003948181783723 -4.757959387837502 7.028362507836796
1.7819178283418848 -4.79157763829355 7.060990420139299
1.841221472626475 -5.594085467248897 7.613583813558239
0.0944518959834277 -4.300629185761287 8.050961520720152
1.4480614535729366 -4.308862632829791 8.083534240824282
0.3573012103794975 -4.778226037013823 9.283086918672529
2.9383511002553155 -3.790532131221321 8.846401753066674
2.4869267094207217 -4.280105246071576 8.638590513017212
-0.3300075145205518 -4.843103324983708 8.451906963259132
3.4106222332023135 -4.5560221150838505 8.445457054892406
1.6375831060739334 -4.56512597722312 7.219830356815213
2.55581513022168 -4.819293043232204 8.695415504446013
0.3737051664678306 -5.427436152694591 8.400761768652512
2.401298954086577 -3.6876680046364907 7.453775603699208
1.1125752921191268 -4.745846364998614 7.14745099168711
1.8702560806161068 -5.424493337383545 7.831390650340387
0.9170156644645622 -4.654489114751187 7.34823614341533
3.5317535428529183 -4.281302317037835 7.289847290159802
1.4570332689347816 -5.415284045908097 8.671734858390309
2.0394425023076534 -4.821798504782396 8.477140085637732
2.33473050069928 -5.257267890841856 8.092177001777051
2.5924002461985096 -3.815514382182407 8.45902347011785
0.4041400356922871 -4.734004160210975 7.440908670772868
1.8221309845736646 -4.854463222594351 7.811241062087883
0.5785971011583859 -5.331196527745374 7.381353399783646
2.3039843424935684 -4.5767231228672385 7.399587390760793
1.7735798738096091 -3.9423966231156107 8.183088957146268
1.4877091923177377 -5.2309344341797175 7.938589051837985
1.9539419254501 -5.187255644631621 8.322848282669835
2.5084933979469315 -3.7868942019778395 7.361333480715857
3.1400553608267563 -4.2606939990383275 7.967593345548818
2.051749036950568 -4.848810267826996 7.517110443174426
2.495490006018258 -4.383607551350086 7.863672222799999
2.472339624164525 -4.486823244006958 8.617713862365846
2.283626324245183 -4.690235366327496 8.887587490971153
2.8195891585424286 -4.548076088360383 8.620700961230598
2.0014055631062453 -3.521371555025167 8.103301552959236
3.214361405109593 -4.230430528727972 7.757038880531894
3.34478578677312 -3.836696885622076 8.197321376550695
2.9500397031495327 -3.9484526644734523 8.55054416217888
0.9464572452799535 -5.408877108399594 7.993270242020533
1.9976704267073888 -3.582462812722878 7.605991262501182
2.7268953615709655 -4.505472180546792 8.417255845198376
1.2104849727217026 -4.573844604510763 7.802118151104408
2.730738873035115 -3.874436152606811 8.24555692423173
2.3397844109606996 -4.805162251367481 8.689224971010066
2.5307299555030776 -4.065687731273652 8.329222140796732
3.872826855418942 -2.670269797244644 8.028240383698591
3.124197333301329 -4.045057289883857 7.683193765842528
0.6261246740426103 -4.53643107673541 8.1423713578796
3.883855251741921 -3.600278444653806 8.478334369134288
2.6248293174365283 -4.750692405387551 7.818376756251864
3.229523837750591 -4.091588017157963 8.802563983265435
4.392364035103469 -3.369686968877141 7.575274386385166
3.2746580833743097 -4.898229874217744 8.77550569755288
5.027887710074149 -3.5374341260722098 8.47630258349573
4.060960956070041 -3.152643872785416 9.72498120141088
1.4541644791119468 -4.549459385836101 8.687640681386299
3.096291612966527 -3.971540165899966 8.301650827909334
3.7201860680763668 -2.6358897069979133 8.355162622689997
2.6984082664322804 -4.224709864015771 8.074048786490826
2.7569401838317344 -3.8596082256057187 8.874069241918116
2.560759533284545 -3.7377552385360397 7.939193380912507
3.631683526514954 -3.634677959149478 7.483845166972648
1.8969781977264037 -4.188902097115513 8.539808240035699
1.4674726385234784 -4.682767964896507 8.604932269753727
2.6933595456669988 -5.190414453374071 8.4495874754257
2.314627647925955 -3.495325036934091 7.6542738572747995
2.9761880063531643 -3.7173538721498396 8.366956718517482
4.457249028733935 -2.533061052357541 9.100173227485763
3.8182784584482 -3.256111392581501 8.338784279918464
3.300181593009373 -4.22488091068017 7.607729688389884
3.4591391443020205 -2.556494126013775 9.51803659758176
3.5659524814491803 -2.756443254533637 8.665632077895772
2.9976584637134573 -3.854378615381459 8.593329701898353
3.2976110452937575 -3.685314994169376 8.931188559651812
3.951261682415792 -2.6746279082372535 8.467493750045731
3.3059929220847177 -4.086844779795129 8.639258366912648
4.332080901194239 -2.7232159225229196 8.40748266017317
2.8273503292664044 -3.6030126298714373 8.609023184645743
3.8681414232180904 -3.2146720811604257 8.487111580759285
3.1909620506812497 -3.3911679000263804 7.592810678682364
3.850508137333862 -4.100394337368404 9.20957458969009
2.7797159755119085 -3.5994741466157025 8.866890972112568
2.1210155577232297 -5.128735222987103 7.664985567097478
2.3528580437764237 -4.233605534826821 8.045936821484885
1.6396444819136213 -4.652994143440048 9.801259027831481
3.997153477130317 -2.225266638106449 9.150682801712907
4.900569315215515 -2.8348012465757244 8.102004763375195
3.633217536856517 -3.6963984075540033 9.007172232068328
4.056860490675005 -2.388504330047978 8.643781514542113
4.0212104031843 -2.5336986396820773 7.482240344431923
3.2457256116652586 -3.0364984092311804 8.699720228915329
4.2096456921224 -1.9652997237461605 8.770813616498604
3.6207061633946953 -3.0500229806573236 9.048302707939172
4.621735695645294 -4.101374854457354 9.561119021345213
3.838400523818626 -3.4566369344540746 8.16460746356302
4.450239848711943 -2.4558668326258926 8.476570362374302
3.901459318535495 -3.7191248949814852 8.88135928257107
4.120218302637425 -2.537320684735208 7.740608484041345
2.617066725457239 -3.6597647501717225 9.569322981119102
3.8096257572378143 -3.020192650034219 9.451247569403996
4.869389180164154 -2.2127638209333096 8.019133805466147
3.544842994299284 -4.019550592226677 9.186707613559893
4.5135929898140885 -3.1397446356849525 8.626567017501143
2.9261123863121745 -2.8060526949905142 8.10637432035204
4.281681452029969 -4.3240689196646365 8.733520593265869
2.4285522382592952 -3.705540340434275 8.8067997986901
4.310446667759885 -3.537825895352041 10.04617594811768
3.569754919854065 -2.9290000600100456 9.112895171567647
2.8847711729568712 -3.275646960711273 9.344588117948778
3.026079620047522 -3.527860944638833 9.354061868028566
3.4653241382224507 -2.941224869576262 8.710050026941568
3.7067244986796952 -2.5945363984962264 9.6667367768196
4.110299232349357 -2.886746743503425 9.900580166473894
3.207739685998129 -3.4608106787937376 9.156145816774647
3.4792939856596745 -2.275598728387642 8.968008499883346
3.242242166355863 -4.132706583743647 9.631245759449142
3.7591494888122274 -1.5107366527820099 9.620025161355606
4.582036873457881 -2.5243271030478067 9.220133550861313
3.23041493565523 -4.32278463370463 9.046530148147191
5.095923730788202 -1.061543820194335 10.017358264374998
2.3958025007867163 -4.174577101483115 8.830937480077175
3.797157968934973 -2.7548190857638266 8.332881253760315
4.944515303589421 -1.2298140364786398 9.673133695360805
4.210595534287773 -2.862890174158158 8.260679606050365
4.367408477493697 -1.9771933655919312 8.9967737590705
3.839325285804386 -2.42621047304209 9.257548812666698
3.9734465024864365 -1.63258562118131 8.947443826145243
4.246429209895122 -1.591207511338591 10.224905799444805
3.252086380685393 -3.7481849844138146 8.517082945599903
3.311522074997564 -2.8548031106031084 8.818913156290094
5.0159502914611735 -1.2154168481757226 9.17682314522219
3.9648812222647773 -2.8898510688706267 9.301706656854147
4.95159859855509 -2.8182138182108436 9.68467202833068
4.844427018395144 -1.8354464871082024 9.638573283495747
4.000649077808975 -2.498834522642019 8.929028782297294
4.2942983801253645 -4.1962937616264435 8.628436511197476
4.381063394044222 -3.05134490419785 8.29602909261529
4.95908483253712 -1.8553232931431636 8.15847848691773
3.8871173484260484 -1.9499926481656198 10.028126444033866
4.890816599757653 -2.2012632741445435 8.578467130620808
5.494229355506609 -1.4322888758767855 8.826701579162368
4.1587221838290205 -1.1271099122565202 10.407236674986903
4.174936860019747 -1.452011144964631 9.017911221186877
5.123587798437387 -1.1699441483202964 9.731604963751453
4.240269329073231 -2.8841751934219757 8.593500585629625
5.171445318404253 -1.654087845066338 8.715646768123078
4.93395938264869 -2.27245086556072 9.757006387853169
4.349910972958371 -1.8956840022749792 10.818028401255088
4.51322967996206 -1.0121688010638517 9.569521567631739
4.632051763318117 -0.7878275715823244 9.543768650364711
4.862007985807524 -1.2518966848487438 8.779770581991652
4.73078607246382 -2.1597359634121456 9.210342893195662
5.701045814434871 -0.3447494292147283 9.344483564624317
4.47755295340116 -1.450900242328925 9.013528789431962
4.52758659568839 -1.5367468852992354 10.325976996281895
4.451950623905401 -0.8946724060313441 9.990522917913527
4.207450890252085 -0.7505247363757214 8.352767974906007
4.765611306531854 -2.3617652306127095 8.941448012755613
5.6344102698495435 -0.732098798922652 9.156615456778711
4.6209162371797055 -1.751030650072067 9.66671333328054
4.865120566500428 -2.0902424963283717 8.770790773315774
4.390908866420658 -2.4346708668825996 9.538936212782748
4.390089335594152 -1.4260224495382137 9.8282658911213
5.857262891668269 -1.2351820992892777 9.494136186459322
5.421729883373321 -0.7605984065437543 9.821859158154368
4.720551923414195 -1.05692685041774 9.652539332389196
4.330835190202079 -0.13318171365230333 9.419042562148443
4.2449833784147275 -1.5835139961216236 9.644822814960609
5.761046212010877 -1.0199979215747639 8.573979035849515
4.938062840498514 -2.011670343404823 9.124031974241928
4.5832554498803555 -0.38719056860601414 9.394220652542266
4.478857433762088 -0.08403127734557904 9.5086585835107
5.267735578520736 -0.8355957821920396 9.691184473588535
5.074087743192806 -0.6913485287885731 9.045705921794083
4.819782162182528 -1.272019341627495 9.370585066121999
5.749873150243906 -1.3012654954980796 10.157011462682092
4.7222477522832085 -0.7648734471359293 9.684573252865885
4.360899928985093 -1.1541531114275674 9.813314467409729
5.323106586354872 -0.8783548464832789 11.010123872010501
4.66699433721601 -1.1218649173622726 9.267079893503439
4.7382014257060785 -1.4539674640089708 10.099631912737117
5.691663077715483 -0.4763897973078062 10.644044268449862
3.7788796519476318 -0.5829160152267104 10.377585392921299
4.804962854586206 0.4025459260464922 9.746709487926234
4.542126483743377 0.319203726948907 9.999611216073932
5.029594726200194 -1.1649841436415846 9.3729688414638
4.816909453258806 -0.2676131319910201 9.643478939422815
5.006199682464701 -1.884396098675952 9.857150273585047
4.1207294077713 -1.7812004219957849 9.848919553705949
4.239762643971783 0.21426734203307082 9.982931622844175
4.639256233085997 -1.3674411374403046 9.947668147335712
4.401663014325428 0.9680116957812948 8.452313240719182
5.147070168770267 0.26987344780497724 9.325728084021591
5.020613286170171 0.8209464058734998 9.621049092932761
4.6967889849903255 -1.905196334667689 10.10761091289175
4.879623992127338 -0.3725669830500089 8.985910219836317
5.606583849040205 0.240017400487926 10.329523310190227
5.220427936305026 1.1297480889654337 9.7781265595076
4.378746417850776 -1.1576562869588864 9.793328830630102
4.365528664100057 -0.5805269924710897 9.064937363319014
4.470174767189141 -0.6427143149657848 9.424463944169444
4.926219042942323 -1.0986475395987294 10.0841096370395
4.641715596732435 -0.278181148077088 10.506745637342503
4.24304533532031 -0.9716324325435588 9.357144192868386
5.183925290901792 1.3831601949130845 10.176551138866063
4.869048423484336 0.3245220886897377 9.649586877352458
4.936011564503288 -1.5993627732045383 11.081714866756908
6.152618328365554 1.2792909765038356 9.337159643994612
4.552758646355899 -1.8790436786947686 10.972217080930228
4.867735604767583 -0.09477921070944885 9.983773418121803
