5.115375005652159 -1.3426863444939185 -0.7126757505210426
4.781589498752106 -0.33093907509496195 0.5908596466092859
5.232776326123924 0.8056375020497238 -0.9812916538869747
5.236924178977682 -0.05644754033528423 0.27550317399855473
4.325922487770666 0.3344700952462443 0.8325908965159743
5.317439573436998 1.7415356667372868 -0.2946739017168814
5.216846636231866 -1.109149255595962 0.4355447790437487
4.913020916800263 0.40111532590015375 -0.4924872522927403
4.791891888468285 1.1810854196209442 0.322293278794179
5.170269650144696 0.35211991555671684 0.19070729908776823
5.839708578748465 0.6494237169795644 -0.0448631127370642
4.574664937772102 -0.4475533757881479 0.586261755198093
4.776669137442243 -0.9012809517418824 0.42589074119959003
5.354006174174965 -0.19286515673339288 0.8666803673977976
5.267337106391535 -0.8756243459514996 0.26879094501051864
5.09985381958422 0.8211126443373747 0.14439739036468704
4.475194890673307 0.8894720750441087 -0.6049352500460875
5.927828979366089 0.08762572249724411 -0.28878037927781763
4.757825865504091 1.2398081719779146 -0.49466146291106133
5.0210357000780945 0.12057652256936657 -0.03951443041054331
3.872591129549171 1.7731577771915643 0.15302440367310186
4.895207170452553 0.003506215392485319 0.7057304701515186
5.329657322839106 0.18702131156069743 -0.10425090071399429
4.421595761344345 1.9554017225231661 -0.6772249011906759
4.216380752280428 0.6842381984180397 0.17579796355557176
4.172574726483239 0.9974334303728739 0.3307971466241918
5.057509631372332 1.5448380571412235 0.5701262334258359
4.166281785167856 0.9692675948919592 1.2639434574678663
4.7276136582219435 -0.5071293698215303 -0.44414151645318733
4.62521790188067 0.33574149548037485 0.6689224671701576
4.748672161055871 2.1447058809284254 0.4935450928633013
5.045908031169639 2.4861343072291695 0.09973296053337852
4.719787608021908 1.111342292103507 0.8181182903393205
4.449305696208593 0.9061116321380938 -0.23672581894608807
5.7036204486755935 -0.7396328069251388 1.093396979652298
4.474595604133703 2.011506453676572 0.2656008642428348
5.639095677156517 1.017451833455501 0.9090638475464814
5.732441117559824 0.33945748269091697 0.16627462596530276
4.858942132566984 1.7528283443498962 1.0017305667467848
5.59827310215157 1.0505595479472516 -0.216648622358396
4.538749246809812 1.0202338968859093 0.446614878072013
4.965458089715279 1.619556079550313 0.6803599133424711
5.196424748838098 2.8251066803167024 1.0312651857700263
5.064278494364861 0.7383222105814736 0.8537012947368601
4.311965783678529 -0.6063492790738108 0.4692535261909164
4.842947334347634 1.3386428957175704 0.6077986892113028
4.217360893784571 1.370107334771573 1.1318586355983062
3.8040229606375022 2.6500820652549373 -0.08128770834359977
5.35614803677505 0.12730735092421525 1.6646969166071028
4.5784391102260775 2.286993830000436 -0.091944523613398
4.10993542985849 1.0103884970793562 1.8728521398310918
4.821321299191528 2.002359592868736 0.13035879125252242
4.712329946559865 2.2925578083804727 0.5379319481124332
5.209943120308454 0.15800326775419923 0.374179151049543
5.14109720481613 1.5072458984380948 0.935970602424009
4.788221256210129 2.122536237264214 0.6358000280548801
4.993129509269865 1.3038119425828179 0.7582296114339714
5.335736724433773 1.3031540647415734 0.6640519184057283
4.403513303458645 1.0501853478102272 1.2396797330119416
4.853675187515999 1.4842195926477817 0.6071833273711221
5.6759448937152905 0.9035879080069029 0.7031712624100656
4.523031269275293 2.0590053823255388 0.36881312148625095
4.346592535401796 -0.4300878362364817 1.124036268647577
4.538338796944696 2.7578644789005877 0.4063081770822342
4.539526715689221 2.886203190953047 0.3762119558449586
4.598232037066487 3.1735412466227717 0.7534447195689329
4.356850209845108 1.2841126407651378 0.8093044298088908
4.238008963985528 2.439531059783597 0.3861177673050228
4.725093053072298 1.8777024343568256 1.0566900832147386
5.474653073316407 1.6080332126135626 0.0009143894192242819
3.675517156839082 2.9265291485750886 0.5760211797531672
4.752439546182139 2.7783646253825443 1.03249276173825
4.5849637777156715 2.3433163953319234 0.6129837926178088
3.494326907620833 3.2464222470035455 0.8442863371667954
4.746789723250038 1.4722585404781279 0.8092468011202465
5.13745141087195 -0.08040891041589943 1.0327960265873886
4.442833930766611 2.595247771210956 0.9653987268178303
4.798060411603144 1.378046454307644 1.2879966980119146
4.729266848928321 1.9002975982271386 1.1974770282519012
3.8656492249132053 3.1434504111711887 1.1886274787001065
2.6945882979117424 2.9436622778186137 -0.4935742707908466
4.381307175030176 -0.12987671871585402 0.8760621640758146
5.074423551447582 2.1885643800554098 1.3367885831604513
4.322011807748114 3.510776723455562 0.14549871277857995
4.722938364695972 2.841197306848461 0.6692615606868603
5.05340150438137 1.0701190281871689 0.09770789472173924
4.79769631230684 2.6725827156276547 -0.03769454209934808
3.31453910103038 2.79070401557775 1.7620908341916675
3.2645028580683637 3.9388495316473233 0.5323651379435006
4.210479591481175 3.7088212077799785 0.7518962472413795
3.2918401398174413 2.6363781653647846 1.0971053770171817
4.525409929776442 2.2047496060685927 0.6845052019366873
4.268093329638438 1.8377398913633043 1.24071120480318
4.24968148372936 1.8635321830580305 0.6929857986461762
3.4026475329602186 3.5867283844958493 0.625775894125945
4.607843771024305 2.4057361346832287 0.7397595677501294
3.5119582654047306 2.9450319633538764 0.9855933071272125
3.775049166197726 3.3556634343895486 1.7584482603730553
3.567032346366839 2.9329542444565466 0.6378869496209922
4.629285548100227 3.117771542994395 1.6852818390531912
4.05779577781129 2.850482011616092 1.4322116610829532
3.423336540782436 2.710301472684967 1.69212507671899
4.501135607823262 3.6279165570328638 0.945565576185721
4.151302528685955 3.6568298296404813 1.3866172420595757
4.410743256241098 3.1832104881844505 1.1762990450352349
4.1791199714923435 3.1369967307615103 1.2910966251716112
2.8943481692510584 3.914647993304577 0.8076987156956308
4.229998995336607 3.461526488258178 1.6398002353660623
3.636811874689064 2.789176612637367 0.5435531600841442
3.6910709590769 3.1819930545498964 0.906331283212409
4.3282360833040014 2.4201018177937375 1.488838456776352
3.4175092960325553 3.527330569529679 1.3741715918883282
4.448276542703698 1.7798157233577716 1.8030954089253917
3.7676887274251123 3.199620623189898 1.0861442870787772
4.111361844241126 3.647841084805669 1.2520033761242464
3.943948130222902 3.0253417776592237 1.6289921165889392
3.1334463094640865 2.9108879654444535 0.8381500382707312
4.012203873273283 2.594886947847336 0.3047749285364182
3.7200739431025656 2.4276783214802644 1.6123258958503401
3.408140418891453 2.25496377004799 1.3844884541481217
3.1851557644470487 3.1204187893611532 1.9877586892431358
3.9629438594885764 2.645151637776114 0.9286462421033318
1.356029590150833 4.488757940010105 1.3251711839060611
3.588519465641813 3.303221878953292 1.284767754856475
4.594560000937633 2.707084090699291 1.07435350405148
3.3916667610608804 2.398445999988045 0.47416982296481025
3.8957343440736265 3.70169211892632 0.8650068958481366
3.4371295008504616 3.1607944050478607 1.5404340021935936
2.3099530086733577 4.277239521428998 1.5244929804163103
3.9234028825342753 3.7518655122985742 1.7017581540246267
3.538048872520223 2.9813195187064956 1.133869955814475
2.0956640890295777 3.813410384884171 1.3575613544755551
4.594832142271141 3.795648334184482 0.5024597364515614
4.084180729123725 2.9395604852168273 1.8222022407909626
2.1759175437375564 3.874640437618707 1.8759254104770657
3.733123594157631 3.46801497647137 0.6619905772522655
3.4402946469691367 4.535194458398787 1.9749267505310195
3.838150249967827 3.296573425434138 1.6517607954102091
2.706685116243379 4.106011536514531 1.2395125666037319
2.625894823856364 4.092165400533698 0.8219796355763597
1.6959534010682458 5.2044298795025075 0.5907534198392939
4.19812721031419 3.386916331533814 1.2558547389965216
2.8741735188512476 4.577327657630668 1.2533309192002822
4.941738343753072 2.7189557244504123 1.1359961013254898
3.7482020419232174 2.146309208761489 2.4042613647610858
2.0055500802958455 4.876332667977462 0.7343878410922191
2.6123316683828715 4.473784798453199 1.5849338380272673
1.586725122911207 4.794951948277283 2.0995037734534976
1.9787540932687948 3.7762657223309284 1.622402237423172
3.7610690968651004 4.334264108877835 1.7002961909010539
3.9232524940297377 4.131904859729435 1.1226252370083223
3.4198917124069457 3.5271247563507586 1.3100340371634696
1.8826536108882967 4.557235699948181 1.5642108766111233
2.5041121108527715 4.526681027002912 2.01295685772879
2.3262816732989373 4.201466147244228 1.6868533727628447
1.1878484720359377 3.6740599394956246 1.6970859589981968
3.5764661559765454 3.0780258246055574 2.1382933335946186
3.1303049943888377 4.71375603321299 2.7316580968085376
2.7434155993858553 3.4322177591607654 1.7477114792245771
1.6245803783742576 4.461415389139392 1.9818649597224764
2.6810253079363586 3.7509531431462775 2.08007583362841
3.2649734044978387 4.920804589744257 1.0920770229685848
2.3862602800155375 2.5944187177831526 1.3719507559090023
0.41987261511208973 4.55337735480108 1.399997595328156
2.7977179138276718 4.5523121984674875 1.1546727969362087
1.3433226183392284 3.6671530388737925 1.6233587846383235
2.9721109264087215 4.590904554750701 1.6512011204045833
2.9139485867926775 4.813137530031989 1.0080348319371635
2.795214942175281 4.53444955226095 1.5623825059140894
3.287627490587372 3.6425983505297492 1.4157464396404098
3.279305955086307 3.422166210097411 2.2267387416920097
2.324858801108652 4.6221096516806135 2.1074460784362263
1.8603709293731436 4.548472356406869 1.94947783102506
2.0708062195899752 4.38137929189983 1.6662713382493406
1.3770483661178006 4.561842299508726 1.2259912703803857
2.4141682577444286 3.9597998859026218 2.2051205042198694
2.666598939486085 4.284143001739392 1.7004275489239287
0.5694772073717991 5.075446349864932 2.2769319041616396
1.6069997691357285 4.040891733433506 1.9509449905023524
2.9414393188847017 4.488906123978054 2.3969553000112414
1.6886278483564012 3.8407062108136754 1.718581925151343
0.9145103694542432 4.6892855375196465 2.3545908554285293
2.6743036169147585 4.41576615881424 2.5802164717943987
1.9272150835971613 3.8165854270683353 1.7243827601756654
1.4930839970766547 5.511102732807843 1.8165640273168315
0.5206010799758637 5.183603655503761 1.1961766500795639
3.4618206362386545 3.8612733065382625 2.5621698212858384
2.351648646555646 5.420782737388531 1.3318131473541541
2.790302004234427 3.510889805093937 1.5487252843867256
-0.5165645601874533 4.428305116872772 1.4743281430707533
2.599932496138997 4.496087794038695 2.1261364340026607
3.090181551033471 4.285551067728375 1.8007847272915192
1.6043625150321899 4.946151145143696 2.3032886273523547
1.410768933176421 5.644438761561588 2.1344856753875883
3.6346643721750698 5.166079216778942 1.8042269658323575
2.059677790576524 3.9658616025158353 2.15662348408608
3.1554527011949203 3.6038458384338243 1.6810859471908075
1.3955600820417977 4.361325140538037 2.123536491721623
1.0603519045097307 3.873474679443455 2.9268292803460856
1.3028304579515384 4.926640893373214 1.208648799044595
3.5738149256956557 4.621371658976418 1.868322405420643
1.583415231317775 4.192911442644353 1.9762377353030045
0.1927145968670354 4.997536179457258 1.9927324495788215
0.7806007080176064 4.933358720214126 1.9439131918895503
0.5374636997690238 5.429296480524712 1.5017813916379334
1.3896413171414523 5.170249005429756 2.42983915233666
2.2769476516552256 4.121365727736087 2.4144655495163216
1.2197224215271212 4.426672536049982 2.1638225227141197
2.0334499431025437 5.706663952485561 2.304094876317236
1.3901328547065228 4.368382388074614 1.1977966237284816
1.861969887636082 4.108506242091644 2.1276456548727594
-0.20715893948531885 5.1973792658054565 2.3398935562643413
2.1396715536922204 5.3019803495369136 2.1107417746353208
0.22192124422259688 5.215518088357268 2.706905538008207
1.5534115629863865 3.529053491708539 2.8655777676094405
0.340049321472461 5.093962674774431 2.4546127741098696
-0.16675280771264964 4.906491278117601 1.6967458525124524
2.407596366597288 4.500641361583386 2.650904899047603
1.582804839465367 4.955382379946396 1.5761923880754076
0.5171911907853014 5.401254420278948 1.9158855180125212
1.3258077228000111 4.295629842914938 2.2680688017038637
1.9151422242789369 3.9795545840182562 1.2749540633621712
1.0748573320073178 4.715306022617925 2.505346341787757
-0.4447667804009012 4.333288262732428 1.376667446877251
1.0776067034865564 5.485002153890615 2.193085806883745
0.7712076780526654 5.207607115567602 2.7628736916183367
1.6155151047286764 4.402819241137193 1.1951639965571441
2.046971943339599 5.224081091785 1.09901686801671
0.8621435367208709 4.8085439516855635 2.440062096554494
0.1300416869902687 4.965992142521618 1.4740637178324458
-1.2129182730017773 5.600493830599779 2.095012095482309
2.4494017199805795 4.138313028825091 2.9636408233991753
0.30741372987277266 4.928766636234654 1.201623282001839
0.33781384015818294 5.549365176036258 3.0634189709296313
0.8177655365840414 4.747665378662407 2.8999797421685
-0.38379271837416323 4.525677357345562 1.8531175155008373
0.0816922560671217 5.372353423671505 2.28029529072579
-0.5509660673840453 4.057063966103068 3.1233395088255156
-0.2219817205500102 5.56079096714798 1.7419400790348476
-0.5439591206356258 5.0126409884983225 2.6040473421285824
-0.09000177053475103 5.627011922681123 2.131494259203358
1.8974981620054978 4.188183603848523 2.9372783879419533
-1.2042971809975267 4.221886053653717 2.5750165870510813
-0.6313563160206289 5.830031180065839 1.9958503436048023
-1.3995054365589932 4.973592640104033 2.621756435606062
1.6914785905824423 5.2724846171599715 2.018516143815644
2.38127997300643 4.4995841525433 2.182968809975244
1.7285244629866914 4.988239776347359 2.385623681192753
-0.13578149551310903 5.187705421598495 2.321207447913616
1.5659721559664777 4.774533086157315 1.9092854441785092
0.7319809830586954 4.471595202500041 2.685189057489327
-0.20410396154716207 3.944839826822196 2.7309936928793883
0.3491263281023494 5.270653103634011 2.6301452007338684
0.7793842216436266 4.970223318499528 2.398637756357606
0.047153448537614676 4.625171481968157 2.0345911161989783
0.36809847256425654 4.8666378967193795 3.4152396692951097
-0.7231215872726234 4.54245587749206 2.6538647403868376
0.20623951350599204 4.5433229704975995 2.1925745195580375
-0.08670461623472708 5.015439805454289 3.460590958892318
-0.9118542629207034 4.4826872166724465 2.7848731904513757
-0.40885742134869846 5.321164957339394 1.9807902219836646
-1.6951035400424557 4.72011882504041 2.704876131568638
0.8417759840910807 4.8340935775997185 3.4624378176125927
-0.237275099606781 5.0099832096640755 2.9155331953985306
-2.4751392396149923 4.822561370610613 2.387022987195542
2.0575939787254645 4.8866557522958445 3.19614503610318
-0.3266625711511809 4.505487692337066 3.119159040714341
-0.8584812864996684 4.7272060091810015 2.96770646025376
-0.4622556525067683 4.814717253581153 2.6831593884244094
-0.414521933540005 4.888918909766895 2.1685388747344816
0.21385089336536683 5.606547509119022 2.3590327524974444
-1.7833760200943645 4.471906453065345 2.6917206476086015
-1.0030926095035302 4.851730076802183 2.8578343876257386
0.284108192772984 5.292079519974734 2.5786993190769927
-1.315725531973647 3.876091662246689 2.32610161865063
-0.2610916581799545 5.7916059017971815 2.8604617181195318
-0.5322141703361553 5.375013825007397 3.1396373633627674
-1.6067124684262324 4.352950667306779 2.2517343146270914
-0.7929174030984898 4.783735783843609 2.4879659525246645
-2.0169064742253284 4.277989265798017 2.0015899329878994
-2.7367620574307123 5.006144157941451 3.112480640722181
-1.6459753848331715 4.329669603115813 2.6557722177578653
-0.025339170143218206 5.747922443694804 2.637125156157858
-0.7300120977244237 4.471717906208905 3.380232063938603
-1.3502881810462384 4.716626418881442 2.32902561174864
-1.0253516175550428 4.271807461783445 2.847361675883877
-1.6137900852478813 4.326935021262382 2.242536923710719
-1.8043942794359202 4.872982029775045 2.674214176521082
-1.0810578582435726 5.79821659580716 3.0325812728605994
-2.0175842858253668 2.6217559292448884 3.678411577763105
-0.31346555464316556 4.730270930995508 2.526256663586032
-0.11642593749638731 4.119379242233412 3.386232427716897
-1.6770791275122174 4.900497407781677 3.8124266652352694
-0.29381609746626114 5.071099641867704 2.818852960677934
-2.1211841637507467 5.135222504696673 3.579152590611179
-1.1015888073500268 3.7604286186520905 2.2452139870732144
-0.7170818790126325 5.064622249038266 2.4823295076221696
-2.3139849029874813 5.009538327922384 3.0987806528820614
-2.0352891361034207 4.448534472070923 2.202965668259739
-0.09802184299217928 5.204589528270889 3.0150974294697255
-2.011979795070704 4.552320630132684 3.56578643993527
-0.25039851869877155 3.4632386002263047 1.7652412110882691
-2.872623598548234 4.046583100837553 3.312618467782277
-0.8714030576202594 4.581640232273698 2.4575102497402477
-1.942396020739976 5.111768020542657 2.438134631536335
-1.5224048916644215 4.531140888740968 3.457813611845013
-1.947931079737766 5.06348752791599 3.208210994757255
-2.6375113215496055 3.8443951834792363 2.615643680826577
-2.852936480069369 4.558302525624974 2.4609309166735818
-2.7687254844618803 4.719479514519431 3.518537907249847
-1.410808623587338 5.0908209879071915 2.7736025963947357
-2.529272916417862 3.7155749785268366 3.121281701160014
0.3381931364738297 4.719966889139944 3.265059999460207
-2.301346931981347 4.885586182153098 2.34875263614835
-0.9733945134691636 5.447290486823139 3.92436792893455
-1.2175787530359974 4.311288146460172 2.590849610839067
-1.9517809461588154 4.2167613353127456 3.748839177721158
-3.3887535583000337 3.3772889381268354 2.9327860672544213
-0.8124043249912162 4.895559858473074 3.882835285467018
-2.086165462318738 4.692499738749801 3.2674052654401566
-2.2048814834594164 4.938356449980928 3.077841984639269
-2.153253185168633 4.767711394495014 3.9308396400198986
-0.5818461142690293 4.156324981763346 3.6129491008827657
-4.751450698198866 3.5791097693142424 2.772682343945202
-1.9673479233247935 4.484995442377934 2.9048840888302845
-2.740120095909345 3.8932876893468062 3.0634346464437963
-3.501218341640618 4.224730643260299 3.5518693931151804
-2.0313404369129326 4.607624640903013 3.545446602734331
-0.901612186792353 5.0424786676134925 2.6293458977917643
-2.8143753577209374 4.3841693600632325 3.3165435914424677
-3.0222621690271243 3.4600491258792556 3.55159309228784
-2.468126913622055 3.982072794056251 2.639238034512144
-2.751949148018256 3.246275250301909 3.988533334239342
-2.8805370728035666 4.863173785995068 3.398497183273108
-1.5138326649310196 4.286437981548423 3.4795067996365687
-4.181925634791279 3.8551463807828203 3.8893470146606894
-2.1880605372009327 4.381831763517866 2.9150501586595885
-3.562516022367194 2.8936981108954516 2.9235579570238497
-3.171142498092277 3.6192959259615547 2.3580501771738316
-2.1326430290035443 3.207319376935246 4.532084955326457
-3.600766242343914 4.1481715064500495 2.9445978878306014
-3.83361459677883 1.7766995832890546 3.16681774972617
-1.9791771305579482 4.204862081214011 3.5738875820410563
-2.4942139880068206 4.009387522046459 2.2783658714726265
-1.2920194454113945 5.014305771956159 3.911066349309219
-3.526084781827374 3.943250833669773 3.957610062896288
-2.1724119893176135 4.286413394862844 3.4265725941862546
-2.276221941969771 5.205955213516536 2.4791460682659276
-3.7910302906503004 2.369193575692214 3.5473605299115256
-1.4943904314350263 5.61765119730405 3.5783248640140886
-3.353031800778439 4.050336515356009 3.2508007869314066
-1.995158707891108 4.616631501017906 3.6934913707862544
-4.391753457431027 2.7526283528596704 3.939049810006551
-3.018730565852356 3.3812888547984903 3.0677550829893163
-3.048140315666237 5.239590852985888 3.033557072043407
-3.4316718757687075 3.3985989553829943 3.2384778685160014
-3.5275602436212012 4.501036851830778 3.8515070343575095
-3.5617980210427316 2.8203823669429986 3.5970488482289915
-3.0906762339559637 4.159319066658474 2.748002032197634
-2.8433441484098956 3.785531143177621 3.541508663363813
-3.555380630491926 2.979542587747638 3.688076418951578
-3.18076538808853 3.8378654663818326 3.338058653668355
-2.667017776365042 4.259092338493769 3.4673285783236705
-2.4700548253294308 5.279593042462614 3.451092694761981
-3.6186964487634232 3.5511876269445315 4.4095534432823795
-2.7666387630216445 3.946795643650968 3.375913508169339
-0.3551940698078202 4.863601383209723 3.729575494309902
-3.564607519049052 3.5970243932485264 3.584626039926123
-3.7143834318405364 2.6967726626049138 3.8860893563810586
-3.8973769182692584 2.485293603298222 2.6828166458539355
-3.8874382130221496 3.6212336544763497 4.289836320752573
-3.8459964218394096 3.1313439886743164 3.6464736956887025
-4.193192244526524 2.0585475805729794 4.026606608579064
-2.1290052394673147 3.851678143154598 3.7902183888527206
-3.186472138367441 4.242373353830156 2.7903104713562246
-3.237906172605941 2.6412220078022925 4.4644351132338524
-4.27124846383449 3.6375038666631645 3.434697976297892
-2.9716330812365204 2.8100707087711285 4.0804038749204565
-3.1849512179878694 4.046424217525096 3.0057288754258904
-4.151706950990321 2.8259740959878923 3.2581080609649784
-0.6085284607489556 5.141787321848489 3.520233504943749
-2.7106861235079243 4.166195511296974 3.682696558979374
-2.4446422108728227 3.6188241866982156 3.5398350586600307
-5.1804018070030065 1.2911547189347967 3.7058291868479025
-3.120437056937074 2.8902599181553152 3.1515457700455984
-3.2511288514916847 3.9412026651729417 4.612940711298383
-4.466759378903365 3.442270723266204 3.523879110977362
-4.16243126934988 4.1730347977579445 4.045270390706521
-4.0479001291904835 1.9381001050313702 3.8607969435120335
-4.592769541583977 2.641798063113865 3.8447534601969235
-4.955113905911845 2.622917964799227 4.726484353516672
-4.073981318866622 3.5941350080471977 3.819105778171917
-3.9908229044561496 2.606455181516311 3.9566744206022424
-4.955943080689771 2.3905253423255326 2.7661431860534016
-1.6321214647538844 5.269882099975798 3.734471375592675
-2.5108028566953196 3.841274906523504 3.3053104922179526
-4.457747403007021 2.688715460030322 4.45825730320559
-3.0873791629129217 2.818408588525693 4.053722754249669
-4.830134926742032 1.4689337644356735 4.026988089453863
-3.740817379714922 3.326704948805453 4.369649741420057
-4.359543070686415 2.6377536869505622 4.816116337570754
-5.041939166176444 1.6987161563284559 3.8810943126830955
-4.498662170632002 3.420042846581135 4.372623581418369
-3.6844358761093305 2.0294848907961494 3.4951236252998426
-3.775752391503906 2.168699986291586 3.8824507716987227
-4.290379967466879 2.0368562480175787 4.084933066064227
-2.910636381276832 5.015144230129411 3.631951312140014
-3.1376315785620728 3.2245102974831226 3.452364995139587
-4.029988651536393 3.2383708728863674 5.007173114533347
-4.299393576993167 2.5480820169294893 4.9898375874560745
-4.12769855235619 3.378666068930017 4.047500390916949
-4.361985244058949 1.5151115796137675 4.141102605990813
-4.119705622799589 2.559614924096531 3.702429329877468
-2.957715448937802 3.6321731114758733 4.481192965878805
-3.245871160123246 4.172077427516227 4.108827786331004
-3.901221189018604 3.2319359890594446 5.801947221075178
-4.869299114779683 1.89380585799025 3.4603812221329044
-4.982196617314174 2.3276523477448254 3.54071778622027
-5.044108508853797 2.4988062807693523 4.454880004745034
-3.1142903348064985 3.260831690132464 4.585979424694214
-4.427179687948361 2.3060905471626962 4.249617856260979
-4.326514333152061 2.4177339252270342 4.133074008045695
-3.574799899024167 2.1536563246923617 4.41574034837726
-3.232078403819227 3.840835267981897 4.441732443837554
-3.3725291742768926 2.3320753175696 4.1162386603112555
-4.34914072809863 1.02850253360376 3.7337498264891154
-2.9872239719953138 3.8349518152467046 3.972598476789477
-5.414128701840138 1.664373047464988 4.9098268626738255
-5.550762001157681 1.8895275375356766 4.41139772221576
-4.537689680876327 4.043314568351831 4.106606761116217
-4.621116770927581 1.6095297615768998 4.338122991664671
-4.203978483645627 0.640094421980542 4.645505415103823
-4.398840244174488 0.6866293026823371 3.56279615206634
-4.433741033445894 2.8446260532161656 4.736404876365822
-3.8679995006442387 3.1706821621957753 4.201779414726645
-3.8162723834386143 2.9283744730611767 3.6652917810526837
-4.882009538536839 0.7236740207629732 4.080586248020823
-4.517957127974385 2.710200487027407 4.4124716397988815
-4.146455269972032 1.6024124280619323 4.196670974999875
-4.731054893976725 0.9854170693730488 4.160592649835693
-4.71123784924943 2.9495457286617626 3.7621493753045847
-4.579215024114989 1.718595481462664 4.917390577404913
-5.610658071752014 1.809500533125301 4.912111699362662
-4.135257687112767 2.8555665346093617 3.4334796266454
-4.569940908016011 3.0977784259403585 5.283860973814684
-3.8010397764184276 4.11480696017772 4.374465014058771
-4.955284561235214 1.3279194695142318 5.819320229218303
-4.372220235129872 4.291790119084207 4.240729345730098
-4.496697156364936 2.2165890679276274 5.488816649766005
-4.799954198290573 -0.4378075135259846 4.782786942451315
-4.776112485037555 1.191038958877516 4.799164481595403
-4.998403862399966 1.2653082390402346 4.753064615382854
-4.986869063374998 2.476071783541097 4.213372146025647
-4.817024366489031 1.343383030480336 4.758712274662947
-5.437853551799461 0.7645617325768742 3.7666835533434253
-4.417125984362527 1.7542824514764472 3.458935678623037
-4.483705310908036 2.0720684143073647 4.639754375562823
-5.749951512809829 1.2009978114400295 3.855155140481613
-4.201563480997593 2.03738152101949 4.938974949231131
-4.013187796818506 1.8653061812926894 4.4168008937574985
-4.745851023536989 2.2468639932279526 4.1001942890551275
-5.044195990268563 0.5244696198549522 5.081272401146475
-4.437649941220806 1.064647533292302 5.091703981617491
-5.54440935771937 0.2708771506949824 4.7806321754631025
-4.0521881292789566 1.3695811922138952 3.5981471870907638
-5.860054427416849 0.6826457945445428 5.131259478470914
-4.248007834102321 1.3953193744165708 4.347041918378679
-4.885573981000485 1.000207215230526 4.77921530159449
-4.952672559701238 1.7999332261248224 4.971784725233148
-4.8517368623596155 1.5423658888940057 4.80151175203452
-4.494918057177496 1.541144803185133 5.19221617162254
-5.565496201562744 -1.0184271595538152 3.3759760487621735
-4.714631981551048 0.6180561660394848 5.161843171200893
-4.126945659258377 -0.4678656707381597 5.567283567213766
-6.058362012853125 0.7073056700761917 4.63471779867572
-4.14209169877276 2.6055436407903887 4.221508800732903
-4.953811960970442 1.5199322120357943 4.792633838900851
-4.636039659494495 -1.8101432194579083 4.960624563245061
-5.581942030661696 0.6890563210570259 4.0293555718787974
-4.742654780161043 0.285797216809498 4.706044793304265
-5.139907195500027 -0.22630067973208756 4.125216949848145
-5.008544164372237 0.6303896260674239 4.236618977059095
-4.238852959642892 -0.41217140808630404 4.816207521653701
-4.877929118765756 -0.04058874958793353 5.50479925064736
-4.955150918997016 0.61526780658779 5.331395946709646
-4.4312784993329855 0.15183890521363022 4.30887844871933
-5.203380482623388 1.0006087084349855 4.612556650123954
-4.608262405967948 0.5370555797470915 4.590407743911344
-4.831961307440531 -0.5113873107883034 4.685192233557231
-5.262915495952351 -0.4189185034507482 3.7075024028001984
-5.4774894359511155 0.23582746590045517 4.829030596215275
-5.216940459070859 0.8829863617094253 4.739556427584402
-4.931742270715375 0.43080372204672734 5.020707252641472
-5.44884064743844 -0.8123243918797212 4.282938824692497
-5.1793326029177456 -0.634277260769523 4.139442432457605
-5.6369382721143255 0.5032458675877747 5.649195458863755
-4.144796299084313 0.020776337055486677 5.523923282623672
-4.400863043012348 0.7067493502942966 4.617171323781793
-5.245494987092591 0.07712469263624361 3.608809259920341
-5.212427501010491 -0.6885423653579416 5.078034223218686
-4.544600874663931 -1.8606868429018988 4.626238359274488
-6.13388676610673 -0.8488620198363521 4.865061084979686
-4.95040379861579 -1.5296702286425181 4.046672075034229
-4.817801228996688 0.5401913074368011 5.848953863407209
-5.6189218063059085 0.5870745670021625 5.134729859989386
-5.072320428038999 0.3493431196727444 4.328651226063788
-5.539470912331384 -1.2013830424380347 5.3035837231569865
-5.361686022430094 -0.22822614802385854 4.044207351474124
-5.370707697771651 0.6121971229624451 5.255117808365967
-5.224728918137717 0.3321630386419617 5.040333752114309
-4.70604932403749 0.0013867884323546847 4.969522967535058
-4.132899791989415 0.49346104803976576 5.057900755480197
-5.788010401707646 -1.2577657390917425 4.579594711137765
-4.816714209710543 -1.2228508814493362 4.896140059098
-5.547327152681704 -0.9630896775428428 4.028128292657974
-4.447683433035167 -0.622073910175622 5.4233895125173195
-4.175357344525022 0.43145827717166607 5.274035628984415
-3.9632780757883337 -0.552335463022036 5.15948444914656
-5.848213408831015 -0.5858192989318224 5.385458723002168
-5.702438363946793 -0.2436979599556233 5.699423052661992
-4.817963821877829 -1.2186681257263916 5.379794623758022
-3.943083431156262 1.0555015387984126 5.690808256863551
-5.084112207419634 0.8950754998147411 4.582456674667407
-5.112977065167555 -2.1384120358468226 5.045169138207083
-4.185647667328326 -1.042992542999573 4.981687587839154
-5.76898357032331 -2.387185647107426 5.312713009790661
-4.793325652612397 0.42549274855761476 5.067855750564937
-3.9774811530059564 -1.9907470803258405 4.993988870281026
-4.897581014454349 -0.13043334355612293 4.901409816335315
-3.5875971658122348 -2.1192526768727147 5.560460518636831
-4.761219100278459 -1.5623869712125686 5.876734815776597
-5.310423086174649 -1.1285498933465201 5.427027038116697
-4.2442914251276465 -0.018539765392784787 5.430290180824093
-5.307883351801614 1.5457009212522888 5.003481267888759
-3.2995947243879153 -3.0442124409309024 5.787082995830959
-5.568687090527101 -1.1986235845039312 5.089666035219338
-4.88050456789657 -1.5415051028740563 5.3844056135314755
-4.435817383318829 -0.752402386295144 5.329331599153087
-5.019012247902768 -1.8822082371205666 5.96633310460838
-4.089377218880079 -2.0516682018726633 5.802498441564289
-4.015554487295668 -1.3011508229989033 4.420079658344827
-4.2100777236050515 -0.951525064572227 5.902206364813047
-4.763997853708472 -1.993832797996035 5.5784044446682755
-4.835625011636832 -2.3501649436946765 4.93010660868767
-4.307996071869575 -0.37154896757762035 5.779671014354446
-4.718282396240661 -1.238697501768223 5.528647253900568
-4.25931371669027 -1.0972750862797847 4.864885071627502
-3.3564137742392757 -2.8386706721433805 4.648072379328269
-5.173118566635367 -1.8891911820149738 5.469295504441344
-5.391395078282931 -1.3806081549457183 6.50830184349325
-4.805907740564704 -0.9444872190047537 6.187720789974388
-4.762987670954863 -2.057689207559144 5.684874674266941
-4.326168635687132 -1.2118789083474262 6.016519257635531
-5.841793558477622 -0.9634669059009855 5.2409962453038546
-4.097934117738722 -2.0039494056263263 4.6780220485263655
-2.8814184539944074 -3.1304420128541732 5.88281195996101
-4.0136770750423185 -2.560665506021126 6.305875296980764
-4.000548161633189 -1.882181956673886 5.590387980542565
-4.997558588606472 -1.619046897898983 5.638572914784618
-3.557223423669988 -3.2804975063701103 4.868518737760008
-4.252479807029556 -0.8777973633662718 5.427532086573523
-5.013392560778793 -0.9486732138245005 6.139147965653752
-5.212606749724918 -0.955472185458745 6.344180068807769
-3.486033311115754 -2.5095372179896804 5.037321803875351
-4.040166173145758 -2.1920958335170493 6.2111124558405315
-4.333587029780525 -1.517192454155022 5.26038439531263
-3.905638769371089 -2.2970994898125254 5.2155038353673735
-4.617831021532808 -1.701147374940724 6.870589285753065
-5.01652313582446 -2.37018067054204 5.838288992708593
-4.547995407084663 -1.1579340807035319 5.941061097481978
-4.670879007492012 -2.4208244201923352 5.099273406241616
-3.788236500676559 -2.2415995350854625 5.606503874132218
-4.674601020725848 -1.2780049034530836 5.944225450835956
-4.252102748455173 -2.219747838803116 5.8435450295878635
-3.691426510638108 -2.5500387540901466 5.320844496580249
-2.850161891206511 -3.9165062739682286 5.733736336834862
-4.529425906436339 -2.051793802044414 5.518203535630668
-3.8541485236694877 -1.6632792829476084 5.905807671552183
-3.679576265337716 -2.635630986211706 5.1187518043029305
-4.06536284569934 -3.633746653797509 4.700873985722438
-4.6444485312495125 -3.068015862798814 4.643104553731838
-4.085680094280824 -2.8829490488058296 6.967664274100289
-4.563868332499444 -1.103032019665439 6.664792496999066
-4.499782230175073 -1.8725336066580751 4.775419412977597
-4.903341156732776 -1.8924157523125442 6.135733522432152
-4.17837285899664 -2.896949560339009 6.014472813566171
-4.441558696837653 -3.3573757463686285 5.950381405006229
-4.636571013477588 -1.2523665907771193 5.9324766894409615
-3.7936984237389124 -1.8500360707847767 5.637503084072636
-5.307068405674975 -1.788980082002513 5.695604937963031
-4.096620054344298 -1.2585821394149632 5.4611747396726065
-4.3601986750323904 -2.94474848880704 5.3674006710768785
-4.407549181237585 -2.174211161433599 5.643779843295313
-3.485045595718984 -3.3458131324271903 5.782276919795123
-3.813981802130159 -2.1262393289261223 4.2142593045340835
-4.142996314710764 -2.0584289049758797 6.726929044832947
-4.255432672037716 -2.0369772821427827 5.384558488105512
-4.433506770170096 -2.4428087504461486 5.9672820398261
-3.3304070233394896 -3.446221142343013 6.191551494634757
-3.466686214219647 -3.717239564432894 6.4489235891548
-5.106051000535292 -2.490244094948791 5.546274505964048
-4.123602791056506 -1.617028196111101 5.939868096106082
-3.869891620371631 -2.0030491084989674 6.061454499409001
-4.207792670969821 -2.011142321499323 5.2702580970913315
-2.2127426622501827 -2.7333577210642863 6.293546111308119
-4.380445103873948 -2.488326711835326 6.508515743189406
-4.329082351424423 -1.813558633390966 6.474806196210603
-4.285484259722806 -3.497575334835651 5.983414220893823
-4.40416365695481 -1.8407410783151479 6.514445801936203
-3.931685761440579 -2.0588026816097442 6.165936833433519
-4.223113363763415 -3.9791386757007143 6.625486585156901
-2.999659018923048 -3.070208703273803 6.033452934378121
-2.6275682134427867 -3.6091076662053383 6.918995445764372
-3.9054719230064125 -4.417958831237283 5.886724527004489
-4.475209779544518 -1.8831943333022696 5.449318951932538
-4.9580373665049775 -1.408765998788135 6.09507020738276
-2.7157064462049916 -3.6122947333373956 6.70601738106763
-2.617674110038034 -4.484904161594716 5.913445745682975
-2.8260355288867625 -3.9134444198776692 6.847384949314961
-3.2702270368288158 -2.831556174600879 5.672609571448092
-3.741544354362576 -3.5248645890319734 6.463090010273557
-3.6434261496618134 -2.5573034158094994 5.86679653021769
-4.00599206879852 -2.588432316400977 5.246468068552765
-2.2803754749749245 -4.5658465315124355 6.550958433371395
-3.6586095101357814 -3.5135334157134754 6.391261715349997
-3.8346270072364192 -3.1802505742553313 5.476900763616194
-3.9625231839575807 -2.987176898461033 5.964729828521973
-3.553840043071414 -2.8637209788790274 7.385309413456136
-3.802024970355253 -3.520194974209021 6.824308924231329
-3.268426150920237 -4.7070951206252305 6.598764147328469
-4.094656161658411 -3.5309337041745996 6.50105182212972
-3.493289998811441 -3.5241965714882375 6.5803053158074425
-3.551935931786674 -3.342109472120868 5.3574065601316585
-4.98642286791591 -2.553558978724291 6.1065799704896895
-2.837299108354298 -4.6929653485357035 6.535577565788847
-3.4115932939349753 -3.9560149512348057 6.485362465531299
-2.08930959143395 -4.144170578549038 6.981842633381771
-2.1238375662175852 -4.252647074725326 6.193500796163263
-2.5679064035864654 -4.136729515792924 5.360754393250634
-2.91188528231713 -3.717612872199095 5.458071456152123
-2.9543180210898177 -3.6643808142264103 5.646299132095299
-4.380513004519942 -3.506110031120356 6.619829863836607
-2.70853484365323 -5.027978449941723 6.706323638365183
-2.0917605765117093 -3.2616730508300025 6.662063740747816
-3.0310583132220157 -4.864597657192029 6.388296757575141
-3.6549631046078943 -3.820945288002718 6.153672487231444
-2.7578668510693416 -3.903136487621324 5.892026298841334
-3.5075650355572123 -3.3141280939600803 6.869442106727971
-3.1138787000757944 -3.226399204440911 6.024201164490495
-2.9157249024135194 -3.9672718609809206 6.688239480369117
-1.8376732869553154 -4.306789034633972 6.9634693064523265
-2.656881402710625 -4.381014781551533 7.181828937372029
-2.890601765928138 -4.042213807992353 6.159561153660589
-3.6425569191655702 -5.010738581244217 6.934255047649525
-3.288531996169986 -3.2235867875019486 6.538918825747495
-1.9425360706185022 -3.51629682205967 6.873289932164814
-3.050409413701209 -4.394987351479648 7.2165197984715626
-2.567314241473057 -4.707386206737025 6.542979276096281
-2.6744574196191597 -4.356000489054376 6.0678527130258075
-3.0162380046049706 -4.9826430889679205 6.85927415591539
-1.603380940188202 -4.319838019614368 6.7584614300862755
-2.618209047871868 -4.368948489356507 7.5271212290551475
-2.528185674896943 -5.146837032111853 6.691617942536554
-1.749581227562899 -4.2286822368513866 6.7946777364337185
-1.6210537655134165 -4.650935325034173 6.450319519604258
-3.061619429864711 -4.2731392603345535 7.525505940701391
-2.377883460438495 -4.5340602080613355 6.532531126826762
-2.957176048040722 -3.9178570780727657 6.224769352731367
-2.8065203421452924 -3.8315686684893833 6.678186413266464
-2.1099068252814717 -3.669852098982511 7.463181712107057
-1.6087604685299006 -4.780907778705221 5.939971115046747
-2.0243551171484264 -5.316514763378737 6.7331143807246985
-3.09328958223134 -2.6147394733373615 5.555232658182698
-2.5224380281930916 -3.5453626437893506 6.570905339712839
-1.829317797302845 -4.4849398433774565 6.269514386725946
-1.8877298426730256 -5.312821890861436 5.521207515318604
-2.6216008063534764 -4.613435952074742 5.941066934251228
-2.159382884971321 -4.051003875530572 7.011106840020067
-1.425696113853845 -4.310720799033076 5.998961548724712
-1.0892790565766621 -4.442719619951006 6.951149768588616
-3.4292603254206893 -4.557752656627343 7.299080893935267
-0.9880363055833904 -4.7802990956107 7.6179568378958535
-0.613487630664497 -4.211884748693444 6.764290997109193
-2.095112896796347 -5.283182551237006 6.4215815638774325
-1.6092158944381252 -4.415636125032131 7.171697685166243
-2.770483314495489 -4.467837391394326 6.823246895844296
-0.9025110264828856 -5.469061189094875 6.712147115598541
-2.9470959644833323 -3.2939382190172046 6.453886860040626
-0.7535982974482964 -4.626177371707189 7.245819932336724
-0.7867879977532768 -4.317521173739015 6.9657069525735595
-1.512654772779961 -4.420435551010655 6.94479600503726
-1.8773048809597728 -4.9027419677850155 6.592030084020454
-1.6184678242889847 -5.044879069125593 6.298847570504138
-2.2950668394600924 -4.022805444596775 6.9739809044414995
-0.5244450889573622 -4.617935227011496 6.749989063762193
-2.1299761188665425 -5.024500375111327 7.203444514529697
-0.4788358164523029 -4.766389674737185 6.647343175313422
-3.936442679233185 -4.673847287828508 7.5292369091215186
-2.0280917110319074 -4.279256437986112 6.488905595949735
-1.1608062344727885 -4.230778185918393 6.963063352756006
-3.4315544865417613 -5.006960240502345 6.96327738103211
-1.4870660221902723 -4.1400977260629785 5.486345689632552
-1.6844874317543466 -5.390403021741301 7.011857274460504
-1.240659869271379 -4.422169807654652 7.559961003854192
-1.95851250596693 -5.603341596969056 7.228453296465202
-0.3471640289857084 -4.982241167982086 8.137537538080657
-2.8530060877279753 -4.775107525358206 7.365803171846295
-0.16287648999180754 -4.751880522056385 7.492103889811371
-1.5744996255575747 -5.498211951662045 7.033914863511658
-0.7344927113210341 -4.249401760179301 6.114954035712724
-1.314676740301202 -4.085717867581109 7.031432151624334
-1.2842692574211 -5.095830763321264 7.114180820260307
-1.1610313262115362 -4.209258030219724 7.1136779066483875
-1.9994823595208469 -3.5369205637846655 7.126760217613211
-0.6067432056492329 -4.666171744143891 6.901377195773338
-0.8451746676328236 -4.689409533161276 7.011901765775368
0.8210429053514694 -4.315089416912704 6.804362276998269
-2.9117336262216424 -3.5446680547970155 6.870955945410188
-1.4377398928516392 -5.171642868718192 7.144221403314399
-2.137770311486068 -4.8225757473538975 7.235875485434309
-1.0149257374004992 -4.808504956772951 7.6944157042414965
-1.8336537264883301 -4.975492965082197 6.6519202409751435
-1.209884833783942 -3.749129165684723 6.3361422380344585
-0.32123724730470454 -4.6343538576308285 7.733032835980908
-2.3509391266029063 -4.978088035042295 7.0444824044705
-2.1045098420707236 -4.8392026550378 6.895956213827485
0.07347159909351898 -4.362304761768308 7.0068066182103195
-0.3374414157220471 -3.92782528461847 7.2314605145184405
-0.2346440781189186 -4.196041131319072 7.535230762642336
-1.284851394112275 -4.263205365367908 6.470331055947105
-0.091699109789834 -4.298185609563047 8.175170332391009
-0.7110695322536916 -5.323902506771047 6.9355184900604545
0.7471697798237885 -4.52179381679829 7.158192265319741
-0.1139449188856941 -4.961573276169716 7.2214914454028465
-0.15502861217741357 -5.071513923170294 8.505629890136172
-0.2415859333481514 -5.126885898161221 7.257596957893512
0.2594441845550754 -4.5824784996661005 7.699022984328627
-1.2859695068481634 -4.7549615944422525 7.653450585063423
-0.8930344020921803 -4.80385163835512 6.385729319197466
0.3949095446930422 -4.434385413292181 8.045493903905715
0.3252961775188199 -5.3737349143672315 6.829879872952324
0.24175191545154284 -4.567314401572876 7.085346533940002
-1.3462218680253215 -5.193353605073366 6.809318295605462
-3.378761179077544 -4.988049594649796 7.114329066224704
-0.4059481348906118 -4.667088732636317 7.465115757835874
0.12487297175561173 -3.9421819261034274 6.898616131075035
0.3376203052112894 -4.074712497890751 7.115266661924766
1.2484556040594184 -5.473317507021567 8.076879924937028
-0.5618612915931266 -4.811287523168971 7.3422309885534505
0.018025242364438462 -4.529017873703565 7.5841709227674725
0.7861811764908705 -4.374741706697228 6.251181269599556
-0.4337797909448073 -4.78416205049974 7.236874758835208
1.0681134261026124 -4.895604635985776 6.660730234656328
-1.0773291582333353 -4.319672514964552 6.878510636085474
-0.026758592095989343 -5.422412729128816 7.23409279688662
0.2555485676424104 -5.011813926994097 7.179533830998599
-1.1098207752888758 -5.5889987315460345 7.481678700045707
-1.3679449913550195 -4.970446974745985 6.854387663908135
-0.939467647824149 -5.130651655340687 7.514869515440401
-2.106450274858182 -5.094624055340918 7.380857596050338
-0.07539124978965445 -5.539383405717293 8.46268423646128
0.7605151055641078 -5.21745405450399 7.856748843083212
0.9679077429624717 -4.753174860606818 8.016569816929008
1.396876986740434 -4.099566716707836 8.129697240275595
0.9469235859579922 -4.425699349618008 7.054399326824813
1.314773080251534 -4.730180514622491 8.213528188155228
0.15031067568569043 -4.7044210147652015 8.007079995023256
-0.30821391921586644 -4.560172983476103 8.208264045637028
-0.9346473582206162 -3.6834931267175617 7.50761819628758
-1.0295742480511976 -5.445768700960296 7.314412879257564
1.0230883142764042 -5.281340657270679 7.755671916403722
-0.6421846702691597 -5.485845758610491 6.891214343582177
-0.4735161321320803 -4.494885363831178 8.081325599896175
0.5849356461600187 -5.062599513726095 7.592677081302468
-0.4481986565245585 -3.94199232191629 7.777768658228286
1.7212998844436411 -5.088781086120289 6.945205663968827
1.016921287652756 -4.033331761062905 7.919941401865535
0.4375043314745713 -5.891115649994315 7.561315334594441
1.2150986250749438 -4.240202616968935 8.467107369914077
1.5645283564233265 -4.959781537603607 7.280161883994581
0.34995343592004163 -5.839864483389212 7.252487986320077
3.2285915017877733 -4.254283973593537 8.45371818421839
0.9821370955351146 -4.707569372755987 8.01064985302841
1.3342195768241 -3.8144657379896834 8.620774405989092
0.4133087269200731 -4.905615637899567 8.355060124950672
0.6829287640737167 -5.267744901425319 7.622515039767784
0.9551477754383194 -5.18200997538105 7.237933801961548
0.22467666192502808 -4.285159738144439 6.468939108478926
1.958959827032722 -4.971872517637005 7.9058698931644225
2.3086124479248835 -4.526701743182344 7.898397149144729
-0.08721086976063502 -4.963247141883464 8.040279562893787
1.5163720474426559 -4.818720622239646 7.590929037667129
2.7141500838991495 -3.5385142578115913 8.112214301960735
-0.8312262038477259 -4.475375246080537 7.7026124429487375
3.4061692314746854 -4.665409938609612 8.23407927318388
1.6397329062781225 -4.900993544022767 7.118509780305516
0.05239431252682981 -4.865501935399469 8.645915670027312
0.1685015028154621 -4.86353197010054 8.39205130618045
1.9320011449194066 -4.93202846704924 8.249352585171655
2.716960551423189 -4.072993459384349 7.417935718756896
0.8728325484851456 -4.449290243268756 7.456603095446802
2.0348306880953664 -5.254584035655221 7.705461492956292
1.8581220624459955 -4.402519775900313 7.793957509200199
3.352100120844815 -5.047085804232136 8.337866961939419
0.46601925305181574 -4.286852621527803 8.132112650752916
0.6890087800742263 -5.5740361247239045 7.8064367865945865
2.5588129505892763 -4.5469489027986265 8.056725266367064
3.6462256122656576 -3.332829971342983 7.788339508429252
2.183324444369639 -4.603410627375483 8.674844914699792
2.985270216604322 -3.7144666419067036 8.449302539317719
2.8753761156139706 -5.050034707537885 8.799008038763942
0.9195218611139545 -5.136803502682584 9.07505892389362
1.3100862096929988 -4.836349989182426 7.497625481790626
3.1928320304505053 -3.9280783712599643 8.026466963562699
2.5013293198492974 -4.497271609805016 8.346897537543184
1.052347318864541 -4.864543934454684 8.36407634327726
2.497165023136487 -4.553669071966785 7.301914127597575
1.5253754169487401 -3.983051972478092 8.413672527661776
2.7420465061789683 -3.8594365822695282 7.663183583435194
3.190953147535244 -4.172933104267751 8.717716052556058
0.9615878145639863 -4.275124173380095 7.951881003749837
1.629492041641009 -4.638794427511834 9.137237965287637
2.7106967096198007 -4.423469689712526 8.108096323316802
-0.5533570569223308 -5.081417838626622 8.556503243678277
1.7391018339417577 -4.204194578792077 8.198262695621807
1.8588411006041563 -4.558859222780888 8.177162804490482
2.5625280499115166 -4.269837205119849 8.942535654439885
2.826140235604223 -4.194439091070468 8.939527761796047
2.125395872109291 -4.0085953755552675 9.355962819860963
3.624829795540175 -3.1568493390157073 8.91576637054666
1.9146233977257798 -4.604369909347476 8.586183407691978
3.780362678082624 -3.87659290722082 8.51217699575916
0.8309407349103557 -5.100202358403436 7.961932354572441
1.9646033648881411 -5.61935919056501 9.018691724018291
1.5752809087598507 -4.5243725808068325 7.858373922946925
2.1953012678063533 -4.109496569123275 7.6796527532583205
2.4650018033350003 -3.6949492202281684 8.411043278481257
1.972507497925147 -3.971254761969484 7.759712371452248
2.7784103641352256 -4.309086809160105 8.983677502653606
1.2812623415939979 -4.183963770146344 7.671858156353095
2.3614600564978527 -4.8662253115876295 8.017455680897115
1.8435308789888254 -4.218123806910016 8.019903523796925
3.1282784647326523 -3.513327066315717 8.432371174154746
0.6954426336289659 -5.967047590621063 8.142679189063125
4.816618887216549 -3.055616363334934 8.382045979500017
2.433098209076981 -3.287985247051299 8.54666857401714
2.5380988552955768 -4.213626483937787 8.735281176153514
1.6968163463114863 -4.439041745352827 8.985883115345723
3.125157641665714 -4.315105013320281 7.842667979823062
2.686568782592292 -3.6742318717789657 8.223963700198295
3.3574151488249697 -3.4892777047129764 8.320943949604152
1.9364563669705424 -3.5905903120840064 9.528350853695933
3.5040683297848583 -3.6300201638633065 8.968628209649186
2.743371246417102 -3.5195489963123907 8.915951093483272
2.253649315025221 -5.207387401094749 8.840687199861577
1.509773536987109 -4.676572344232441 8.579582085150971
3.36189296298232 -4.1850601639080045 8.7460957123026
2.913950060147665 -3.5763672457385782 8.311996532101379
3.64666643379103 -2.4296046070430317 8.685777529596344
3.407971945229891 -3.183996181387679 8.803403444314032
3.630502832740106 -3.8478959173354075 8.969269113870695
3.1282741850909073 -2.7982562201587364 8.692003762576572
4.026899186980726 -3.2244441266123487 8.120183427434695
2.862345476977552 -3.7251533749596697 8.274997422034973
3.7324834901352633 -1.987213455915721 8.495232447494066
4.324001874123794 -3.407614184622214 8.94017437777403
2.5639616028464935 -4.288059707326536 8.8147799136805
3.9827899169908076 -2.103235010938545 8.514801453969866
3.9097188390379105 -3.83280292304779 9.304245789228071
3.8170753483152686 -3.9601141163254465 8.758927783803328
4.020631736621285 -2.675485929742144 8.292712307849685
2.797892285583123 -4.977331444331287 8.203181846348995
3.866377092873202 -4.1521056495964555 8.741066424664796
1.7693585832557592 -5.2028529752489 9.442665217554692
2.283309654174057 -4.345454552245963 8.43783011310919
4.697519131026714 -2.2235616266345364 8.30755896270228
2.9962767897803473 -2.552185137825807 8.602293206676642
3.0040774179466547 -4.92108009773923 8.94329488031276
2.6880033032548476 -4.176534047905291 9.00081183339626
3.742822892537253 -3.1652668892283518 8.558962077854382
1.9713547617754308 -4.038209112355702 9.60295527002734
3.293590489219526 -4.490260392360894 8.53295483668665
3.602707639532425 -4.285143711970681 8.502236003500418
4.3101094983674395 -2.689357611341784 8.972617789494656
4.523380320870169 -2.715471009921646 8.16564701391558
2.9291707118891837 -3.6863899977654384 9.55426064545097
3.568767768394242 -3.5982313458226054 8.76615937162203
4.455466051771736 -3.683083918596265 8.225380323843563
4.471720246441897 -3.2328320142016476 8.117653837942118
3.4182992951330875 -3.494650805864803 8.476257820108305
2.638797081221575 -4.589599803805522 8.437366929821323
4.574581692630553 -2.411495256768273 8.956719776828157
3.9599858129288563 -3.4769648223003817 8.568810174457782
4.518699262006092 -3.215677323900286 10.11825432579672
4.5892024788908 -1.6076583751028044 9.522852762685277
3.2511337455664906 -3.691009303432869 8.563682798993455
4.475540070803539 -4.478334665295395 9.171238414847826
4.277953865387682 -2.8412877482863075 9.100045886692902
4.384895570174292 -2.5026890793491186 8.774982995370262
3.079251885899361 -3.7957525933991443 8.967800357024675
2.8580864363865772 -4.670808144707988 8.486197740645965
2.0057648081576804 -3.543249911070465 8.754253614653262
3.507920990344365 -3.5603718673381857 8.43555447831961
3.417452955034881 -2.9058199190516314 8.948392522889888
3.405592962910156 -3.3631949458639205 8.742325109105938
4.130532283176482 -2.652655290898022 8.689035633973473
4.8989690339665675 -2.263668145697397 9.360943028259499
4.567799099556685 -3.4711377681111215 9.31371764507011
3.0198201800315125 -3.4281036084294385 10.002436788744564
3.8497292040258406 -2.545824696167302 9.390167937620939
4.332536719301434 -2.2954679016826747 9.473481887118057
3.108079539228286 -3.451596061333169 9.506212878919499
4.25742080140766 -1.800788840854333 9.564471167168481
4.108345747403138 -3.287810388640597 8.566608819654757
4.151197877531889 -1.5455682976638863 8.446536397887854
3.7742549939251653 -3.827760710723282 9.846779075657603
4.402573240679851 -2.388583785612654 8.71960364112236
4.14553227584166 -0.7468632700866865 9.10714126649315
4.546781791886343 -1.1301746996341901 9.55758592143634
4.1960918199610315 -3.301990006321685 9.355173557036432
4.23001126350089 -1.811494613618453 9.074719225072977
3.90946676602584 -2.0392900833871974 8.929114138646176
4.173950059793296 -0.5881281178852352 8.501725191958851
4.365004756430269 -1.9426950962900835 10.230416335546447
4.9122962913482375 -2.3628782147043097 8.97114505933829
4.862750044211462 -3.745792356723069 9.456764585838558
5.341973259006663 -2.5420767372201025 9.583995685000888
3.5400303586278588 -3.4762591269242593 9.173380377461429
4.8189187322295854 -1.0233231809984633 9.64785025454469
4.579398577267008 -1.2562032299540231 8.89059644010646
4.427536037920211 -1.9523405692979445 8.760415125516401
5.611558359389799 -2.1484427269810076 9.29427688292103
4.979059908401703 -1.891795023219519 8.83138812656472
4.460335897810722 -2.2281203486113927 8.885048576529849
5.152254663653784 -2.0224835625591866 10.264506819349862
4.449829036333719 -1.3530251710673582 9.373436131195517
4.908140826218776 -1.1851708963263052 9.688694589071847
4.574357281057937 -1.0212912623216104 9.086759041177192
4.611015693155744 -1.397822364952732 10.199949667956059
4.5901096464347555 -0.714611362176418 9.019479192787255
5.209205490064186 -1.9401906154886444 9.27807216476945
4.805667791616617 -1.5532899455083053 9.667311066333424
3.419164190284666 -2.547133596573703 8.119529495135007
4.4389046924008735 -1.0194580588994069 9.70979150986315
5.584771424992139 -0.7073162521595736 9.244703472272574
4.080647573626611 -2.4758691621657647 9.145298330117445
3.8711873921201767 -2.0455634472985254 9.906731536844202
4.70691580309238 -2.8157150627311616 9.434861740070014
4.386909658077054 -1.974107400073468 9.626073584856014
4.532930176008688 -1.6400556622491582 9.868340801221574
5.036478439046787 -0.7429212393691471 10.103119065146865
4.322059181250336 -2.0800852917189814 9.002197689154533
4.1883672337787 -3.7284752856723253 8.963953543278212
4.948529740793083 -0.9610715521725565 8.668457769849384
4.152315870919518 -2.032993286415338 9.61937824931164
4.741876872865294 -1.8649297413207557 9.568483182697516
3.786902316403719 -2.794092368507471 9.330393866436886
4.744457786340466 -0.8514555567988819 10.063728587072076
4.617819652908275 -0.5993084009318742 10.158248622866537
5.376094408293488 -2.454961323463045 10.226210739392561
5.532491514875196 -0.48293556498000806 10.16050642916439
3.875927243438634 -2.128783767631744 9.863019729550352
5.030267477887694 -0.016478332828992952 9.727978179626955
4.593765727649729 0.14919652981331535 9.287991086783837
5.022411508214073 -1.790994856777233 10.138352639136492
5.114632798759631 -1.0504318889309736 8.65386433354045
6.0156890444919355 -2.0651263574427907 9.492145347116852
4.747235427004495 -0.5708888715496998 9.336632047138457
4.542229394681466 -3.0524052168853215 9.373027156842523
4.216807482833776 -1.1318205111697774 9.342062810339245
4.42410151345073 -1.91908921194817 8.747620731560021
4.0402185171176574 -0.7794721573982634 9.705389692826039
4.496306746214355 -1.1464497728318164 10.542096267274902
4.839809470651346 -1.0301378351749444 9.128643876807933
6.027843966833682 0.44312274904267335 9.955915953052813
4.3178296729150984 -1.3841925293894228 8.775863524707033
4.779430837163533 -2.614614353923935 10.15834830720229
5.132211996835354 0.026891378276271916 10.682731604288588
5.095482688829215 -1.7917323077307292 10.19178248935513
5.444051238705452 1.6839395750442356 8.938867740893679
5.316543954698964 0.31029763607350996 11.317544170796165
4.436445053903926 0.18626762073566033 9.511613133515285
4.871040826948506 -1.5863596665496857 10.255959813576382
4.152196204149639 -0.02987820259419517 9.432862153767093
4.403440999277994 1.2300992136936995 9.845606789157351
5.276916591292643 0.12168365755481345 10.01014511102542
4.622909411053172 -1.722179674664821 9.599050566025394
4.403268607750503 -0.7016691410520688 9.795053645901708
4.9240671417500765 -0.3608717522020527 8.9742278369042
5.306403971302489 -0.29787927869340397 9.939215246337175
4.454239007711671 -0.8024794360719693 9.315558774201305
5.336313090644233 -1.2732885463986814 9.875339227541797
3.981979123600666 -0.32488930497184576 8.541053783934112
5.179246977830992 0.41175449381905505 9.198230350635697
4.721429850320189 1.367698614104694 9.610733094616522
5.240588233993402 -1.7529572928729376 9.827941020212728
4.338616338401333 0.23845002388588574 10.450251278335672
4.080569920223846 0.7511975897705873 9.99036345467552
4.861088681718225 1.688604169273239 10.030695909897798
5.249526843956822 -0.4337176266040964 9.095096019308999
