4.1687722938479235 0.017431736282792425 0.24852665342846678
4.8790388966103215 -0.06417799038356885 -0.6947159517692107
5.577936196358789 0.3515737168569104 0.3601138778169273
4.761780122354563 -1.0973268077240514 -0.08648454512764443
4.185791758717597 -0.470444159438486 -0.031012337823335463
5.183157947735902 0.024961905193781532 0.965818740092532
5.958719035811591 0.5517875006630681 0.1890105627544174
4.533807089217686 -0.6859479318419941 0.0379441179029683
5.590283001793955 -0.6190935872274459 1.03583604606935
4.972934668750889 0.4235105987241233 -0.05608235155495603
4.964911100250328 0.19648827302890012 -0.8098760522150922
4.927819763448015 -0.4759538130974661 0.29674973204968713
4.745828386970274 1.570283759784655 -0.9722334627152803
4.421918311607301 -1.7075233116351864 0.45035770501245237
5.02888866430734 3.0898840723930774 0.4159379313939298
4.776034069090196 -0.9528135236803922 0.2848471460835831
4.545745551611927 -0.06654779292257744 0.31501316070984386
5.471945333554865 0.13167727130178594 -0.504618871876391
5.127973274699746 1.061373318291449 -0.23314990461777563
4.142394815053337 1.0852773932770172 0.19588035300052212
3.733200109035595 0.9138363150093397 -0.016710276238079136
4.231082381411096 -0.968046001795081 -0.2161326897526475
4.373925119467145 1.79127162845747 0.25745288263185906
5.029170028492081 1.3796520952865354 0.3226485763353375
5.419650203531418 1.5592824383477872 0.1922113504469204
4.613489968613078 2.4170129470414086 0.4961562767146286
4.004652364478593 2.118768159377794 -0.38252482229532214
4.840371127968504 0.22972136238322846 -0.0757689599965109
4.783621035479199 2.6172443717821148 0.015756479250332522
4.743872878126303 1.9361236252483494 0.9633558829503043
4.729431315869518 0.0035120285015584818 0.8696014450607716
4.897063071201786 1.4935117182357116 0.7492325133809762
4.9054999406031055 1.2515409032712548 1.1554680337364045
4.482477859640621 0.6612620256164364 0.9541496011014898
5.142058267260435 1.1331947176613704 0.7845270880256965
5.123465925649607 -0.11103823178449275 -0.4248900169522581
4.100094689720337 1.7223005724627405 0.11862101170937808
3.531160474001741 3.2022993191103186 -0.6740950947760073
4.877836216720446 1.7114869431218231 -0.06793663066949829
4.443819287509298 0.5348755812266883 1.1868226787228102
4.114437420397152 2.4468044148981853 0.6019594844229654
5.5072745507839596 1.9213058543231478 1.0134573229430641
5.168271464196235 0.009050618434206618 0.8245118510765033
4.981038700820006 2.359278290519682 0.49503211704874706
4.897412222463009 0.7331518973315273 0.18838815787219376
4.850158209054177 0.702074391626565 -0.2995111086679415
5.6495640982573185 0.3839058474630215 -0.1430566831475797
4.40606302505714 3.064679814888691 -0.08027953870216897
4.844785005896131 1.236241234278593 0.23062900431899366
4.2507020725665035 1.1156120490144097 0.1545433781302878
4.532230877296903 1.0932576059489079 -0.34774354042873
4.184757786003945 1.2236838071500098 0.5608144373074432
5.049835239548733 0.8739866284528495 0.8375154216102185
4.294641716168474 2.0228316485760747 0.47631995166929153
3.8926926859417437 2.5761383963465194 -0.07731731835282274
4.644014302813077 1.6980262952858054 1.053258981821006
5.808987041514158 1.5082016515763867 -0.3114647400487093
3.3868070564129775 2.6897804066824773 0.24738758627858548
5.032593325886369 2.1956709928652187 1.37581205444953
4.485737034645464 1.6525072003751178 0.7258032495069108
5.679535034710744 0.44769717417216476 0.19516844134229105
5.468732920012518 2.182066886240284 1.325974359268026
4.057097780720112 3.184301360447088 0.8209959780988956
4.38714704638094 1.362560233378714 0.5721774449426715
4.191459614986631 2.243189955740049 0.4961607840961255
3.4379736727167587 3.1806622275493392 1.261197653878272
4.4782658584301975 2.171728388195947 0.3719017019937642
2.9429947207574108 1.6459315150643794 1.1792166588441462
4.211431854652844 2.8052559715571337 1.1267882821841682
3.5128739515805814 2.5275048915552456 0.68201014312318
4.710488021355811 1.7660757619857614 0.18733380572431846
4.673220322361015 2.038135028225407 0.007504168281823986
3.6953864689381546 3.1705320667475 0.008321701028300321
4.208725959967966 3.625079984980294 1.4420944823462176
3.430529440599185 2.4120893388697855 0.5690715321816274
3.849502978308486 3.523138233375708 0.8501343004409383
4.859170180347616 1.7276330755298046 1.1763585114239314
4.96777460727022 2.5929765233308126 0.6623236221059289
5.456184943821626 1.8353051338027055 0.1506282475696058
4.9586679513156335 1.4112222001772439 0.7784937566184968
5.095242065734671 1.9018612233765368 1.3473484674934355
4.621623444969448 3.3678306959121875 1.150208706155949
3.991354130125994 3.3148213451613273 0.4382705439362989
4.087138973809588 1.9680780682919863 0.7549104198380372
3.450633022720218 2.88090971955339 0.532126867111945
3.3636401825971105 3.6864130391158305 0.7482763482989694
4.5549761877927 2.718394186046242 0.37616753410696957
4.321810510533132 2.096882538132704 0.9898747626620878
3.1955824740357723 4.055503698412154 1.6232209190287876
3.90226215657383 4.219672883129572 0.5061002682028485
4.218451996169588 2.9181270428979316 0.5252457113017079
3.8981481905410864 2.08884126725537 0.2571122538423911
3.622381341004457 3.0526916983583705 1.1749104411842153
3.4146193086130268 3.081186486136778 1.1565323013036908
2.838952022878235 2.3532480679169687 1.0409310439927533
3.1255935727957236 3.684304899714468 1.3739787037586744
4.444343089274564 0.47485518319400744 0.6296062905358335
2.965776521703872 2.499536225569381 0.7077548495920993
3.113555602645836 3.065172381758834 0.6292516947220874
3.9323755332588197 1.7825444591483313 1.112913842672909
4.420383305342974 2.48553476907918 0.8445694384784959
3.3346834370456526 2.919835622089543 0.9906507083217273
4.146323246686043 1.7968298783497103 1.169686399825004
2.7374560965058703 4.183389357088485 1.5980408451842087
3.9490993631921874 2.4322651699192495 1.613786702520917
4.148486318152798 3.120538708338201 0.7536568660591364
4.064790129589418 2.404644758641033 0.8238812251774204
4.298960906664915 3.781004119535734 0.6556399443583192
2.915981736521148 2.803036998908581 0.7472727612378771
3.849138153777285 2.3795469711390513 0.6407069629736307
5.140802841702361 1.399078076586163 2.157402421790822
4.68350586393866 2.9349377399122116 -0.050385365189562936
5.610655756704877 2.7155312843184243 1.0122165739635531
3.7009712270982975 2.937402194240104 0.7097403483327647
3.3657303502547307 4.314609622064803 0.7048270714827081
2.7716286829876653 3.9739456889374445 1.2123853521817018
3.8827424805659847 3.652501246059493 1.1993549080772494
2.5510226128300797 3.6204466229034384 0.6766057122572262
4.809959045824976 2.3495908706590978 1.0190286256480758
4.599513277165592 2.954706655173062 1.7405283590559446
3.329436595072855 2.4243070786948393 1.7563672861799122
3.3811078987393866 4.542803538502301 1.410914830271655
4.754279386343288 1.8242756538055716 0.5987400480991819
3.71100601052014 3.9529856471647355 1.9550893110472305
3.5847770988487153 3.741211385732678 1.4896651707554613
3.1757779181389796 4.568807590476854 0.7093599368266302
4.2431065025507895 4.014795805090939 1.3608389178691351
4.159925687927962 3.048032150054964 1.356572973320527
3.3799463347636935 3.969504003995231 1.2196594067320272
3.3630374239038483 3.408341432799217 2.177464948526883
4.2814724115043665 3.7012159514741128 0.9126007291849931
2.9279467927019196 3.9862237431515113 2.0780576080456252
2.4883064375422914 3.1757306063595716 1.1927828802498714
2.9106056070204738 4.125335588841641 0.4650712179705111
3.241881082839086 3.7608160740056364 0.5903695893845562
1.6233659632145345 3.541186422628308 1.2320023191239513
3.2919374862816353 2.469317425130967 2.0430559682544436
3.622885550904808 5.001523764119834 2.025021892888506
3.70507156808764 3.9689877992713267 0.6415098105180406
3.1455591752027465 2.7662755198852014 1.5627217836561815
1.8010716062436831 5.477167349800855 2.1994294335578632
1.4585306110837701 4.688963842353913 0.9598561526004386
3.045821756170162 3.4585041951975732 1.9954407707442439
4.662328415556743 3.2058339309961648 1.1235323439225584
3.143279835587429 3.234014196091292 1.5753060293411785
2.9287112528389967 3.0611096919258554 1.2047974799426753
2.7429775576958546 4.809609465754577 0.9688614088294181
2.152331102414868 5.536734321960112 1.5739537303135311
2.5937546606461135 3.8434364202370745 0.5592660628772089
3.313668098164492 4.09851182502756 1.4443634889565518
2.6154616814436604 3.0389701806326883 0.7959785231247899
3.049873120629557 4.862140069983329 1.2534741269652672
4.413373153807597 3.0246693857503306 1.4632043200865412
2.751001779202682 4.201919335463365 2.373996152280859
1.3408275748198684 4.4793270860352035 0.9585992229970928
4.561434579245161 3.6084908451826267 1.6157210573607097
1.3810082397148613 4.250402608128736 1.1615962969068219
3.4611424745716572 4.299740207655755 2.290346273053715
0.8640640983310492 3.648484385296414 0.7786357588290928
1.2008177809075922 4.837079368496469 1.8889776940042413
2.505693577085572 4.214706946866093 2.3195825987906495
1.077929301880984 5.215495342021948 1.070628803338217
2.440680831880245 4.300070918585702 1.7766068117395624
2.5530257010695125 4.075470481057807 1.934667398874266
4.27614184272909 3.6397137614478905 1.8275969960649567
4.032931174896036 2.921639179335475 1.2023736219558363
2.157728451305604 4.856894495482712 1.7155260249616089
1.437038053139722 4.421715990553249 1.2449937143358918
1.2947752448184484 4.845364479953413 1.6857603618704846
2.71370318130139 3.7241278527085715 1.725562718907918
0.33469194204805414 4.60408576078272 1.489750668531639
3.536299176181502 3.7909293517489737 1.9610129121425357
2.6337656014836313 5.4620228225291285 1.2647775000800192
1.2576049434896746 4.604649881402418 1.4094854775678782
2.2295429531865696 3.6230219493283213 1.1201368355629258
2.394831697060892 4.3675493122497775 1.8697150447059885
1.6971670094683569 4.147194477500337 1.9402445093502947
2.809019996363996 3.5809921869346075 1.7810645968322043
2.8648497451816013 3.0814456195586106 2.1908883442775355
1.8685984103174273 4.38942241863402 1.8940091156554257
0.8116274340856446 3.9141393850905435 1.8273129104460943
2.4034510062739756 3.51962144136082 2.4093345765920446
2.3178470310317447 3.7954278012286955 1.6047871436806305
3.199860631556039 4.930004709560823 2.458174345973189
1.5144089325534345 5.256976762396526 1.540423758412752
0.7431710325041708 3.671390055917303 2.375384104949358
1.1991030356871724 4.628455889636793 1.6902887980099695
1.6955836388018133 4.481986379933783 2.5849351980200246
2.576196852840719 5.05006949247482 2.000286442629861
3.0239522877527065 3.5712288636644924 2.342778112096376
3.532854827823722 3.7148957165233067 2.5430780181660535
3.0281177584112093 4.850276281482245 1.8615386152678686
1.891045681749513 4.036053866858772 2.4531269311899573
2.243281575733964 5.121800299583529 2.970785016401011
1.520273137465375 4.6015922516327885 1.3836765145657912
0.9771078643060619 4.120956082035922 1.9700185767199299
1.05302513263537 4.802130909649733 1.3661148782928385
2.611606176001531 4.883747893854888 0.34356170878155456
1.8250100630056312 5.512907966088622 2.2334297515451804
1.369834074406867 4.52569715294106 1.7998885931134676
2.1430899815807862 5.74544954290261 1.5275030084852543
0.9376132382695342 4.9590934558300885 2.357484879835342
0.5782915343720773 4.66910426168015 0.8851226923262752
1.2038013115943675 5.474706908678001 2.1722961916442705
1.7031347117250202 4.095200536782484 3.0739045474751823
2.2707210153089386 3.864367514529482 1.5924743920856317
1.4800058182154452 4.943058908278115 2.328229273271834
1.2371726821535363 4.991758897515308 1.8941606473909984
1.309639659436536 5.560278785737035 2.173613995645728
1.4213148364731607 4.558995781413495 2.346931792836819
0.6550426197738607 6.386769550846397 2.0640558451251647
1.2210428292212636 5.098162365416349 1.8009532766573573
2.6634239026311555 4.174429323552924 2.0345079503320127
0.6146216427972445 5.476976706268752 1.8215296726265207
1.7784494362566146 5.118155935855698 1.5467382608042861
1.3333206597777132 5.901772177225481 3.08124420244772
1.1578168136225235 4.060488710434586 1.9294311440999063
1.5259985470924156 4.587504118337813 2.746747002381921
1.1946443880614477 4.138539599330038 1.8507995423682506
1.7716034697743046 5.113444424427766 2.0292035937476642
1.2311297001813626 5.30660145914242 1.9512064543218879
-2.5900653856272586 4.9145429559770815 2.525501981256599
1.5189293296524238 4.63083131030211 1.9283673885021289
-0.11039209815779505 4.753323098160872 2.190211520592449
0.87262706498891 4.8214173864940175 3.059487865830574
0.8149307764569939 5.180597941995108 2.478253833231461
3.508365838495877 4.270645355895411 2.0933088989344526
-1.2663398955153162 4.140173466546158 2.64059080520651
0.9175504143910297 4.542263193603426 2.302062291355429
-0.24209987418664167 5.05382407264768 2.320685934942003
1.8363677177816875 5.498376272120342 1.8301291959756028
2.531140500182655 4.021038412825387 2.018387138578472
0.432804510267989 4.945878837818358 2.329517881329533
1.343706322402017 5.267829661816621 2.3608306982638263
1.1422538134277895 5.365567903702287 2.010357430555034
-0.018443746606743767 4.618110850165321 2.6362264654195893
-0.0022124371920664056 4.888584859938937 2.582011977578825
-1.8253369376002422 5.768218150741523 2.361388231677816
-0.7512323202783996 5.209663356685663 1.9060186583126484
0.4362147702237964 5.188568843574929 2.1048341595985964
1.6907138762574334 4.854573812903105 2.817790371324658
-0.3625466821236731 5.172388370669875 3.548428205114257
-0.1742595326244966 4.381305118572045 2.7810542333005843
-0.3146405281688324 5.341932505042765 2.8665047406651447
-2.9585119735197862 4.361491872247224 2.5312789148550237
-0.6483166479729247 5.187040067720743 2.312441270380789
0.3404232426100361 5.152604366151415 3.139208383112015
0.16910661731973262 4.669914159845407 2.125538206705679
-0.7294426215524971 4.122158275334326 1.3877090930238192
0.4841102017479316 4.607956818516116 1.8860026163671992
0.019632071391955476 5.378586629586234 1.760613755266851
-0.5280871233771849 4.89380418870465 2.49521238609851
-1.2105022911060923 4.720434160268012 2.6054778958541167
0.6427922560090514 4.025548943095484 3.4818198164058254
-0.5292545667659044 4.789032926251847 2.6428562383472913
-0.25115274636663376 5.344641229655109 3.2919290090553917
2.5733228806366824 4.4145830196848515 2.400026046719961
1.373754971078376 4.779329374057126 2.9085299541687037
1.638146961950256 4.225590642673569 2.335276639212306
1.6795428847810914 5.5287646632114065 2.4944427208647264
0.1597338811397673 5.87444215599587 2.62517147029332
0.3683435448045744 5.070573850976643 2.997842814105042
1.8957798641778152 4.90910231589698 2.604142235225161
-0.32026091647864746 4.326207880050632 1.6483411698464523
-0.05182442823443072 4.49428742369114 1.724709111027245
-0.15188517961403747 5.208184687576073 2.5261966215198526
0.24106708701902704 5.324881235425435 2.378882853743311
1.8696147546601867 4.383746563047606 2.7163587633541324
-1.406082885794925 4.549715854450171 2.810042890047001
-0.009685696448505449 4.9332017775626795 2.4751185030260467
0.250044402712023 4.633983806432349 3.0881362886807473
-0.7156259370130575 4.843748405445828 3.2656502623644346
0.27343115868934476 4.906442820882855 2.989315479550037
-0.33572905032554407 5.109482169361881 2.314905673742573
-1.0786848493562788 4.620287987230469 2.4283088360991596
-2.105725899847209 4.8906018728503495 2.40311015206728
-1.597027596558171 5.108679013980749 2.3779507819321166
-1.0458115892914108 5.757473610458408 3.7595142435747877
-2.0349883388171217 5.410815849600987 3.6289818295622616
-0.03382763510319923 4.357291637845266 2.760448214711149
-0.17783562526150717 6.163419574206556 2.5135803234220777
1.1627456221536892 4.520017201483833 2.010744435563005
-0.019204523830789248 4.620007000084026 2.8302889644124805
-1.028591574534401 4.409038787574936 2.588163128292544
-1.0543203728541477 5.820442265536597 2.6166265304307084
-1.095339775259456 4.883245102633896 3.3725988394442776
-1.6931118961931682 5.205976135657491 2.5904256483954304
-2.7743609917292154 3.67386325011374 2.4572255556133005
-1.442536163110436 4.732542875588834 1.889048125899687
0.0813323186877947 4.986431709632546 2.7223594377948213
-2.2377938766652035 4.3805652242657045 2.621492008310528
-0.3665177296837781 4.93843964588693 3.120379887104623
-1.5156666692858343 4.863703546138983 3.270771335000253
-1.903947137587158 4.777314773819823 2.554772482137225
-0.27720635243414515 4.840185973934779 3.276106765309302
-1.2673244138097584 4.535108078407896 2.610761853169509
-0.6168843394479439 4.143811665027968 2.7487391121646914
-2.0540785695754136 3.7561757266470592 3.145016472692702
-0.8081345271279833 5.218276738683253 3.3765072269694487
-1.5333139766329047 4.1055356024671354 3.2071466176088625
-1.981317871006558 4.186576673191263 3.147737007780415
-1.1791108664240606 4.7378408742551334 2.6462808358760483
0.4409855508631862 5.221549244322518 3.8583199732586175
-1.1050793593444679 3.9091640378490737 2.940128064089413
-1.0219287170170877 5.063967120422082 2.604693203161337
-1.081921245245099 4.608739530849806 3.283918525275286
-3.829516613629646 4.165075165634413 3.5231011422232004
-1.1369465461046206 5.132516617870357 3.4994309298683737
-3.5776842803158635 3.2001929472326336 3.4664055922250507
-0.7815437500293515 4.835110267693011 4.50642413122435
-3.3769300917020795 4.221868768528075 2.651630626760225
-2.847615996825403 4.882984312566686 3.606334034004777
-3.053738383319702 5.122100739385225 2.5799829784054853
-1.3026675077901881 4.43608396785654 3.4626724249694942
-1.8245821387476238 3.8147448065143474 3.0603785165466504
-2.424090667522785 4.832232049496073 2.776227658516327
-1.3820469147909968 5.783071133123357 2.637765895172487
-2.836455626392767 3.8502288257915707 2.704376749299353
-2.2995417013802224 4.61182996416521 4.5791500081845395
-2.965913277771465 4.782171239884432 3.282068773817762
-1.3362256197498799 4.569834925890493 3.463226302956891
-2.415499070818307 3.4615695761502234 2.758368212833349
-2.1815524129590202 4.621992948714196 3.4684639659891623
-2.249101391310848 4.522438721057807 1.8525135171202145
-3.8239176065241174 3.309899560919198 4.086738359283256
-2.511872774517026 4.151937830159787 2.8335687621639623
-2.3223930682790064 4.7362765084861245 2.6302275330699207
-4.26761496536305 3.7669720523799217 3.331795620630617
-2.341338281262982 4.112464799104321 3.4637527766615843
-0.47598510361326685 3.5652985760814873 3.8568801217886897
-3.8211886727045137 2.8595664826714575 4.064491097023629
-4.286899022565031 3.3370744058979924 3.471153651920467
-1.7416873389811396 3.9996653529255255 3.7597538725685835
-2.592804252084457 2.472959334318137 3.804737485867213
-2.352327818110215 3.721038113000717 3.3539746244827313
-1.969660045000313 4.40042217259598 3.6078949897602306
-2.9344512995964 3.76024996705487 3.248920411472147
-1.8893223425912269 4.335618228906717 3.6797804438580832
-1.8341152270074568 4.5287079454831405 4.023913613115933
-1.2739544169520736 3.780653851549322 3.4750925703899336
-2.8983924679379642 4.305219924106733 3.2117610851810916
-2.227761532100513 4.221552912360411 3.462533175890871
-2.9073529908727527 4.7703259260014566 4.092413602739878
-1.1019246166772214 4.371027866019669 3.289144613456249
-3.1642798811530097 5.380006077332683 2.978510892433456
-2.799567735853042 2.855758444066729 3.654521105296817
-3.2353695782201237 3.5614718161026504 3.5547542333807294
-3.3033488296652704 3.6746053293767944 4.384766182024526
-2.2108753558963423 4.802898832036467 3.288895343056191
-3.7168326919124492 5.251501053146583 3.3981592505966955
-2.7313931255990713 4.345772705029984 3.378424823879608
-1.8831922311710918 3.905565033554494 3.0985905717270046
-2.781195443663005 3.5628431469241733 3.0445593070070145
-2.393066221192748 4.940922631307001 3.086165425503383
-4.219973834586862 2.966213212841602 3.8372578771716004
-2.606983464084911 2.5346086323683035 3.1672322024648025
-2.633652070056142 4.615828779008901 3.0557908800510636
-3.2822942399562542 3.598888313166337 3.1390996881372906
-3.274155558038963 4.076763086263498 3.284869577480187
-3.8320091013740365 3.181829525596703 3.766724767214481
-3.086212668904242 3.3189963571138548 3.6063908059559067
-3.5159755642899553 3.4835993021371423 2.98623205540027
-1.4916057170470403 4.417988885067753 2.826260698713128
-3.265732684643125 3.3208549459292582 3.913241303687786
-2.4587051370135113 3.8589877791259957 4.250260522730464
-1.9781403122439911 4.059224248540703 4.094748960054886
-3.063473750522421 4.9221367354748855 3.920414234329392
-3.0648207467218818 4.339338298135972 3.5661359936477277
-4.009814435093278 4.284722067154633 3.875768558451065
-3.11195353272876 4.5048034538577255 2.7225687147808815
-2.3393577992805143 3.8369540156031445 3.9284726391694003
-4.144771318382767 3.687297671085648 3.046660172298817
-2.6591993467302992 4.352097852082616 3.975141167406835
-2.604877406422038 3.6333690156826974 3.453204757249649
-2.7268083652344073 5.331933134696592 4.016564373621312
-3.759902834662532 3.345238758266163 3.637111038771976
-4.15974515847265 2.304851172948732 3.059585887455951
-3.3229385729918257 3.41974850953046 3.6742440165841868
-3.841462895585702 3.4750111718392795 3.8992065050266675
-2.9673041730890857 3.546378824558527 4.103357466060107
-2.7180773639507794 3.0574896989244045 3.3365890830522305
-3.0116221114646335 3.363647535190504 3.494467059103129
-4.404209275944897 3.614943633892999 4.146985590001964
-4.257269877276236 3.2714172153515086 3.2862940860903906
-3.9395961518138605 2.8758139827687983 4.3359980312590825
-3.594425992455566 4.166384570097316 3.634452787184404
-3.8176683553063198 3.0613963708891014 4.843633417577546
-3.469536308129856 3.1427960884580006 4.1810809176447234
-3.384877562078679 3.558261578424472 3.925935778510832
-4.033170037657027 3.2272422421271645 3.4367375551513195
-4.231362986476835 2.80939459247715 3.4859456752805498
-2.4046827584002295 3.5271125755695762 3.0771692114388287
-3.947829197071013 3.4151288487210443 3.5044194408121454
-3.845290237320337 4.023222004935953 3.8882703553860836
-2.704162181358474 3.717590709499153 3.998781697112773
-2.881643452919637 4.011575051529637 3.2898339656243403
-3.4394543787983007 3.5615144307433906 4.195585345873348
-3.2473449521363893 3.024493943581661 3.514066706306418
-2.8182493674279647 3.840651798995574 4.0932009676629235
-2.7210981240857044 3.9653478718648887 3.3632487926121555
-3.0893657974548683 3.609763274375037 4.119929287971004
-4.574595888457757 2.6110718790649 4.065933235136871
-4.235976521051841 1.6546753031966264 4.982963649976116
-2.85767928511428 4.0568880893990595 3.6267037187407976
-3.8996675495741444 2.8352635507457404 4.484092523824245
-4.819742495739199 2.018034306143229 4.944656563833944
-4.06878704050274 3.335281008429795 4.8246579309113375
-3.77393871182201 2.5908666783589696 3.7344893347953714
-4.45258317432273 2.4153920804608062 3.734883088746351
-4.2164258130940295 4.028803677197743 4.220469560458973
-3.321413137733819 3.207333191624165 3.633102641231322
-4.012345175913212 2.950151258569133 3.931613708277771
-5.329521302457134 0.3711852740632107 4.442071102123197
-3.979258918573351 2.438970468656009 3.9372270676946766
-5.291496267791684 1.7820071932915125 4.512614522742355
-4.408320880216021 3.1059301251414486 3.4537221309462907
-3.8671073210360114 3.7588731036523737 3.605639096625421
-4.6665252060616815 2.3636875575095906 4.910855025179381
-4.437284336451561 1.7416398451575608 3.9487137919928577
-3.3530012317953513 3.2330285219080053 4.218207637827936
-4.268512122937569 3.826631238987062 4.5165130145559464
-5.757733099465965 1.7907591984535765 4.114336665034686
-4.323384184444987 2.022555330243335 4.4754884696322295
-5.001138511040884 1.281183912402637 4.0674174239512135
-3.7062692968049435 3.413340546052731 4.411389722838918
-4.527555123682834 3.2460155565575133 3.3553889405579103
-4.473451715550448 2.8375612907480496 4.56518316946046
-4.6999568419874675 2.56960635735359 4.296099154310258
-4.860220972779663 1.1592511414387432 4.041219650406417
-4.948174327894031 0.5350858894387314 3.981211343870192
-2.7479807809122097 3.998382531460086 4.370411258672591
-5.140176266214741 1.086577958446202 4.318795503011433
-4.629056664502116 2.0084675228717788 3.9030044689128127
-4.0593010301406585 2.501947828313064 4.016792141499657
-4.737596282356347 2.8755530522808366 4.365688608347684
-4.386426823673862 3.1046980425672186 4.127551044847623
-5.544332664728156 1.9419317209933147 5.635510517553677
-4.812255626275328 2.2995288182308595 5.159781784700439
-4.862808067870761 1.6373062863989625 4.747265321937661
-5.560452842339113 1.4279898687781554 4.685922743487731
-4.6458691044773275 0.6979919471356704 4.102429321769796
-4.306945633349109 3.033622560871828 3.9926992394683576
-6.484047040556779 1.187805787290423 4.402739545823891
-4.949790930855834 2.299117918438796 4.220825151601037
-4.752498686590044 2.4269745613674867 3.917195012641427
-4.989815972835495 2.075958655843173 4.46578299942954
-3.979155576350596 1.5727054427222857 4.56862259143956
-4.507067476404798 1.851745578363936 4.595698268031169
-4.728388545829415 1.4370164468691364 3.5397769299286987
-4.048460392178702 1.9283137240896413 4.591346005248782
-3.0783821252849743 3.7960615097193164 4.596428760013292
-5.17194734862849 -0.8291442748753097 4.772118752347042
-4.78697323094041 2.5652307119521933 4.42326707279018
-4.577409832057565 2.2197319363997323 3.4574700394276987
-4.792322689527592 0.8336847413072377 4.825815038831551
-4.2423507395043005 1.900289955109588 4.42418215059317
-4.548332827307043 0.681023746094787 4.630766142340156
-5.140479044374271 0.48750191236198037 4.643643083097102
-4.100130923231975 2.0385871785985903 4.127574353804872
-4.176855806976629 1.1732832127529353 4.653636968186664
-4.646476457348839 0.6396250112248475 5.125928765895078
-4.4500870694158765 1.8346462760586457 5.906381053155392
-3.842624798286318 2.4577119789349506 5.301752194908146
-4.094629872242588 0.6225369601419589 4.2053883671282986
-5.319289903529907 0.46688342558615487 4.284842223637106
-5.065556111612977 0.33241446508954214 4.578766167971761
-4.4347195707364655 0.814264021195608 3.689898199655225
-4.829332548993049 2.061247447572355 4.320961364661671
-4.530023149927824 0.16286276532807958 4.748600333546357
-5.083199448295953 2.4073902816066965 5.761635317511311
-5.192797103729943 0.4887629590090908 5.613749023519573
-4.262369681146472 0.4195178604480128 4.783041282996683
-4.508519640020955 1.3017108468672367 5.1432980269743185
-3.9836953742205914 1.642094300026817 4.647103877274581
-4.730260206783139 0.4245191307684226 5.192392088970285
-3.934773868738498 2.334440198207339 4.708452904719658
-4.2626083356273785 0.7021750454530665 4.269002758366891
-5.410311203570813 1.1814515611968264 5.129720904467156
-4.104359769978794 -0.10524642089617867 3.9939551356626044
-5.294684794533223 1.1003045204604607 3.844831550119403
-4.744461111973129 -0.3618287120464698 4.843543756751797
-4.900796133701712 0.44014784924931627 4.027830634371987
-4.559780171185723 0.5189360475237628 4.301516859297115
-5.949259476395044 -1.622262595328295 4.627645252531519
-4.375978012567492 0.6942091388134631 4.460708448749281
-4.556843953120646 1.740500903209274 3.4231176167457145
-5.471465743649432 0.5315239741059878 5.5892089622714485
-4.718998815963369 -0.574012215680039 5.768698980770121
-5.024984745445852 -1.5766705552493097 4.638814362354654
-5.58098033603492 -0.3504668301275971 4.539505025864218
-4.5474131752773586 1.2815186610287832 4.68524185723588
-5.096908962655753 -0.8172658779106571 4.946522224081717
-5.035907877743905 -0.14040172458004033 5.072609355370593
-5.112368652774663 0.27628148618095577 5.968628521661014
-4.649644058120613 0.4777510947015232 5.010758826530471
-4.6429287205578325 0.9184029260083552 5.5712793120683965
-4.694526556497957 -1.9723839302118245 4.8831778659528675
-4.315011919586835 -0.23895741711447713 5.386378736872705
-5.731349912829059 0.6354728136310914 5.14860032428542
-5.483656801604022 0.4258862866699308 5.088905457231126
-5.4073322450860655 -0.38519977745852346 4.982408085778125
-4.262592086737668 0.5462173943329716 4.733495402808127
-4.981930870407264 1.6392453673309977 6.151407753102549
-3.981395006262789 -0.012119065562691293 4.473836784305538
-5.175494924688846 -0.4942855987488297 5.544875157553767
-4.970021870435173 0.8631961564141105 5.23155306922389
-4.995105954995816 -1.2697091521097745 5.130534727996414
-5.578754394698615 -0.04586763273213487 4.604698149274599
-5.25726687204887 0.23683936116964335 5.603007969244347
-4.45049314293009 -1.011342057516127 4.743409443161366
-6.153407889982804 -0.386669843502179 5.055697485997016
-4.47230130382465 0.33560031285740316 4.956546606601883
-4.759765475309568 0.03084885113206798 5.295636969077228
-4.630663119017569 2.128325552326872 5.01741576644342
-5.5124039888778595 -1.155933602214365 5.12459803955065
-5.3988588627559135 0.17790945234686156 4.786441154363138
-5.3578744310995665 0.6174214941955145 4.570560731324424
-4.820836729592134 -0.4668007560095267 4.50032636754675
-5.16416781726723 0.40211328541333563 4.5995328281417525
-5.056699170080528 -1.192829880950224 4.076171123011949
-4.459749655922499 -2.1274603590397128 5.0895896983339375
-4.082037652790721 -1.4496840214778868 5.155900423250961
-4.081520909638776 -0.06566999221570462 5.463945854065251
-5.281129932099071 -0.8626765875846863 5.35285289297597
-5.578759430406356 -0.3982792292151273 5.1888736547100205
-5.258790367424186 -1.819061958548251 5.166536506133714
-4.790531973798069 -0.648014527252965 5.344908185605204
-4.173109688623625 -0.9486875458251217 4.651167223110537
-5.047368884733644 -3.003474833641485 5.356049491201618
-4.712358125125586 -0.9370894824437883 4.81708866048133
-4.703207679185213 -2.001570908988395 7.029645444887551
-5.274473838182031 -0.7164902853166515 5.875226017537494
-4.067585645756088 -1.8628672152572348 5.413013352813733
-4.745688771971042 -0.02053497043020965 4.310763681985755
-4.3209465377706335 -0.6925298819011028 5.288569647388394
-4.628065494954872 -2.69723001064124 5.2873340357097005
-3.8174953789032333 -0.8481272377926574 5.7999121804880645
-6.253684568244048 -0.8667174294064871 4.861069101381418
-4.235211015452089 -1.740395622984148 4.668933186044572
-4.942996146302132 0.20514500012903308 4.96442677225796
-4.955602185923075 -1.4106855048537084 5.324851893751513
-4.761742729122942 -2.136790197110503 6.832493927411456
-4.153219074091608 -0.8627968062111889 5.664157715041704
-5.809959624605688 -0.9695996099701495 4.927177764344334
-4.348270443567746 -1.7699592065253995 5.458027759664445
-5.36658912012288 0.08022271575901596 5.332819147003004
-4.086823588890089 0.5102695140293645 5.296569605557595
-3.9932428263423723 -3.0240603439151963 4.939277336340649
-3.9582749553093572 -1.558187026204724 5.922530872580878
-4.1784984047999165 -1.0484816679864255 6.486129874128748
-4.403591907085519 -3.0125473628165276 5.128081741074019
-4.726092151362804 -3.2860301327479218 4.695690246521532
-4.620895084937387 -2.250145852348713 5.369596407282288
-4.832357956981418 -3.009652738275906 5.56887763436678
-5.540415030153367 -1.7544103163814544 5.904576133426544
-4.714628887560899 -2.7953453622556177 4.857652976062325
-5.074126623490001 -2.7864329867222914 6.1591207361654
-3.8914823616096954 -0.8157566664639093 6.125488642112685
-4.829290686370451 -1.5379986612179644 5.754958205609426
-4.095002415076737 -2.8251670433825327 5.343895370056948
-3.306712135455747 -1.6559653517316861 6.175487898651049
-3.9882983780501897 -2.7899309820783165 5.343876991159655
-4.120475636640678 -2.1096425611895766 5.7438555813453265
-4.3885084013035724 -1.3458352433338363 5.367527187734467
-5.369428010521127 -1.8045921594259153 6.344814352162757
-4.610294060043892 -0.7508987067184817 5.335091683347604
-4.808614158543215 -1.140089818244935 5.866372006183579
-4.761759305344961 -1.7539067399471797 5.7541254655162515
-5.086417179109751 -1.7278717286578493 5.9451418694265525
-4.313705201799904 -1.5586993953940065 5.364600358168556
-3.2298212561191355 -2.647941653921023 5.847401766254017
-4.839190903274727 -2.2962488677222885 5.473232326060375
-4.524689459792374 -1.666976858315444 5.368944891126969
-3.5023271663511557 -2.8229264880276332 5.597225073669712
-4.27713930279017 -2.7862501183779402 5.525421503369512
-4.401737703182414 -2.700121930322246 5.526678551555606
-3.1116607334279545 -3.270927365711134 4.809946217211311
-4.7412734381053925 -1.5546180693756568 6.153346662470847
-4.827674787766452 -2.4379436029976636 5.8622429708221
-4.833129226398391 -2.764928127121234 5.489580601164624
-4.1051833169177065 -2.3991161014730378 6.122027029462091
-4.240920595613711 -2.8145738057498892 5.431470873781349
-4.8255122240772375 -1.1689057481248653 5.964191963195289
-3.395432070217845 -3.5741832097126194 5.777568422067449
-4.19533170592179 -0.03795494019308681 6.403871509654132
-4.217457992706506 -2.4721285679881837 5.018865111089191
-4.582858350221445 -0.8985224831866583 5.9038032394413955
-5.320929719145104 -2.444858559305623 5.215968082363742
-4.421356198994002 -1.413934272217647 5.983829655812094
-2.7094653718058264 -2.1437070663680085 6.529535849124969
-4.754161840930454 -2.5618068501144915 6.485062889021545
-4.29662094338336 -2.4700126052210702 5.642061216690874
-4.505997831911574 -3.2841102076527986 5.9374223804887105
-3.5000789358305737 -2.30922074743738 6.178119579389678
-4.5089038401294355 -3.138992738809731 5.544942127586076
-5.293919208581646 -2.7251874971249537 5.955423817203882
-3.38974899904567 -3.677826877002032 5.594441961578374
-4.594383650463958 -1.400326576428726 6.478789947983028
-3.567458192929169 -1.7718280862271634 6.8237974389102884
-4.6451232300586085 -2.2846397400795992 5.592072810583526
-2.872247802537072 -2.568535012651294 5.373375077720685
-4.121920323825667 -2.5256820063402134 6.341016251418597
-4.389820992011988 -1.7604672188564798 5.4112225612841405
-4.161489373199776 -3.8926610951612965 6.971532735199013
-2.908394864816665 -2.957838705182126 5.79669339510281
-4.133191398568115 -1.7957690023151454 6.886125346677424
-3.5805179422842768 -2.75065126733574 7.131606739402141
-2.7248843814861585 -3.7191044107895035 7.304949636205587
-4.367972714431746 -2.569964193482817 6.171314895128193
-4.519283549914065 -2.8950671526778367 4.502902531662196
-2.9350901348041023 -2.5601848602801636 6.037600418213588
-2.735217913637064 -4.682469099485735 6.399013501282101
-3.3458342336202156 -2.846200997897634 6.044483561311268
-2.6129191068241746 -4.227713972555577 6.040556205859356
-2.887716822901619 -3.558283045935944 6.658833122509178
-3.6868509551287905 -4.016084067582016 5.435183425116162
-3.686923525436404 -3.67043724206113 6.530073697545893
-3.5648999882226784 -3.9386871578865814 5.780221564024253
-4.990128333669902 -2.1308184704145527 6.2542772473211565
-3.2931370676739675 -3.5638731283447425 6.344745210291354
-2.6461473253271364 -2.875566950966711 5.883764345107226
-3.7602893126501145 -2.0699877275577845 5.514568430869087
-3.3221093854508412 -3.96750715141932 5.923848163206173
-3.212686607584632 -3.6439971883598883 6.584689190936198
-3.1862551379981765 -3.383499198075926 6.68469941270157
-4.039081750814395 -2.8620641450601356 6.281778658698358
-3.5467237948670096 -3.4184098594725274 5.891693836360681
-3.5774572746089373 -2.717077754522072 5.244462406373105
-5.0116708050180705 -2.5693525007551417 6.233439813141103
-3.617472160912474 -3.0445941576145366 5.990137524401966
-3.83120087986818 -4.6175319203787994 7.2114938526117545
-2.855368466504648 -3.4971963324353745 6.355420131648222
-3.249396184059143 -4.233854316459513 6.0465739549582
-2.556751482726507 -4.114043400085913 6.80996734059622
-1.8535261884806498 -3.7427599336374184 5.561964977228463
-3.1731142380602604 -3.5943871004817645 6.184979244643906
-3.4196342405187194 -2.891750075197921 6.505716007158898
-4.20473183365094 -3.1690425291491358 6.902648968361075
-3.6207022620792793 -2.7349069691234664 7.245093090890866
-1.969784730119286 -4.224696851669094 5.512688413456163
-3.286499516639156 -3.748871849436528 6.709404240608017
-2.2451806539186903 -4.467240723747734 6.077814014283596
-2.162140480098587 -5.209775711171818 6.6719120877111715
-3.6530434275500028 -2.8830788573135284 6.1039569206319655
-3.8049835756048633 -4.147800847985336 6.193010438085764
-2.543256856282551 -4.412913461620875 7.676225300232127
-3.667435394618541 -3.409411468447348 6.366094628522254
-3.5483286429568808 -3.3423719625764714 7.072278936056282
-1.6946267910106876 -4.855772672182052 6.485631015700416
-3.4505686183748185 -3.539799157822238 6.732827273798954
-2.975086498337573 -4.589027478861742 5.961973540307632
-2.4283471870820916 -3.446985676508843 6.84078762789025
-3.7049344499976553 -4.548156717873602 6.544682265017092
-3.3779974013333214 -4.368284872266101 6.82419982637183
-3.779744081021405 -3.085358061146425 6.764385818454314
-3.232503253578386 -3.543536330432591 6.82339549525405
-1.0842176148125033 -4.247394377045226 5.99004409898523
-2.613621251593949 -3.5341115492266533 6.6720593865657145
-3.7985714535506414 -3.692753542595664 5.703524860086265
-2.669052989753347 -4.2118420325039025 6.426754748416937
-3.532260434619007 -4.477268463868281 7.801565622338574
-3.360155602956683 -4.855477341635359 5.858237747781507
-1.860407965142875 -4.566036945645832 6.404204943790239
-3.06547185952838 -3.6129246640840753 6.168488410198395
-1.9302636626797394 -4.313058547269422 6.574456885963466
-1.265170324153888 -6.159803386590639 6.8360033919051855
-3.731220166225022 -3.60161510634202 7.113718152012975
-1.745869350224536 -4.184745102193241 6.87089279383403
-2.511609939307409 -5.019050349552358 6.6999678284238575
-2.796399272719992 -4.048093233646324 7.691751299598932
-2.5006092195076604 -5.432795644296197 6.484221533964782
-2.8977725946743584 -4.088350260448231 6.972205938526029
-3.658493895604583 -4.3850708606502335 6.159914932620677
-1.9783573014503255 -4.11295395488326 7.061471825597027
-1.4640361614834174 -4.7700287136944395 6.804404247363221
-0.6584188872281215 -4.792587400926794 7.388614302736961
-2.4776148220749343 -4.564237490057121 7.272081332304669
-0.9025042100329806 -3.3236866732945054 6.670825311690305
-1.27801408047078 -5.103060374484648 6.6969048072017525
-3.441083020179762 -4.132725255327606 6.532451063171983
-3.7040341980480256 -3.5742527741212107 6.538626390731578
-3.7900073501198865 -4.150030250420556 6.529081959464017
-1.1335956128508957 -5.315389953867131 6.335721739635898
-2.7196933151858333 -5.0125222174546815 7.514004731941534
-0.8724330436039281 -4.764240757649615 6.931729078617275
-1.649115090269242 -4.499973257872937 7.78969296687257
-0.8901140529597468 -5.00706841112509 6.489279912755083
-2.1521679741479134 -4.059585792010748 7.175983719690097
-2.7837886647208863 -4.614917494316571 6.9703909384601825
-2.8794424016043982 -4.296573272697866 7.543847192041963
-0.8830742607780308 -4.4451032548235245 5.736663882909405
-0.7174747779302206 -4.14683184777958 6.341503420737951
-2.6462979127719266 -4.6120253493583 6.715977373525051
-1.9029953147368401 -5.182405494094748 7.108161059153141
-0.5647435668130735 -4.853147962014395 7.774794091741863
-1.6055045015322882 -4.559027578576852 6.48905163754375
-1.0069429271382602 -5.056293854573045 7.130015341603134
-3.0372362626765637 -4.327671660088603 7.007242952640429
-3.151284524602164 -5.170180853488938 7.240205504722388
-0.9421028463972222 -5.647371761784936 7.349982094834593
-1.5387993535905589 -4.528740790915776 6.9779740756681266
-0.6732535367484825 -4.008494536962135 7.083698919251744
-2.9388824894434924 -3.914831350426219 6.8321736301425
-1.3151011909658454 -4.872244130565792 7.184129867438054
-1.5958709959688335 -4.938180395747791 7.286391105702774
-2.569425796520783 -4.797975859946246 6.280373932774356
-0.10015280506990631 -5.590412407887966 7.899703659335087
-1.7705939497499523 -4.425642654594319 7.2934131304185295
1.3182538142339721 -4.663307645550782 7.452376898733417
-0.7126638619492279 -4.527034587742069 6.779348719417407
-4.181233727607906 -4.224552758337577 7.525446232632536
-0.24453131160861802 -4.940907838571044 6.688238329793939
-0.5266888313654081 -4.6306949966046504 7.117476077257683
-1.110539307977333 -4.566486898152733 6.889063447595162
-1.5813485803326293 -5.141100068428246 6.938862800530296
-1.0621736496693965 -4.692511344618754 6.849955606372033
-0.40745554291837754 -5.306912473990643 7.2062587618691145
-1.1111966446634007 -5.106327616776819 7.1188930408216144
-2.1526746366100684 -4.579444227593425 6.926079240904174
-0.5252793864647285 -4.66953757009975 7.1285709539914075
-0.3495852553721079 -3.5178862717088406 7.2517558852705255
-2.0520662813588317 -3.994153330680395 7.381517995490397
-2.843207399101818 -4.502997082474503 7.616798082569266
-0.6261806555128698 -5.0745832479993584 7.118367697006918
-2.0716240426676853 -4.265552537454482 6.6112002520889686
-0.18096252547369981 -4.266804650987787 8.02498792716934
-0.45126515898782465 -4.514069604001149 7.78951840739824
-0.4137575358302208 -4.472912967990534 6.669037078783718
-0.989953505447382 -5.68170911031572 7.0331943595699995
-0.7156369493778492 -4.8196880025895 7.567639928544758
0.05620783663907289 -5.037950708199655 6.794912395152199
-1.6733267438410682 -5.375392184891989 7.1849238131941675
-0.5408229993118184 -5.098409600519065 7.449420971508957
0.6451936638886935 -3.6922148163299746 7.610665521890636
-0.7353035969716631 -4.901950222330418 7.317470632496459
-1.177301793338559 -4.937389857821627 7.177359954613734
-0.4247014165930611 -4.7966863852898705 7.2800359791179154
0.7565198440701867 -5.0463720569117525 7.0913377164668665
-0.6366865433591582 -5.087117827442467 7.8102913774566805
0.3984357859572725 -5.459571441591886 7.170902264891707
-0.6668050819821255 -5.311880494406279 7.103499980837127
-0.3008988838258226 -4.488836495244392 7.163909990450745
-0.7064963271876713 -4.750189820003594 7.373889916520938
-1.4795534484819701 -5.1276359229614865 7.305216165650327
-1.5360525063529737 -4.743517326807468 6.874018166874805
-0.6188708683256618 -5.509936609430978 7.652011599232001
1.1047837533046627 -4.554474370677018 7.505063177846646
0.5864182719375673 -4.700358187089283 8.00785031874906
-0.5600904005807403 -5.463059898669918 8.070763778056033
1.8623597163726593 -4.162267675752047 8.273894426416609
0.18094433018112058 -6.117858416515175 7.814240164716632
0.1032697169794129 -3.851610732493534 7.251541275553457
0.3637080764810349 -5.458988517313844 7.213353814440366
0.31250538938433586 -5.86081828736421 7.284970379134589
2.0276259842349136 -3.740097827587553 6.679548799837609
-0.10228280232877493 -4.422352117594985 8.24004110565479
0.3833196687210569 -5.301871439888647 7.719418932147572
0.491816078424617 -4.488763956496324 7.524279413994753
-1.7699308010826407 -4.399810158881909 6.938327201483496
0.3701617568509112 -4.62212024137661 7.260313124702586
0.5982052351151853 -4.974502819443349 8.06523956755292
2.911473306570161 -4.8517612344255046 6.980098248171281
-1.5158306399273502 -4.906725969061932 7.566974989280569
-0.24074841985895948 -4.3298070754482385 7.458534562415997
0.941267794746519 -4.957008985122675 7.374278918749101
0.4060336754815449 -4.46861205105351 7.866096085790606
0.9922880313649496 -5.412864020626201 7.725970883674893
1.215168301475272 -4.987816487494177 7.351128776047913
1.534756893177405 -5.071991973408691 8.28182096430949
0.32795229640856616 -5.46547436785214 7.349311489024836
-1.3409294809169927 -5.24624861969327 7.768348196380816
2.651210401317679 -5.209540662814176 8.006901386687762
0.0552332090528625 -4.989078625197334 7.510004850470995
1.0868903371309657 -5.0184775729596325 6.802591589024485
0.9847448030744623 -5.249163030251227 7.932871149378021
2.1544389128485824 -5.704510412894176 7.4771416652545195
1.51825253145242 -4.834095538100699 7.141161214395613
0.854399630401315 -3.863691254819493 7.3346289625838255
1.696960489648582 -5.096880063153118 7.737628584728607
1.3937180792687651 -4.70031521205459 8.612651884583078
-0.5009098623707348 -4.807215170969546 8.465293699336817
1.7573462410702945 -4.369095933868316 8.387007017044354
0.09754346748683417 -6.033004429521356 7.663921897469637
0.4197233684634712 -5.461674748897418 7.900943310498023
0.06906477924784866 -4.906828943624234 7.695821829194446
0.5672197626024301 -4.535655030453467 8.65316618667156
2.9762632203840838 -3.8774157363576984 7.760731562892979
0.6474829653218258 -5.166095199967619 7.903550083785744
1.6181992686354656 -3.9259743610151254 8.953021532446627
2.1089607897775933 -4.672366098237996 7.654136414168803
-0.5122694098540584 -4.553792907163314 6.899539106187701
0.6086212626231067 -4.602125932272974 7.565045245405179
1.6313402862825974 -4.454304094693112 8.29418643698883
1.4657922789184041 -5.715843484463961 8.907155574525042
1.6618687929975606 -4.209296658568796 7.683897240743506
1.578427281568989 -5.4036510054708025 8.565058196985701
1.5623547589661217 -4.0024339600076475 7.427583759321247
1.1504477810138567 -4.982635579037632 8.775307387172184
2.477298214731616 -4.624365317789352 7.700992744965479
2.329574953880274 -3.4310629340984464 7.458339280118372
1.9412548149266757 -4.552701969959749 7.393224503052905
2.4979231480805546 -3.948025398368921 8.30694037442498
0.15849473268049472 -4.640013816162992 6.806972023917583
1.9705029969067192 -4.444110149901366 8.902748335303126
2.137765766748928 -3.9951725158374622 8.537525299371362
0.9534882676074417 -5.057112959213965 8.065422675577471
2.3119666382890123 -4.534268590593887 8.23415773651771
1.7356049314428266 -5.562597511520479 8.343446132675572
1.2850200933021367 -5.061927919726999 8.250402251195984
2.256808431168391 -4.770228341990657 8.467286898962145
1.228669590001934 -4.237925779286851 8.61558395842603
-0.11533403080866078 -4.980897704436039 7.760515147696312
3.3996473857233855 -3.268886985513029 8.114177125167132
3.5396530647558695 -4.293689000590382 7.80820637068375
3.365712320171916 -4.434565928729401 8.48879046694014
2.85944411107729 -4.562150329665353 7.965648974952511
2.660047296228161 -4.2161832677625295 8.203462547510874
1.558496645316536 -4.178507906646266 8.033970689997373
1.3663497334734385 -5.6513084559466025 8.025889682987888
2.9970427615671023 -4.968580955174004 8.621644527474475
1.1668434687964362 -5.480501882708383 7.531038586915063
2.219564985357496 -4.423546887270839 8.63491844093725
0.7494020989790462 -4.7921033787251766 7.4783890518703915
1.978579994110324 -3.921286507800076 8.614867232644277
1.7491655182703143 -4.837089314658525 8.01635548596751
1.621949575189443 -4.2369513112075134 7.983144800551545
1.0608036153915648 -4.928713768576438 8.015974092570469
2.14280570774971 -3.5558796631188545 8.128668482630133
2.3348070301021577 -4.943329050636322 8.910617070274629
2.1695036727996313 -4.9146926052701305 7.708821759903741
2.389532889083194 -4.832504494905831 8.167179888081264
2.164186341690395 -6.472948043540365 8.071537283077541
3.073966863727808 -4.310008048202148 8.514182870846822
2.6112232139794656 -4.484280833704213 8.066568224310087
3.9777201050844364 -3.585741238124209 8.0854035370365
3.6584392969511224 -2.74144449165127 8.141478621615352
3.9030497968923172 -3.1910720222148092 7.97866173863583
2.627378687999514 -4.298889144749 7.768064200145577
3.209550571675628 -4.438015800377591 7.031839388893626
3.460517004103727 -3.6906070948162575 7.767016126565919
1.5728685773026105 -5.278805436483385 9.298866977144215
2.1954584035341997 -3.75167565329282 9.17168093654928
2.682312850328813 -3.691780365637269 8.233556803053498
2.549051997491094 -4.827664855550888 8.44424411525346
3.384310976676273 -4.391955075585443 8.63490526325474
3.5337755933236696 -3.9226491260168164 9.232885165715352
3.7327380316871173 -3.255058850690435 9.837874905666679
1.9751325353785232 -4.12038800749135 9.327088584309836
2.4017997205365225 -4.416381841122478 8.215827449903118
3.629542664156524 -3.193366074220821 8.108414897593384
3.937726292963586 -4.429315876564927 9.236148132905104
2.223344816213256 -4.175831539993014 8.51844494993955
1.7196514220474248 -4.286989733568905 8.332073055741365
3.6186905901252 -4.9028903299306235 8.245216574821315
3.983109496283034 -3.7144024166272125 8.550951889288402
2.6158859867338973 -4.777628944277291 9.098805870818655
2.2454241742162933 -3.4780793400369867 7.926279471155153
4.082993700314542 -3.368727536757826 8.06284251788475
3.085676290719018 -2.79353070640558 8.451479735425552
1.8928938186102686 -4.546631387987575 8.783184976720277
4.028964163300471 -4.470839446968176 8.742198559504596
2.9068568760639115 -4.083516136002277 7.452372848093024
3.4523419599364056 -3.9616722766331813 8.695931150120494
3.2099049506441104 -4.057848449437466 9.258797997538135
3.0580566767139024 -3.1721848405303517 9.354631602027823
2.47371902466066 -4.116371976106549 10.060165144664994
3.2677012876928977 -4.0880962443370095 8.503482237099554
4.285073295252783 -3.7044029791357933 8.996819634030643
3.3584404710586155 -4.887351703913943 8.449587616576668
2.6954866707869383 -4.439978113027876 9.220659050370465
3.5786415435123926 -3.6421739827250588 7.784260846223331
4.330735770192495 -3.70409928150383 8.917715055716428
3.048427498639794 -2.5498169384053537 8.148462602196934
3.8085195880829215 -4.25533380541118 8.769917275286128
4.081360368734853 -2.5965925663489604 8.53489379055017
2.074622930507201 -3.716620190700754 8.637165167343673
2.3504439994612314 -2.292411607328231 8.790436564449422
3.3831225298133223 -2.9275220015957215 8.423618140421025
2.8200031199585394 -4.119668316011056 8.006391723990653
3.4836504920784037 -4.105991323208119 7.9194470863625055
2.864002966115847 -4.5353514439731795 8.778138153583273
2.6563052678624572 -3.349172282314185 8.804807102961444
3.208724582094961 -3.2961911890329025 9.289072628898849
3.678290190330398 -3.951888960043701 8.610619272119427
3.162548885358382 -4.375075555024654 9.692093711094799
4.483687636847559 -1.6539101251425319 8.78504717338125
4.417233135110127 -1.9900362649013772 9.128020577089927
3.6684427428597273 -3.810759962248857 8.663063854273044
3.778620993910885 -3.219897295069218 9.483892049016376
3.618817711866148 -4.052743661537757 9.05662465673265
3.5319276996078215 -3.8298259569085076 7.973223287210901
3.6157009789237775 -2.902417496617867 8.912056889699846
3.573835606793646 -3.16894817735389 8.423912001768668
1.858528823073598 -3.85015964338482 9.996727090048454
1.9765012324530333 -4.18513627897177 8.195731522357766
4.9829859598170625 -2.2617968076677264 9.598012590480408
4.317259418553665 -2.3391943457728064 8.62271503027422
2.9690096601736835 -2.7709215353847143 8.772492443428453
3.2679852684528576 -3.3467823460680446 9.80952814787364
3.1496422631513004 -2.997824376644228 8.860848544003044
4.170854146721495 -1.3754096039588275 9.26086634084117
4.396394273764926 -2.2610338278897464 8.527628087838561
3.9638950383400675 -2.5548961228803924 9.536754122989892
4.080242325509664 -2.175130450141569 9.626875394948742
4.455993204525085 -1.1170058289727238 9.083683759946961
4.964468781534679 -2.737532165048268 9.19624399480686
5.510803817118197 -1.1517301389964794 9.173318318527294
4.746609065372947 -1.502719318605907 8.989967854308793
4.060864970433726 -1.8362573911253313 8.924691451554146
3.7316061691102034 -2.177881654249193 8.744905606636268
4.825563461857044 -2.5535174282410478 8.762238146399222
4.052870335423623 -2.0836042811554587 9.505368665182433
5.502867973724996 -1.8062439724007262 8.867453028050173
5.183038378737206 -1.7467485978086288 9.030511159293438
3.6341300724346146 -2.4430380254045905 8.58464389819767
4.883673457774842 -2.157957457364357 8.265428818735122
4.4158544740347 -2.92167262751497 9.899043827529143
4.550890716373461 -2.1448276406955538 8.667484432082526
3.123510525933311 -3.3754074124355213 8.809643574451899
4.575123931247347 -2.5635628811872495 8.787757078837648
3.973535307732019 -2.8427467461281 9.104715277523068
4.714183932915517 -2.3680060459460432 9.817323054080987
5.236898506758724 -1.7234578481411023 9.35355417549887
4.286365435296245 -1.3989796051000682 9.507964338762728
3.9080835946949373 -3.3935537958312616 8.455023013047306
4.657828423026058 -1.838360989670214 9.038766560165396
4.43452362226155 -2.3922819252043857 9.74083769255204
3.9896615687735286 -3.0099069306301542 9.434585505779971
4.375673680598523 -3.3078861200352554 9.200097848571303
3.877491298317256 -2.119289655325267 9.623199273290473
3.846605591727558 -3.4960837019883617 10.136954361257152
4.199599621135908 -1.6253802619918933 9.464052299286692
5.2802476816252835 -1.4339945722696563 9.16455752133093
5.116757309940249 -3.175068681213566 9.84970040712688
5.125617038622012 -2.155174740082954 9.216455956277043
4.099115838489322 -1.7357973667499023 9.627983389682415
4.403414258644478 -1.4546005646740703 9.630365443478706
4.078079028969375 -2.1594003178791974 9.100930882631179
4.734179406994368 -1.0000276253064633 8.596836112442471
4.582214636312404 -2.430822341760935 9.442695420847807
4.466842671155402 -1.0806164596351824 8.829960654082937
4.426112786862206 -4.011399340076918 9.388076976938029
4.1988387595946275 -0.8352660131242933 9.598112105749136
4.072701211088865 -2.4491162012928367 9.216296134620707
5.819788639605971 -2.3583486867640446 9.630577729892199
4.16797128224977 -2.9176602222108454 8.809502865780743
5.222838371191311 -0.5208919811355475 9.534703796182779
4.98200847937038 -1.4003466262036792 9.654975337216552
5.181167529005962 -1.5255180097490615 9.747219818848453
4.396976241007526 -1.1296804021500833 8.568804552811613
4.742212042476291 -2.5380152229006216 9.729760407167337
4.349130392224728 -2.4623999437150688 9.816514411206251
4.462691297493347 -1.5408181455852095 9.813528892268245
3.9308029515651444 -1.2077087906956774 9.282049893486999
5.259263077406618 -0.9629028131543023 9.6675533502026
5.4610507779499375 -0.5093307131145319 10.035120013864255
5.417646115267022 -0.6626045891756904 8.727779694178048
4.673010482110149 -1.246397953417323 9.594918643681682
4.603341847591618 -1.027555290626147 9.477844783424738
4.846393005105628 -1.398746747964769 10.846849302652688
5.827380320972592 0.7193411200156306 10.11994726224518
5.165279968503541 1.3831304588866087 9.28165547857555
4.6523576374175 -0.769865096168401 9.089579781003286
5.38453718615205 -1.0813494736727858 10.190546461985003
4.081117462883358 -0.6014729384213121 10.4463134781826
4.049668902006984 -1.6944132420967486 9.686189043805472
4.190138118137364 -1.9161357400703687 9.235452772302576
4.892982166843767 -0.37443897487805705 10.070044912993684
5.2582995810722695 -0.7844284825079959 9.699500470977105
4.229435832892788 -1.337345188438466 10.622084988437893
3.3369925133333584 0.6806720289141196 9.27997654888655
4.900234521683797 -0.356003910003814 9.523635995135239
4.630217526531272 -0.6793835072310715 9.287505110045402
5.022893765895429 -1.2560926029887296 10.377700083276626
4.463645955818889 -1.8575635623680116 9.43733835761847
4.0147301715429204 -1.1402145251846196 11.092026610118303
5.5324138683413215 -0.13825084931013606 9.627847630168414
5.034117166066763 -0.29966319531753166 10.22553183473941
5.666399431927456 -1.3326476947570693 9.708995837289523
4.6011271758278305 -1.874619915889692 9.61180199946146
5.101794679094485 -1.154445722796723 10.237123310484574
5.060467369393174 0.7582733353865353 10.003982925207676
5.1438070442257935 -0.004364253624372889 10.287089849494874
5.123661530904986 0.23472910474157427 9.671658922224495
5.347839036019544 -1.1464658284557412 9.871137698892571
4.246980981307674 -0.19909411402596625 10.284536014125157
5.595812025433239 -1.8872040474640037 9.311177018353504
5.667743392788325 0.4334103168113487 9.952709732496787
4.4963787539809585 1.058913832383357 9.43010580515476
5.223039841390653 0.5872855807506135 10.33566642869151
5.0873455219384365 -0.17986471731880732 9.989273524492795
4.328267806294448 -0.5056399588787928 10.496249690624493
5.260181656696454 0.059944601212851986 10.489343962203066
4.71857005642006 -1.4058807505689839 9.883296057970067
4.162834561540832 -0.6599193214261316 10.12128146486735
5.281008923214722 1.0980103421465226 11.104550998411101
4.713388878603869 0.8374724636662615 9.912649340811651
4.69250162088643 0.448195258983266 10.44119196243021
4.875391760122265 -0.5258452441151781 10.00925351895287
4.803090861241515 -0.6574633886275693 10.343910359954043
