5.118984578947793 1.0323598785442116 0.7431072928653305
5.030525218924965 -0.6885289524179657 -0.7883655597226167
4.531270615477956 0.3290096950620387 0.31685410319744556
4.434012191867063 -0.8678162031612343 0.24338771879056648
4.457907570544025 0.3370718150384214 0.4414785876462635
5.651243137518428 0.42635511134703036 -0.512011111195454
4.795659635523464 0.8624600056255852 -0.34943360119818195
4.808087622766485 1.7840704648391077 -0.20765870364229644
5.350104891774957 0.5845479806368065 -0.5021318405980123
4.316988618835553 -1.0526343963930807 -0.11473929760349552
5.923452363722027 -0.18558471902758963 -0.4608651133095396
4.728822123676955 2.1735075070154384 0.37444904878305396
5.106684539330381 -1.2854526780316131 -0.025908406487933133
4.487025814956364 -0.6452529691218138 -0.09309292619509732
3.785455379659848 -0.06779003762641284 0.08318487952303857
6.160839919118245 0.6468020990333608 -0.08227796865618384
5.434613583169827 0.7110595697457456 -0.010560012877348507
4.7418033289020185 -1.5387985694849418 -0.027365718882068596
5.375141141057008 1.414530975810198 -0.47876276608982643
5.090160186649564 0.22035587912540502 -0.03734519647230097
4.424021272948198 1.1702055079875948 0.13119974767023432
5.1365682913744575 0.683806535665341 0.5129962519427085
5.760733551043844 -0.24536314534687226 0.8612216259085367
4.424417255615703 0.6764743105527393 0.3129682630034101
5.567802357444665 -0.09768857482552727 0.5539597096238282
5.512286215887377 0.8341354633267538 -0.08369224681259968
4.479161620844215 2.2450926201369996 0.6614279129480004
5.153796164384095 -0.22370119735634791 -0.007990347597737923
4.8184031776649725 2.040893292946101 -0.22107585334435698
3.9247283253086436 2.174873272778166 0.49237779794888176
5.040593561362299 -0.07117160120019317 -0.14114308011117954
4.318683057385439 1.6633474581958207 0.4023720190143702
5.776167503629374 0.07635702980381807 -0.3194354344246409
4.1824347858803455 1.6872368509489142 -0.024227784798935004
4.626011768481198 0.4162980370344675 0.6187658879273997
4.24673951032268 2.8609486448376087 0.352727426290035
4.914802023618223 0.9506730284039618 0.5587573318128808
4.571265089776393 2.7670186037755427 0.04461077963120058
4.527474347031571 0.8403173468371756 0.1673602069203325
4.590571443823054 0.9517789223860025 0.5732474167257074
4.677250347769869 2.165360594088125 0.8408196760391924
5.133889481909894 2.1532461842693706 -0.30199851249010246
5.286825668262524 2.183375886584078 0.022719103366918347
4.820973147344405 0.7264831960800805 1.1414147808123636
4.065321933537269 -0.25280372035472454 0.041310994924296796
4.976438334180492 1.4774184464453404 1.3086079465123146
4.0220328636308516 0.7723082184207661 0.406234847263291
4.829371354955105 0.9638131653738198 1.1964421250131192
4.434516332929795 2.4911738770176233 0.9098830823764574
4.606388937818251 1.55699926213253 0.3024659322403166
3.568237198071461 1.6236789914175607 1.2289333979289192
4.938724646469331 1.1467592401464117 0.0653274667463144
4.731450181778338 1.8379699879811748 -0.12999293036307347
4.751300205023214 2.0040483618592155 0.5124228082177299
4.472317588465934 0.6438294383131099 0.1185687161154797
4.923849289579582 0.8387065506797378 -0.2442970788119544
3.853313434616328 1.7801808796799183 0.47293969859969776
5.261340061229847 -1.440990950884219 1.0044673540962603
3.5209721826284124 3.1762971541282305 0.04406406799623541
4.6537493961447725 -0.024803244649717275 0.3499149213662338
4.549763500985117 1.9826883702088416 0.5008709473872506
4.252870228957495 0.2448153717147014 -0.45768610286421574
4.392584153714288 2.4166117396415485 0.9020111738497807
4.350825808227707 -0.019543624162997496 1.200826604542879
5.510800857556253 1.1177375174451727 0.2936463661791489
4.740351871144862 1.6202307939910097 -0.529146681011191
4.380074264238209 1.9852330658254693 0.0989575475015827
4.2235045920606575 3.0027735162477125 0.014171874450863764
4.919552858035152 2.1912447425146317 0.7948423612081632
4.402029059841585 0.9295316889518692 1.1009319592153315
4.811463267149523 2.2783461873204516 0.44504143908722454
3.5340053928345863 1.2559553222455246 0.9411818329716789
4.073521318203844 1.9827632313066097 1.950160248580193
3.978504789444545 1.492447559510566 0.11998811568570988
4.6834188993786166 1.8680750332560179 1.5466490537092308
4.176298383292558 2.7079563273161655 0.7120045705202634
3.47716436835405 3.0676398335726063 0.7306745253110086
3.8372997497657555 1.793087146963011 0.9602724128803397
3.4884618113739774 3.050872580970835 1.7172500892176887
4.1029663635812055 2.5869835011063347 1.1031848128569575
4.440469272615228 2.1457787275846973 1.273282943532928
3.6456987115493096 2.948895719736888 1.4021997982915777
3.998174522038864 2.5965055127486503 0.6386406778093463
4.369830144675614 2.382456614306894 1.5294580133657605
2.918644356506033 3.9813305258604164 -0.2833269221791179
4.462576229651945 3.4538223472499094 0.07334137400389262
3.4944553361097492 4.149594372448016 1.101397016938973
4.312132519421206 0.9143187902177075 1.5941350981326605
4.012210436949071 2.668656736678194 1.0616305985125118
4.802440038843546 2.392821700063916 0.5515512758926417
4.767327800807844 1.4992401978816547 0.7630191636755351
4.123911620106137 2.8870047184346683 0.28558977393527096
5.194813861555009 1.743128618929493 1.3538702939337024
4.753113830774327 2.122852411166724 0.6167081411050137
4.723489368837321 2.131114924923201 0.9744275221327251
3.8859538864510537 3.528102036815792 0.6861799752839275
3.9538441447242367 2.2785068652624516 1.58663528728021
2.303304765492619 3.3640322732379553 1.0555957451807982
2.781006527908635 3.7556598195173456 0.9650213276470846
3.0012283035998406 3.236234277285277 1.0126029288280043
3.61185310395491 3.696652763141287 0.5109476880332291
3.8648601358811914 3.20381456830358 1.1442706429563596
4.172010297446669 3.202731990777404 1.4791041133550136
3.688772368126757 3.1144607679531293 1.278517132144259
4.555248149574055 3.0591668744178335 1.290119390602801
5.004537653436964 3.528192958829906 1.3035444623596106
3.886135137952831 3.263161342278455 1.3931185440151412
3.1656001365605904 4.600974608722908 1.9583247567341453
4.952945845846562 2.4335825818745245 1.4669757144048523
3.3483812263756985 3.099302337441142 1.5373894943116864
4.089764852694902 3.18889621859801 1.264654933804499
4.310861662578172 1.4426183716509722 1.5595431337060177
4.650834299226097 3.5817176297131956 1.1669415577490918
5.111460565203119 1.6421824557667635 1.0236251104237393
4.159933455977135 1.5965197461325356 0.66469264844548
2.7570364181196556 4.05459268335601 0.6586066212634099
3.919183779671786 3.878495752620837 1.3314810538611994
3.3683614342539903 3.0135008416210343 1.2252411428717778
4.138764594480885 3.9434058572578747 1.1988709521582046
2.7788561927456144 4.3391091065512315 0.47463634985254277
1.8208977939244282 3.844451111554695 1.7340534043323776
2.109176032260127 4.938933333894437 0.9368266415782115
3.062185102987376 4.603817066086673 1.5526113329210718
3.5097488556773695 3.9972019798825436 0.8901852068235886
3.063199615439009 3.249436346198034 0.8826399195906224
1.4704721780053949 4.2668797132597085 1.2880466014811207
4.5862105182744735 2.9051624613666385 0.8109242914265806
2.725563795242336 3.2983391814124148 2.23459021670954
3.2104604750458434 3.9961349150123042 0.8707345369495161
4.168004419638611 2.7886543014124228 0.6183647643669428
4.09674688475343 3.2672072203431264 1.0201661607298362
2.988318039998213 3.4658717726073123 1.0211116859081069
4.06152626238652 3.332915245530596 1.4527774632825607
3.061285168007987 3.5095876168839997 0.40488030382525697
2.904362613047492 3.797094789234465 1.8125843171450184
3.6358215013938087 4.292991493030315 0.021238899612023854
4.266482559012138 3.0584563219938605 0.7420265569991016
1.4934324450974958 5.494713682763374 0.6383245463702046
3.851075630312541 3.557923764007956 1.2505593522213454
2.9882995843574363 3.480146734559213 2.1644366561347788
3.9796375343427686 2.7131581085236736 1.2481674843858175
4.432562007625702 4.181133913799947 2.6149616624244114
3.6508311492843197 2.9094799639139657 1.3107531351005814
3.4007134830838677 3.538352674753476 2.3030952222575465
2.6293510611202318 4.399366135576939 1.1406406081743468
3.7467228780692072 3.1414137816177736 1.8613801245450767
3.9170080718307516 3.318725366867186 1.7019475617758442
3.0704196484855686 4.801581086632769 1.212928397889808
2.426478859522436 4.222101260177651 1.3377765100380583
3.6048646627450838 2.6918225129041695 1.6978403332096503
2.9209827324498323 4.7368435235823485 0.9814128352736267
3.0122982784354333 4.459489456733047 1.4999970345554177
3.0803193760256864 3.4179549130778972 1.3636272222698067
3.7429180694569975 3.2682988588367134 1.0815733209406142
2.7803461763658186 3.4105132021118174 1.4314687898095375
3.0703307959194333 4.102606443213069 1.7475636639951522
1.4626951969189796 3.8410133177479633 1.5075095205263758
3.0386416078023717 3.467029009040556 1.8537986446552241
2.625016743754335 4.380478420800617 1.2233144424434188
2.1801510798015795 4.568904511857562 0.2620512916783675
3.3462173871283625 3.458374143886084 1.1943207722646993
3.9336313598792247 4.112346436085285 1.4132143448469712
2.712855429586451 4.778650975163022 1.8956773639350222
2.840414065236934 4.567009339227141 1.7909528497054001
3.2409433824836653 4.443817683343312 1.8974218619766776
1.9341025989772798 5.247067424684836 1.5918098447236253
1.4795822598121697 3.972796617767116 1.5180710762996186
2.7981818752791354 3.3953753857526916 2.1027956715309872
2.9999445901525084 4.057346357376086 2.1441986079241184
1.200890263242465 4.328624212763144 1.4071958952879235
1.405813632479669 3.954212136514461 1.3020525197399309
2.1966028341083685 4.901996328697774 0.7809554645537187
2.3608660522881864 4.4335371589628485 1.6496703622667952
2.412675571728885 4.237628233204048 1.5632849644429412
2.4477526497521547 3.899416172166752 1.793489608026972
2.725449134593326 3.9263985161414525 0.07873002434013276
2.9034277840728917 4.8917416843555195 2.019531773297249
1.785799264159598 4.919643816764718 1.5326997147885295
1.8374395172898157 4.513979027932715 2.6328543852931308
2.1876878272745115 3.7216602671348045 1.2491215639200473
2.258176569767196 4.665005904658625 2.485871542519341
2.3426878334294083 3.5987338978773655 2.3910303798264483
2.4869715454301637 5.035086575339739 2.0808273575700396
2.7111691566303806 3.9925374827739764 1.6229191191459167
1.0790774177415907 4.41744864652365 1.5195740193263632
1.4749081356365306 5.089707272446883 2.7963024622938124
2.0715516117991717 4.580744583053163 1.0747106706750826
2.5198266031769854 3.2191406670693476 1.8419492850043355
1.223928036361606 4.207926180715085 1.540808992752212
0.4360153478878049 5.226301155511328 2.1075726481866135
2.687973804576639 3.984184171025678 1.8911683817449636
1.3849859006937968 3.6606663728817495 0.6439273438242747
2.289253098970238 4.703259682558572 1.5560896571519296
1.3829077270732293 3.5769324367899458 1.8482331360606143
1.6423536804428367 5.261831363453271 2.5276097865330853
2.6625802463753674 4.91746102993419 1.3834944381413816
0.6201943039839012 4.633502627367429 2.325487827861964
2.248203975919674 4.431365536296937 2.2926192951216335
1.2383657247629658 5.192986106254947 1.9121728003365803
1.5109270354146425 3.682284546029014 1.715865671858898
3.0310167106246797 3.682036742288171 1.6963670451295245
1.5783394961515107 4.527510595736756 2.0684401027614645
2.140861827882687 4.597428108450122 1.7239165598617956
-0.15587466675564635 4.61803714416605 2.086691064874255
0.8320467102211354 5.249667146124468 2.372671087983336
1.0875614943001117 4.76734210179699 2.0170056850647295
0.42820123921579384 5.37534455919662 1.8295991119126593
-0.902193009818462 4.690970528022557 2.4203929687441352
0.8725322563776223 4.293744366786887 1.7535973364481616
2.0636731818336496 4.801481733208375 1.449129812612414
0.8275427749954354 4.834761920787752 2.0751930877016864
1.7456592119168592 4.88161053603937 1.5556145855380468
0.2417541512202581 4.652191301185828 3.321642731014178
0.5053224889142229 4.04992515177038 2.2510723550898386
0.7813261785739496 3.8585322629512038 2.1309253594040194
3.343424822066555 3.6588607581375063 1.5269705643493734
-0.6256766970485581 5.166702199374597 1.655989430945645
1.59157603517432 5.17999752121451 2.329101194637764
1.3843571174293752 5.100744378100244 1.920968460233824
0.800878405149085 5.147190156474636 2.2623480095076425
1.3579119572704812 4.215414621615367 2.618277488342139
1.1917347393773243 4.6529750368622995 2.2507655961613673
-0.5090459360150704 5.026634252005272 2.1408468981634026
1.239963420292735 5.423853224164135 2.1370520434517073
0.20358071968035604 4.206532590762947 2.5346508770481364
0.9130319385205969 5.321046158276526 2.134728853055353
1.2726940412434207 5.038272992099078 2.057819370908183
1.5341556662608116 4.913042716653563 2.184501990149815
0.671865980493311 5.787626293158498 2.203284895887801
0.16058735158056464 4.56776557303295 2.366522418347095
-1.1639207272106158 5.912529108776157 2.0209155620922807
-0.13684373187080823 5.541981966325269 2.9031596098051615
0.47855487485600795 4.503723356595987 2.4778363825588348
2.148535183154682 4.843478013979183 2.6804388112715465
1.5986761404373582 4.237738978893924 2.79170220037578
1.9228519323785616 4.6142476904608545 1.8946826298152064
0.9069369801442436 4.406504423873734 2.5810949818030213
-0.3482415800862097 4.19719608942664 2.437667027284138
0.23287250224385825 5.258370795315027 2.934882576408051
-0.03515643843752702 4.688127519455107 2.788924214009968
0.059496215572410006 4.5300261775799315 2.7455965644899347
-0.3150602478232739 5.257255176350009 2.1158369579837415
0.6847178678547006 4.40535668878796 2.763064411246771
1.196490552616755 5.8254550502126055 2.3827540783084724
1.0269705184950588 4.843550891908786 2.1683116791522012
2.587402265007934 4.955462579324346 3.1754984440877716
0.4442964588359499 4.413990970717307 3.1641708952888017
1.8027086509816965 5.091065966741498 2.5685766049300147
0.5391821482489229 5.064379954976672 2.2334317470635945
2.1494437218826112 4.76190754442156 2.7121032678234016
1.7656498592000438 5.09116786373485 2.2462772105924613
-0.2679913767797936 4.955226538665904 2.969479443528304
0.006722030617426976 4.4332717698560575 2.2792648272655085
0.1528862633036851 5.039803260161864 2.215978151093822
0.46728952232307014 5.361427148212923 1.789473265895659
1.3933698370825431 4.709638058532024 2.1485851988189637
1.7473856726826162 5.751750990580839 2.4569896334221704
1.866070543093936 5.069526516025649 2.909578268777187
0.07219730090939454 4.45404275056503 2.970572160440894
-0.39641316489896244 5.51608302456784 2.500521874294814
0.3501679116872458 5.4872993365701825 3.382294774052629
-1.626552545239831 4.039367223342522 2.896649098045077
0.747449441518031 5.268223559792448 1.5695946470742073
-1.6576355159660596 4.073397252785412 2.865457886077928
-1.576773368875176 4.071371396740362 2.6512327106411444
-1.3379796276496043 4.167615140813645 2.463641968785546
-1.1191996775025341 4.864681702465402 2.393031387242101
0.02776083340061065 5.7152823665617705 3.0259094287290385
-1.462654470514011 4.563567383923989 3.9303806310172362
-2.2276326906604234 4.769554606502013 2.065365836705714
0.04913383567477595 5.583541624823083 2.033592027941452
-1.439956169887628 5.146243254594443 2.3625010322568474
0.44403247862493606 4.91901133443712 2.43781949292262
-0.2388510469962033 4.3464751953292 3.1164200959781745
-0.5484390022364406 4.951536155400138 3.0964855239555797
-0.7182777747596185 4.52672415395889 2.4474924748176368
-3.0881287344380803 4.185188669798303 3.153879112472409
-2.1107754419038476 5.277938638833941 2.6951317821167913
0.5007075062779799 4.808654848031373 2.6888493292729914
-0.036519164728563036 3.818194268194741 3.386472912257991
-2.3011506636287473 5.504815931268945 2.4496284610371504
-0.8201817257987308 4.395419582515665 2.531373097943024
-0.3768354446606242 5.860594777983277 3.158400905390364
-1.5633646589099852 5.239314669444454 3.4870253246086818
-0.09406717281270216 4.338424344367427 4.005434620701711
-1.7452380887221897 4.443776206177211 2.448676152688445
-1.7200178513596893 3.6773357037950385 2.0545367094791547
-0.1941988930761475 5.0446411567873595 2.0875766383790326
-1.9762878637375372 4.346911007720437 2.9479890253358767
-1.063239967447473 5.14851227053756 3.52872281246536
-1.0914128419766203 3.8684922085264133 2.961728038980782
-2.632495137838254 3.9690612367413225 2.468447044482797
-1.937114510181595 4.233569474984269 2.8331672958586434
-0.2608035804341007 3.656898194215049 2.4157923591803225
-0.20605473470622185 5.471449057371253 2.4610001675845017
-0.30464595895812574 4.525748450293629 3.47209377781798
-1.0335880898025933 5.224933819834015 3.339638059648718
-1.162291277746963 5.300250738294973 2.1657810000510667
-1.1560437991567938 3.7378024480194374 2.5090801770670486
-2.330386149318977 3.807095507742631 2.946278459237743
-2.387232818006674 3.8273765032449836 2.6323398945380094
-4.301022018021391 2.898271625440334 1.714781843890147
-2.833326395262866 3.9862164886063454 2.217957555854478
-3.2823908079356907 4.056641764830964 2.4684702275604984
-0.9836791004273087 5.161491939729895 3.352169117224771
-1.2345894018366153 4.41863001449875 3.3057834422798686
-3.1304736777167905 3.6387117444987847 3.4059972971008166
-2.2153012963313587 4.78535898893129 3.1079464368666234
-1.3447508683801397 5.706544620222871 3.07937238788661
-2.309910723097144 4.54554006617741 2.8239961505399713
-0.23898411055296054 4.909880745160066 3.0289382779751497
-1.7548867037246991 4.866021945007859 3.463494969341977
-0.8221293073030801 4.975023386168322 3.4660960674805796
-1.2659975499738894 4.5490120544130335 3.170431469326506
-0.7830532507724607 5.492432909065766 4.118386478774537
-1.0742936099125349 5.008505775443615 1.8953363492716042
-2.3464743107569097 4.96936094405874 3.5593252759944947
-3.3776807871975403 4.2209036949663234 3.4317592647847586
-1.7915198117665307 4.74033186716691 2.3001295784069797
-2.0227772492391907 4.824194747191625 3.805066613169049
-1.3220812107902409 4.641168930640932 3.6773390014578666
-1.7940996038829078 3.8721860898691602 2.50295364096938
-1.8544735791174563 6.004627817473858 2.693321811286489
-3.553408317866517 3.772443540870605 4.085754979661761
-1.4538941431464247 4.302259110575283 2.985696835617374
-2.0830313453523517 4.167854272396898 2.789367691687609
-1.86617084028251 3.9436479310712094 3.744476827166048
-2.4671267188264205 4.271676705980436 3.8196159113225905
0.033121894064084875 5.137915718986417 3.1646229068554574
-2.4569320665889807 3.960254032170938 3.984240792891481
-3.7929748912253687 3.5150785954098938 3.164346408953709
-3.2920956464901114 4.159640878616906 3.8772092122393436
-2.323463802631951 4.452131491358163 3.5564184023912833
-1.7919443777157318 4.451806144682231 4.26689699225778
-1.5550478177402758 4.617531862019406 3.5873761264198536
-1.691116664081072 4.497828142870583 3.7901132408303018
-2.7398992047073767 4.360803059555257 3.6589923218907874
-2.4846637924509762 4.370637660669281 2.9990857059968015
-1.5327693381721028 4.358490117809259 3.0670196553877886
-2.8172986138190836 3.1733510180715023 3.7374175339640763
-3.613643686615094 3.5974624615634565 3.3024453093090025
-1.8076782633055515 3.8927216890013723 2.818181074303544
-0.7579525784294239 4.666458794986664 3.2179925817800488
-0.6488391148998477 5.8433309388468855 3.576296586341088
-1.892072735118173 4.203737908907138 3.776098198298635
-2.4971780552652567 4.263497181687161 3.160619173151894
-1.1661989638073578 4.874821787519078 3.946093365783176
-2.989131723535788 4.050948644680981 2.6804565213443254
-2.933564923842728 3.6945431176141375 3.3646974980060507
-3.0273091334214355 3.709461415438187 4.1760582960106865
-2.3788165401340993 4.032674312534243 3.3909592875081964
-2.7570955618754014 3.075611350838556 3.3305797519961007
-3.116689147066939 3.4074039607928137 3.761106080421596
-3.3036471623555888 2.910295754829905 3.8219016754246184
-2.363140625611311 3.717257073593834 3.909520510141628
-1.3061750105390992 4.57292956380243 3.3545141486864285
-2.374704466584878 4.979856770803323 3.410106400643346
-2.8517522234148336 3.0167766942942538 3.0657745748415266
-3.2569474274945396 4.455375576675739 3.7992880983372785
-2.0627884257672653 4.885302754246558 4.342500433580943
-3.1192491094047137 4.016057542375395 3.8551702591046455
-3.0759244242217667 2.844134053184352 4.0836222055295215
-4.124695805832477 2.510097678052033 3.599538902440937
-4.15271641382488 2.7920469172413447 4.894257781567632
-3.642909716754788 3.7069137297234853 3.7647525393642396
-3.465758468760296 2.778408323834242 3.139416974756412
-3.137796961567383 3.6250869705644995 4.148857363175499
-4.481292771569251 2.290638757185002 3.7116243964378217
-2.377047475225054 3.4514624041757824 3.5883173009066156
-3.705901257543913 2.30911565362629 3.6118212943938515
-3.7149421500916544 3.477404385722657 4.171559833104807
-1.746178843383564 4.063594008956705 3.311872675611477
-2.72394888556942 4.86588636004019 3.887718616519548
-4.162561839285495 2.3130537073418767 3.1833237679046755
-3.664062341981435 2.835897049729777 4.003296874843301
-2.7804842462873034 3.7403704076972843 3.7607748557173144
-3.8495011907699146 3.420105459973021 4.4156295374366685
-3.833093338832305 3.7585389074841995 3.546495084628998
-3.298165335647566 4.789079258690166 2.949730983137539
-3.269886161151293 4.099783230942662 3.3779687342747104
-3.3528533868646093 3.050352579848638 3.770709358725234
-4.198032654558658 2.204376246223393 3.9275648700805896
-3.8710765815203376 2.6105648074760635 3.448929969733588
-2.447607510889556 4.53839874081235 3.8967436828018434
-3.3503464650436885 3.430896859030133 3.567525679007873
-2.994401492608047 5.268946845971171 3.9526223780225433
-3.0362145479227016 3.511824402039266 3.738403026243583
-4.293117030376401 2.523204743658532 3.473267015886484
-3.5096720277581137 3.319240613488723 3.701054631022863
-2.599452971857033 3.647200012709115 3.5150807492580736
-2.5550195135277427 4.140511412991306 3.632990004899816
-3.7358810739308064 2.1422638652961927 4.761059035369046
-4.566335125693837 1.2394184921766533 3.9517386363533338
-2.8117174122465682 3.6216398232439384 4.870337658147993
-3.413731010429199 2.883226091414748 3.9362651843784966
-5.564950332546305 3.021688751569614 3.9339036996110144
-3.343652383152964 3.5955450025465954 3.5069338642485275
-2.9891500013048335 3.776254523413533 5.3695203079616425
-4.205124746171479 2.7571586980177925 3.0682847959506354
-3.7119323173404157 3.0178376439261734 4.319785666381925
-4.5619456705854935 2.780304287184557 2.7949491051231945
-4.514665072530513 3.040508306949415 4.617078941609581
-3.3914390946859925 3.4907227915194623 3.623190600826393
-4.513344846585741 3.3043538728131385 4.117154583290025
-4.459940023123216 2.1728459541309744 3.9014461010958703
-4.696898182956595 2.942027216627277 3.7669986741161208
-3.432746793912448 4.125961211500743 3.9483307502069764
-3.1874339202011526 3.376435507163106 3.9305926745151467
-5.181967734560689 0.8884884301810146 3.834127891631284
-4.530858641841203 2.2162352660062945 3.7682492622547317
-3.1745859160772256 3.366476415771619 4.82068935284201
-4.255418918673594 3.173774836928241 4.258362951534341
-4.831964119074916 1.1190841153831426 4.528064215883459
-3.399699734122426 3.9416386278896667 3.496741010583608
-3.609571991446623 2.003063401594192 4.387132825661863
-4.935820590770193 1.7798578085682544 4.666825636580839
-5.1438259819659855 2.415448198833399 4.620535431870151
-3.9498647648756275 1.6630310893403648 4.283038855284267
-3.7190806823090212 1.9413751124729672 4.17499178670455
-5.028472742489206 1.5734630413410242 3.8969738806282423
-3.8289051705210526 2.2391298922153 4.286983743344933
-4.952179589069516 1.3669201692994537 3.922298678107256
-4.70313350505043 1.6536125776332018 4.464023674635064
-5.191752447694295 1.3281215304480742 4.382262191710702
-3.0005554724743306 4.178517487348825 4.210774765750871
-4.82029224767811 0.9290484689415711 4.373512487134645
-4.645237030782231 2.226995998145566 3.827743836671761
-4.324654004592942 2.525596647508045 3.813492866313098
-5.968662496452625 0.7638913219278571 4.267920021136839
-5.030999207751418 0.16606828977019403 3.7726253889822363
-4.567743834299861 3.2439240032975705 4.703996353708272
-4.575361195599994 3.3062387903119275 4.58987160526771
-3.9335309288293563 2.748054496298314 4.34142007200076
-3.2364324223125647 2.989166651042665 4.83740628967371
-4.200153422547636 2.290038376890949 3.8105685848552673
-3.661384597789095 2.497261533425193 4.611399346452397
-4.289480921144157 2.546933887928217 4.708449734361535
-4.668115787705193 1.7178166357191031 3.456467078042824
-4.963145171513707 1.209646163556631 3.6611278887016354
-3.9739576084733836 2.6284236343862464 4.0816528746144085
-4.211971678787861 2.562066310451939 4.423414705967698
-4.2940624207467515 2.6721036517368892 3.9497267555655142
-3.1000701769033894 0.9895655713029246 5.3876985860366675
-5.192344731695449 1.4351271232468477 4.2149920650275545
-4.897588716601537 3.2724786418837897 3.835149978743453
-4.696571430797455 0.9070345426887896 5.379113856963945
-4.853141366159954 0.47456872004866923 3.401738028942862
-4.182279001064255 2.1994512311907215 4.365903300002982
-4.439269132557887 2.602336485424663 4.421337462398456
-4.2196812404223465 1.732760109714328 4.574441911832435
-4.282408825184521 0.6727215425581966 4.951002267293558
-3.7149107558971353 2.4500590430691576 3.7442449102511235
-3.7406356140245633 1.0456821207951548 5.126413787469133
-3.539822462332869 1.2747686743068782 3.982924046878355
-4.318483999286878 0.0062022863342474695 4.527112371044481
-4.176304202368765 2.4004929563108885 4.833297746350291
-4.300900912623018 2.4028294300311535 4.549325973826082
-4.811235506721383 1.907881519749995 4.303719765304134
-4.9691333127908095 1.267111735803151 5.067648659725197
-5.287135110661064 -0.0061972009158829024 4.212425388218655
-3.7381985985968593 3.283790445525387 4.358364897953461
-4.466525058632416 2.441671719948524 5.273908188896127
-5.34990640977139 1.6282010775958815 5.503917835761555
-3.98465934823786 0.9514670091195245 4.052804575365601
-5.617545315735381 0.5911393177995121 4.921534259542474
-5.07054739222514 1.1977907652456472 4.3134259290673445
-4.743519376246399 0.23977170421011218 5.03137684018866
-3.7372524317461604 1.1523598236379275 4.971030349647368
-4.426894093364743 1.1602090245536947 3.7455389143582827
-4.441262135437229 1.8999546983318352 4.788292585975423
-4.714869348759792 0.5965433687049734 5.0439214155373
-5.118984050207507 1.5189697761942749 4.439146228069523
-5.108469167793308 2.3352808616800296 4.517830142540525
-5.260866237660846 0.8419663840184983 4.551444237970875
-4.971717274005228 0.16252127793478297 5.311564146947999
-4.864922635461732 -0.44867219457856006 4.196155155702871
-4.2940978502074225 2.1491171914114493 5.40701079744675
-5.46200176233706 0.5905502126183244 4.0832032179765365
-4.8362320602874815 0.5671508902293988 5.271794623613692
-4.807433842373644 -1.575181122534046 4.166671172701959
-4.794140452316854 1.9289167048555413 5.639375402480574
-4.58183420884209 0.5625475630654673 4.31696631849732
-4.699607007269156 1.58914762406708 4.0496338877250135
-5.064884491820216 -0.48622817107614985 4.899940167104472
-4.426409225447616 1.5822155374145375 5.127319644943767
-4.937975630869344 1.435689363606619 4.896792668489891
-5.132538442181348 -1.1599783274079696 4.195872050077108
-5.238627000374772 -1.3956032094128967 4.489872070191495
-4.741369408212612 0.6684690798871856 4.89923206170043
-5.519215838362794 0.3164753467105685 5.868975041049303
-4.9504566288814695 1.6701142320746356 3.5611025011812547
-4.315745802347192 2.605312738530789 5.462388003841792
-5.442782028474636 1.0219248445257294 4.854528647241909
-5.24745555565229 -1.0852328399665963 4.427201656101198
-5.710772220197158 0.8982159934218282 5.738923783555734
-4.717880243250219 0.5313590804004812 4.164368969206819
-5.760644514282706 0.7434996053228877 5.561011313209771
-4.880208213439435 0.3052919586762518 5.131612967215473
-4.435693649251187 0.18819453710224684 4.581560783819453
-4.882983824442183 0.7317090214948098 4.710905827904822
-5.38672995555556 -0.3661989366330839 5.626089025114931
-4.4657790540584985 -0.4856843927182657 5.134897217653064
-4.384987244015641 0.9104242559918984 4.1357064915323765
-4.632524468605752 1.3734939708731102 5.222561230842928
-5.298237504530497 -0.027246198953871908 5.787899225296149
-4.763306539051454 -2.2310591678586538 5.923365191690058
-5.272167558501776 -0.15372368094238653 4.4841560318053
-4.533382681883267 -1.3134209991847379 5.3661602251976195
-5.608745532780455 0.408612688751293 5.736020755349216
-4.711689665651404 0.366316943977597 4.702879394451085
-4.026610841409539 -0.6846789915997791 5.238772233686563
-3.8669491289073785 -0.5587859906841136 5.004425256633169
-5.4635437275478695 -0.8099598002317445 4.654593297782656
-5.312704970174479 -0.47090528099170553 5.513212374358348
-5.100339509218543 -1.5332478314853448 4.407652201631998
-4.542210895964393 -0.17248642947379028 5.38291316661584
-5.498509519240321 0.6489514300037836 5.585035360671717
-4.086994514267714 -0.3026191898161125 5.884236500340744
-4.723470954283569 0.5275252518155306 5.090490352761468
-5.819296681516676 0.6724536113724053 5.2564623330187725
-4.363537302271602 0.28398320958221807 5.992185129759188
-5.286425593944865 -0.8129573812694632 5.00393195370049
-5.435701406943144 -1.1772898053350718 5.99307203939202
-5.388592425027587 -0.16057915792353206 4.917229918871978
-5.3691709049907494 1.7722559840540115 5.348247974673407
-4.457400334880423 -1.2253241589975132 5.210052405903103
-4.312098935491593 -2.122113601227275 4.840885352044847
-4.299647352396813 -1.4845139460916184 4.622267162287598
-4.709705141633787 -0.5782873115083865 4.8783588100844995
-4.965690814810863 -2.176635590632592 5.145152403438913
-4.707761081161828 -0.7036381832492106 4.825221109440927
-4.908875677897894 -0.6860394000611407 6.261458691042003
-5.282344770660249 -0.005557472223149855 4.83291872852692
-5.4409653161265545 -0.1055872448176315 4.886150854059876
-4.885712975725397 -0.4418120750931385 5.5622373702491865
-4.166208194614648 -1.670321636589864 5.7943017890288955
-4.274331303531307 -1.6074330393148617 5.261405549522383
-4.568674369279081 -2.352074450781375 5.867814925733174
-5.8899988356771225 0.3636980457539804 6.071841603868028
-3.9551562882855884 -1.7799155849163943 5.557327721888988
-4.706813444775721 -1.4537660275909583 6.013608812727662
-4.53114301365262 -0.9185483861683714 5.606910585650613
-3.7176244760733046 -3.0506663899279287 6.020516088092704
-3.520178447205249 -3.5060121103077257 4.55210049619328
-4.689053768038645 -1.0827447129347936 5.221535049886549
-3.953289061214533 -1.8196284289607847 5.111346779474016
-4.487502267531341 -0.9549553477909589 5.0639937914950455
-5.8498686585210375 -0.40245090454826615 5.081822463647371
-4.431828038687214 -2.8809536542031937 5.7602775292378
-4.964571725820155 -1.5857536180491996 5.161054049057569
-5.423675702245767 -0.734438014484519 5.060697665503904
-4.854332150017305 -1.6805149677423923 5.875555089348888
-5.095968668559559 -0.5828010739548396 5.056664075607051
-4.4990096773140875 -0.5997519223022776 4.744408367573267
-4.805825986628124 -1.033986065508989 4.891726432275616
-5.044897717594156 -1.1458594427051265 6.5908898038169905
-3.666845255838374 -1.706323106358891 5.585579714954092
-4.056713867162117 -1.820822548117168 4.9287789101129285
-4.916459972886399 -0.23874497359822197 5.567507795446029
-4.538310217643191 -1.5796305163398987 5.724169185676826
-4.567550295931885 -1.2563682130631537 4.881998069576244
-4.452492244961198 -2.3385640975499014 4.7509750324586335
-4.511264063938862 -0.7924370333522557 5.549521911882634
-4.630235430689518 -2.0421953775730985 4.5878612148055735
-5.075293256889947 -2.2942464068596755 5.547703966761652
-3.780947608025787 -2.3991779992704965 5.737931366460093
-4.506177401214692 -2.6333634343464185 5.5819166990105735
-3.8758156459690807 -2.67604470581517 6.103027938172362
-3.6566299214178706 -3.5395841036581617 6.30652535568468
-5.700399648201475 -0.5936016549511256 5.556535835884983
-4.880072993653891 -2.8761980928789663 5.885827281621867
-4.754248730264052 -1.4807251859685557 4.88859537967212
-4.390312484129006 -2.700622716846495 5.872576747891786
-5.139093862488243 -1.994831366296423 5.861027306007326
-4.066954660450834 -3.6517321161507357 5.026284331023617
-5.098594014802323 -1.5435770632529697 6.000340472108891
-4.311432267424458 -2.6293585791545167 6.192209653608517
-3.8867525425208593 -2.9136024162835925 4.874567224158868
-2.8606828570921103 -3.257289256490941 5.870137830527884
-4.22280250453415 -2.071809940530489 5.905862763984346
-4.832673518642143 -0.6790682984411524 5.749400907053807
-4.50693914392699 -1.3771138809089478 6.261490285897387
-3.7710345263582012 -3.400306752565459 5.437359851756793
-4.563859996305243 -2.1380246311813793 5.68201940178042
-3.8347471099987915 -1.0392264605544805 5.7854003234853035
-3.014536308754056 -3.527851590618362 5.121341396798206
-3.835856205889808 -2.3542170354794774 5.461043180318132
-4.6062440889008585 -1.7464921747530786 5.764773535284541
-3.6871457299085764 -4.051998629396338 6.351649417017438
-3.8091962501942307 -2.700649280403909 6.362519972774331
-3.885308533485625 -1.6616732677788009 4.909391571094838
-4.1584475530583065 -2.006412919784753 6.694135485081725
-3.991741129994784 -3.1828692331650084 6.069078808025973
-4.4889317755021025 -2.850645230806546 5.696803928899085
-4.386615425978166 -3.254178158298513 4.504222358880142
-3.6298002423618727 -2.5196118494843684 6.438597947437901
-3.2664629189195256 -1.7307770902929986 6.078193679051931
-3.0985055187757324 -4.460578406030405 6.674821052018323
-4.474761082794116 -2.6934975306328264 6.114886513455626
-3.9238941389160393 -3.6407692060278536 6.112732464400675
-3.767969730439846 -3.2113262229798143 6.228923912717609
-3.0734626473061772 -3.412293537865681 6.08068766087028
-4.137384678090645 -1.8665394332050855 5.250432196910196
-2.8889969550438637 -3.882144665073183 5.5042801740324
-2.4611613586130923 -3.769210517412555 5.645439421653668
-3.852509909158022 -3.7502199542930055 5.5454846795268145
-4.90387677444924 -3.5405385368757862 5.549260742578994
-5.152633307952948 -2.4494526710533515 6.267152472186058
-3.8078875672863615 -3.226397026495335 6.438636394902607
-3.3058785826729142 -3.8557267574793466 6.552470241815751
-4.048837477866342 -3.2399688946811196 6.310983969913208
-3.5272277897403557 -2.72947991118735 5.975866786017158
-3.3954953576826012 -2.8679279330198346 6.63374696465157
-3.6631395979813317 -2.6069793987302305 6.909025120375136
-3.1854917520824535 -2.998661233375951 6.008870823330668
-3.5441664084996374 -3.168702977636852 6.057814455396762
-3.019886773479681 -1.9290771424539253 5.917564219894867
-3.2613579877111865 -4.26423940757847 5.951046389548015
-4.03848904290495 -2.402798519258654 6.470312740365321
-1.8902470858992289 -3.613233876428996 6.482005321575461
-2.6059897658700253 -4.003757269587871 6.23358936574531
-4.438823722238208 -1.183580956714598 6.73724411359624
-3.3428263556194167 -3.588004878877703 6.817931219124708
-4.003847544311326 -2.8863947091520235 6.5214388719395755
-2.2729046535444564 -4.010619866242225 6.086874432304097
-4.029438724138469 -2.8073838036730336 5.808469542843412
-3.5369295374840686 -2.804229718580734 6.08327790280871
-3.706693374794292 -3.2588426952090783 6.0356304101897935
-3.7085001832479647 -3.033701036769838 6.959094335728056
-3.406821682626109 -3.6545633840634233 5.978420615572237
-3.7399978315512885 -3.0220909554259863 6.143746096543728
-2.6028568279203634 -3.787552880362743 6.162909565068392
-3.754473621101012 -2.7951555164061386 6.46710473388146
-3.849728166638268 -3.374890997708644 6.382113789767144
-4.40586010240311 -3.5783465593541677 6.068960284064184
-1.8533630088258444 -3.6015971221235876 5.863875529972206
-3.3037059551779824 -4.207231645535241 6.307672728760107
-3.9110846515035957 -3.4856447454984862 6.9147272046005535
-3.100131343781303 -4.637282501869907 6.094332801071595
-3.435923498374022 -4.3066705879994815 6.616524178135039
-4.221478137536096 -3.1726904819589037 6.720209502182591
-4.781409175960246 -3.609154619487328 5.9636468482024485
-3.4392694473827974 -3.613812537543134 6.383648428969825
-2.2104334082698966 -5.0423255583251185 6.746425144504465
-2.649379114719246 -4.681851126123485 5.661464022704969
-2.9042990329855964 -5.023012315866633 7.224043596812111
-2.4546924913728225 -4.698606433311854 6.027893232524633
-3.7839049107249143 -3.4489206648618613 6.317831592897167
-2.8584062095608567 -4.110130076100344 6.738656963126871
-3.009072070811987 -4.213549273114781 6.483517339826503
-3.2267500342891267 -4.5115968243276185 6.413273501782986
-3.2014706297057347 -4.007755380037646 6.113801844208633
-3.0118570152605266 -4.008541303541187 7.273069942600711
-4.112847375893933 -3.6729576310764287 5.964503934228878
-2.450612053916978 -4.606876422143349 6.250824735647323
-0.7764413544703386 -5.144395444979509 5.622323710766287
-1.6411704909887233 -4.925235544765138 6.994007520258112
-2.6829045760698387 -4.106983089143651 6.8573894740132
-2.299902277612699 -4.357373946192316 7.000091095961833
-1.9028138165281618 -4.395854895807681 6.706230478379208
-3.2743801792550826 -4.359373800748075 6.7546457600721865
-3.4677168188635825 -3.568043103289554 6.72821256881609
-1.816117289888194 -4.026877451150588 6.8951160447571205
-1.9308922932650388 -4.518759290024169 6.567367904345851
-2.8030799242069344 -4.08862672157779 6.011432728634167
-2.8481687848190984 -4.412841833672727 7.731387618461023
-2.3763674232875203 -5.236065951731211 6.086227699764208
-2.9444105675171532 -3.4400309793899253 6.851418695852997
-0.4433308806623957 -5.62305553892733 6.659445356127447
-2.1003842388070963 -4.508119517598601 7.593700088525301
-2.0346694317698946 -4.024719133788653 6.752915764866169
-2.5465720623238695 -3.146939451042417 6.66544753275541
-1.9814734438079946 -4.120587868555444 7.801293728753075
-1.1941249364312787 -4.771460431199493 7.015941608555061
-2.9062637918944403 -4.207862561356346 7.045834923193528
-1.8746305280820634 -5.063793286805268 6.893979198416542
-2.364788120430381 -4.708292953796978 5.937106609486237
-3.6700376418044782 -5.364625158018445 6.694468024082001
0.20420607363634527 -4.946408820005707 6.373027422873867
-1.441350528071088 -4.626663902871544 5.983368546306927
-1.7789866680998234 -4.39128139483763 6.481994605643603
-3.542027477593146 -3.5434284891209775 6.488046660089734
-3.0953599552719444 -4.029355019937594 7.510368514500156
-2.5968810426278073 -5.1641328858035225 7.214067256221169
-1.6865863987087402 -5.059178262129121 5.809679926690989
-2.6685278447454763 -4.092277878821471 6.685316798705346
-1.160530545154044 -4.766867126812747 7.504942590649652
-2.053476530326893 -3.7579620565129743 7.100873235668293
-2.7569595089237944 -3.607889763962028 6.930518554217139
-2.58643547873353 -4.2001311727044905 7.300430089172528
-1.6567800826072647 -4.69459106051886 7.746023391022685
-1.9531018072616657 -5.4616061692822795 6.184572249203829
-2.7470182133543135 -4.3269434228189425 7.250549203961386
-2.027331331685735 -4.302541522923606 6.920612658178062
-3.1904132285720004 -4.713067869156571 6.896976731427292
-2.7080457679054373 -4.082444188623643 7.655625654693552
-2.6010420366000617 -4.301363639167327 7.430813262912732
-1.591216496519292 -5.291002542069407 6.60195470974031
-0.8180489473546279 -4.508248905509195 7.422726979134346
-1.72751472333061 -5.773403516674733 6.555271967514258
-2.8220002053281537 -4.953251555775874 7.280114210719778
-0.9914354688273188 -4.864630730865262 5.822100176387776
-2.205905968062916 -4.699681085608592 6.917410815532452
-0.7888820938853212 -4.04691363137829 6.478390119749183
-1.2618433667120514 -5.5203078596485256 6.965687439752341
-1.7354136049982738 -4.246666702955462 7.514939280344152
-1.9448670528669032 -4.89717262812337 7.170851144337518
-0.888286476551375 -4.0107985574689335 6.636352745026772
-0.7729574319605826 -4.861201203919858 6.637665160097357
-0.9625040338055629 -4.68697100277758 7.459033631133755
-0.7352702712866578 -5.028666555491877 7.368007715282071
-0.3318902999334256 -5.185414008809435 6.041534195358683
-2.0835550075772593 -3.968221110358216 7.225078576856069
-1.370759336275146 -4.203828471053253 6.83829644301715
-0.5647714737005453 -5.121186179448031 7.004786712584118
-1.113481458688015 -4.284523437003868 7.358850919827772
-0.8969836125382881 -5.581706884957807 6.4922413823410565
-1.057337221453947 -4.48428564809153 7.572188297759149
-1.4962991577561062 -5.061320499198742 7.1801951112632
-1.7482875967710545 -5.236368406606988 6.258422274348822
-2.804117585154396 -4.234032216455607 6.289517361864257
-0.4479255248909858 -4.616522410739894 7.390760004332114
0.1909610875709295 -4.578965855266045 7.78315121238604
-1.7832489914364504 -5.6519595160286675 6.527702571480486
-2.4212713109344164 -5.5746444648364335 6.859954877454467
-0.6887661512670248 -4.54429242772728 6.840147437820599
1.3611515694452312 -3.956756496148184 6.967128230663192
-0.5495620240349673 -5.15583079764626 6.8186420495480675
-1.6295496977888326 -4.850695471665323 7.208511845495556
-0.857548920370255 -4.6525236926249525 8.150555294653405
-1.6647886357539343 -4.860499977974824 6.486211553325578
-1.231662810810337 -5.009937851003857 7.327358951009353
-1.3563011534058236 -5.103764985669172 7.348984197623995
-1.4554187416020101 -4.664527931840911 7.568310152388333
-0.5055475385408866 -4.288640857711563 7.7088192348172715
-0.6959070742407714 -6.015015213529255 7.5875321100100726
-0.8546273845399099 -4.934184974228038 7.70598246051691
-2.972849540317768 -4.133146646199652 8.145102004465757
-0.683660958556616 -5.233623014910924 6.663750074149313
-0.004049935617305117 -4.8016328130594506 7.761483357733875
-0.14181485394937537 -4.37339225958538 7.154240933034055
0.12434747019451407 -4.556364787921585 7.847174540708506
1.0135858067755217 -4.4357307817514045 7.775684809585275
0.3715415959812664 -5.346335911532874 7.227109129754664
0.277143249618149 -5.069710739782666 7.954109468308037
-1.7044231302617023 -4.3601222096362156 7.9250515508885195
0.10421545793784105 -4.767029544058741 7.4444398450184845
0.740044850080327 -4.333380458936844 8.032080983251625
0.722543039010213 -4.597917747332038 7.634087583031278
0.4583097888264092 -3.603764686512258 7.69895536994224
-1.0718522053203174 -5.549416208441411 7.3660845339171095
0.14461817695801596 -4.620939451753477 7.706726534565691
0.9798298308132718 -4.82339474093596 7.728065037796612
-0.425166971275796 -5.023693915976386 7.308952116446317
-1.5095836004278527 -4.915808119202782 6.899981111438677
1.0223400592025997 -3.9434991598527307 7.353182199044818
-0.03941012919744018 -4.50607201013629 8.33861578444582
0.9371070615018627 -5.562963740086435 7.359370558787863
-0.3025769748550914 -5.238420245608013 8.072208038928324
0.41272008559725604 -5.859958238943627 7.954300126262317
0.900974837726527 -4.76637898495719 7.463954803123195
1.5339739767342722 -4.918642188943626 7.588794225216679
0.10428721971739142 -5.093431892391848 7.4628780941963
1.5904622258771959 -4.898767668519554 7.768250244690145
1.2970560586849424 -4.917463618196055 7.552227278284469
0.1417467765369129 -5.541454792793035 8.045370549273972
-0.34780648453678953 -5.190924187883464 8.33547156123224
1.5862509861963439 -4.936555875390907 7.793557789958711
0.0854356029412453 -4.467389637466361 7.041394200728387
1.0592186489723976 -4.797545004136369 7.637236083930765
0.5994482903299365 -4.696768501693156 7.166081329428751
0.8666936408775661 -4.708739426649173 7.895976084130534
0.3763065101791509 -6.010064165306124 6.923349107287892
1.2476332577819536 -4.1849413521133 7.549993754919577
1.2813287080649622 -4.473439423919584 7.8867824317706345
0.8977222266154973 -5.0353405872831605 8.083194364930911
-0.11877329237476217 -5.284143162537465 7.829538256526584
0.8115956804212401 -4.545792352600486 8.19458736579795
0.7607572550127977 -4.6696744222222835 8.02863000568564
1.0572021517340442 -4.780837019190587 8.32635567255592
-0.5999024961366951 -5.13280838894034 7.300858004531155
-0.6197527098681315 -4.8527741703126654 8.327154697375638
-1.645624663244886 -5.188820326981774 7.156746106217821
0.4766898993864839 -3.9723863980399194 7.755604599438962
2.26305960499826 -4.748844608272606 7.620806637291375
2.3187041132401633 -4.408539896422867 8.184632290701588
1.8147537949420276 -5.004201120639203 8.65858026010304
2.0597674301666102 -4.440737118098539 8.424315029060574
1.581470234796257 -4.695043878853672 8.574285188204012
1.2014885755647517 -4.9009682103575525 8.521056208542419
0.435149559982658 -5.142184837164625 8.203918959329977
1.2777358121167328 -5.0374764420206395 7.600993953174239
-0.28329995667540464 -5.225966121363662 8.718230518502082
-0.5369855734023197 -4.954549374160246 9.300921605497596
1.4056044671576096 -3.9526315506098326 8.456895418141348
0.3089654297128425 -5.038566854761526 8.25700467728192
0.833119503544303 -3.5132808995690716 6.539616111843344
-0.4138366764303976 -5.377174700440506 8.051059089873391
1.7242237873038755 -4.5218516015069685 7.774844488780959
-0.028829837081805733 -5.829901885715396 8.663011906782106
0.5432949147307595 -4.746008741008971 8.735991995960976
2.594996535958588 -4.353503227370457 7.943632966105193
1.0863898291699834 -5.588397435193984 8.369581851730501
-0.035832755210384745 -4.58547954464888 8.108744087246777
1.5525614126089318 -4.579772943804517 7.800259122470748
1.2569137811386522 -4.6524861664314106 8.057572563873261
2.216133781273936 -4.644070127766084 7.483960829617529
0.1832272742165605 -5.397120819714145 7.965780552606642
1.4642647001415052 -4.707555476109687 8.937231002625357
0.4931784935851676 -5.31744391519803 9.0512219252465
1.3415747109083471 -4.7546853662522475 7.8130551417931855
2.620442710567419 -4.169955334355373 8.161842894496367
1.6351360377266075 -4.371833938297754 8.191418282033371
1.0630188687587936 -3.8749725765534753 7.5666863823789985
3.3223279814340447 -3.713442480672946 6.899801020967587
3.5818995591553726 -4.658272278414361 8.663914114070819
2.7010107341830434 -4.194172523411993 7.8846521400380105
2.018359904119493 -3.747306626989115 8.547081610296823
1.3235626925888062 -5.092885032158164 8.50985665387248
3.088133171447962 -4.2482874496621115 7.507472243018638
2.26570184975984 -3.515746208324529 8.43873412719493
3.262485425314357 -4.207783489914134 8.76618080983859
2.549182698484537 -4.103683589044627 9.100289026830975
1.3044365783228205 -4.027104851197676 8.568851492547806
3.057958629424262 -4.4193194208149915 8.86642189053894
3.2593142311823042 -4.358877371065336 7.285581133889744
2.8350241847736473 -3.585936328333548 8.329293374733412
2.998690284312521 -4.494118162946959 8.483529542717163
2.8063897070442128 -4.646843574755878 8.813678328116909
3.0688018212380794 -3.7794943684882356 8.953226394490914
1.9848944708029796 -5.04329628829089 8.274257764491631
2.204975280386424 -4.4099629432413705 8.709487461606969
0.417330989599368 -5.2030698827021435 7.4167861021492225
3.482891798975547 -3.881446824174996 9.000432499481516
2.452044934087489 -4.014834601358323 7.443857303374609
2.5367890594211207 -4.922553593502132 8.06223246128836
0.42569419778506057 -3.9812746469641542 7.637232645225696
3.2742613234313716 -4.109177591062675 8.94294853163944
3.0092156786389785 -4.294112107879174 7.8241714024985765
2.124185262949919 -3.9097018345705394 7.5017124805677895
2.0043492013870106 -3.4789375347077858 7.627587947611303
2.254598206396224 -4.22310433319137 8.583480253454338
3.6649270437849832 -3.9649173548785113 8.4923463756265
3.1926217189673727 -3.5786666617259155 7.945429884637187
3.773712891015409 -4.121351159962538 7.990854325921854
2.4857766625449824 -3.703935161889405 8.232805644040482
3.5643283725812753 -4.054667702522027 8.34091109711526
4.182672392140227 -3.840753923610709 8.416049762557673
3.3007078980307245 -3.236396681510018 9.074513089739899
2.401519546826254 -4.090208373188639 8.875169655129888
2.1612132538822477 -4.483165104799014 8.933124178029153
2.6115510475322856 -4.177449781197907 9.156892065569329
3.7956324651237194 -4.5258480784478765 8.994324783618069
2.983301052031517 -4.68094975556487 8.172141189847435
3.0084706990390906 -4.580218520517226 9.201819593957488
2.396284633703712 -3.915151375087766 8.759830693617214
1.8858262990153112 -4.634390436682321 8.407814281377746
3.303149979302827 -3.019374337129408 7.587056210485626
2.7410352712824513 -3.4057328713447035 8.889736794688375
2.3822317285521337 -3.9051092873589037 9.139984138357072
3.5324706011088804 -2.928230879694119 8.54239391422163
1.4475913025491445 -5.077436892816772 8.371445584085608
2.8036556620206894 -4.861712001092602 8.420202185830473
3.1369143836827074 -4.557508689370534 8.627878866609901
2.308362450468578 -5.194103595444289 8.299195501822668
2.6738390122693008 -3.8006929441707875 9.115519357563667
2.5190935595382027 -4.80810550075048 7.9308632098363585
2.2983344377299946 -4.330567320152263 8.278189451706005
3.0319667465465048 -4.212127838709435 9.001774747364106
2.0403738448597517 -4.489303416768797 9.079420663079668
4.232498505471982 -3.3738222693002147 9.221858353093927
3.816998055701255 -2.9094443985258374 8.885959871353954
3.729038786519952 -2.761930567678025 9.15238533819104
4.616708695914827 -3.0489809699053745 8.397303775689211
3.9848937592470928 -3.666208718651407 9.049678456517976
3.401472567721547 -3.9135520924246574 9.107220357575962
4.688669968614258 -3.4849179029264015 8.785813270692769
3.2125588108152816 -4.090771933115317 8.407159713702246
3.882741936972581 -4.589027571174734 8.006058603961398
4.033766370965155 -2.1018472100282075 8.781645043859392
4.873281948508346 -3.5585149197826675 8.774793481668254
3.6784233809536 -2.892018213829074 8.217611469292397
3.0580573512321023 -3.012628886646411 8.890676904685142
3.5493431816206176 -3.2408135535106473 8.824283275999978
4.71656731820463 -3.3905375427585818 9.249294657534067
4.108309924916178 -1.9055770732357407 8.10530277345723
4.24068812620922 -1.7461913614437627 8.512592886079023
4.336867618276349 -4.035828658791681 8.44732575754494
5.002414443489571 -1.483750532435305 8.69652509036509
2.953646624233452 -4.027152680311165 8.688084411467868
4.948561816314823 -2.1801817821374154 8.674561640804711
4.482467158126039 -2.8131000804011874 8.33449908939365
1.5394332519954195 -3.8237589424092695 9.239964359816952
2.8878568035951924 -4.173923529089155 9.077696413771614
4.766000903078342 -0.6942060494208464 7.84232909765457
4.19412328226431 -3.4449758170319766 8.28273567026288
2.402480758510482 -3.9418627367639414 9.387950172180581
4.207566366851521 -1.492712567932994 8.769549594722458
3.7858742257418423 -3.5743312797113114 9.49030496562251
4.50544077613533 -1.761547309468124 8.787916847507883
4.515959511146148 -3.661104446461596 10.065203716375764
3.212349706802206 -3.9199862162268144 9.19802744843123
4.4981060451304336 -2.2690007258327456 8.99883450406586
4.0139047139245925 -2.638857587880757 8.3089287304107
4.5652479895723745 -2.813882110028907 8.8381758431239
4.8425664366298715 -2.007104002891385 8.970145503301604
4.321023403696633 -3.746589625076827 9.54964028675344
3.9621858449164917 -1.8431150747771168 9.476408695124826
4.03881019677794 -2.9763994933503626 9.862307800066613
4.050262232082899 -3.5359701538366552 9.382331819797537
5.518582575296058 -0.48983092067026285 9.23582958490461
3.5626428492134896 -3.494095884648225 9.265308772069819
5.144587810303393 -2.312968830304524 9.28500470321408
4.217606630056845 -3.0581143124976418 9.32685939272952
4.816433220005729 -2.39185585643322 8.925724455096075
3.8541787237616663 -2.5636856983231193 8.6631530644546
4.129409598318253 -3.1092588359728115 9.008331365713651
4.460344339053981 -1.8274570136745907 9.87212641530555
3.946148538977866 -2.5708290190560175 9.879183070366286
3.796987642387657 -1.496990892817745 9.021558665622967
4.243795051912218 -3.2711075778931122 9.199514718245158
3.54817085125356 -3.6524958110561965 7.638613918744655
4.45500656537175 -2.4526181089507935 8.717991324227208
4.610413260600074 -0.35603819395537734 9.497327159050252
4.510627690872064 -3.3759466382190126 8.640408620545104
4.662226974852372 -1.7640863209775586 9.430642367081473
3.712039750175339 -3.3919625261375312 8.983509891988657
4.220834918866246 -0.7835631416124182 9.854153694988021
5.081852291790829 -1.1946669332861903 9.91234643619472
5.472604460831002 -1.969314609291188 9.583566986234757
4.082106628674794 -1.3286235589488666 8.472045452121467
4.372912622545359 -1.106249397009488 9.222576539700174
4.803391813111523 -2.859459839666226 8.870177573065899
3.8764194272764065 -2.013509461777251 9.515377483663409
3.889061450487501 -2.259456252917432 9.254750710177646
4.7382676312289655 -0.8185180833465462 9.416571862469345
4.536773519379152 -1.4074252287135554 9.696928870954187
4.966532775428628 -1.0909284288973196 10.35666987355037
4.9682800069286515 -1.4672677750152556 9.097514020863049
4.937343674477282 -1.2960706724486808 8.870093630377749
4.30225632708052 -3.126750568858245 9.354833325335834
4.522345477788506 -1.674423590432308 8.698427814382503
4.660583797315388 -1.0650371054314116 9.57400077492708
5.0473939828576855 -1.5194210935766341 9.270266342367211
3.5606838179459164 -1.7068220944221286 8.773049664749541
5.120122058831329 -0.3303749291225925 10.21429014842434
4.066629000025137 -3.470529642457869 9.701697450817399
4.869536500879302 -0.3465562149164843 9.902751371226955
5.19618513988752 -0.601943450851166 9.324353333768165
4.027377337057082 -2.8308409946826134 8.716122752151218
4.898757461738869 -1.0034528811842764 9.67406213891244
5.55595151857425 0.11466960845098925 8.422043966230403
3.9676077138154553 -2.9940057764478847 8.887293173472234
6.5018582367111595 -0.5101000775913029 10.06140270417038
4.880837648782083 -0.6192610589285229 8.622593690025372
4.618131255858771 -0.9698852021946833 9.849591322869284
4.9307178678704275 -2.274557977749736 9.720572902455638
3.830666907510231 -1.9152121935169626 9.963820290463756
4.177568028202209 -0.851056836906773 9.490203764766461
4.8488272544681585 -0.3398076092957854 9.569768120331442
4.75240814168711 -1.0464734583399353 10.60955848529134
4.9887309833437765 -0.8001810183178129 8.667269108124298
4.100613179359263 -1.666986836106096 9.611366214399183
4.444765776234396 -0.8092269912166502 8.647699590090097
4.840873679714818 -0.7436664541085144 9.08779509127894
4.6532246701584175 -2.4128439581786134 8.983158551478503
5.410582948134283 0.6049838986625502 9.59795632599914
4.182592137800507 -0.2903207550559873 10.210557601348004
4.904335635544728 -0.1510656465899487 9.56419603463126
4.054844935663229 -1.2386894834730793 9.70510896456765
4.402747039583064 -2.4880155384330642 9.468989726507662
4.844774441874264 -2.1392376424165676 10.018278739145716
4.565530335665776 0.3487439406038321 9.618634983010178
4.250445709492661 -1.9006793727908733 9.782052825839209
4.563485378288159 -0.5272817367723166 9.09663377475475
5.282780996541977 -0.2655159168832423 9.89327591382444
4.738088061319956 -0.6656317517971055 10.471939983900128
5.474677969761695 -1.454175945195299 9.914641565049514
5.101360709032131 -1.1253484785294532 10.322508912144668
5.342185745065063 -1.0797202396798846 10.141848917110194
4.497438914547428 -0.8761786488349753 10.525316808729567
4.229773747134066 -1.0422266137617668 9.478049492917114
4.47737818660057 0.7353839609797719 9.988457863871583
5.028825124876948 -0.75379688876954 9.519500747391133
3.9091054151801177 1.460419045826073 10.409266438903218
5.257569233381174 -0.46030539066363907 9.194608800166204
3.985360841012855 -0.5482292210702894 9.391097942753204
5.573791373596284 0.6496923733050372 9.470648987483395
4.773387984663117 -0.07916054415509237 9.821436953417932
4.335165578545393 -2.8802826348935016 9.24992183439245
4.932193705152461 -1.4676379710513145 9.30331733232389
5.176391225633185 0.21404994298316318 9.931114554433233
4.568056120257688 -0.429530167613283 9.849784485242916
5.171480331277989 0.7916069780972675 9.144189488489653
4.483975897525146 0.46256023137689833 9.963585029070886
4.982395868841305 -0.2731703693740832 10.308408680494141
5.340740606686729 -1.3749369248606327 9.89301877874473
4.941006623519898 0.46373365137924155 9.160353597145006
5.355749135466735 0.7901467858196438 10.23763495965685
4.307390482672962 0.49917900110679436 10.899360342641563
