4.7867678635206 0.02535591750181696 0.06764401298072381
5.703677044345251 -1.872729338924225 0.47276613101591297
5.484581855489149 0.3387165882223949 -0.5480802672882988
4.70893872385067 0.6102449078940054 -0.056187805655809955
4.854917724408976 -1.8749945776194228 -0.03941624316722132
4.8292620515422024 -0.8377159992981957 1.278108650118028
5.265130410210885 0.8773006046580157 -0.055227628966192294
5.619309240598319 -0.925612636461309 0.26268476747908287
5.00386943001646 -0.5910359007918617 0.2125407913610926
5.710207249081869 -0.5135993173681638 0.4733003164274252
4.471636580986453 0.5726108318913266 -0.06951698924809008
5.550593777645002 -1.708774230659446 0.6246384320479974
5.3290519285858196 0.08014442393682901 0.48476919186207895
6.035561400337366 -0.1090424055869566 0.4507563974827503
4.310339818708603 1.142087941876801 -0.09346071157523653
4.923646420555823 0.06805949331751997 -0.4318232318085423
5.323825719257241 -0.2741154915373036 0.40342133196670127
4.751580448054894 2.404422794321129 0.23531979197055697
4.803281432117302 -0.23226667084823002 -0.12849177224654956
4.7079930784551935 2.5589718488160456 0.8151862005170107
4.594378396493601 1.9305044855245432 0.28086852093881803
5.003042270137471 2.6259642515410344 -0.07019173803922674
5.403095651777963 1.2847906484938079 -0.3257766262926317
4.61769128842801 1.9017253932698697 1.3788598818900006
5.472780164525546 -0.25628547203987573 -0.3286605857942482
4.606780417167509 -0.24582669323594528 0.5907342778909839
5.197290411887625 0.3972304335534701 0.8617641312345335
5.079396245122842 -0.8453904675248763 -0.3066533726641313
4.442903344349924 1.0253491258719143 -0.15544246560095926
4.432995469608638 1.5192989035489204 0.38595408976317425
5.2867981799351895 0.8511423573636044 -0.14746451518670295
5.648056837748789 1.2349693200950311 -0.05880232406109592
3.8144104148488003 0.4255623366468375 0.44386563256127365
3.993104101821225 2.189418901032983 0.9120959509090185
5.051052297048369 2.5089057714904515 0.6450582809899665
4.929458948841649 0.5684092069093981 1.1454291078874845
4.971989188068133 -0.10409711450950812 0.02164140370752554
4.164846326883003 1.3598371203808686 0.8914828393556974
4.728821336912601 0.4150498313691811 0.21220770368911557
4.6776147739223966 -0.2408797766003038 -0.043486428408802735
4.638380531916633 1.1206151204073347 0.5374584637411566
4.626111584058846 0.9301236851138581 0.4098879081335655
5.152125538094919 2.0442575286833833 0.8358511680710508
4.25268472450801 1.6268963954997435 0.47754951170007304
5.324866179322534 2.0970492810784465 0.09381910787015424
4.34545750914507 2.7735187557288383 -0.4712298691256521
4.579449792897423 -0.5829866982977464 1.2816684327534595
5.344623785441169 0.6609993330765535 0.5304774038018611
4.617182977319645 3.3252960481627034 0.05585921226466212
4.468028948282329 2.359847225001379 0.038540355222570266
5.763203951798193 -0.2314789713264789 0.24569013993038924
4.93528302109689 2.3406815047249037 0.0970632165296243
4.693037145726836 0.7209987369132554 -0.3608658138909573
5.178048175431154 2.6761538313427113 0.17971591761908418
4.7296674943362085 1.6964605801550958 0.3677448862473677
5.394304955288969 2.7475903942245576 0.8897324425982526
3.808889482561009 2.5219557410106455 1.6257487003944482
3.6825402524658726 1.8797594591292701 0.796361913442726
4.957164329920483 2.052849776660984 0.19917504492954102
4.601967692500488 2.0974948535511606 0.33151268884980756
5.5001368773812915 0.27084371207692587 -0.37895566931882185
4.721470686431135 2.9253171693902695 1.8345593388821344
4.9614335274838774 2.20500709790857 1.2265000511820532
4.0444732005322335 2.308293140683645 0.9623700836334228
4.164085239147185 2.151232707238942 0.8366404505141702
4.63665846987128 3.3367613348593506 0.9649372333658873
5.6650686651732425 -0.21061650005856966 0.8813309659676767
5.007702047221216 0.9154671569694854 0.5932068929953791
3.6407961774176565 4.618231508288531 1.1753925879191836
5.50712893695365 0.655486884935293 0.44844784416437555
4.9979836880000725 1.447981056976857 0.4848911627133665
3.967909281474866 2.2595602112172997 0.7411341099189918
3.7075100179899243 2.0210096431460296 1.8077701598746523
4.395697416785919 3.0489723846975627 1.0058082441431775
3.1418411186148814 2.615160525244069 0.7986866991947191
5.733662998511704 2.348093586136629 0.024302306650434646
4.938313708684818 3.3426530986400786 -0.10676604846667748
4.2379955827319655 1.741218994283253 0.8372022375053668
3.868167149323932 2.400263748247429 0.15277558359857102
4.173883661200139 1.8609904338174548 0.04187688604360684
3.2983139231601855 4.022346684991536 0.39456526758530247
3.43178695032668 1.8561551293299754 1.2914452398592342
3.61858527633945 3.522744669795942 0.4152350489728558
3.8443105755342626 3.6344427520200977 1.097656190559856
5.279431230887114 2.128630550351652 -0.2156961218471547
4.039513582369823 3.3334494835369823 1.159178719322497
4.565003199655059 2.208639429088277 1.4343473936187388
4.712313725861 1.6985351192274922 1.7452007079198113
4.713685768097141 1.9143483726334916 1.0163523007676545
4.501834759161812 2.45379339880893 0.9062330428136086
2.1069995616513975 3.556419856075554 1.3089136985874434
4.356447329114102 2.118751638878656 0.29932774596972
4.668160959233265 1.820124791599619 0.9703997671239452
4.444692718242318 3.536797372200887 1.2358209054870342
4.160398622835137 3.2053859227180763 1.3988669481740168
4.673871725804758 2.691021990119546 1.364002532697303
4.392061502653604 0.9864574544115857 0.816412970717091
3.6012030545969775 3.6753431211143934 1.1687916247677441
3.6835986685580973 3.6757788336188253 1.0709551597586915
4.032366210415009 2.3618425412876882 1.8849176732232757
4.326544825547767 0.8651501417888245 0.4450071862182775
3.570839485357067 3.092585170932564 0.7742847203222972
3.280130528083341 3.537770365672242 0.46079598672954136
4.589035076823123 3.106379464271816 1.330733135515736
4.3049151119732025 2.687494928111394 1.1550247931933855
4.066193539678164 1.7177667279216364 0.9142559095293519
2.8541059870630074 3.7876756322088747 0.6336024900569214
3.864833271384005 1.568762646007669 0.46935994464353725
4.682948485789763 2.4613694818887586 0.7994919651880461
4.044647051731933 2.531856325971514 1.0676549406743694
3.583040824777167 2.503541991876309 0.5804635785497111
4.066956840161807 3.9694010236111112 0.9063520460512442
4.140483337609388 2.6660024732137537 1.1886516675771075
3.8935081715470776 2.5078313739820395 0.8949749103303262
4.839876375811415 3.7269127440151304 0.9620022096999055
3.944088087537601 3.7356356811779254 0.8906599238570292
2.9442098916814783 4.002523941046517 0.8337413068952633
3.5974916897434928 4.355256013861462 0.9701475008766676
3.451628845736889 1.7670970412743958 1.9893597186527519
5.215470563235683 3.29997351379284 0.6722962729904579
3.250325765346578 3.47257623416851 1.0326322318864816
3.078959440225506 3.6300247697061248 1.032861638328852
3.8061795833086007 3.186124510501194 0.7887007711250114
2.2157357636580524 5.342059058095108 1.9617256284529072
3.6804176754199665 2.7565353638747467 0.9810323502250305
4.646718158962757 2.1412895412435837 1.1979205858517568
3.329730988019725 4.12609262559654 1.8922586029108879
1.9811537993697492 4.391448423741145 0.8221804273697663
4.038741787769262 2.7380694519113042 0.9944035993698452
3.6732016025058996 4.5675343063989855 1.1082682813547418
2.9224279201177543 4.259140668678309 1.3807246921032996
4.012841297008295 2.8956370972524614 1.6877919171169247
2.9423408288887396 4.812090136665048 0.5808993835319367
2.8320683475125654 4.5648951173491525 2.4337955422761386
3.348404309977826 4.67846136383947 1.3442032425973902
2.454823862069023 5.035222976654171 1.4861303957194745
2.9703872020482196 3.476350972168558 1.8877604340223932
5.024006028197506 1.4243535944770485 1.1789239922899724
3.5031201713432503 3.5462736956968097 1.4812745575743034
4.587033603474497 4.707917704832749 1.3879430379140578
3.619924511506858 3.811146064790179 2.2194835516505047
3.3406844197616827 2.947485533343313 1.8147636260719477
3.286971272156834 3.2561558335608725 1.5399022050905937
3.2818538328303384 4.652373403663717 0.711506723519877
0.8819242922001786 3.6882645413018746 1.8573159845802114
4.011745200081702 3.334838569050705 0.7082153084582887
3.3840216196856225 4.058280579008622 0.5386878959147966
4.009159379982185 4.230296339966101 1.5706558645098494
1.9668239954823783 4.647063673874046 1.5010559614769663
3.497964581224321 4.285720164217285 0.9338705805631615
2.8544457849709852 5.2652214342575645 1.7808876139115095
2.352385227530948 3.8921115545997136 1.3164207765762421
3.7708408766822923 3.172649021879452 1.5788496891493558
2.8029318956944564 5.065376195786325 2.00797685508048
1.6823566344346124 4.1924190452391885 1.4046772162960386
2.618481375640113 3.147115316065068 1.8937748513173698
3.384982755723584 3.995171419278659 1.1433258102206125
1.94652168127869 4.451593718729278 1.3407830311336253
1.6412512899407157 4.348920993732518 1.58352987981588
2.8549780491172685 3.270494243481049 1.5421788827444924
3.890936852534928 2.546943819498306 1.5910907711636861
3.2717591166287714 3.9923557475569607 1.604665105599076
1.3143679778386075 3.669425984048791 1.8114858089522112
3.639539493066709 3.885491244581291 1.5324669899855086
2.572523315982098 4.455603812619181 1.0617451075225146
2.8952745765304466 3.8060524315100874 2.1520851726056582
3.3652279459039574 3.948305858226433 1.5698892549225398
1.625024715467191 4.677160324978205 1.5197425012681194
1.7129996845085804 4.070440259062799 1.3860680681025814
2.0733526503286464 4.34612885078794 1.7842005195034674
2.543240900237335 4.4525179587526695 0.4925312061063918
3.4310430328641073 3.1998438866842323 1.8868604852111195
2.969507725181881 3.824741472459208 1.7553572649275926
3.5776530266895743 4.140860781084312 1.5008109959151774
2.039817148553564 4.554999127431141 2.104822898049555
2.791860825463663 4.115227224855804 0.7019516606707938
1.4545543850756117 4.39221354272633 2.335015295412703
1.9073592801128367 3.8004242449976107 2.1247722887498566
1.1022390689979222 4.2663319962738635 2.309667597779063
2.7005329967029192 4.375528619003235 2.1280830186247166
2.0732411489430436 5.1262207485632745 1.4602436259639313
2.8587460205978386 3.794634037822375 1.7544323909724848
2.379396613434204 4.6238599974039625 1.8352259777985271
2.707244596390756 4.069574203442672 1.9863641606412556
2.37855430386656 5.023975016605021 2.5367996598468343
2.189158819226272 4.453752768406194 1.8726915201315149
3.3430680072589616 4.548610962711702 1.9031249922242703
0.4140369408243463 5.2525566685922165 2.6273491163669638
2.1330485041976077 4.604827283289949 2.5111008597525215
2.0176311213432974 4.023487043905611 2.144414698604984
3.722016597487467 3.871173907853794 2.418415437304404
2.2810267512934264 3.7369911049965077 2.192482688518407
2.085666670984228 4.365641532043736 2.243715889016351
1.8250113852582173 5.929844708425202 1.8985950879422702
1.5040063921791678 5.034958267438309 1.8926359809518152
0.3027061300416344 6.250254849702211 2.1085185472555037
1.228226582429841 5.789566679515032 1.5618009150040686
1.4635876810539503 4.734418628912861 2.7950602447609287
1.0807014620232562 5.2792199990743605 1.8852158483276615
2.3195814149351626 4.565427956451383 2.1151946123704866
1.4072366373709237 4.140473157029142 2.751221879569302
1.137403595944419 4.713703000479937 1.3077847804852802
1.268195764467722 3.624813860359408 1.4301181499793918
1.6870806739400193 3.814487519104359 1.9146618388618433
2.7661010908668366 3.8105712849565463 2.8972626541837645
1.6178564384311147 4.423032276905502 1.8722241311202454
2.2679816376877655 4.454080652064019 1.8848627262669608
2.928235401662093 4.797112003666797 1.190631198499506
1.432049546121887 4.155563727499289 2.464031211725668
0.06153209931074105 5.8549549680141535 1.3852346286858075
0.20778723524722742 4.9961189333818385 2.119151963300193
0.417218842091457 5.495967754061715 1.4502980027087875
-0.06053105348978516 4.999287500080318 2.6854901530949644
1.361094921403469 4.14219556582737 2.10851933577766
0.8937112222921271 5.004140512842081 1.8024224479353095
2.690171047532874 4.05753137632637 1.3527615889590425
2.6969359726172057 3.5970612936852078 2.038558418981315
2.1602749732551727 4.718784594931457 1.2034890092068005
0.9806827895855871 4.884752666564004 2.443957782154487
0.007358147134015273 3.8758980245455996 2.1628628079991734
-2.207518714685774 4.993273307400381 2.4051998989407872
1.158608838903049 5.7512854860360285 1.5313005883082225
1.9400234636164966 4.954895576820485 1.9320420438037211
1.5530515984661144 4.716610214932295 2.5591042366693424
0.9481238278761845 4.764510559394124 3.193382357977108
-0.9737131677588272 4.542047055274414 2.1132108569316332
0.788860049614376 5.450400522669269 2.30322109664228
0.2432460387655295 4.7652767798025595 3.108268422467953
0.3246491388346912 5.002793412825616 2.0272319541673838
-1.0039457784494303 5.479153726917295 3.0352555626141315
2.342193112607432 3.44108620210359 1.2269853815863572
0.08853178955925915 4.724065209653992 3.2994559331032196
0.6000172357983914 4.829380020805426 2.1419213676633557
-0.11506548299420814 4.520221107926687 2.51576183530025
-0.9330775478434797 4.789886651622563 1.9631624771055634
-0.5631282662055334 5.112868546843704 2.2423326783593525
-0.6678019755113603 3.4899962526645165 2.3815227129751073
-0.8631802882350189 4.561413902391974 3.242175726833556
0.35114325305312455 4.80514699648771 2.0977975072185044
1.777277247586348 4.794815719775789 2.0727506413521093
0.8622729472076278 4.154894534111387 2.0467237467380848
0.7577815852869868 4.700463442126621 2.568081981660958
-0.3922505861039265 5.336545622982408 1.855578000480338
0.6186042845081057 5.330368720971788 3.049852557154767
1.8903109463760661 5.053647602562743 2.1687906571948563
0.7476383482491148 4.998930765433286 1.872217627687836
-0.6959792076332102 4.616378177600794 2.2326449085312166
-0.41776301569318425 5.423056926813182 1.9016986964876925
0.8240673868504631 5.159739184058016 1.8660952877607369
-1.1533402472762135 4.577809852990541 2.2736184117823153
0.7610425107961689 4.6524743339138865 2.6237979232629125
-0.6496529028722957 4.9731350835730845 3.142204255667081
0.9351759490546053 5.013182896175741 2.6005865595265365
-1.5558357928233055 4.921299531098987 2.7896572722773665
-1.868457979625685 4.7988514115168766 2.456585213029647
-1.3462627812112804 5.465517369647547 2.2234892698030566
0.12552123752053382 3.9976453436987196 2.5192309105372876
-0.6428964102788465 4.22126923049928 2.419665971775431
0.2382107136654548 4.964164171270045 1.8478051968982376
1.20787813002993 6.0204802204548065 1.5574578806863981
-0.41167514785140547 4.959583530333736 2.459372450106163
-0.5899398417545062 4.949126712562941 3.9461621003363114
0.22189212610567877 4.954946466064225 2.5069434929936842
1.341064717101783 4.1436426750973 2.8392109158373975
0.26157785519690535 4.487586653086866 2.776743341890018
-0.12503256582425867 4.407653382862661 3.3253719133928694
-0.5782417083693069 4.76672074304853 2.3993427590843224
0.7047878410179613 4.582219092051904 2.925201055366938
-0.9500275011044468 5.65526119535849 3.0256339085997275
-0.582425905072039 5.407154443630675 2.6253428965105736
-2.0267816361675344 4.161629172965929 2.31570524686765
-0.8508813213376122 5.453914549529477 1.7869362679699534
0.8900149165666309 4.770724462360196 2.481036350965902
-1.2827869724922127 5.0569349061639635 2.015826256728827
-1.0084764585435424 3.9522790052776213 4.076882329732207
-3.1631670088017434 5.350261273410049 2.6005484021973624
-1.510835670552387 4.1279490599827735 2.2562984291677193
0.5713929215411772 4.186537066629646 3.0945206749284964
-1.2482504352747008 5.184942729906556 2.8092860548911482
0.9544459562224537 6.212827291868542 3.249271713511823
0.39110170412199124 5.371294024094885 3.414262295522856
-1.2647870482983548 5.072608513146543 2.9823602791035317
-0.4343873096809263 5.4469351468584515 3.5062212624970908
0.40538967109529067 4.502109618829246 3.0010899859892324
-2.4095331944157685 4.425927474745834 2.135888255812757
-0.5089822512384038 5.673044328100775 2.326193148260394
1.0330086059654637 4.458036868148555 2.628479061175633
-1.1926990060061538 5.396488033558279 2.8826820704802705
-1.7578704687760367 4.858724370701111 2.835552680215656
-0.5985945645058636 4.9722466267303345 3.235222113569331
-0.8942002302214561 4.249649974220964 2.2353823816455463
-1.731259513025121 4.6459070554121995 2.945877957245183
-0.04578076683313995 4.892973431017273 3.634969498094459
0.0044585704423850065 5.251775876452996 3.1416640047899613
0.2543002546648778 4.742750078337343 3.753338873967607
-2.506483005399826 4.456336932701262 1.7854384095720022
-0.5109094035490067 4.8412537796178166 3.1339023181494507
-0.9450344943035959 5.7157332793426905 3.330733962401355
-0.6350289423329976 4.631778462132054 3.4516368717506167
-1.2663327078059308 5.7366323780538035 3.4283886617877775
-2.796758804641691 4.774996307863237 3.5229451937943814
-1.8529941778945074 4.24112311273129 2.916485569647206
-0.7760996596166643 6.0030777590280495 2.1367753994624055
-0.6437080763168022 4.423573838764383 2.7740042069953343
-0.6248847245622535 5.13205375140669 2.5590400315028563
-3.7795765546767814 3.811677439317691 2.6670706828801527
-3.005977196044141 3.5265300508262043 2.5916930178931756
-1.320692931711504 5.581842008677843 2.7041822133224525
-1.118186989836588 4.322795209173311 2.8626529045021343
-1.5401444039075312 3.9365749458152828 3.2572971621609024
-2.8162423522012823 3.7910050016425436 2.850243876373029
-3.238580413403419 4.123638741741968 3.4952310750425175
-3.528704025017785 3.4664780673504616 2.791056483983887
-1.6108167365641672 4.930534683239368 2.721933179377953
-1.8254945910612586 4.1510705640347245 2.660747546887228
-1.1006746193825265 4.678384132696152 2.8928633198601585
-2.268954729191905 5.499300622159521 2.5645836667829554
-3.7254954923443235 3.3685778602549923 2.817316771891854
-2.46417642598553 3.164290895477004 2.820900265589321
-2.124581151559086 4.6469851422465585 2.7873514327642583
-2.3065388364502217 4.154016580071642 3.069856037837871
0.7638148140330138 4.532853168398817 3.47907698377727
-1.9930934560157003 4.208246114893915 3.434699173903991
-1.7061136792209435 4.343297374021386 2.9688853369018537
-1.1073461348460696 4.2924959869645285 3.050673221560948
-0.37566236344511905 4.823499127632059 3.9663499755601173
-2.3034505214948715 3.42614204471043 3.3130533722380298
-2.4062281889531434 3.872397858706463 3.8674428675848147
-2.0983534719210835 4.112603584311882 2.969872401755379
-0.8981414127572038 5.30883360903871 3.8552173414162567
-4.643320442103598 4.438002797092673 4.278896582091679
-1.061039183054759 4.704164276963624 3.683889927630212
-2.9512715947643913 4.460657833871956 2.7018343278070223
-2.987325672927265 3.42562287991701 2.7349451061955072
-4.7988017947732144 2.33106577234159 4.079577686639026
-1.2477683817384764 4.474533138430886 3.75876931906545
-3.18289978275396 4.262759012350806 3.9915572325086797
-4.558752409366363 4.053209609867375 3.072586404524318
-3.8679298165931035 3.4756231855995057 3.3482906315632524
-2.2323717928554783 4.915620819530186 3.532720747280503
-1.2637618304095828 5.610287859211796 3.5839170698705356
-2.479893679544381 4.602907313403591 2.9640257961750587
-2.6166722941189495 3.5212711365771803 3.846401692944853
-2.851193286385295 3.711781657977675 3.7698168055515535
-3.0470727953886567 3.6214458971012355 3.9415151421795325
-2.49115192474892 4.362526262927561 3.2808553493328727
-3.32243551113015 2.7028988913234424 1.9479612066153786
-3.5624473174957028 4.218454101925172 4.220063444615112
-3.1825287396604196 3.2784342635657513 3.2583748829376153
-1.7379818566991765 4.257185854069698 4.54978909502292
-2.412578215721958 4.523717164933443 4.342066295718149
-3.4410757905869396 2.979628188620524 2.685725306054106
-3.7609886044356946 3.2201511377051473 1.8680246149894006
-3.2842548731117076 4.687587300425363 3.129208917521342
-2.984249345508309 3.1557003355746227 2.675295878251674
-1.8238743837961926 4.4092935280519985 3.821013171188495
-3.8374076912531447 3.6696581072339454 3.2904338300244285
-4.2215942754413955 2.9404018654534654 4.11055096066208
-2.879586855268457 3.204923431203921 3.359013100592949
-2.0418619191818914 4.04326854068959 3.5868858578267955
-3.2879697915018085 3.173054279169503 3.467780648476663
-2.8563444397637032 4.409675192083137 4.691985355913745
-2.4379465453634457 4.47611548260057 3.7829576352252428
-4.077072669821428 4.692154026773049 4.312110962820881
-2.433568268887827 3.216440615436998 3.8407453936304976
-2.736243302137004 3.801708109967437 3.5846104251214577
-3.7310362342790775 3.703537912060316 3.635197961594902
-3.616670938688826 2.2754782638380453 4.0397221605738975
-3.4193904788953993 4.286517265673671 4.030240522645506
-3.611895428472269 2.7530812997410647 4.871229739997703
-3.33976107128799 3.6429406741542687 3.8329108941431804
-4.168637069785541 2.4248413930306123 3.756266115184446
-3.578002499700448 3.611800596856982 4.3155916819773426
-3.1928863143862722 2.405838168855252 3.4233073939659886
-4.334231591968232 3.204423364307365 3.7820171381395187
-2.40658047738723 4.083017822083224 4.219671803878257
-3.8225448204412853 3.800183994788212 3.635139866749888
-3.753447253035454 3.5123864332854025 4.513976447278759
-4.116500113145623 4.005054606420208 4.175081906376346
-3.1718706293182244 2.6367488299149766 4.408789613571317
-2.8276249811262435 4.545434801731895 4.114405891170828
-2.1797064841070863 4.800704293616797 3.0186625623379384
-3.6275211387269044 3.3324811512357977 3.8429174264134156
-3.0756991371574807 3.8699109152388536 4.44360166467539
-3.620177541993552 2.461764799756699 3.376482174349528
-4.037133684944091 2.989085100102944 3.729983247922087
-5.398703516278815 2.1511026298489107 3.2882686487096864
-3.7322446357752534 1.5922456373533693 4.383751902905326
-4.37785919825131 2.2816339042973226 3.7925588169505797
-2.7642488439476836 3.5614361417141653 4.021000675384699
-3.1840454137856598 1.094660954987421 4.114238247302693
-4.994007956776918 1.5690401185119864 4.479213230268529
-2.584268712032668 3.937474185512208 4.516204213250955
-4.597708432495858 3.8550441273631915 3.7698561996366906
-3.2074562111089233 4.438599705192392 3.576268940682273
-2.595271972349414 4.142881417483332 3.5751862871607796
-3.4781011045269645 3.611788897458045 4.522636628460362
-4.92443215419514 2.8994771170747633 3.623993224044617
-3.125038755335006 4.252143323300576 3.776280832055805
-3.708948701993378 3.6056359214561975 3.6806651194792144
-4.857616589434186 2.3623941877987735 3.329712148795684
-3.25682394893187 2.750537643654442 3.917692073201003
-5.090289531375006 2.6480526603353276 3.6961837934330712
-4.336813801919916 1.6534810916575229 5.862364562703658
-5.157701857120005 1.7092123238647803 3.6358981640035197
-4.510882692958899 2.5309295042448037 3.7034241836569852
-3.6264874262734583 4.321732042790754 3.2723011851051993
-3.148984106374982 3.240181568629219 3.307127799724925
-4.232071242937769 3.238947811194633 4.40637349806453
-4.05778782805306 2.285935163692129 4.253004750532702
-3.9088854847240238 3.1655044311755938 4.717371423952525
-3.5684283667622045 2.7416237849995917 3.8265632506266116
-4.042183632132882 3.087014283283698 4.299607235457666
-5.02404165735614 1.5022122161129912 4.06204415769842
-5.415567183914344 1.8919850601658492 4.311431792882403
-3.915969213145337 3.173124577147409 3.131217828382832
-3.5740637557201573 1.1183758551252914 3.3419060844647785
-3.9428874144835544 3.5372860192535938 3.782319364504183
-4.0118439965098 1.6777349264934434 3.7840942093676078
-3.415164062053309 2.5472201925238265 4.6568522807664285
-4.618585335681306 2.1014821555819654 4.209649860474875
-4.790940951187285 3.018920486662958 4.360335639476112
-4.13704031763582 2.9351815062692816 3.982602653681179
-4.6310164892382515 1.3042911058661588 4.6009424688841465
-4.501925262080609 2.1479769798829786 3.964478607215482
-5.565850470698645 0.7556226454331205 4.812055823112177
-3.0511174253054856 3.0062737950548226 4.681414676426003
-5.3130799343967094 1.0179272092135963 4.156889481509962
-4.684197455134295 1.2892811077373378 3.4712857280818845
-4.243221092430974 3.5474904716016407 5.32226410224566
-3.6783652259854502 1.5326430296716262 3.2751680678035706
-4.592298979083135 3.9828903580478854 4.203285576397066
-4.9924734718636365 0.6330714283295944 3.7912301141087013
-4.687105173508017 1.8692667883641159 3.949658277058355
-5.382724477795976 2.2864847968328057 4.114781929435298
-4.450806610211589 2.1380452407726698 5.11696688803098
-3.4610839269203324 2.449232363999125 4.307914867107304
-4.857230024139601 0.8404624477467584 4.169101159094266
-3.6624238794988444 2.742918395908085 4.336048820948169
-4.460832734951243 0.8174498175464902 4.541633089210627
-5.219941396297244 0.8100973544158081 4.460213976965005
-5.10081280504022 0.8707000810858966 4.225913065280947
-4.686219080646129 2.566227545030454 5.36203873407719
-4.183415900990949 2.20920677228457 3.8989854281690497
-4.339362150108925 1.7583544055028013 4.33838375231312
-5.334490609503309 0.5861890735911091 5.376203399975165
-4.474874844773695 1.387573463214217 4.144568237371098
-5.074164412603406 -0.1206975626776577 4.328563902732282
-5.37742549896239 2.372034165059256 4.314294256877806
-4.9311604949317 0.05891822620002299 4.2753715042425595
-4.152551686654285 3.5057788982770823 5.092315872482598
-4.996011521147242 -0.7346369582287393 4.546604418910572
-5.160624886173535 0.5826657022950362 3.7622464956457717
-3.5919081371809285 2.285429849775626 4.688960774072673
-4.935749542557806 1.218607559378753 5.025781319778444
-4.718004006203616 1.6395761994173272 4.777754756835508
-4.6262000698336605 0.8520615605636926 4.998245386693878
-4.6605054968152855 0.33962955922201593 4.121198319119866
-3.946024710719589 3.09911023475779 4.849795847993138
-4.820061558915185 0.22625165400686495 4.172961845273987
-5.5813523158115315 0.11472616646920601 4.655185275203065
-4.059599958321818 -0.1590804890803402 4.529329900271508
-5.0558608198905555 0.14390102142180483 4.569735850617419
-4.792294015873123 0.8415654873393502 5.08091431998132
-4.430656559687129 1.0057374162585644 4.637136372335269
-5.5110220952113185 -0.10583163844442683 5.423036123322872
-5.299176439951162 2.6856470140948225 3.5378972336444345
-4.870866777717401 1.9583128415536228 5.161524587261749
-5.4281679769663045 0.776120517631495 4.713148735392251
-4.51109812259211 1.8368839601091949 5.0099874506107325
-5.35119456344786 0.34150449518547626 4.4845229908711515
-4.65317159443773 1.4641470417767997 4.681999012023625
-5.43694078525999 0.41055319166400234 4.307505211755704
-5.252758981889877 -1.0907854470424292 4.809546804636764
-5.020782079888881 1.2981813690461184 3.765964718886946
-5.153451360242911 1.1730772571969064 4.775572754050938
-4.788658244892217 0.6322251254231867 4.039698300718746
-5.407099144778245 1.1845467151824218 4.664768762775219
-5.250365425967499 1.1280238302397887 4.914178461812899
-5.007257170056062 0.22319585976886128 4.285188073630172
-4.876841975970829 -2.5129339072177452 4.671033691498927
-5.168439226194768 -1.0305397522439366 5.042851022230719
-5.685172532588841 0.41268319561793076 4.7524548743805655
-6.255553109958975 1.0827235455106798 5.68544584511312
-4.783544551307194 -0.14539114225950045 3.9687170952898696
-4.775676055251419 1.7308423984817203 3.2538085799068535
-4.824397072883465 2.086171075937935 4.818688718227143
-4.669288241652951 -0.6550806501194923 4.6546353069278
-5.424160100699633 -1.1504154305622125 5.144018566700178
-4.671056264409658 0.6354690276635979 4.426350465408178
-4.622954529375447 1.3953267243950922 5.360848854540088
-4.1937164940255265 2.4558661049681696 5.147594812582819
-5.37877889801285 -1.9686086522926127 5.979207436158531
-4.873389794030966 -0.0003743039313321592 5.971323466771077
-5.913373369436047 -1.190843647051722 4.2346664581654725
-4.216265533493432 -1.9722524609725152 4.195870101682429
-4.731938108048225 -0.12580129339544227 5.025507488544869
-5.465624689271603 0.6532211497719704 5.823258144535668
-6.078375235427912 -1.1754281804370665 5.251917270453971
-5.479712653568676 -0.5778914886557962 5.400022323705357
-4.553285876461984 0.1281400880667924 4.786773183546154
-4.826062111563628 -1.5001805660082055 3.8970805614811996
-5.217734295061038 0.6393057880924631 4.300644597594028
-4.485437176691856 -0.7394064901686286 4.139452269268364
-4.051087901909582 1.0538217128009675 6.033106922102034
-4.7732993660775405 0.06643368846960193 5.2949859490164854
-5.1511041789057375 0.7929602673943177 5.358058588742625
-4.7631441645251416 -1.2763593693415807 5.026641057437309
-4.089540512847228 -0.5877710221952703 5.223200465477977
-4.3748924730415055 -0.47160174053256504 4.590813672601993
-4.415039039123414 -1.8107077803226619 4.879353814632895
-4.644291365640183 -0.9764463094695638 6.034495001917788
-5.146414577442561 -0.7156429777805088 5.171415516092884
-5.252716841929125 -0.3036925655616098 4.9750257566043565
-5.326647029739657 -1.3291534134366971 4.682086380171159
-5.9465478878445746 -0.22245344608306158 5.115522449345564
-4.9721218319682245 0.39273891076363854 4.293067302906341
-5.28025581395354 0.36213845067048506 5.6454943975006975
-4.55005610151862 0.621755839483558 4.9882276923803905
-5.174447677613907 -2.4675556174692255 4.100786612166253
-4.2701138947401525 -1.1229443344756196 5.0738819016076375
-5.234520479127708 -0.4458536118757601 4.464447773028035
-4.043169070575513 -0.9018042044482487 5.4197428110140855
-4.11107130194908 -1.3202625612439622 5.0676252355744005
-4.01029182517637 -0.678664039342368 5.608846591703964
-5.869887422839415 -0.6150624019620459 4.744264056824226
-4.255639637012729 -0.8229013073056721 5.453042749347869
-5.15067363399945 -0.5531591909632715 5.598552691769662
-5.488496042525206 -0.21054923672487819 5.20087414281831
-3.899420387584984 -0.7817346795317918 5.077541228921896
-4.419690318826915 -0.031525991622926505 5.171093767170835
-5.313403816725816 -0.7283441033971416 5.724533570828877
-4.002076945547317 -2.1216529818891927 5.883067159957566
-5.117482489284829 -1.1594675217671813 5.367605061120637
-4.728261116533661 0.2070213098453382 5.494479783289873
-5.364691603095528 -1.8799112438418815 5.2299666419302
-4.134838291409604 -2.1536477588131047 5.177708277376634
-4.010137499949258 0.5052299110777496 4.78606346442781
-4.8052779623627115 -2.2175950774045505 5.263770742372448
-4.378609192096311 -2.388461067968412 4.997342044975247
-5.41031747231702 -2.108234166649711 5.497853145008756
-4.633292145014293 -1.0653151549140578 4.953796283731579
-4.683453913999864 -2.5449608563559956 4.565302162255117
-4.209469957368688 -1.708874197529934 5.623959772205758
-5.075436524941004 -3.043691245596021 6.5041931092448735
-4.487655787622334 -1.4580598154097169 4.637830111550549
-5.114048565121228 -0.16193667386063768 4.378084955285015
-5.148180961571391 -1.1645972235991306 6.035652938210066
-4.293191888069955 -2.8541065533116523 5.095081227854064
-4.70378249137873 -2.4980276474259933 5.550152444610403
-5.234967843733736 -0.18700356194617382 5.218151552153929
-5.7493568240826995 1.1478099142969074 4.386667045078819
-4.050680545317754 -0.06681755773593653 5.70723239800983
-5.76617539694187 -0.7995618935766162 6.528247346539365
-5.066420514810879 0.1340743961233348 5.241533478048529
-4.660469765652723 -1.7031933315941001 5.896420083089042
-4.10577498906162 -2.57572760342179 4.941269026916482
-4.401747957196377 -0.4804118104049529 5.910247027412558
-5.077592595855978 -1.43727088318796 4.224718068484151
-4.765815204183971 -1.725221952236111 5.904095102377019
-4.787513734053316 -2.1338315287112404 5.691930641505649
-3.858393489727468 -2.5688231791972647 6.149746661043267
-4.481761903476831 -2.87080622728976 5.996608750486477
-5.137580696420738 -2.6576955581462416 5.812303620554029
-5.786278298503912 -0.9672610827721584 6.117991896408142
-4.128229695835825 -1.644493177891085 5.736561025372757
-4.000580172860812 -1.8942716590903588 6.044811751670649
-4.569408394543527 -1.4406306290076487 5.351120613789917
-4.341779926810942 -1.7799181817510792 6.475805716421831
-3.4729462699801563 -2.7965730793413304 5.526233133422402
-3.8246853298477226 -2.535956062236279 6.036614473401289
-5.075693503237281 -1.9872716574291767 5.6733289291300215
-4.649882991603639 -1.9470657065299768 6.023518586163327
-4.338130769567922 -1.3390068093370575 6.342667306642039
-5.078142256414952 -1.892621327571961 6.168548740540205
-4.99027152322132 -2.7041041759031637 5.668517074944501
-3.883665536961849 -2.634095864192603 5.643947703494939
-3.059646837263088 -4.316673616160972 6.18095782434343
-3.8047134149164354 -2.6852418895683137 6.204816209307623
-4.587137382928583 -3.050019825798322 5.850528155784174
-4.331360133300842 -1.916073715816559 6.43801298365795
-5.231264046236386 -0.15958816536562523 6.455949125097103
-5.045049487750302 -2.054369618677743 6.061113684811458
-3.878971708369621 -2.7109393150242966 6.181555150314231
-5.042634507283542 -1.3663182125174136 6.13425806518983
-3.801144388247803 -3.421657860105459 5.6145087985324675
-4.6704225082334165 -3.0911816811419968 5.563900601377669
-4.7370174684854724 -2.8035513436824524 6.423299172305852
-3.736760572597334 -3.1563674493594163 6.107202786391475
-4.649954299229236 -1.6237487777382031 5.182488412039319
-2.8769167327500926 -3.6786551050649803 6.462392936389586
-3.1792566542689276 -3.877215043502546 6.247068524270269
-4.81627351726836 -2.6121317965558064 6.601861274863787
-4.564549604295627 -3.4795650556047626 6.106267457449176
-4.718079921847449 -2.6691378143169393 6.082253626520805
-1.8992585224149987 -3.9437415218009813 6.012269137153552
-3.179886392462361 -2.7252262052574974 5.357883940778742
-3.8743268143014338 -3.960304427539066 6.291222509190172
-4.264136835980036 -3.3974131510098133 5.881069853316134
-4.5074849898743405 -2.7133186652099988 5.02927722149542
-3.554568034481632 -3.3625928965829273 5.214515747943939
-4.1286645681936855 -2.2467148050112917 6.205052274068619
-3.4834386218077564 -2.9022503527237196 6.0853172012333605
-3.4689374928657197 -3.446605356285418 6.085791105272729
-4.210306045819058 -3.088995861383981 6.053048593939372
-2.973667249240311 -3.0540483142507515 6.548259392931584
-3.6097202225791962 -3.5117143043924433 6.978344703147554
-3.5473257751396017 -3.354126801916351 6.342016279294635
-2.963304999482157 -4.222217081371204 6.686261266682681
-3.8791780125933317 -2.5127882093408807 6.199844283632546
-4.464934288279925 -2.4327430278831925 6.627881384969996
-4.171545265495663 -3.705155944999978 5.496397407968177
-4.939494425001758 -1.5000880019831457 6.107793045258072
-3.085757861293853 -3.238241851432355 5.884324520557138
-3.4266131483878293 -2.4018221802190136 6.371995438666743
-4.721486876159862 -1.4749342779462675 6.302096136611408
-3.4654994926834033 -3.185661591873123 6.228138047633087
-3.239179798493864 -3.4876725943978113 6.263942981253305
-4.726993355718763 -3.3685920896829478 5.707471968493564
-2.4127086700041636 -3.7478640262481497 5.642152663785936
-4.102367447414944 -3.883567694486027 6.646742843374279
-3.5979692438101827 -3.978910235208617 6.310315591256096
-2.7091098017121964 -3.8955756222621636 6.5292832564928265
-4.0205993303374745 -3.3488078745426946 6.823528547641604
-4.0902335259963625 -3.687380504964982 5.863986080889438
-3.719870363400589 -3.2169609111911512 6.717855920153043
-2.3611374090456185 -3.90634558255964 6.785343557137308
-3.851735917945357 -2.7068120235364286 5.670191049382347
-4.321742304132557 -2.7663819832950862 6.285788643871372
-4.326172893274986 -2.910434990248452 6.709814508456348
-3.2557698764029808 -3.830353127837449 6.76068126553478
-3.2292279712978615 -4.299801065401773 5.533782441903516
-3.7741320267651446 -2.9995793321660478 6.979233468097268
-2.9629119622686106 -4.02140242687218 6.041489642180098
-5.176053410599928 -2.751462158541491 6.526126552138523
-4.0462300260714255 -3.589664691730842 6.315991238062486
-3.1221119490778797 -3.1014968744595968 6.345283204779908
-3.167356794604111 -4.077227177032968 6.463031266381116
-2.669745938887059 -3.1461409348806346 6.511931392156026
-1.8357916111718349 -4.635094176343743 5.635958217694494
-3.5680748084102865 -2.9242854644557976 6.457984503042057
-2.690359698429231 -3.0952149928566914 6.274763152131079
-2.3054495944020794 -4.41719006370296 7.365213619606654
-2.1797930694256786 -4.7136248570630395 6.715959700989966
-3.2132346722596945 -2.635012268901236 6.460364040508929
-3.466557777817334 -2.993716468319689 5.588873879113561
-1.4704580320854521 -5.064614085409226 6.0764973298564335
-3.2682286204444964 -3.8308083178003565 6.381546937356395
-4.068967110908812 -2.3348220180727015 7.063798785281771
-1.0765376389181052 -5.390035431420525 6.152141197119482
-2.6932540069935356 -4.62272481088251 6.882937251879008
-4.160046219386682 -3.1584027667269665 6.72880910897416
-1.4476272694935262 -5.135350137201252 6.570555475394427
-3.1978342703974354 -3.591534664660768 6.733861342225415
-3.151262976569048 -3.8034660276764582 6.849152002478187
-2.5525257279562292 -4.848875423812789 6.375192198233446
-0.4823732003966925 -5.82061757477546 6.384385241693829
-2.063084367206779 -2.9393913376563336 7.204213724306304
-1.6404665124103088 -4.735186409967923 7.219555537485107
-2.3100470570171043 -3.4483040993817093 6.291528529465975
-1.412694653657364 -4.759413012065428 6.290401291031564
-2.894072215119487 -3.5728832882659196 7.255499175254554
-3.25675130058778 -4.459578548010562 5.839060111211028
-2.779623158379696 -4.389785756609398 6.730444637181564
-2.9886976627456456 -3.7289079413850503 6.830087175857708
-1.621824344148472 -4.623397724529948 6.5088382535659735
-2.058442350479293 -3.770076137753649 7.135442822045364
-3.202755435423883 -3.0971131545012924 6.810690394440684
-3.087894107804902 -5.554460937720691 6.3526537985559735
-1.9507155776444673 -4.101260000659016 6.80645310676285
-2.5461061450376716 -3.9598455932909964 5.773425908059347
-2.1208133044549475 -4.415663942783348 6.721245122213154
-1.376958250274329 -4.467790035687388 7.23183590476226
-1.281183800519544 -5.332998334919989 6.863487005725282
-3.2787109498883997 -4.1496547274985085 7.420922646654536
-2.5991255501606663 -4.435746411164005 6.6846398013214285
-2.7498418724068316 -4.860837277656021 7.121426930135106
-2.7574926211483377 -4.410041828696956 7.288436321773354
-1.9931202456010997 -5.1946148983922455 6.162888019030634
-2.0464690524822187 -4.028717285267401 7.03859516960503
-2.784850025333407 -4.173997788948773 6.873918667401828
-2.412531865061094 -4.96564272525686 6.522843318751076
-0.8299013921819028 -4.623191986386903 6.348960138296429
-2.0461192740074186 -3.8104293162588054 5.782637149164129
-1.823521384672519 -3.8011985301966833 6.27323560582363
-1.6960696895176628 -5.015796006202924 7.358809090556222
-0.5077157553176963 -4.841458665808568 6.9747240474855055
-2.5822060787286603 -4.391449286478929 7.755578654759644
-1.9643316979829533 -4.139493993045249 7.192264858982988
-1.9369061713066131 -3.7939074579576206 6.80211524242062
-0.8148728162913688 -4.958013952788478 6.850605861683586
-2.393764432325835 -4.131152109239277 7.758523640257222
-1.4717413556665142 -4.011798729992965 7.61968433722016
-0.8786095195260758 -4.726387503835662 6.358228789946594
-2.037135535953098 -3.4765647609655024 7.607043279990524
0.20240282884134203 -5.662572105818813 6.188071268139626
-2.6219311532252205 -4.624068225344826 7.088008895753195
-1.0545187266315654 -4.301570094175698 6.258274321694023
0.05512833984330024 -3.563290305509324 7.167467546461013
-2.551742339915075 -5.029294088642372 6.187417304658905
-1.63631831123445 -4.547122929685762 7.133894759706411
-0.963535534827346 -4.828570362833993 6.8178939490632215
-1.6838841603205115 -4.223541379759013 7.486285060925801
-1.134987565570787 -4.804177975718124 7.591839381918211
-1.2317749098827437 -5.585637190416712 6.666563219998282
-1.3355186364840348 -4.827662461228055 6.321224896748024
-0.9633691749844565 -5.075383057865464 6.334209637873266
-1.5194378676831217 -4.823637487367313 7.103874170924062
0.23515800487178243 -4.79371723523083 7.7084653215374885
-1.9226590082359054 -4.611028454788788 6.863337104491191
-2.2685244925537007 -5.282658935430529 6.506546005140419
-2.330766869542422 -4.894687606400655 6.8265882530269995
-1.2398644387935625 -4.622146689240099 7.178052384864158
-3.1912957050767448 -3.8936862403905463 6.5958667244872835
-0.9533493155093055 -5.608011825942717 6.360347401303573
-0.9743308337256373 -4.219339279752362 7.434978212070487
-0.4701329209502736 -4.537808101867672 7.9357408818776225
-0.30092080040043667 -4.689369002473982 6.52179323103829
-1.267006592344535 -5.039291054922789 6.688786713026593
-1.419625546142328 -4.434044419964815 6.087550298467278
0.9068984592000097 -5.048014897293254 7.9684913925592635
-1.7346010491250952 -4.890598959540992 8.202675782512927
0.31464039583488634 -5.3043407522633315 7.700993129329119
-2.504063507414019 -5.097489204272317 7.340260321766167
-1.2834068525145705 -5.230856652263927 7.588187198045775
-0.4687557857645487 -3.8093390989393776 6.1909604114968335
1.0244157695679774 -5.106138432431458 7.52251169804663
-0.7373248666343761 -4.226102467674349 7.6572893211768065
-1.233524830192976 -4.811435573518044 6.935017452525222
0.7943821453313317 -5.03285099204631 7.4726626402459555
-1.150847847719426 -5.749641889345396 7.793639019939217
-1.2534985114244397 -4.654669564506198 7.29649355623621
-0.5464032598776197 -4.62813775059535 7.991313883850864
-1.8962443441199834 -4.547289419229433 7.590221738964035
-1.2135601949310384 -4.755781365531542 7.534191504387609
-0.7190818560216162 -5.061912380268168 7.9851299527600785
-1.3293489125908424 -5.043996099118893 6.990455667604
0.11445392629123119 -5.826165059572503 6.758757305298838
-0.3617970833699386 -5.057945698419346 8.018140533533018
1.1523477800743023 -4.736383910969107 8.031793103153163
-2.4631837840995408 -4.53112067980329 7.4906471969761474
-1.1346035239781538 -5.165461740039495 7.501356014381784
-0.3727366378023095 -4.843244980438871 7.351478348001721
0.26913855547934906 -5.01276476376994 7.371552188663635
-0.697017643817005 -4.567211433432559 7.165884083464716
-0.1753027454303376 -4.834066240927126 7.436495305730215
1.120312024326188 -4.7929887686167065 7.846425546300344
-0.5879481493900444 -5.30790846325751 7.565823234741185
-0.44741590926975033 -5.195859203823817 7.094774886771458
-1.1325989461962258 -5.120840098035983 7.254518040103744
0.06390076904332337 -4.368256867789189 7.725800327653172
0.7174653352327424 -4.837186579949327 7.9459619469237825
-0.3523814164561155 -4.80033409294029 7.465545660195032
-1.3031777851681419 -5.136244716886332 7.330877963352321
-1.5156824629152812 -4.8289857379250805 6.63368501168404
-0.9544342955157937 -4.418905314937246 8.414421368097457
0.8415831773139315 -5.643596745396777 7.5504189707908
0.8518212792111917 -4.319949805759246 8.098133400788065
-0.9561147948422105 -4.978127635483105 7.8660034821403215
0.3126185747776668 -4.915004843269004 7.300455906544473
1.5526479967669078 -4.8155220232228615 7.667175689135208
0.0810050293760362 -4.805087512639127 7.263289066121437
0.19638205744179252 -4.062841233339569 7.458479564826192
1.5024990194964747 -6.085800359623851 7.784317908225892
-0.5343956696383664 -4.673566173434683 7.5557092234056595
1.1238778799355036 -4.642735725480103 6.717853554280776
0.7647184866732148 -5.798597103893021 7.937816845001108
-0.34834143952549046 -4.930368192328552 6.948211647917643
0.300782925516669 -4.802064618281211 8.754570254453292
1.0126919691426874 -5.025925532443319 7.643303654306321
0.9310825244487563 -5.293037088620099 8.634884557164153
1.1921429997723136 -4.584436255002735 8.24081618928339
0.328217220394558 -4.400620632310762 8.549600980785668
2.311813737198545 -5.076518929341389 8.098165231694619
1.1695562175077368 -4.434124985223465 8.129375749544982
0.45685996913159616 -4.121918471335965 7.565033909595317
0.22190763194818452 -4.616804798771124 7.642457888640334
0.5444704082222451 -4.434428863999311 7.033250183985416
3.9192172436508397 -3.812356148630524 7.739326679748583
0.5679194460809606 -4.77238311435962 7.918852386345212
2.20604679558179 -6.038373165052146 7.2665358094274515
-0.7932892403082302 -4.777527507690011 7.4344722740917755
1.4222280738260535 -4.642927855047707 8.196172576521407
1.1303409998724043 -4.639830304786121 8.208136993845326
0.9269622854737944 -4.376493059639867 8.550226276752769
0.9376226644687667 -5.483318989201688 7.813071497198571
-0.11018982717112936 -4.314959673865338 8.230715927302281
0.7778703481875001 -3.6483112387579313 8.311274601876674
2.5184361042324372 -3.9056089487772128 8.576803437263505
0.35279667642494483 -4.546502525166824 7.803181641268016
0.5116154131089278 -4.886293428241013 8.282184434832118
0.31035043639022125 -4.249559232208304 8.566236036895187
1.9538810072132144 -4.5151754230785075 8.318307710472414
0.2775959288162553 -4.879711344018252 7.893682936352089
2.3932833534658404 -4.447600820754479 8.370453601954218
-0.2389995088687389 -4.953129679141666 7.63703276043773
2.3640650064189854 -4.801516626625308 8.5496767393972
1.1063988252597357 -4.910619132772212 8.48639406818067
0.5111168454104887 -4.604975430692071 7.721600567035867
1.13449229513411 -4.685688066126735 8.367135022980131
2.18079161999243 -4.790435577624559 7.648764127890845
1.9901067230132952 -3.8676669274646938 7.442284710172078
0.5925992769905978 -5.006797803344398 7.83970668494897
1.3015935129893281 -4.658733857932301 7.681772795842398
2.557966860106327 -3.6882371252577495 7.725269847691092
2.1873157304815627 -4.09470459705994 7.4950241357281415
1.9390666417506381 -3.5836709091476417 7.932174237129464
1.6465051805079243 -4.544406507016694 7.449441546578319
0.3278301509208732 -4.2653197446345725 7.809151538050813
2.1955102978815986 -4.732979652665926 9.332043878960544
2.299056950203828 -4.549128389109246 8.834382955465335
3.083356582705936 -3.6862224752895156 7.5493209966482615
1.5856850136948013 -4.367774599961644 8.635273548806493
0.9782633871819811 -5.702381409792855 7.911659296054021
1.6368685551319866 -4.360172047657045 8.840754361048248
2.5013125369784444 -3.9381270718325636 9.325138086398931
1.944847075279018 -3.4128906346275807 8.55103719666961
1.2066302849006165 -5.495540771434463 8.413865468800251
2.742483846483672 -4.774684618330893 8.838782656497287
3.5275498491093322 -3.4914582636402396 8.406337047814981
2.4642255405027322 -4.233456257843006 7.388584401895383
3.0975010005770294 -3.5124495803720923 8.199846082584552
2.9091520823137857 -3.3870553986912153 7.899188635966279
2.1042554104393476 -4.783012421940733 7.4448347068684715
2.016495074914568 -4.276241167922617 8.776330787318596
1.273222951181664 -3.8384974213180647 8.1238326484768
3.3743151024727607 -3.6752560367922036 8.365930332309386
2.953698088618113 -5.143532906465481 7.536107192049004
2.324295369302298 -4.472110167481498 8.590059288353098
1.2456830934103176 -4.921198715570161 8.364195596025374
2.5671354223452876 -4.022588593419845 8.698834154058162
2.490350562707978 -3.5104773478679423 9.265805316297877
2.754193127193682 -4.411337242191315 9.039947823359661
1.071009314437285 -5.342216779645486 8.278993732345123
1.195500664402847 -4.704401284862319 9.433807611108474
1.8857926183149825 -3.8388167860716225 7.783894420200468
2.4229467962938656 -3.937297800335675 8.083510013742206
2.27708147623151 -3.831456842916719 8.248103117937532
3.117617372496005 -3.7997632072233514 8.254770431967138
1.3937556016097865 -3.9700827110338386 8.527883420374055
3.3226198569924317 -5.375876361193848 9.075991792270818
3.378456431102973 -4.2630957698389835 8.7524970444612
3.2734566599682187 -3.7640718343012067 7.791146883669964
3.8320862949030516 -3.692890067849195 7.808415353692361
0.656101183263042 -5.25094102514159 9.153772909806865
3.5215749061528845 -2.9729796991453052 8.641708356415231
3.615047955982313 -5.26361671784484 8.155326238667417
3.820171194162793 -3.3826063472099963 9.091979646003775
2.0804808708395184 -4.589937307174512 7.805775660705855
2.1260209681587368 -4.3081489978499485 8.08871075031501
3.127608453785981 -3.5911262858538335 8.105439683545956
3.7590331769208887 -3.79447490875139 9.633441585498792
2.6818385610897213 -3.719868860748816 8.269988405512727
3.2140496789999946 -4.771501397485098 8.406498427952608
3.7938225551045917 -3.351141042149749 8.670552079914117
2.657733636781777 -3.784928317898422 8.609317671359069
2.0925896371283774 -4.397811145428771 8.683597269502807
4.638182966911505 -3.5288562189058306 8.751613932289402
4.278965383356688 -4.016891004518412 8.433682119310754
5.003334643867831 -2.9890548977279052 8.11037152334098
1.4713402338825647 -4.574989101714817 9.032192353544978
1.6470842561268364 -5.108379142243655 8.032694808043184
4.43436827183578 -3.3175766631277086 9.544747658141057
2.9047124859976803 -4.031142318117592 8.176865167604294
2.82745640283999 -3.533027836561398 7.898976543916472
4.3382994719616335 -3.930314948115084 8.761586648093116
3.1620902031984346 -4.089384906078716 8.958659134477019
3.0630932331649 -3.0075974960087106 9.136579624049926
3.9957713954403027 -1.9040188240975995 8.79289384707168
3.5002537295359066 -3.5699379986179216 9.745255650908375
4.552704511999822 -2.7583461887560907 7.782508480061408
3.5276457321940438 -2.786664895445342 8.24789354753737
3.8889829299726166 -3.5351416827723527 7.817358748608463
4.117881634495013 -3.8124390668877637 8.899564843574954
3.0808750675362764 -4.2402929285670075 7.964134035301203
4.291221489073993 -3.180283298165652 8.727404388358199
3.8322474118681877 -3.534585849124476 8.292394919636898
4.427117079835432 -2.9401868860154834 8.713441596464657
3.5050075845409645 -2.760154421115631 8.58278539781377
3.652557088332837 -3.197269309771265 9.500898526315744
3.529528413418432 -2.8295954894060937 8.771822915756811
3.848486847003571 -2.335011175234459 9.30449255930367
4.430021302669818 -2.4366883695293646 8.488403698488105
4.1291059475439775 -3.8928736316435693 8.94305997402729
5.143556563175357 -2.766924940998277 9.13810738211928
4.575320768428231 -2.556043351091897 9.389664051077208
3.229571960500643 -3.186462073967714 9.460044000712678
2.8926952299829414 -4.368509361584409 9.785719121356095
3.673650604529589 -5.061701955296109 8.84848477477921
3.114674366094527 -4.0719989747632575 9.147563886709097
4.363806159761882 -3.4593278926164377 8.845990172689316
3.876152028124529 -3.4530480803538386 8.880808963331342
3.7483002737206705 -3.3925310091817376 9.041954311504007
6.234511721023524 -2.288241907879863 8.848000384448213
4.051900310284276 -2.8342836164505156 8.084673662565702
3.4086493044067994 -2.418410886067026 7.940489720448189
3.238420864809766 -1.7847842964889056 8.71049388092683
4.484891291441586 -3.347875794695758 8.961641572485156
3.400213386732878 -3.1807029665981315 8.9480881272059
2.983534310441349 -4.640433679120475 9.13083449872192
3.6545006850123913 -2.425092047951613 9.59498908893994
4.6744599170883046 -2.6987765672541975 8.47585673115112
2.9214450594038266 -3.966188597102197 9.735206704390583
4.298800707090912 -2.8445511993804935 9.953050798701312
3.982777850211531 -2.8846080446641365 8.950663037042439
4.492937540934455 -2.008613249661602 9.327006950270583
5.31447553596533 -1.5016544743749662 8.365037452806678
4.292957598577957 -3.2605142634328126 9.493296865143364
4.7187970912301616 -2.4850133207671656 9.175221695258134
4.017848764449289 -3.3263421688114914 9.518505703526543
4.641399404538797 -3.41343099169361 9.301039416783214
3.9990790234075404 -2.338629639341525 9.55822856043752
3.0528320005951346 -3.958651041680299 8.220296206387887
3.8278470981168327 -1.8713579606383697 9.47415392793128
4.593424883775211 -3.1555983394297806 9.84328839596412
4.127965692959446 -1.654418819991632 9.263459255817146
3.778202087389024 -4.396272831520037 8.481318463938285
3.8233417871907993 -2.4094896811483055 9.249203072482409
3.8442037897099124 -2.36994138262665 8.672778040628835
4.291612023245115 -2.182109955478461 8.830402287515279
3.919252783198849 -2.996368058650338 9.602309943252903
4.525225672895159 -1.7822716288692182 9.069238698071596
3.9689306350962754 -3.475932929555402 9.35568540569995
4.764513148530858 -2.0062151282631038 8.921121566226573
3.8695375236516516 -1.283562055699291 10.189989507177222
5.092269428791092 -0.8817628749548451 8.363694834347537
4.488037544241699 -2.6351778166402218 10.199729389672273
4.524379357502999 -0.6051715787853625 8.863855238875537
4.056204702977403 -2.4595708026974985 9.651235409477797
4.488185115457215 -2.124111618914116 10.008630596533377
4.6111271338081306 -2.944326804914048 8.846019623406432
4.920028004886817 -2.6175403115735705 8.778749073852952
4.9051369164404734 -2.304861228325334 8.990911782541088
2.822522622314218 -3.9319197825033854 7.8122423689112175
4.266010565640702 -2.253313161291622 8.86052730115286
4.326817631735261 -1.5096773290493009 9.12685195168675
4.385888330172639 -1.16655113468504 9.359461770846314
5.031209789272884 -0.20736859097893723 10.105143698601134
4.492432145466334 -1.9273586993790708 8.97495946720979
4.473258055698632 -2.7790697010468555 9.339541138483689
4.5524419120318536 -2.7043959540566362 9.887183288376171
4.557849095967319 -1.4953832683116297 9.45613109001634
4.601210073683845 -1.230497086655441 9.633940674043355
4.60074846522921 -2.9225396451470003 9.619073765161867
4.887726909785796 -0.6654290184054257 9.959874812715531
4.254597061834133 -0.5535550363279846 8.91032306842045
4.087853382604952 -1.8567401971570712 9.511461394829752
5.027302995492857 -1.1926633097462713 9.601877394535808
4.949556202507566 0.2962383007704144 9.288280824302312
4.268458714610119 -1.9258874548145306 10.406706713746626
5.039572154403633 -1.8400358857081967 9.596121086880949
4.391474630374676 -2.2752431184852817 9.110571276667786
4.681110051719808 -0.25267292010733744 9.376115001826625
5.22726531082018 -1.300672852772311 9.441808366719567
5.298912286754851 -1.7699210103645682 9.962584399898882
5.185692866759517 -0.9663538454615398 9.358999975895818
4.382690842784643 -0.2041313656381662 9.56657096025928
4.724992021702806 -0.9828206736132659 9.260742229742696
4.812858005004929 -1.607870349428551 9.966294714157936
4.592442245070024 -2.3241987142855765 9.543231346284498
4.285220125924252 -0.29371907585985546 9.175816641711522
5.136926656424858 -2.7591222500997037 9.585310080068018
5.1024935035875245 -0.06210351565252268 9.558645676268405
4.676352578394364 -2.2894040447383217 9.47124511978897
5.043020055625803 -1.3719942026665974 9.45272021671716
4.29811719720543 0.3777184168114101 9.905131827387711
5.304333323842217 -0.6505247992250309 10.023704889562147
4.656295738599255 -1.428586702528088 9.637910527792851
4.802278529468302 -1.4690736039375667 9.589565884969057
4.28489697814253 -0.834479844656641 9.344605821501766
4.963056699986137 -1.0217176698031785 9.097743569256137
4.797139808569169 -0.9907277358503158 9.380978992481205
5.340800351407074 -0.7755871144464817 8.99999403729375
5.1415251384036225 0.38439275410095575 9.509644970403652
5.383189608612363 0.09592985473468772 9.576101755329361
5.397145430196116 -0.28085874480492906 9.762983751708514
5.011445141554335 -0.45158035067008034 8.793272543608854
4.891762385056498 -0.6222141138145383 10.004068277740807
5.917401555144578 0.7741321930520065 9.642724895398437
4.067970499908758 -0.9510500993029654 10.184634061941264
5.563373024301032 -0.29159935702027934 9.4727007328128
4.400885598634443 -0.11932332070013953 9.314096478981948
5.098671505824784 0.33461623315623107 10.966847075943921
4.539678376711146 -0.30761152694622473 9.332416424869027
4.997799115159427 -1.5234881488884904 8.784918505180684
5.132844942491401 -1.3851871318719875 9.625904925801327
4.99548276051808 -0.7139160219549314 8.970909916047114
4.663045024793538 0.10604859183166129 10.706950756336944
5.282951437861168 1.7002759266317005 9.047435353511174
5.613808894644135 -0.20939814770172527 10.041351964058869
4.533442663581744 -0.7573954915428092 8.878392647379762
4.750564020242579 -0.9359999539376594 9.988824079322674
4.49972142717928 0.8800141626450035 9.895478668147982
3.977851397628069 -0.5582875670964262 10.455980575396183
4.328801252705759 1.9956513253275963 9.821192283221508
4.418090623888269 0.2140609316731023 10.06638661208714
4.590232191213054 -0.15653006789193483 9.92386066620765
5.25607172597227 -0.7692517215922321 9.977760168263975
4.44882490009318 0.5789576925989597 10.578009822080276
5.0477875551174405 -0.9196543545402593 10.50064967703093
