5.593920311960869 0.7159010626043179 0.13955275050977317
5.361626632043291 -0.9348316091360089 0.03447995125447248
5.269489106255111 2.0560013911475927 0.19913085740717346
4.701804155419942 0.8906897435391422 0.2798768780505638
5.119506059616111 0.9293738700608527 -0.16876706126812344
5.705974027072119 0.24287541539747323 0.27676634712359005
6.190953260815 0.582461845256313 -0.2958833095671033
5.449962453730085 0.31038461099346937 -0.2357777879429797
5.147075528131289 0.18216252689199183 -0.4077100050180951
4.917027588062909 3.077301997141118 0.530668968305281
5.356010473880412 0.7711064028101967 0.652679038969579
4.506373991988893 1.5849421102447259 0.32051374634824104
5.199277176595525 -0.20310521975244364 0.570550941903746
4.1279578817080065 -1.4391601968703642 0.8248520068533786
5.458604337948154 1.6765384533936747 0.5003135934326283
5.710318851065922 0.6522614301670233 -0.11344023799818806
5.544699844820083 0.14423616517584978 -0.0655099210624279
4.833599698650161 -0.5600913179955302 1.2455849498769995
4.47932724167979 0.5658437862728147 -1.0007953936685918
4.5370222204395985 0.35085213521401476 0.25160093177714726
3.950265692571785 2.0101868512724286 0.4197420756149548
4.556449920918068 1.3788929304821724 0.0282308075882175
4.876843777535284 0.8618144476929084 -0.07035847797950079
5.2031044046847095 0.3307407282652275 0.5600100693774568
5.496191361768082 0.7794069803371558 0.9616205753133951
5.665331780496054 -0.1133473449608912 0.11237974553674657
5.242525584706086 0.7076478532036996 1.0466290801304279
5.047202907500881 0.7974181647300743 0.6817900750757164
4.71951519181364 0.4674353829477692 0.5021556794062924
4.514557066870186 0.2086245146404872 1.38142838630214
3.9313520021084067 0.6101434497821513 0.2506207316383766
5.882961072302579 0.6755351868003318 0.22044823990231555
4.933451784770478 0.5314171640640357 -0.6904096352669764
4.418893798438919 0.3676530148508176 0.33418873259964776
3.650165649482058 1.964266510463784 -0.23075922304826818
4.9057520117597155 1.7045995793774695 0.15141350515159144
4.648867395396945 1.763049664416502 0.5018048662738861
4.678894148773666 1.0265453331844732 0.4484283636439943
4.159174752189231 -0.5719596026457826 0.1230429868437668
4.527764120676623 0.7799393243539589 0.6687578591650396
5.699834000423061 0.4531342711167207 -0.03258279475444398
5.404270623126634 0.9246450708199961 0.8184523105339016
4.768826300954638 1.6586420195189553 0.4105951244282319
5.1745379452625775 -0.21240531405429888 0.5530141916889306
4.715986463547045 -0.045487557241737225 0.4972103200813916
5.355013529286796 1.7553914438672416 -0.2559527371479592
4.19803827906573 1.0114036135134272 1.0405242532164052
3.052591234512739 2.7249084616702763 1.9434776593153298
5.497646495108181 0.5998003647857342 -0.03755211118877633
4.987890697094295 2.3479056092189823 0.9200920795685879
4.4634178737654135 1.477241979189568 0.5003961276818215
5.045152091874982 3.0677105093667714 0.7348296109794739
4.938169200927003 2.3033132751602485 1.2077559879051236
4.188224629850518 1.3125981640583049 1.3366293341473625
4.269110988725062 2.29127932612137 -0.5491362797939292
4.902456329552083 1.5386397341607707 0.3449787363573156
4.873755231778587 1.9997885051545614 0.30483783112789453
3.9300804579542126 2.6453506495856876 -0.10945071355221336
4.367907018945436 1.4297032564699548 0.9928725995148288
4.620723649166551 1.77512457494239 0.6562873625235736
4.492802021448026 2.074764244004025 0.3078944791210671
4.315466914823799 1.8138423284655698 0.9579231884676057
4.76671349769048 0.5812756376321462 1.1985934284400273
5.55114160990019 0.5337202532515903 0.7413651042775339
4.468026862020659 1.4967570015927296 1.1543344374020428
4.050019108656379 3.629004043591533 -0.18057652902620192
3.8233225598827767 3.298644257289044 0.8498944772274603
3.853649393646844 2.2420962451352833 1.4398728303967843
4.366959872066338 2.328890016584489 0.008731696195828809
4.0366631403595825 0.6758863500567707 -0.0021186329584439445
4.494993858071881 2.513277521708363 0.7736751183191226
4.614075717748334 1.5060103666356646 0.31801513622050653
4.992498980246173 1.408607632436326 0.8917082076908138
4.147529705745118 2.700152982865962 -0.605791745106762
4.450041086121973 0.8009577549593114 1.3100146236158137
5.100351114167255 2.694446045314883 -0.3827249833004098
4.477053314145768 2.132273163914197 1.452531603243518
3.53950094171249 2.978333628563119 1.4301908172157956
4.034969382344921 3.9851199529618095 0.7518278883296312
4.284785558692522 3.566617368073863 0.3391185136119669
4.627749716920464 2.6483958555587472 0.10614582986208465
4.643429576420237 2.377678667257813 0.923454221531217
4.687168037333463 2.0749356992137424 0.6579219833305154
4.923305423693006 3.5041986230948003 1.752299283596071
4.463993204654953 2.8429743187568337 -0.03462243979704738
4.653177932575918 1.8386495153060243 0.40634248090810376
4.646014778071773 0.3980687999344616 1.2757782950839396
3.3856704733377074 1.8419540111221722 1.3546737944904432
3.9768722608846923 2.344577078078941 0.20188319455973014
4.5091439112778655 1.5734130967385127 1.2400327550058945
4.146076283610024 2.347267318190579 0.27064526591034943
3.737532253166345 1.965117668294767 0.6692460795904003
3.8823396135797523 2.975714837493794 0.8817590766863853
3.5315392075581173 2.800354866061016 0.9166986561213172
4.6766644441954455 2.645509934073518 1.8851781688113927
4.241660906533035 1.5958205587288334 0.6291415710258126
3.6693640322429553 3.6956251323990887 1.254805966572428
3.5012663433477678 2.6522218671020164 0.9341455830827876
3.6444525501600937 2.8936376801153494 0.2655653765992474
2.7762624891440995 3.0895014848807016 0.40195109374282767
5.056538331859889 2.343628039404048 1.4763630996883763
3.8162041935476134 3.284615156714497 1.1076963749457842
3.291784793315646 4.188746289893285 1.0356791997905335
4.426458541234193 2.151405875832507 1.497477247962581
3.3766184510761645 3.6456021768222655 0.8284499924348615
4.5582543022107975 1.4116271580230662 1.214500155121826
3.8827014157954394 3.1671551669439904 1.0987028517780804
5.0133969273624235 1.3454957342483458 0.887255555673634
4.03860636215218 2.773328078252818 1.5755639665558838
4.793212392137751 2.038810213315154 1.3063744611639883
2.8283395985890376 2.2349249644257703 1.6734286462429298
3.3064552047867237 3.4303736863179677 1.4627585081147303
3.135647060517723 2.3595553813816 1.5881663075349608
4.1320839931813875 3.015794108165533 1.5994810367433585
1.948577488644947 3.5388035415689765 1.4362885675205028
4.391110382249186 3.088755203960917 1.575068555912862
4.907599688236877 2.676098265016043 1.9982796769829396
4.302681313250205 3.2789808890728356 0.9514061859190354
4.325328390816779 3.070775623790222 1.0462634080798154
5.0381177087989135 1.5824707507851958 0.23156412387968794
4.052435567124482 3.7242109263500756 1.3689086483794264
3.6714223258278147 3.5619749814276425 0.9164852521744122
3.7601814788016377 2.8179367801664967 0.5940372412736002
3.8507121502478197 2.941349059090043 0.927371251038923
3.9265162192645464 3.45961197993644 1.2817144327710779
3.4434789406502384 3.585421750076041 0.6204063479516146
2.4689633756977587 4.745259874315666 1.4946939733216225
2.7354948138352757 3.309792463663788 1.1735282848732742
4.267785461251791 3.1526457572176247 1.5914045472637859
3.6749821447415294 3.1037074466618795 1.5286015502040013
4.0998716900547505 2.8353050508454323 2.235726530333118
3.1876932638737303 3.51996736670282 1.3445864087005501
4.468091164043451 2.0207716968546157 0.9494415318390368
3.543931415682185 4.3859801821101385 1.4558684010336322
3.6014344752885648 2.9692612696969345 2.1918878965674873
3.629270050975961 2.3476438057941076 1.602006644800818
2.7225856997562086 2.912618353431334 1.3025330052507735
3.2921708706845014 3.781143348397853 2.187408698175996
3.0511573917438994 3.491985367994424 1.154351979378693
4.120866298370699 2.640698256470072 0.9562958286938303
3.7928112723455323 2.6136305940367754 1.882428092947149
1.6920128497761733 5.408350488338031 1.3125259580659159
4.23995155823234 3.3841983942706757 2.191561167951829
1.129911722094202 4.161481582164459 2.2760912486840317
2.8169266087073734 3.2899640910034944 1.4037544089481466
2.8678021469538275 4.532044649442853 1.0913291853937204
2.4285500464097596 4.278254628207697 2.414002464344203
2.908826961077176 3.548166255756127 0.7134258509515585
2.9167169765243566 4.095440971475885 1.6017456742149812
3.354059445380055 3.752716653697087 1.3315671488155598
3.0334845302931934 4.893664168105581 0.8356666578972264
2.41266730137417 4.521134705007418 2.1289042797454805
3.1574755622173076 3.927770134538498 0.5597713996555763
3.437643789293856 3.382011848351983 1.7714087769724427
1.9149684925460664 4.401555897135029 2.1252263969044787
2.5671501093383786 3.1802039886999047 1.9836774290545487
4.079093426575177 3.4423022245975576 1.932243476291857
2.999428829203652 4.388915386240383 2.3552792523057153
3.3521435635109085 3.5770777373956424 1.1879709912944898
2.583523033098612 4.10166214151929 1.865620400643572
2.619882668171672 5.266997617998639 1.3978120085201922
1.7509929289237494 4.999421121625623 0.9086479396916551
2.712761687701855 3.5913599325308243 0.6278668879718504
1.1182032259266368 5.400183735484506 2.058279789482564
2.607872857130866 4.556396136502051 1.6491893362925285
1.3153884011342103 4.4590262573146076 0.5848481897143312
2.3911601860010183 3.683035229221206 1.3039532545509893
3.6651899783363695 3.331309047515289 1.5431030458889945
2.6297481249369015 4.588676051392113 1.5200175811603138
2.593850149350698 4.102440172377884 1.3337226659933201
3.0753567896195815 3.8476611618399477 1.7329199503556183
1.859423910412341 4.97273162566207 1.8896069567557574
2.682988545628913 3.6395899918478416 2.1383697758983002
1.8056357796810756 5.220134009749108 1.4423420978763288
3.939785679244353 4.049260593137957 1.28583387286423
2.6419355032453584 3.5536198151477225 1.3980360426094744
1.6957129417510284 4.864598868606277 1.5849781932725535
0.5176339511979002 5.3737072691024785 2.194816035930814
2.389038812885471 4.05154140116471 1.520474500110645
1.351801910859459 5.413358067328058 1.9643411687227437
3.6201902085725304 3.5492458482546376 1.8070088235755872
3.2528824202266273 4.05065870495801 1.8804195765612912
1.3635787522649947 5.862463705880381 2.0315024381649236
3.9486381895222267 4.2102637081811265 2.1645198546058344
2.0477375482241227 4.885141209707583 2.4917218746706573
1.159106008742491 4.504019305477524 2.590649101690849
0.6047099525178128 4.733856191014675 1.3498026526348696
0.15946347760850244 4.474329927085638 1.8158262022652716
2.7379182642031905 4.351982918922416 2.069917438129811
0.8412472976601388 5.09063551239285 1.8494136724545291
2.627837718879033 5.179697241535397 3.0187101747369582
2.633229499913279 4.100044330855285 2.222657570393464
2.133802085207415 5.034184801665063 1.7496750973467092
2.715812131642534 4.255500333319587 1.3602841994624726
2.4631836567195027 5.090328378187608 1.650225990513598
2.1353648707120665 4.151409643273488 2.7707611876917153
2.9654059742426795 4.505446885694306 1.9227211292195172
2.1413042234548203 4.492389494749908 1.7767195949532428
0.577431754975015 5.797369756472648 1.2003685252609242
2.155173459806942 4.739021709217255 2.1343113227734976
2.058120243649305 3.940035868529972 2.197257168633522
1.8140488849486338 4.739884956098304 1.1405691005730372
0.5360483316493956 4.356572569630582 1.9896795290165434
1.6569077074983682 4.808809609083103 2.1467539840086283
1.3600183469651703 4.229587312531217 2.2767195734776653
2.5942011297761063 4.072224101374497 1.492039082602924
1.179672411159956 4.582033955167714 2.8285708894448462
1.826509663298405 3.8229974364204646 1.8150891899239685
2.6104405810715803 4.771010248129246 1.5762367538765765
1.5148451176508695 4.5924393376990285 2.545853443632934
0.7793714300450904 4.406651280123631 1.8345122565725043
-0.7543150717494644 5.908896859743211 2.562976354525322
0.37664548388736324 3.952284816592616 3.1993643425570832
1.215536201668706 4.309677901929606 1.874842404458855
1.7853009191451519 5.3420469813807765 1.2840770160750885
1.0845322412076688 6.074163777324617 2.0528621995638363
0.27779637157770265 5.975722740158395 2.0988100365381284
0.571460694712518 4.460355041004143 2.2772730591666956
0.4876142682514206 5.0385304916018585 1.9363415802507806
2.313573462337603 4.346656373028443 2.5063893348228876
1.475560459960368 4.561304506266801 1.9823284579434595
-1.388651361968001 5.650502839061551 1.58782049311525
1.365247078298817 5.571359687125027 2.481424311729713
-0.4254036730644283 4.414918223434907 2.373767617281592
0.2365484521065807 5.877428156330566 2.837631856971363
0.9158896826541287 4.440302895698519 1.3737930101295772
1.190737735209419 5.396899101810836 1.9003700279888514
-0.07438545574798225 4.938546321810379 2.844484741960595
2.370783228817763 4.925613710868704 1.712668675615694
-0.54167336264811 5.8730111992380705 2.4136345813893687
2.4665912202838824 4.937122516971764 2.517276350194503
-0.2700136858321374 5.1239238340742155 2.247786596181928
1.393871680664802 4.944651153109255 2.0496270533797367
1.1464363894390537 5.406579108336711 1.4297450388694066
-0.18977885014667004 4.953370523719415 1.3465695508601887
-0.45553831724862215 5.114995480804052 2.456791600291523
0.10428183955911824 4.148030348765242 2.033936237107743
-0.06527586677289474 4.808147678883625 2.2752683871753323
0.12261283764875847 5.1340890159131405 1.9727473923521615
2.1794229761737123 3.8148497923836793 2.531543828181538
2.1969791617111483 4.372060212776956 2.872271261106064
1.715387305034599 5.762090512625737 2.048429477822656
1.024680699227287 4.2903514962494596 2.2649081647066387
0.07443066387413852 5.326852625558201 2.85631692790186
-1.1901708372748114 4.8600780595439685 2.665457756530186
-1.0906668089816305 4.746778788134205 2.492603651722815
-0.8863910895945337 4.50535149809143 1.742593818376394
-1.1362332873658536 3.657572364939657 2.9372258021208917
0.1742409695498014 4.052376533853312 3.242893527233159
1.6940148553207948 5.005286594518523 2.5731185728432804
0.2304548195680543 5.195987945798345 1.5598982988925216
0.5539358974858878 4.343215011268151 3.0949560344330456
-1.5485161911639886 4.3887567642212275 2.9476371476005028
0.6356165532727631 6.168246521766861 2.4273365666344837
-2.0911106589176507 3.8192847427700434 3.8084128974014564
0.4093429425733608 4.646086244707727 2.7603754821831616
-1.388775765841985 5.241481794379534 2.486448678302603
0.0752565003415771 5.246555708437686 2.25577548950787
1.1047166177954744 5.829764068881168 2.38638200524148
0.22571719222633246 5.4465327502102845 2.950303758548777
0.9491209331452084 4.841385117737744 2.450831189266704
-0.9363501158523236 4.867500606555609 2.7034589810641636
-0.49046232956745517 5.426771948446583 2.4804844664210774
1.161678595726089 5.079894547779789 2.027633622583606
-0.3347571206468255 5.166746914148887 2.6539513185935344
-0.4335049729005003 5.71354215380694 3.453403738311529
1.3878000813215803 5.851523088151503 2.748128031881553
-0.7797116260517241 4.240421028202163 2.8915453353328613
-0.1927801925295194 4.623156354232436 2.4616526867696256
-0.5692413496102054 5.154716923915626 2.5552264258768504
-0.07766821796271532 4.652626616317527 2.343779318745169
1.3692508896462772 5.443471117726878 2.3210251746031334
-0.015633256735783183 4.7842983277873525 2.5751054758609517
0.04263027090192007 3.9790457229295235 3.1053020013419284
-1.3602700504870449 4.987827856442447 4.147301614498222
-1.3447867107621871 4.583912022529355 2.421865932463145
-0.9940719842930892 5.145212268869265 2.91219503699874
-0.31050176761382325 5.0384668268931145 1.7788067868455786
-1.8135023307422293 4.219010474579083 1.6905752328632806
-1.1034904763371762 4.904079379949441 3.1088462694764196
-2.0657445828771404 4.99791302705414 2.6657841438132968
-2.077541275049089 4.855558992772433 1.896838550497011
0.3938103230940583 5.100075900955418 1.9084082328180565
-1.426674712485154 5.1552174914483055 2.891797425618983
-2.1865833972795454 5.085737876289166 3.2015877877400682
-0.9885250866285704 4.6036100944120015 3.4343694251974726
-0.9677081684559463 4.479920343844132 3.1622767173077544
-1.5465370495871402 5.114754069485609 2.54645572307297
0.7965631613562204 4.0216981034954715 2.738881904624689
0.9295211865413929 5.413249938357112 3.45849325852585
-0.21980441000924048 5.115786737366347 3.3771736130710908
-1.7382084943323648 4.718520572272183 2.353071256914881
-0.18592069948202247 4.642558391491855 2.6459013285521937
-1.6088293287099904 3.293131986837864 2.8175537527953836
-0.7343852568627013 5.873371473095973 2.3110906098578026
-2.975712276186795 4.09114511094702 2.7555134667166477
-1.103509357884251 4.493109010312552 2.6975061591243166
-0.5602315806720444 5.299945352759672 2.136639968138129
-1.7343249041890423 4.5281945448115755 2.9503975749997533
-2.032814265725535 3.9132838572280133 2.2326327282321112
-0.5042347623329534 4.603194738445242 3.3827400898063
-3.145080044049685 4.78136612794746 3.116290314853184
-2.189937471314936 4.819379786293007 3.2681540273896377
-0.2796977858605738 4.90520587743176 3.0118066809768678
-2.2794723975078015 4.456425444391406 2.967351093427607
-0.5242049809168938 3.713765933189453 2.6409970477788725
-1.2929654886000697 5.019997907236874 3.313152303537911
-0.6611765705232078 4.770513474603716 2.85164684940402
-1.610860617315373 4.515685340116547 2.825030213227338
-2.4920756506012682 4.444461115628188 2.877129646691843
-1.5556851211705554 4.268528629375957 3.332999920946275
-1.4830053563487953 4.887743664556799 3.2925575303047494
-2.0277361706824633 4.855672458625182 3.6066624435917785
-2.9678819018804687 4.381383018014582 2.89802058918711
-1.994213913071389 5.785647374174959 2.486516154392042
-1.3063446083338257 5.289722267452664 2.758723312215444
-3.541218716055184 3.5133526257112973 3.2188924998802406
-2.3107918189458863 4.643781920644492 3.2092596865364706
-1.5919396249877686 5.116922418693862 3.3784092520130145
-3.140084671410312 4.385781614036436 4.11385626814861
-2.215940095086873 4.0839776454827215 3.3598192293238256
-1.974269114272238 5.264091312678882 3.2188632070523173
-1.7404013349839016 4.9492962358933505 2.4134334306398175
-2.725517625615509 4.4336181795548475 2.838501274391003
-3.1749792846762266 3.9079881372871155 4.093741500351189
-2.676942730463911 3.7745606820965096 3.293489766006544
-4.631059507047497 3.567036803475311 3.5335978533174845
-2.1801898650910014 5.121637394504282 3.779306373412891
-4.046041281735877 4.36723101364478 3.9366151162890572
-3.2664353272307425 4.835378282379284 2.939631903212145
-1.7826929419768462 4.191459998232624 3.554711335141763
-2.4002512617496836 3.476807681079605 3.9747224400591046
-3.0423683769696206 3.384873700073648 3.328580342743316
-1.2350698074463509 4.785571182732089 2.527840571618686
-2.044940245916635 4.912371196372786 2.9837716614097136
-3.618657908792125 4.707127981520478 3.1731101402148343
-3.6879621341833406 3.780372363228484 3.6076276237846696
-3.530267188640696 3.8507078670958785 3.154183994691873
-2.1079963798246184 4.485791499897886 3.334865384489434
-2.5971033004790685 4.291735775320327 4.634351052500238
-3.790541564077934 3.1865099597395643 4.089564212093001
-3.138174455663336 3.7393479889569554 2.626513300550041
-3.5191474841219357 3.681985410227267 4.56862533651677
-2.7805104817572386 5.16300290355136 4.519421747895915
-3.0251006930785027 3.933346694793824 2.9629701853286554
-0.9602810802017535 4.0431781749963855 3.1795861539918087
-3.4545275434112153 3.437313763612142 2.730722330158769
-2.7196401985219567 2.905886140946178 3.377149422536745
-2.8483623281708663 3.423246609780662 4.316557453506723
-3.6789206120237585 3.2021278227027783 3.8929558416034515
-3.211209171253451 4.322934637122086 3.3068939299338105
-2.513618752113398 3.927212438840724 3.847222009329812
-1.087672190503178 4.399534911261703 3.7421280777330055
-3.4926406381652204 3.129369961943427 2.5627968896966697
-3.6746251226268085 2.7638802786912966 4.1396339714485
-3.482099149570922 3.789757426681166 3.756641049306348
-3.8557946453530505 3.3699063650868353 3.2432251673629073
-2.1882295812512247 4.917347063779085 3.3040132076691333
-3.023076702192984 3.5400878902887514 4.143685122247738
-3.3538918052155884 3.1696634404793143 3.058929083651284
-1.7734415107411678 4.8077510019281995 3.9168494911788
-2.8206862317025783 3.6748297004331696 2.7338797017777066
-3.1817013652436 3.898282372339203 3.918486363058112
-2.368720529063338 3.4043104270433733 3.2421818233645388
-3.4247265035808105 4.062898702475574 4.462141895076564
-3.0471230084352015 3.319454355056883 4.226963460266612
-2.5858300756842985 3.8526615566974454 3.3961266177119476
-2.5764737672592277 4.2785175556871975 4.210999879993472
-4.237504128100274 4.534352997533034 3.8490410552519
-2.7424912552916174 3.3737472123028582 3.5465583464437604
-2.2686449970234954 4.448442872577049 4.549971864468733
-3.8356468147339347 4.028843865519846 4.629476292577414
-4.243807714462441 3.2741898389092206 3.8570912345842308
-1.627206948563266 4.6717166694049395 4.431590185368616
-2.49596568931726 5.216059074420172 3.0268469853687723
-3.385731755333934 3.6776204654120184 4.078530220337386
-4.170030493790047 2.391544115436294 3.9342036627223425
-4.523842090449018 3.5589345216903348 3.742348748561428
-3.0170700685241707 3.751118498881396 4.522509195410045
-3.803354812082322 3.661467345875909 2.9693375900814254
-4.3264894585245335 3.9132523088906486 3.7069906732440727
-2.880046793841554 4.70046904459564 2.8168071735447913
-3.2220671939771672 4.411068921174702 3.371014870991099
-3.107089744791276 3.969014941661656 3.8381842518450173
-3.8846540810536623 4.089403372086015 3.947846123831922
-4.794888920899437 1.399365064186821 4.352062062367176
-3.7673762774190127 3.7687733866760142 3.2703167149543306
-4.582752795493131 2.899169171779771 4.096191259077852
-3.4299531954773848 3.0602608595189515 4.752869665371322
-3.1802409209756957 3.3943362150273866 3.631545652109078
-4.786379444709177 3.8884889158944684 4.73998443002626
-4.169117887208822 2.2460115326728327 4.122163387829548
-3.8031027970867135 2.66161818305055 4.802580784084302
-3.16010180736922 3.913001589745566 4.41528617275632
-4.561348642174257 2.890927184018031 3.7778399796183733
-3.604424684234422 3.287869376640944 4.539484223744557
-3.9042272699540295 3.338272868029885 3.9292438399026035
-3.801584524973476 3.484324996251045 3.9870626624043743
-3.5574113297778056 2.4116906709089454 4.6336626152225096
-4.390282270158914 3.169442854248939 4.633807202506905
-3.5639296294438885 3.5884096856193914 4.845847201416424
-2.927215111441385 3.881425232463333 4.02426341559847
-4.010881827631322 4.060760412971283 2.637817639088469
-4.24015178287234 2.466863255183437 4.051498870103655
-4.284937425854621 2.366864725896663 3.260686961915457
-4.892661219820599 1.8600604510097885 4.205366719589985
-3.676252631265903 2.661369468713961 4.304261463761705
-4.244364104504592 3.9147259075516465 4.315646780933778
-4.874922717868416 1.5337591028488209 4.239292856171083
-4.552129777967476 2.9356915591095345 4.581066910274861
-4.321571327100151 2.6665800108112756 4.19568962287494
-5.131967952194666 2.5579251053323073 4.932463767691807
-4.699333299873154 1.2479071686895478 4.085410716142226
-3.6620966271027386 2.1427613102917107 3.5541830314974723
-3.8080297868042363 3.1887768945474817 3.5293412680389937
-3.0168519570969994 3.60349605693713 5.058799790948358
-5.082262551698397 1.5912670878199398 3.63245344591442
-3.150524980942297 3.1615285315519452 4.363524085335463
-4.548804295506358 2.169870176511119 3.727534892410968
-4.20975750662652 1.9396662546440777 4.042481182363455
-4.864766609078859 1.0768983752162449 3.802483820988862
-5.129893309173423 2.4810460913686465 5.277347131717669
-3.605869484503367 3.2942152146119557 4.663303398019367
-4.515302337302367 2.076421604720827 5.175286501339557
-4.529752013821197 2.0136844080956786 4.46505883556281
-3.8810547070214345 3.266296411779551 3.9904596844985107
-4.832072446506258 2.5471275234614876 3.2563471842396585
-4.700552205655369 2.865438554264895 3.8439726498914526
-4.801630774469028 0.936921494960574 4.188578078254767
-4.625182233189701 2.981222644200802 3.68781452551237
-4.5333907303580485 2.2903182767417505 5.1029767262369825
-4.578158291867349 1.904304983570258 4.362851232074382
-5.813341536414078 1.8284458121126645 4.683381869027449
-6.425804886596462 0.8765061953379857 3.6279382676940974
-3.8379592592461695 3.107045278654314 4.361411152128086
-4.495185446248446 2.080109364283971 5.038664861529317
-4.861343922410528 0.9489674614378323 4.586121874101231
-4.368653302886943 1.8121957063817276 4.523620453668207
-4.213270994078951 2.5644007816525547 4.29663707412151
-4.4645419601644685 2.648205553408661 5.087402395233875
-5.343467185167611 0.01923227189853963 3.5796990367273493
-4.553884983459472 1.5966766700203119 4.074968219265348
-4.878057636860524 1.3937432453579433 3.707906092467007
-5.078172565180368 2.2415167460265684 5.429144985772446
-4.47862145622426 1.7183524020181054 4.232415097064879
-5.516861491801055 0.1490049341961409 4.201262137161807
-4.405699130703514 2.115707874267516 4.893665431982686
-5.3692495160181535 1.868135653269839 4.489776988357482
-4.820613799043348 3.0702340379568267 4.901761951629172
-4.510444559735415 3.2594331754384585 3.6018377246278956
-5.162371211266965 0.5306225222305911 4.8096229196001845
-4.781785274024572 1.9212851371966908 4.718308114475701
-3.8431307343412113 2.9443625667556153 5.315484471215782
-5.220316914114122 0.30598602831392474 4.52100128249351
-4.602739225458612 1.091707405213104 3.9026944307444698
-4.041201497698586 0.7714927338052701 4.2851443659390975
-4.528995707509838 1.5557743006342672 4.476660527506257
-4.089012188506669 -0.2550801317295357 5.085873145233157
-4.104747132196921 1.3147571714830752 4.129581975391069
-4.453724134278644 2.0534452794775406 3.349005612437395
-4.6906614425802555 -0.21216067410318468 4.53681595045229
-4.093517314131297 1.8648128942805886 3.4641347017609503
-5.505046418211498 1.050234308676701 5.866996680401533
-5.074985433902591 0.29529212778273844 4.579415733493263
-5.252872200521295 0.6061009867981816 3.9639197013421876
-5.265905082266501 1.346169884928706 5.6044332194435444
-5.782197667758944 -0.32972579391710105 4.321525713310561
-4.50300729426182 0.9898886626058194 4.243245115655853
-4.4475349023196085 1.5438531072423365 3.868851315949708
-4.482403573561558 -0.2837368512564827 4.677667292878554
-4.305879313472527 1.1716420673787955 4.367346017993846
-4.389697447801696 0.4979212516245326 5.018391533605269
-5.319103930188652 0.4243599658969942 4.060758940770223
-4.474660804250506 -0.2485766470812906 4.791438275926683
-4.471842296554109 1.1458050013071346 4.459695554277883
-5.243536633513006 0.5065843433910241 5.342566959326437
-4.63922772268472 1.773735812028935 5.072465450618444
-4.985687084890317 0.6597514918952467 5.1872256676799
-5.471660900717517 1.1960012956579864 4.488054907110682
-5.625679003703836 -0.19945914437138876 5.28810464613663
-5.722546937911033 1.3350890653843888 5.253867643685684
-4.812453417431944 0.2989123330134299 4.608432193645526
-4.713442217497889 0.3632226740727674 4.758966871414121
-4.590949591794106 0.35316759907183676 4.652773066009329
-5.570380608430358 0.07442627100401202 4.574096241713387
-5.552938821693854 0.5860816726440394 5.451627580391894
-5.531653887591519 -0.005936361287126192 4.754614843984468
-3.86847644306613 0.3267579243092058 4.734425473694364
-5.235905184293286 -0.2545774624797846 5.3104020609921205
-5.315766376808093 0.935546769396493 4.2648894663142665
-5.4100619302382915 1.049425113069446 5.63074224153204
-4.255871626402057 -1.7754151000213818 5.425084040720269
-4.380739698983901 -0.27235327333010656 4.897771664357288
-4.607102168994515 -0.30264603210959445 5.763731344223263
-5.522921751419887 -0.09265891036717737 5.523247569477201
-4.697656151887945 0.5112674014602178 4.837464398406718
-4.348164335295168 -1.8250992234545302 5.393885649394082
-5.463410615149271 0.09410426978934991 4.662834234904156
-4.702176538965872 1.6465973144257402 4.220009861097763
-5.669404511729174 -0.9549199743448131 4.470994349282804
-4.375069223902009 -0.8036728287785653 4.86529807466466
-5.3536722711324 -1.7809154121640067 5.204496137027832
-5.463893591764008 -0.467370412313788 5.259731778700335
-6.2184008384097025 -0.39858254067357063 4.66608779863997
-3.9780008283757864 0.03172584928183114 3.8836768479065022
-4.167794185457167 -0.4224643804377486 5.270979803321867
-4.791657699109245 0.2958156360201548 4.849751185309874
-5.164674265646492 -0.41318463208195766 4.664860191626056
-5.51454987694712 0.7970912669076706 3.984673931573954
-4.39406270614097 1.6787194629945021 4.674942252464941
-5.247723587611542 -0.5174862037889719 4.950459056141435
-4.596209393445471 -1.1371890929003654 5.260197433053291
-5.164703492821402 1.0994752436626647 5.5751280834666535
-4.293875680473308 -1.3182483999675858 4.6288250522115355
-5.310100968348327 0.3664766590954132 5.356337312014
-5.4056674102127795 -0.6500729592640494 5.586747060762267
-4.613413295640361 -0.834024337898044 5.617646162467354
-4.379611994213219 1.1614592270043802 5.412393609804261
-4.161299579006375 -1.8746451522254968 4.838959789273429
-4.724620570902495 0.9498487218670941 4.198750808753281
-4.545561963806 -0.6674345295943612 4.897383881227073
-3.142041855245449 -1.4747457159035298 4.9007591769867265
-5.3529434499723045 -1.7864179887532077 5.545325519288236
-4.729436333449945 -1.601213065685383 5.96477988440523
-3.9576671959485257 -0.7169497094070614 4.837469695908307
-4.214994327070854 -1.7496917188703436 4.957173680379633
-4.785647291947656 -1.9553407354467254 4.120642661283745
-4.301129329216113 -2.176238476144386 5.275326243235413
-5.277456860504497 -0.6904474928762103 5.592482506242863
-5.030263120105732 -1.0233205027601517 3.80323165640837
-5.155908585779883 0.32465686919857745 5.968317167640579
-5.9163892231050985 -0.9409965205913698 5.36105502942512
-4.868340488934747 -2.041216835342169 5.233739701886584
-5.406692380465819 -1.746449377896727 5.8856279671370615
-3.8367939672241445 -1.9261399434467907 5.522238417116667
-5.288436041336147 -0.17447504111779463 4.565125181406023
-4.6131411008415135 0.17233182131302724 5.721187047705377
-4.70290552657257 -0.8549473318138348 5.231286306955172
-4.656049997028699 -1.6290621730751254 5.568327990539487
-4.751081930957201 -0.818942043314745 5.102026889183353
-3.7178564977599122 -0.174127261373225 5.643821524157781
-4.531947780512586 -1.9073984776892163 5.060249339072381
-3.9963589724878577 -4.203487719028849 5.3607324721532255
-3.905180498385087 -1.0972898246466394 6.072089555613647
-5.17333747542414 -2.4657223218517164 5.402953231101329
-5.028703606611162 -1.341768499265941 5.918742635709916
-5.038967501434866 -2.1017634977162105 4.935276559862531
-5.161709311137284 -1.2333280140231293 5.683774882720554
-4.936501380509123 0.9924683237592508 5.506335807483149
-4.919758126716945 -1.4367167347580025 6.21814102778777
-4.728845501839474 -3.0006522167544145 6.483057586563955
-4.8691175844135 -1.8076289580057705 5.234279509451864
-3.6551747068656817 -2.58480947130996 5.213357905520509
-3.5151315302434636 -2.931404346735491 5.3007997734609225
-6.007954472374226 -0.6997169418266384 5.764192307438916
-4.517260548060457 -2.4676686216290853 4.7119060936175465
-4.037106031084573 -1.5853675108873866 5.837090728651093
-4.851107034902994 -1.7308012433437607 5.003982724327905
-4.210916567896015 -1.428101998166144 6.036470537493837
-3.903271957535873 -0.7868431605535643 4.953638042114834
-3.79809169705244 -2.7376939566090517 5.225711339091583
-2.7918241560688517 -3.936041685343646 5.878054792159462
-5.242526923919763 -1.793004549239863 6.643405542734921
-3.9808871799867824 -3.5425027299081293 5.9760594760977215
-5.124133920109479 -2.368206809991247 5.419649470786616
-5.602297276157833 -1.272944896127488 5.692463330795467
-4.22121617382139 -1.9215601861510694 6.066145439461571
-4.19792737200749 -0.4038097887956606 4.4579474568705795
-4.630597037100054 -1.8286208640211556 5.6335280769962
-3.614987614644706 -2.8123222806225843 6.733556542203758
-4.383959891220672 -1.7853302458999898 5.465185835516097
-3.616139057644678 -3.2830351237079625 4.227309492217234
-3.766005412469459 -2.057503376670273 5.923317594658134
-4.730450744342859 -3.169643515512086 5.113341043910514
-4.539954476812331 -1.9912350452254028 5.212589731782433
-4.525790688069209 -2.997491368530101 5.45727412122308
-4.5190168385726315 -1.145155201488437 6.131331940273797
-2.9570770353503906 -3.967163365105513 5.793011248811719
-3.5202647943604237 -3.3086289493627112 5.18840096336424
-4.2703598216147585 -3.1345714126668023 5.5193224511014085
-3.3160070694176547 -4.044998152517151 6.0923905286599425
-4.95378004740531 -2.7652683517300196 5.738889495970568
-4.034156570994612 -1.8164799356285846 6.0371014295093435
-4.858651996544402 -1.5023899385430421 5.507071997186123
-4.254621850824976 -0.8766890405901518 6.213560239314131
-4.737394610406024 -2.6226871318906153 7.213784770780524
-5.088060282498735 -2.295060143269605 6.379461983785948
-4.184446123652924 -3.480453728486937 5.5130681771042225
-4.430927852317656 -2.1087003045621104 6.066504718226237
-4.391338965997526 -3.563259161294731 5.532017236768128
-4.188900798127896 -1.6169291606813823 6.607415986268201
-3.295883646435824 -1.7916519216650295 6.115021042924737
-3.8170489153499108 -2.263985017978771 6.03425087368911
-3.2429109681215085 -2.9064273648540953 6.582021625437659
-4.514593531113243 -2.0799739862318223 5.467576980025645
-4.943781165283509 -1.0216917397972616 5.597356351099033
-3.7891404653389 -4.44495960635976 5.113821792964298
-5.140925315289027 -2.2619806562604605 5.8050696386983835
-3.5444194943303984 -3.8166973970447535 5.902543164571602
-4.203392804108357 -2.0916027399019907 5.946188978298256
-4.7117117356571665 -3.248239275586885 6.02695505277285
-4.484662967159453 -2.1477254678294835 5.27737685112628
-4.046106393858256 -2.341045022333176 7.158387890437468
-4.380251625190891 -2.9350490907417712 5.865360807230778
-3.6457100171527475 -2.9966273714809377 6.59900886367414
-3.743184976566288 -3.120918883309917 5.977957953899711
-4.009393015090923 -3.100365978661193 5.454487630928727
-4.059225398074072 -3.221877173186367 5.630929444059136
-4.005732861965295 -4.136306665649956 5.606054271070104
-5.227641989574806 -1.6553894238260223 6.654867308219827
-2.113072268052554 -4.678174170377112 5.9281633896000185
-3.263586582421932 -3.3963842437255622 6.121113716153828
-3.935447124043346 -3.5373455846765665 5.758554673365902
-3.8087658702471776 -3.095269750131745 6.122721013362259
-3.6171291387579454 -2.9165417377948337 6.0312774775052675
-2.6497494877755474 -4.089041041522599 5.6114421717556455
-4.297878778248895 -2.671685956707812 6.0302562508903765
-4.340410141379595 -3.033071893142813 7.054878119756036
-4.449648354525003 -2.680184387091625 6.128851920067332
-4.2052526944420885 -1.472167935885366 5.532136283989163
-3.3899209634678407 -4.569260919300337 6.910625562826776
-2.995068153999229 -3.7351180048402792 6.4109417011296514
-3.01943657734544 -4.422194517118859 4.82418892592004
-2.27186741066106 -4.011770664341833 6.852102584316061
-3.2767594272447274 -3.5705962244986633 6.811124555239176
-4.644839327072975 -2.1847530919350353 5.889468905134661
-5.246145551724158 -3.5113271533514925 6.664885546661392
-4.672121956480755 -3.3817980885228764 7.005941489213583
-2.4133242278105347 -4.284948828994238 6.61511400095161
-2.7703005108770373 -2.9545164729229554 6.327315524395196
-2.4172108256142155 -4.1368482526596875 6.056397319480768
-4.363195645058729 -2.97391465560706 6.585985690691307
-3.095423905137796 -3.082401394593044 6.820675361666174
-3.787080380294181 -3.231612569218056 5.598203837276922
-2.886465737627198 -3.8644500611265222 6.063574392206055
-3.599737798535317 -3.1287871094848985 6.680447899538411
-3.523296031905033 -4.4618936344350635 7.053760081315664
-3.1730598242158123 -4.012896033588445 6.837360143987375
-3.1353863858664206 -3.705065061116641 5.459035083961486
-3.91721142416237 -3.3231508628941966 5.798897453157103
-3.0522502842324353 -3.325746446323498 6.913080598503206
-2.231731873439555 -4.158625325607903 6.245095846872506
-2.5641120027902518 -4.088019029954818 5.961847033588353
-4.584779498386784 -2.464400416441876 6.235407014639904
-3.9516831925739373 -3.399845077466317 6.0511212063609126
-3.213229069932602 -3.408021507206625 6.398680271417797
-3.8721121965415226 -3.490145321267255 6.559782567339195
-3.2676999335161128 -3.98425182334515 6.173373717299491
-2.4021546856828984 -3.6739736768552493 6.280218301283043
-4.397611193422834 -2.757001771597257 6.452288528529582
-3.44624922142491 -3.9903507828340525 6.983091807067905
-1.658458007630875 -3.9110610585544325 7.60470246120099
-2.591221471770683 -4.295193613695577 6.518280398737506
-2.6526510634001115 -2.8983452913951573 6.6927381294845745
-2.2470320901144802 -4.2173956595442945 6.020042012209677
-3.5311766616847313 -4.360160067151509 6.289402103700759
-3.433324763485057 -4.411558296219717 7.128276796440725
-4.149765978221777 -3.2741398607410477 6.103913696409193
-1.4954226120911334 -4.67668937749885 6.623151238664571
-2.3505845244864 -4.390580915439719 5.829992369393669
-2.369933488375696 -3.789686029686039 6.8368409319128265
-0.42875559396287727 -5.545897165730436 6.335605348720136
-2.2068654862283053 -3.8017405887525446 6.05497625320572
-3.9345968263838635 -3.369624826884992 7.1190797738163765
-1.8210277781090736 -4.367555757156162 6.587116709272538
-2.8577119290033997 -4.208603276437493 7.4496940459337715
-3.9620171741091164 -2.9775522839385715 6.440197488669244
-2.780602388198371 -3.9622818484961244 7.316541259812104
-2.0182137039334376 -4.130246317670478 6.770748808891563
-0.8825286728513858 -4.770661333323917 5.978570236703618
-3.519117388878478 -3.8717575646679205 6.584858633530239
-2.282686727413617 -4.384095437442623 6.631604315877577
-2.0329245216146816 -4.345417157662265 6.828160031916871
-3.7734519723512445 -4.749814987209988 6.0175278180130025
-3.741721617001032 -4.314815394797064 5.678193767744362
-1.725732066994295 -3.29338259479542 6.430922996427251
0.009210913243626741 -4.78115585262501 7.5704986328438295
-3.3829073560219656 -4.264516218119776 6.6586793077977875
-0.8612634881098616 -4.652134991996642 7.268116826889955
-0.9535631868299812 -4.526986808961346 7.477072303741522
-1.410940092575035 -4.536183821955003 5.850494622691847
-1.0652019085149225 -4.707245369538546 7.334121776962137
-1.4349831529238557 -4.659591691613784 6.830672010801469
-1.6532776175291304 -4.267372867385587 6.562918456089804
-2.438042077894534 -5.1676437150694285 7.214355093814832
-2.331943330838419 -4.991404000639015 6.368799029311603
-1.9491497126341544 -4.097249713918318 7.4147164966741075
-3.829178051656985 -3.8284513451866746 6.641253499498059
-2.730628581594596 -4.979405514333763 6.852755950523416
-0.2845052705742446 -4.6419324176645125 6.703444615447827
-2.3205506347183498 -3.620539529020661 6.695339486827591
-2.008365473037958 -4.195389074027144 7.295336892679274
-2.093699933128503 -4.408659668415551 6.65151618187207
-0.8069550723484519 -4.95486520659065 6.790836733750734
-1.1909172991244337 -5.236515451358936 6.220304576870228
-3.2978759762468184 -3.2056566365417853 7.980338375836691
-1.826646700014989 -4.558330178751353 7.723043634271842
-2.2821248919830097 -4.400853423724773 6.954110320474598
-1.6717467024369022 -4.422798483807395 8.05860241538601
-2.023318546539418 -5.221620011121079 6.942158057617143
-3.8004164355180468 -4.00685295773333 7.214629907865407
-1.085396717886423 -4.534866395148601 6.962065777640491
-1.441193234449613 -4.56172900939391 7.5885042957225854
-0.8287445196369162 -4.558364949990772 7.402579266756582
-1.462776022988159 -4.482009075474962 7.940897312764536
-2.3290781895724173 -4.061902253131484 6.472264744411885
-2.6591680563551883 -4.936361157660658 6.740756046070092
-2.7494020810279 -4.69598473660463 6.310766482315697
-1.3473248516728908 -4.069639131102219 7.398821170258718
-0.6020473054124583 -5.328817586679928 7.152548438100398
-0.9967700836292106 -5.0900520840897725 7.029709699955197
-0.8058154722389111 -4.265717869093109 6.996260325882399
0.16750112968472333 -5.999988589758333 6.59607299495873
-1.218543922263812 -5.59415785791945 7.875501032442402
-0.8106226789109543 -4.7984047618840675 6.538113111353629
-1.9637471905743258 -4.613867869756639 7.361315222468642
-1.4047180041722895 -5.204329686453468 7.634465334071917
-0.9499223548409681 -4.3770665724662425 7.525429684848735
-0.9389096879274587 -4.9236114410195 7.345836375497822
-2.135731363050399 -3.4401787552528744 7.748638766806286
-0.981816163025488 -4.614059597998871 7.559712712563893
-1.8905594801984353 -5.334511062764571 7.268976541280432
-1.5484793744170802 -4.659261106786231 6.4984921785604275
-0.37124144467508563 -4.9694094813893095 7.6745907549386425
0.29361983937935304 -5.010251980666107 7.074375503337438
-0.10543966682079553 -4.288511530600255 6.667408955626393
-0.87480044735179 -5.37070713866943 7.365621436826149
-1.7934637087696645 -5.462482438176014 7.02171714645413
0.6623721256191689 -5.212494832213376 7.375499121463965
1.5127848459440867 -5.376185758233623 7.383677787119879
-0.34040960239251006 -4.346865311473835 7.656626889408115
-2.8336659501096855 -4.734659350990958 6.991324988240891
-2.108385263273371 -3.9571762141821516 7.162169083530449
-1.8349999713009808 -4.165585854639104 7.126294370092546
-0.4794417638440823 -4.6257146884291025 7.576700252015239
-1.7271503912842527 -3.5325751126919145 7.478451342186742
-0.603444830286704 -5.089703952526643 6.324530224646878
-1.517135163247805 -5.155052962133581 7.713174861934896
0.17285724901817037 -3.358481627836117 6.47663803003202
-1.514484177966481 -4.152106724393007 7.328061829840901
-1.0823396657508233 -5.381561337991088 7.203943399494962
-1.3790758780033112 -4.445979125540695 8.138343655631804
0.6149375880669296 -4.618789013936782 7.371710528760913
-1.4814792207049468 -5.357171460491784 6.69585051482635
-1.2458037442394876 -5.604411646644987 8.002111028347155
-1.1797319733974736 -4.881610201195834 7.218760243704348
-0.7146182337935697 -6.167210721758739 8.557438636171586
0.5493584273780306 -4.603651074683142 7.436318876188494
0.5716226562328193 -6.0281343438661175 7.611506966898073
-3.1326047774380825 -4.937352441372244 7.901551761963372
0.4594417655772886 -5.049468054893071 6.697788164646959
-1.5862206173796785 -4.994113499959352 8.374500168065474
0.2955925961255049 -4.927343234241535 8.61221519700342
-1.5025462183190175 -4.62642926509306 7.163431899926597
-0.49992394438577303 -4.95270051971109 7.669883591932018
-1.5472249529420934 -5.131897279518394 7.81547074417936
-1.131933094166114 -5.260099618255763 7.496427846889469
-0.6962587287702775 -4.572939290715784 8.048394380974683
0.6525738456827996 -5.164863668882008 7.345709952007273
0.7052330287388415 -4.784861797389905 7.771377476678436
-0.02337191072720006 -4.094118374238798 6.943159700227973
1.4716639375855858 -4.6078897286196225 7.303506142706344
0.77712525876518 -4.962574629982656 7.292709230174602
0.8123415898307615 -5.6740795935883455 8.48672739680668
0.6969694627711285 -5.0571022611845 8.256305128535246
0.09841765295335933 -4.611306726075215 7.561681029396104
0.9117760191505712 -5.083916891914434 8.13926905389391
1.6770980529707282 -3.6570547537917757 7.772543058738325
0.34035507154469 -5.470288958789189 7.695758649820908
-0.3865042604337088 -4.821100182585613 7.387228394671199
1.4627499390136138 -5.297912239092139 7.322225549384204
0.18328305886456497 -5.258410457441061 7.8899336896578856
-0.626842763175303 -4.672351960463977 7.876605044489829
0.5058130817007848 -4.775553099668156 7.2783125942055005
0.5062607235285539 -5.200339672921534 6.843980370199306
-0.6562865068147683 -4.613115119588103 7.663029859353135
-0.048224618698285725 -4.381897316399636 7.098115545666848
2.432822226057009 -3.6750851606695845 8.172014299005305
1.076189542005006 -5.2279227083110715 7.149320556782408
0.3752873175395955 -5.010002914695511 7.53721827584436
-0.051154390821433166 -4.158531466383846 7.2573871520485085
1.8790557920008952 -4.6955077129034795 6.851041511109711
0.9450385053085288 -5.058834917508961 8.105076881411156
-0.4500695030897508 -5.387113260883188 8.092089754456934
0.0741929133316719 -5.098210932848305 6.875588769948075
0.49518326226015724 -5.487457158894851 7.681059261234478
1.2630399887083517 -4.589247739483745 7.59333807645991
1.7236683410046203 -4.807219459474114 8.169182689395628
0.6225389089755439 -4.197091176402469 7.905655944283936
0.11004495821690204 -4.724601324112006 8.652824188530538
1.4589382681886076 -4.7152559605731135 8.002112143860773
0.5344449371972346 -5.292336444178769 8.18971200528772
0.9738308356544644 -4.0714279549331005 7.388752771434732
1.8808196200400744 -4.3202197964142846 8.374995714653537
2.981327341210793 -4.657971979659928 8.33028577708734
0.8417752657842441 -4.365726314972532 7.210983751314329
1.1503973416033748 -4.065831672344773 7.615721025575137
1.5687974143145391 -4.766591016027374 8.659226874951894
2.6172184025146037 -5.498023876420569 8.454551528477815
1.5724958723349143 -5.427297218869312 7.944708869986173
1.9676162596650133 -5.641543116751247 7.044354049466816
1.9972085869056326 -5.132216723522259 7.791039546512345
0.45019423099967026 -4.1957504221497235 7.353939896038085
0.5240909002034722 -4.613499827053766 7.56725451989129
2.849862054354526 -4.046107062252973 8.090110611561292
1.9149112646355824 -5.633958919485527 9.309297694167853
2.8869006059841245 -5.166309381129463 8.406335136227465
0.2117254821300186 -5.075223414084549 9.21947683454888
1.6778458569556811 -5.654616851411899 8.044609234142928
1.2142872535490834 -4.102608844696626 8.67130611174143
1.9776668693146031 -4.42742410294472 7.877407458414547
2.2433714591227227 -4.646978712347784 8.12028597302
2.17798080807565 -4.265509683433242 7.067511016882704
2.574982393555263 -3.610802603824235 7.787334073142061
2.572607759279419 -4.182628314362114 8.213668991182626
1.242955456520975 -6.402967477982036 8.485641720903644
2.9281437236625907 -4.157299062473018 8.187366375250184
1.1327442389523252 -5.2193531530386945 7.878705472236236
4.866922826123129 -3.4140293909025954 7.374092836386246
2.299893886230027 -4.996465541691198 8.16344581567006
2.628950918849616 -4.220663947770064 8.04054119645352
0.8631252071278629 -4.274291960262349 7.506002907381725
0.6979316182266523 -4.4132221494273605 8.621848785651718
1.9521980407938007 -4.253884378043357 8.115995085252159
1.312567662675584 -4.188314737253404 8.459998310433892
2.3910394343190076 -4.5313751544660965 8.487993430248281
1.7802580875673355 -5.436482090083282 8.37192416643239
2.4248144159887275 -4.372879544293842 8.036214192278832
2.87485810498576 -4.3137707883221195 8.331632519966881
3.5840502893704813 -3.625108943745999 7.96632457829572
3.4651462989413875 -2.887400271080652 8.469812143839093
1.412055244611644 -5.685585370779812 8.341478330272437
1.3933232678595482 -4.2379838853684655 9.08533438412355
1.4237981808644298 -4.5977318252283474 7.887655696991034
3.403236655153657 -4.257639377929353 9.49929085118549
3.6042843394461515 -3.118530973001948 8.002465921435228
3.322464588053577 -4.068431319353533 8.07037940206753
0.8167541342617411 -3.9744656394721707 7.207044381857221
2.1537137921434444 -3.9634070052672934 7.949502053438153
4.1760010072320135 -3.650637048997494 7.66357268688059
3.6201209605192273 -4.28588985539103 8.067315937952616
4.301380109491209 -2.6411654442775676 8.532633342982312
2.6464002092303316 -4.368267553452949 8.51336152072196
2.7481553220571646 -4.470474793527485 8.438720748797394
3.969495898285567 -3.0303044774358905 9.40589879766604
2.609656354382154 -4.702442364676628 8.046404541515942
3.29602180812178 -3.7285349799938743 8.502112957309736
4.449813368144094 -3.5486831174804774 8.176886156136694
2.6687992421506994 -3.6928242806216796 7.3623917337265725
1.5729807874652388 -5.171013391024617 7.649439765061975
4.969709686516645 -2.4654678229424065 8.849889046514113
0.9281122579541533 -4.578491220250869 8.322515574150183
2.9214372617093662 -4.356049646021879 7.403060099372891
3.94371684602063 -2.8449397486764205 8.188455135200563
3.8377326564324417 -4.06992357621879 8.947106428418905
3.0135454694327075 -3.9023229357761453 9.095463071011247
2.548900029908781 -5.0800395445553965 9.180830750299714
3.111716090867164 -4.5884348703458215 8.922835234675198
2.558753962561334 -3.5175851492004107 9.23250756460252
3.7395327838618773 -3.1945829456477757 7.968207086531389
3.821663051233216 -3.3529860792398805 8.559469824893293
2.0321410689612245 -5.718546612475039 8.819986388817295
2.0421644916278714 -4.223103413648214 9.29917951382473
5.522156079537159 -2.522266724814902 8.603660411730162
4.00663562795521 -4.001265478410854 8.788596636838045
2.8181577564049975 -3.448459125530237 8.391875256306513
3.3688954738591996 -3.0495910017990524 8.771520803468881
3.5868517079804745 -3.661594126415672 8.723332599658066
3.9436715653644447 -4.385381960324357 9.116273804833815
1.5455216834237027 -4.517395335220567 9.446549824305894
4.008725320467954 -4.557554127146691 8.702411847677073
3.157184999777966 -3.7426962132654897 8.302306297756092
3.900726963884715 -2.67417343945302 8.517371626490512
3.333017404997583 -4.316145935157459 8.59284959797088
2.954968149037608 -4.227202410727342 8.959795799321924
3.586030359514939 -3.478455607272369 8.33957964240941
3.197188046578657 -2.8150320473294093 7.9865698655414175
3.456867095705994 -2.6038502192026542 8.74865648527348
2.3642308722277203 -4.4288773832279045 8.86469552558088
3.3862430468450153 -3.5910473552431514 8.81593098729707
2.8913546113231097 -3.559795725949771 8.581185036085689
3.050805382427021 -3.8226807023913274 8.724647376703482
1.4942454126904838 -4.827440129792723 9.305651031356021
3.558667452550577 -3.4695599538519577 9.09870135750337
2.244551133354377 -4.259461456538139 8.398392480414845
3.2505478183029357 -2.851611024670348 8.239117487740527
3.4627975567330296 -3.229422666590001 8.225130851859936
4.291938644223143 -3.3161235291840856 9.37699225139591
3.4967469800265683 -2.8056409894486585 9.1229754750969
4.201030131772658 -4.421153681926669 8.494351095639345
3.4671672579527293 -2.6791433557984106 8.543845379534492
2.560206468041919 -3.9253393874973783 8.141216869081358
3.6265957960149144 -3.7122373034626186 8.417025054460215
3.2280555210102633 -3.329722347882842 8.464013019805428
3.63138394919885 -3.4664839782000865 8.742811534321135
2.2391233706871234 -4.336983049458946 9.387499398543213
3.4886863364595864 -2.56015009364946 8.820438408533924
5.292233425301602 -1.6310129196643384 9.406521504958299
4.7835274611528655 -1.6191688141292602 9.052049036998483
4.560053229280281 -2.569712067059776 9.651427229444286
4.714597524438777 -2.607941442267429 8.84114600652251
4.75364190083652 -2.653165756118632 8.061090221774307
3.152237508391442 -4.171909406885012 9.062677745438293
2.6421368524978464 -4.585961360210041 9.072092975862297
3.7782208827367567 -2.777354927623439 9.47009527966165
4.300791034691967 -2.6157460360442846 8.087733613360804
3.8269632287390536 -4.024847035404525 9.548991076625725
5.219629803257473 -3.037833835980972 9.10406780429599
3.526450108272628 -2.9149441400679255 9.533379044326969
5.292521335624211 -1.3151546315136604 8.58615637304684
3.213334538152568 -1.9411342687104272 8.795196059151712
4.944477156810271 -2.9226731075503674 8.808721657692304
4.386789649890582 -2.1430758202289337 8.107227355205818
5.242984298698656 -2.9272804473601792 9.352776635365943
2.6295389067742465 -4.21962451091068 9.575393424580458
4.258732490024518 -1.2612578236366523 9.670314044025234
3.676342771385234 -4.02807740353905 9.278228937893129
4.118384983316484 -2.4848674820289234 10.196752731171738
4.481646687254186 -3.2986482153202514 9.5354568043047
4.672090008414808 -1.6740278592120446 9.16915280957412
4.188458026712319 -2.170128078033934 9.008424174024668
4.248077802841274 -3.537192128861016 8.99949556576367
4.457590404302698 -1.923919568997581 8.687239012807204
4.561277103629648 -1.4546435982924466 9.773275207690316
3.949412533507328 -2.6365689735121705 9.992229487188798
4.035479841500623 -1.0650923762119462 9.518852873822704
3.949776262931347 -2.969532174267285 9.751189022333488
5.119367169429356 -2.2144678761220233 9.39500327800675
4.1637192906790945 -2.0532836665409606 10.075972178455826
3.2451550003773386 -1.7034056274844236 9.52152936389888
4.267919620776529 -2.876031903029671 10.101414336243087
4.876265561050606 0.09210276959092334 9.14135191127154
4.207183390963758 -1.8016148680048214 8.702340221680574
4.252576499227202 -2.960631069842959 7.77684255805592
3.9462174402062904 -2.227274903341003 8.898416577798688
4.598998094788377 -1.8723733442469739 9.097208392863916
4.58480606130934 -1.2227470462277072 8.851904292498364
4.18279044665584 -2.5858080956223013 9.979079788274488
4.679785417383523 -0.37156773163590184 8.768017791846306
4.766176035518309 -1.616941006984347 10.73371463922292
4.300384095730258 -1.9310806065752293 9.832409097152643
4.466619115450165 -2.6307794329169765 9.201209274224999
4.862288431038737 -1.7282362274196619 9.289808335718318
4.568273524114449 -1.9210300306759682 9.033473888779268
3.0693063382513754 -4.221056937004704 9.415003740717621
4.597211668365725 -0.7217990299720842 9.410927541342117
4.953189777787802 -2.8344058177031797 9.579883215216634
4.414425530495007 -1.9261910150709045 9.618193239852578
4.0504772500654775 -1.6201309451150805 10.450111039286979
4.632180191449217 -2.1602234765877415 9.980760992979473
4.594076379933191 -1.4962441994399376 8.259742902108929
4.306702106675808 -1.1844655533009085 9.583647920599587
4.647469447899263 -0.9510562312484371 9.236517669152953
4.6405424407909015 -0.898481963623835 8.59998433090174
4.186861629766582 -1.4513030713388044 10.19766726903047
4.781220149333986 -2.9634605776743355 10.64684340334718
5.710191241287713 -0.5891586040294586 8.65836044775099
3.9188306120836747 -0.041148333834529725 10.032112718032307
3.87192314928132 -1.9621374737614583 9.301075717849574
4.902574796078304 -2.071349588819983 9.753667003456727
5.247882202835075 -2.8594899662417084 9.580798433675765
6.253161052167459 -1.1067639864260945 9.33857551403982
4.669948158545467 -1.3183452893381509 9.83405473796404
5.0131820840622145 -2.621425606147877 10.059477545205203
4.830550799331723 -1.9223877869342372 9.455600352784023
5.8290499840804575 -0.8033974436758726 9.530583577163966
4.433183568077892 -1.7489515834926526 9.490145325158908
4.541719268928115 -3.0728379439849904 9.756259070848822
4.536406092474685 -2.1965750914184357 8.72974559530648
4.661877445085297 0.019970813295047386 8.982289126487755
4.689860272844698 -1.5483400357386237 9.521858850050883
4.0353965794219 -0.5898452012032371 10.372996454947511
4.161540905751683 -0.3067588135837675 10.178625262592536
5.158087345797824 -2.2109365373932848 9.703341392405711
4.490200562732501 -2.223716172511526 10.054468680297289
4.732866174291315 0.058185467161037195 9.111859610761567
4.713444737060716 -1.0932617336506856 9.97756313527564
5.346800467784656 -1.3608226620103185 9.521715852357575
4.208237507157541 -1.0029483585331858 9.74722534684549
5.318666266685904 -1.2983158132416204 9.396888227164805
5.035149745689804 -1.1112671077731946 9.10783193663449
5.521078497219972 -0.3031870859244693 9.093049680368171
4.371864282011371 -1.0392693319450983 9.652504962505605
4.627960691508194 -0.5222174754295555 9.734111580618517
6.335855657430717 -1.163052154302211 10.297655405856913
4.745187686925096 -0.5644294011085744 9.44434107204185
5.228932000351624 0.06040720783084471 9.81026525140026
5.601888263543606 -0.49313757541414266 9.031626857981779
4.641097840005468 0.659054378388409 9.822871745142429
4.664401010686783 -1.5209875587602186 9.830813883671889
5.1834233122453375 -0.32421615825241235 10.16923654398033
4.183422002095214 -3.2101746027913274 8.742731950584846
4.876834258649912 -0.8439140591151315 9.063044649952571
4.9337475963596775 -0.1528207295826114 9.49885903188977
4.811538152152205 0.12814624538648248 10.542348830706455
6.011607590862083 -1.388429382142778 8.801410135779596
4.090860100069683 0.7793249912256668 9.562289924303714
6.065617512811441 -0.7051911243764915 10.217887250551899
4.939611743376136 0.6479567622116289 10.673620419525228
5.079267505919136 -0.8822949010844193 9.634292816813119
