4.590359351721314 -0.7091259958447037 -0.16693500787292295
4.737711660644077 -0.31614534107945447 0.2784057836526091
5.557811928253665 -0.7469701245347385 -0.5304184813975027
4.540847125304332 0.7661376823367402 0.5307796519644222
4.181399985305747 -0.6827387317719256 0.33306616358393065
4.96180317956431 -0.943294377166363 0.9218606621814022
4.076549518752489 -0.3305307433937895 0.05990193249435054
4.239026558884134 -0.33535558817487315 -0.2472053492976098
4.868920391441055 1.2274249395809642 0.2003259926927944
4.266873170423918 0.6532998604964871 0.542985964862771
5.900975574142707 0.31249278787998197 0.6027397534635647
5.006926741478846 -1.324369104305103 1.0091073939009076
6.3001314609084185 -0.4897379423534569 -0.3380018241610182
5.606677412685856 0.11144284131548031 0.2642529497127262
5.304580492107541 -0.7469708848028698 0.6246864652907103
3.9607721969729015 1.18727148362721 0.2677064857916631
3.855102716721131 -1.4988833109863584 0.08041253111235708
5.688681860156911 1.1557411629947247 0.6167833082673331
4.349258783330488 0.49739966497185767 0.21411608026662865
3.7497751244855024 -0.5808331147399635 0.5449999747549548
4.62681476536475 0.3916575807775435 0.638582563079885
5.665503840499345 -0.6160016215782546 -0.8111079310710223
4.777178096383851 -0.9518417093365061 0.14593952050824405
4.511820884734052 1.3555069695591921 0.18730977274598204
3.940652614455411 0.544233916682986 0.2907776086105308
4.627195304293308 0.17533161172295875 -0.6150539891308687
4.417199741612463 0.604777007819437 -0.9743712618600389
4.357557570861463 0.6175322924152525 -0.07623762699657854
4.215551129311023 1.5994623711904636 -0.7735184525581362
5.072566388738204 1.102729944358577 -0.14783087492267272
4.386926021698061 1.760311542600718 0.6252810492591052
4.92531828795044 0.6380786011543021 0.46007477923606455
5.861315295720898 0.34353130194646486 -0.36310262979629165
4.252330785151606 0.8242597017321615 0.7371699891032866
4.747230301308058 0.018469342317462202 0.201343637437962
4.346221467116339 2.3416959529955528 0.9251117394482666
5.669688982618345 1.7512637814373337 0.6336270389185248
4.587484444349056 0.31850514145158915 1.1821332351911509
4.181920560131261 2.898544028410326 0.49203981877180714
4.704227397104512 0.7166402178709219 0.6333331565656359
4.280324625749648 3.158395181879923 -0.06534906449780492
5.708701018600369 0.018611430826208468 0.16177659602232405
5.266009873296115 1.8873330218288074 0.5907170110306368
3.481783887304253 2.38805683943465 0.9592264890262459
4.727400906100412 2.156933351163452 0.2868545973480449
4.753091166715436 -0.25244437419984483 0.6338433271666167
4.196334797303399 1.8818286479902653 1.2085851392514229
3.970926058807315 1.3521596530128261 0.2541449704324449
4.382789050398862 1.3555789970290935 1.0952903934279046
4.029834230719088 3.959389370753395 -0.22089066488491138
4.877017749814586 2.5309241532435824 0.9372625296300039
4.9472639191963115 1.6562388418383784 1.125302725351416
4.803450818631171 1.2984234631289506 0.8351346092933878
4.793610824044675 2.3038561487476166 1.4655179091255115
4.761286484374407 2.85616429761221 0.004739159670268833
4.443028596525053 1.6845638803783598 0.5923785932397477
5.432068259795127 1.890839920171235 0.9985680185313526
5.46467387452508 -0.5933357126895428 0.3652449620290662
4.524107463893909 1.6145936620831962 0.9687497906471694
4.747360073342672 1.1504532911323175 0.3833713293877906
4.464397903014487 2.3193256578557495 1.2900205111930632
4.597401975696075 1.755809210285245 -0.2567246156768156
4.786977550894418 0.9760661329042296 1.306405453243196
5.440236779317005 1.2924044263801846 0.40448521877314525
4.992183145012162 1.9680201595498459 -0.35554713151113293
4.053254205170843 2.2879131551818435 1.1159865027308902
4.646783205585236 2.9352985718611815 0.49592861752547723
3.4287122136085277 2.721611700068931 1.279936395970818
5.4948946432197365 1.031833743337558 1.6195576381865764
5.3662559764773725 1.388580415871491 1.3507716193480372
3.7948327813173726 1.6348085058903774 0.5009218273058653
4.883538526831066 1.4265858451313658 1.1600600829490366
3.7113795159712755 2.792123899348977 1.160508797587229
4.34735113160164 2.682717342630088 0.930814097935031
4.536594675643829 2.407309603948122 1.040183027762208
2.9156712928004835 2.684150668353841 0.5702649942925166
4.74100878021064 1.6778200115808757 0.29778031529831595
4.259108875176841 2.2445779899600304 1.2390569474165622
5.405581694235877 2.0291139991678846 0.9280390540943485
3.761010407939522 2.849332706678669 1.2873332061408664
4.244161246115974 2.408315229425814 0.16032230361166067
4.768963655992945 2.78792996166515 0.48736327229343035
4.639305188037894 3.247619670885658 0.7423723177454626
5.0221050686053665 1.3138310906249162 0.6347048266799323
3.9675616208390716 3.1692790286455983 1.5393540372577041
4.673416220784855 2.0028404165898737 0.4785506479523078
3.8609192078926458 1.7514106741824564 0.13024087036413157
4.2941300767984725 3.2475430584570715 1.3072377209456902
4.870573832008232 1.762510966970488 1.5545515729854007
4.107604935441859 3.2998594215741406 1.4860152425914748
4.577841758482715 2.697277384141418 1.9408592515939422
4.266649097021757 2.3763683798216246 0.8378347022367537
4.57535614076857 1.3475839272263792 0.8872114314794881
2.92311392855528 3.0317080314723133 1.2476748482039808
4.0236199848843786 3.5418460567215346 1.0700433622586627
3.926395234372301 3.2943729406001867 0.8469748737372645
4.495147451092641 3.4524843026036867 1.0397474172424086
3.4133814986587208 2.4385526554414847 0.8347591290238118
3.858033467502256 2.3365984602936907 1.0659113408527938
2.9046814005650217 3.3218044854567697 0.9046194258491138
3.582701811200437 3.5780338802177742 1.5036068693217188
4.076978504682207 3.5318496372710744 0.7110374393467982
4.541463639616448 2.538418850743341 0.5530790541332304
3.843437866520292 3.8507196798582926 1.048241107458921
3.753625810528323 2.919113862031753 0.8112419293720734
4.601986289330373 3.603121287035846 -0.12849710419180238
3.36518659942782 4.799914512701327 0.4721756267024746
5.385859492933126 1.6678839254994977 1.1360280611459381
3.478445909775203 2.767200090742132 0.8572562343050565
5.032165088905153 3.037333575326697 1.8890030781834737
4.286337643368084 2.8051887338693957 1.4896617236313618
3.356796608096285 2.7412621095486216 2.3205802631864603
4.468050277817724 2.0862086798969655 1.1382608116742463
3.9624358492861087 3.2133408893333204 1.488706097977715
2.763203973873327 3.828399712945953 0.23252942940746224
3.782927219357915 2.4753585284356383 1.4733284581264638
4.46610298551177 3.4343275137466978 0.6721154340438142
4.292063149641505 3.671244024772308 0.7612218143085608
3.9525839430966645 3.5878173201144614 0.7314370449310525
4.234464716009933 2.882809579164159 1.6082097909313309
4.301974800553677 3.3610895435912562 1.5585060130529933
4.232560199530939 2.758982151664907 2.0975225776549173
2.961526969626683 4.12719755092575 0.968708487743305
2.66516244140812 4.0596086930106425 1.1350580860302413
4.406116353978102 1.2570416184516693 2.4434273226045713
4.415216955128196 3.3583117328293985 1.4460301499969446
2.9668604090758643 3.1103850073371606 1.392150142808657
3.5833262490840805 3.7553364303555923 2.329456715413869
4.507096885619244 1.383485021744579 1.411988815523545
4.004615946328732 3.2194846287769225 2.6119504538944343
3.564695622614756 4.0531760153519585 0.9336710492355665
4.9269515472284375 2.1945911750638927 1.4919693409337766
3.884236248286418 3.3144766832824395 2.0358139910029163
4.102705891346093 3.011828854086419 1.3854215531388538
4.295519221138624 3.4375807592452507 0.7368895337298521
2.572600148326067 4.041822328617258 2.07689349775625
2.307301306498528 3.151517619611142 0.8980601664965416
3.3188146500799114 3.081487674486832 0.7368350544575313
3.9641915422556604 4.053048823179551 1.7081565291674998
3.2508954864054926 4.0756186186769465 1.4506835508683216
2.979824500198823 4.033452902547845 1.0331958953975353
3.5041644150920668 3.794167957667689 1.3901879312472891
3.5979662057647332 3.205435584779163 1.1274572800153961
3.1585882719751934 3.568815310638965 1.5678979387197491
2.836600262999167 4.382668277992165 1.4039099309435714
4.391338559156916 3.0991553541294694 2.477563039247139
2.8882472562324506 3.4200052862969508 2.0456732080399824
2.560444766254542 3.79981792172624 1.282048682363815
3.082126824767537 4.39916073350948 0.9916482403034599
4.212191314389273 2.171366327319417 2.0347245251821517
2.2656669346842495 3.6514202044754733 1.4038391104531316
2.2961399536649325 3.1104052350350693 1.3853752868799547
2.0143284152003282 4.276557523559661 1.7404982062824743
2.434044129699108 4.200479007545053 2.4269628522911564
2.2394250062641015 5.2415673519033765 1.70907349824866
1.9265690646264946 3.3953952621734795 2.2826174937708297
4.065462845017091 4.4649230131514965 1.9865178316374559
2.0668668061542785 5.425650417680321 0.8594309610938897
2.8243017825365375 3.397280275133841 1.8377057140300415
2.7094919707033425 4.956231394286132 1.7038661283417513
2.316334204249556 5.178881337406713 1.5220908174834125
0.8140702393371967 4.826345990024158 1.9151124707057356
4.078206517410088 2.980769856985768 2.0710875507689086
1.5259118667094231 4.514109604997303 1.712984693758797
3.0870809539653385 4.208320297616161 0.6447458192304
1.9127775714499524 4.5790084298697655 2.024830431233227
2.003862039453036 3.7002240463392564 1.8896994655837447
3.213364062226124 4.010835575710357 0.5489783350862472
2.0664778997737585 5.746935020582422 1.9214678123023228
2.782945145077162 4.094417359100474 1.0265511537750172
2.882540720751811 3.897639925956879 1.3921205973205957
0.9905815127376223 5.020847265143284 2.0304071264296946
1.7806458810102017 3.1142378660385908 0.9313122631994448
2.007069216876933 4.643616113149791 1.2231500083276066
2.446410961170751 4.631335716174303 1.711156760077963
3.281873188505149 4.56444291312594 1.5452757876080983
3.3508463996432543 3.0928471012811696 1.8320894898007989
2.2683034257135715 5.2281151685666405 1.9378247847309855
3.111202427378175 4.172534528657535 0.7225784275185689
2.435581354357055 4.47520078014474 1.0594278101160932
2.6400234103665574 3.704385643841218 1.7239294007390145
2.2883453215494924 3.9571955018714187 2.5704750268152625
2.296475995473846 4.499245706053026 1.0812857330503491
1.846719708553066 5.132154507758429 2.440251127052325
2.95247665275751 4.503876247859509 2.0933386964441407
3.288793665146312 4.509932627130003 2.0876081027721125
2.798442664953855 4.900441414675075 1.8671976503806236
2.0391633109803573 4.362895447807832 1.9193319108132403
1.3638253885374445 5.229429576527244 0.8548713416608984
1.2739349522624899 4.71946730537596 1.7316578692135942
2.0636917035764566 4.82274944536832 1.9706538078902418
2.1066749881599445 4.526465601523553 1.1024811304762332
2.127350775499784 4.729130381587654 0.9150310753347934
1.0142468611877944 5.580191013738015 0.9832627379584338
1.3958026731885438 4.7136211005702195 2.551924978976237
0.6532666891728669 4.102901509482293 1.63458358208725
2.1135082507417953 3.531569071846336 1.7401650434847322
0.1612920392393182 5.57002051378869 1.7737566843401333
1.830256146443645 5.140231096106896 1.4635563654450756
1.8324609552585012 3.485267228318924 1.9996081561097367
1.7285098377401713 4.383429189098863 1.2135401912046604
0.33163017359016694 4.6567528650164025 1.3675136309104934
3.28334611300437 4.45430016879128 0.9297626870346019
2.0199826359670157 4.336028662666338 2.3049475257013188
1.8671390562357957 4.593966574804988 1.592087570243692
0.4555625010982556 4.842239228841845 2.242489833134258
0.15685787203538257 4.776228289162365 2.457603736929398
0.6059927940082596 4.926510044255415 1.4830788378294009
1.6026807130937355 4.599757769079566 2.5430915680836437
0.37525452221808464 4.957191970139045 2.406403469274289
-0.07226962530846738 5.0704669556533535 1.1994101920445357
2.59907044948396 4.491366922024226 3.230096529461056
1.4710284828142166 4.798648211640869 1.978850133967327
0.8883768744763179 4.717314520891805 2.0066498363689447
1.1069049434295914 4.424021610795844 1.6091548176527994
1.7680187231301683 4.757124043911981 2.4043937095274717
1.058505052349611 4.290703685483725 1.7812293236856616
0.539539569369673 5.860736899460603 2.3567554106533666
1.242671932539441 4.370577101292449 2.0062666718636195
1.0596832870070394 4.505171040293709 1.3882937187370934
-0.022022403548633118 3.738623176909197 1.7092300003056409
0.8071246505492943 5.043601034002431 2.299813578742763
-0.20262703574350577 4.736890294436058 3.0911606276427768
0.16500165304356473 4.994802981592884 1.7540875737010113
0.7784881606046722 5.052150371982542 2.3947029347439606
1.9854936147569304 4.564334302602185 1.6581492830544051
0.3526407891399436 5.241428712684443 1.5281306670244872
2.943162388604661 4.536024535856374 2.7050962158229277
1.1625119929308456 4.844355193065543 2.4543907159081395
1.0114244301685178 4.4149729965146784 1.7067293833181942
0.4259673148615689 4.0745958325948575 2.101425394222084
1.9140887606631802 4.480809030923176 2.2232578366021336
1.434795395647061 4.775314520089309 1.6416736474749418
0.08777114156700978 5.170008682230963 2.4289218342804872
0.30344180686124467 5.277733293791886 2.2151946648201255
0.11264734197918629 5.901769701246387 3.1449012345498364
0.1923375460773684 4.33512829879062 2.1663300069924025
1.3646357659231685 5.0973897171800875 1.9598805883352406
1.4546321005600287 5.571138921753498 3.0165096804196105
1.0330755126020903 4.571893873155537 1.7636115102655876
-0.8682741666386108 4.806022596625827 2.238821708404333
-0.6946594014349616 4.32812831902574 2.5963508750208817
1.15695995683667 4.028550741353767 3.4588969040907007
-1.0839166585851951 4.5475581351088135 3.2025294197664405
-0.43639760242769265 5.203953973167614 2.7070778790832737
-0.38203967120639537 4.6263704615995795 3.6910161227518032
0.9682231114726906 4.7832940452047765 2.3492577458830435
0.22808091549086473 5.059944936625975 2.394875956180241
-2.013017188702479 5.111023198976758 2.443643581747483
-0.5941060931799749 4.964874696194718 2.3345284900454617
-1.0420263749153271 4.692986355355627 3.0283742359847374
-0.43380047476697364 5.3172358163929 2.5248849361792467
-0.227014952880637 4.612742696684834 2.9494335324212497
1.348224527753057 5.594110067083931 3.042315017678918
-1.0558238010050944 4.761747948806647 1.5574930525628736
0.09441014635508238 5.08281756997448 1.894590585837071
1.0319517406795236 4.64241397078135 3.3543366771935044
-1.2019161440409984 4.583556729961418 2.1780937256458803
-0.87752629342825 4.57940750331269 2.552846930706039
-1.8028875370702564 4.475527247542004 2.1509009106219255
-2.9666181738739743 4.802213189887523 2.6158287019891353
0.1460472845110511 4.304101849191727 2.861670600082942
0.4778230521986063 5.325145019853701 2.608187770130119
1.1636100257026936 5.16484175601436 3.3746184014763454
-0.049853012823193876 4.584316530663374 3.2393714711588006
-1.7399156569874243 4.027321780785687 2.7481732266974452
-1.8579397386709782 5.321194543182055 2.7076124495154468
-0.9243948119334703 5.465348323092423 3.223670387443062
-2.20259766554423 3.594233175978978 2.276388435070811
0.3774382765928234 4.471149561657696 2.161002202779873
-1.178306142438937 5.829537015150622 2.6736065862085874
-2.522173404791766 4.3065349608796595 1.7909388317957398
-1.29770596643965 4.531493617574656 3.292222409904097
-0.5845913291362248 4.744781875065563 2.588679321679167
0.6444156746003181 5.054381583303624 2.7957865424847075
-2.524375252009052 5.556479438090036 3.079587850032888
-1.8647565796796002 5.098184581979718 2.8281419040685423
-0.6627215806178371 4.582443431075583 2.1581129919096544
-1.359016917219954 6.218107324529952 2.7781722346283217
-0.23707007711558445 3.7802888600951783 2.73465277289268
0.8555994785172946 4.920727537070082 2.074565265454837
0.7619570049000288 4.6798986291548195 3.2672440074170654
-2.7174082905790256 4.796186761280554 3.053621245229888
-0.9056127026868861 5.160411745586359 3.427428445951565
-0.8256326617359934 4.6567633085553135 2.654218897593385
-0.31901421753807 4.617442442310867 3.0072879225529947
-1.3003151704694569 4.790710424552733 2.4943596555188243
-1.1260584902373898 4.752204112191476 1.840871669730065
-0.3492653284393201 4.140503196174348 3.1743065634252328
-1.8647225377877723 4.437060696992828 2.679401472840835
-0.8979628835983154 6.295313115410969 2.51151116856173
-2.4898150407394146 4.014390298264512 2.2317595574898457
-0.8679174545291943 4.2064896476511855 4.1911662067905215
-1.272052725177868 5.73070867579199 3.3648861332864115
-0.7770452541943291 4.370035766894775 2.002211651734134
-1.15065234053147 4.834341693208161 2.880968666832626
-2.6355428891762087 4.3337292281942785 3.477499265001701
-1.5998187498704244 4.124898787014611 3.3221825429570524
-1.438638301499271 4.807718894991691 2.8802692446745164
-2.245079928973309 4.247441409639753 3.5593243962012924
1.1401191868149212 4.7548929529332 3.7306254841732978
-1.7054510960182614 3.8892530751698184 1.725780662534578
-1.3530695214381923 3.744424461770379 3.1549760121845116
-1.1395596817969333 4.069409101095199 2.786112861737922
-1.7949145135091693 4.894227879721108 3.346622607118651
-2.3042688812479217 4.393427494515349 2.6372930329784867
-0.4121597194735702 5.2310885971556065 1.7451962908425303
-0.2771625606703942 4.750828054279029 2.854965507535116
-3.7313733936205464 3.2782776059345458 2.433080178954815
-1.4220873640924656 4.473850042234716 3.190924698920885
-2.6340245402328546 4.320292544093733 2.2380887017148616
-3.045756498902936 4.08400006348417 2.9877191232739904
-2.642249894804967 4.10006432339471 3.018843705736799
-0.7788902348353395 4.277068742730764 3.6286360565180167
-2.7579476106340737 3.934620494514101 3.6281019796518095
-1.5450233425051993 4.8481160689736935 2.9427623779046597
-1.9584901990790686 3.7415817687568023 2.921515836884094
-2.259785403290093 3.9541891472542092 3.2829975734461354
-2.7542857505330423 3.118018172648478 3.742598751956405
-2.34950134364834 3.875169152971973 3.6998889997529427
-2.041583918552403 4.019562887302373 3.6793815579647235
-1.9400527089087816 4.914030119978761 2.8963043842019824
-2.621084258856916 3.6895104002294983 2.844308113952297
-2.656101326439009 4.81361498471035 2.293089990027794
-2.5825636325987933 4.236157932850386 2.8798397436743857
-2.4184837946429076 4.005789693535807 3.3511596396651306
-2.1300443034712906 3.7986149330231274 3.0933228285229997
-2.2932208878510303 4.0870182112421265 2.839835551057797
-2.4502022146624447 5.51553934243828 3.1958043058856442
-3.339035128114774 4.064281092724289 3.8180829653047077
-3.00242717436729 4.524895540996402 3.251894737701616
-1.3353744277571742 4.63526110033843 3.615682026414447
-3.6322315647187464 2.9664652639998113 3.480412161240816
-1.3757103775938462 5.049127329580331 3.070839466537902
-1.36732157410831 4.397650546139135 4.0474393569265725
-2.7971170604900215 5.25516831004542 3.657034796503809
-1.9793132644793028 5.108110613953802 3.5501212411747973
-1.8687759043951258 4.742502514007374 3.5872068102297296
-2.450662078189212 4.2227586429433766 2.8718889138274246
-2.552326607581024 2.8923565530104263 3.5155409895652476
-2.9495897912826745 4.226238671473431 3.259412061189352
-2.559278952100792 4.182474700874894 3.4289058052332377
-2.844585523876723 3.937313601112004 3.293254259866712
-2.7066829048951493 4.8555703919825275 2.7464216758939246
-2.8795286611710202 3.856818882649526 3.3715705145699935
-2.3794970259209514 3.9008796802866232 3.138071459603787
-2.5422140902392623 4.926958083335811 3.635771986904434
-1.024565798654193 4.086429280205357 3.1605453121396883
-3.1872895809224127 3.5415388393319605 3.838465068445806
-1.7596159731239898 4.0046565445997935 3.2772232469353515
-1.1907362434704198 4.586093483266609 3.0100478254073555
-3.4456781274316306 3.8469521144137597 3.5487852815048098
-3.4607530876911494 3.720346904820195 4.315039133498455
-2.9412876758862554 4.4284218603404915 3.862496814627798
-3.7017589549734344 4.30527541675685 4.213091077373754
-3.9966829453378665 4.358666317155389 3.847122163094319
-2.996607217840698 3.466829103112569 3.227954977185001
-4.300991453796015 2.653518193674355 3.623730833158875
-2.2750941816668275 4.439564266549216 2.6007798563642206
-3.6616853884533107 3.735060590041588 3.8323086671866378
-2.902484852269024 4.244359282335023 3.4782453438582506
-3.678441500656859 3.3937434360535876 3.4198139873979865
-3.070906806387398 3.9442783002751005 3.9768390811259393
-4.1873930413837765 2.3974268877364544 3.7953592986783677
-2.980972353183359 4.040279201157067 4.184681937890005
-4.233606889713777 3.5488016901181196 3.8546707737074515
-3.33099808302322 4.536702541036629 3.5642582398502896
-2.552448200064778 3.5917301921533706 3.5201375591420967
-3.3489627415233585 4.321954982863508 3.346220106163336
-3.262114126545654 4.601403468455287 4.488025082550918
-2.5434863111228876 4.530804422832697 3.680730997200432
-3.7800316165584036 5.21583663162237 4.477964361478988
-3.8849326178991346 3.2204905687271093 3.8821790885286322
-3.7283387131203543 3.7360291651011237 3.726565913742038
-3.8244201724335425 2.7749107211112545 3.960915524708916
-3.5109917482592445 3.123317551924381 3.889929164950254
-3.6169613920519073 3.4664471763273883 3.164546167298389
-3.3733147017488587 3.4776720435884054 2.635538492262577
-4.371294433328263 3.3940719445695846 3.394264577301767
-3.1233715052259865 3.8237404984254635 3.5454038018544054
-4.322893559983318 2.1113037767194336 3.956299940543554
-4.867150043299658 2.2698138374204997 3.895643246965981
-4.0014575848901535 2.666685480553492 3.8322638393086805
-2.862361801677994 3.3037417168376977 3.497940747053684
-4.850841607155358 2.8604500848526486 5.035965835900365
-3.5926164748219453 4.877551417638429 3.0798118341017706
-3.232010353029404 3.4898005342771468 4.578362336938466
-2.7079665373433452 3.586936017151551 3.7733061564730686
-3.072977743934026 4.048049883479817 3.461954806262621
-3.1946142356815637 2.6445072906474345 4.182106652802562
-3.727278226198167 3.1404746507854804 4.072045147200777
-3.322926706026556 3.6522557393133996 3.994938021727614
-3.4815550255804526 4.177009669028034 4.309012067243267
-3.5607340455371292 2.019477985710018 3.2243025270555306
-3.431860792297913 3.3512905677038227 3.785669222401129
-4.905973802017709 2.632349484660538 3.81261075319305
-3.6271046877393505 4.458947350165311 3.728333112670775
-3.374178318759752 3.412079518552267 4.082411293210423
-5.122917492588083 2.239281017071959 4.636216310354593
-2.7865045444687806 2.615376854353057 4.240901298262489
-3.5045224253488105 3.59584614458872 3.9889696215037067
-4.5686122159512035 1.5997366982940464 4.167533174604916
-5.498166228234891 2.332442499282407 3.6330367724446035
-5.3131869474504985 1.2058633496830349 4.677942359154743
-3.8767689232559563 3.6463162642962277 4.504357199982927
-3.6022592531429933 3.887832927865255 4.440534323870175
-4.382015340244747 1.2693998517392977 3.8292785552494943
-4.890946684447869 2.917710639037954 3.871167350261856
-4.407262070321197 2.2561875346589013 4.510889091971434
-3.997230166379942 1.3965238538480393 4.0921177369425
-3.834980963709728 2.009952117197648 4.147025138907433
-3.231127289953596 3.5971712300316354 2.756393392154185
-4.511896736478951 1.0577327235019218 4.599451809105467
-3.68735305616239 3.1033076375210764 4.492451467194125
-4.35135631272183 2.668324286615361 3.7260854576483693
-5.940337375629415 1.0732442894117347 4.34848009103767
-5.056771345804168 1.9423542157719176 4.149574423699638
-3.9031430319790164 1.8820258493279687 2.861984407579458
-4.909599254685883 3.039395174666827 3.5963986114848217
-3.4601648876408193 2.8307331020532724 3.6000821098342524
-4.273573258491934 2.393443536186648 4.555036769170217
-3.412887568787259 2.2220432384865183 4.020240684692768
-4.4236805520490385 2.9385578836724076 3.988391789260972
-4.89647484349203 1.4791504577752193 4.30584394935539
-4.331069890622194 1.9383476905117192 3.8993555171677987
-4.248735693802056 3.820294669100942 3.7132158683761136
-4.476950729304547 1.5897446928310812 3.7247443558018185
-4.4539428912792465 2.994133415715667 4.894455690227026
-4.950921807483266 3.233392063214377 4.744874022082978
-4.641768356469851 1.9518739081030887 4.30914876661998
-5.295841847941212 2.0110102874445857 4.083487750444514
-4.247286695510718 0.9521349647659838 4.437345627059508
-4.28679154374087 2.217815851327479 4.465803826391114
-4.628349757893433 1.797646471431941 4.661626422131905
-3.9513839130597748 1.4345488628557204 3.8966318919088643
-4.158958519893567 2.5392267497434546 4.301192700189121
-5.281306645786428 0.9341450931115872 3.9275739125714297
-3.212332141840319 3.2268739180110373 3.443483616464787
-4.306341937322479 2.0011438087876283 3.849459589879654
-5.027901720180749 2.290486463663369 3.7172004256248425
-4.939328190897504 1.0379092518671604 4.267995070070498
-5.4726162465609685 0.9465736729247982 4.508916212546075
-4.6664958005869375 2.085187345618112 4.461554501134973
-4.874128413611946 0.911067206904528 4.049847904839133
-4.002096616971228 3.026494490824518 4.419912231527464
-4.230970447301222 1.3249719425147892 5.522355079552819
-4.892698177744667 2.8158858536592715 3.5618394179623474
-3.8858821561415122 1.0887986865025845 4.905317706428299
-4.857567890799988 2.0962082278827547 4.768198837010983
-4.964832230446645 3.3993821840918184 4.195883347217249
-4.6880189289715934 1.5445897602352796 4.096061707713118
-4.808533009304789 0.7752339627966772 5.588496146845415
-5.029776744769126 0.9901587200088712 4.956814465653588
-4.436891190560292 1.792626174145614 4.9668629542583425
-5.955274391100687 1.1428045536742952 5.424914614198866
-5.17550026124371 0.14945559473213824 5.314973691625309
-5.910589110040549 1.60620723317324 4.416767109459683
-3.6742929619342015 2.972222875018315 3.1459612129377463
-4.685372043639631 2.182269116287707 5.371656429042974
-5.116076121195274 1.8146264231112004 4.128622645407765
-4.757445225987859 1.2840557025183497 4.56045980255352
-4.973661907309234 -0.519422612206614 5.189323055044896
-3.683150363161445 2.6969831684181953 5.014607194717772
-4.242378084531579 1.6568687504382875 4.438902037774195
-4.515042837793447 0.7843087904330606 4.27087368927445
-4.027518312326964 1.9075180277312582 4.9585543434009205
-4.6568688765046495 1.1863651234154398 4.6584004477286864
-3.961483397318174 2.070403905927975 4.7466686776521385
-4.222539682309085 -0.08041810199018182 5.446090373077949
-4.739147897799017 3.3668594391848687 4.776988495211098
-5.365091222444685 0.8681327292284191 4.718520930994709
-4.8226349134859 1.1234630460671744 5.6808664126351465
-4.837397519207477 0.6423433502800531 4.795726776193225
-4.694556782622063 0.9603733285278229 4.760856576329001
-5.190342355926728 1.1748541926312022 5.346615700611988
-4.31855366328987 1.0172059827670963 4.731875436832443
-4.001145650992444 1.5163577625533406 4.891460586381061
-5.182920439171778 0.7703393790111398 4.035859195099781
-4.303092408769654 0.6275625264822321 5.219923907544633
-5.187880861817257 -0.8576566123433067 4.402769612088503
-5.457095713075291 0.33661229248617525 4.880598371117188
-5.176921438260819 1.0577697560739723 4.605333085235713
-4.723965888167872 0.8987870633358841 4.481903559773591
-5.073026505944598 1.602437102852966 5.218815858870135
-4.475972988933253 -0.09668782977003314 4.556079838009553
-4.810502345460963 1.4648254195636634 5.686315382714554
-5.244104776818699 0.5448768998531242 4.824067013739699
-5.474262016989273 -0.4997862840553606 5.122084988579553
-4.658330911797446 -1.3890673895825447 4.731507181936651
-5.421233279045457 -0.4581009609252861 5.229940578901347
-4.7252348709367205 1.2068219604907153 4.830223630626227
-4.363950828721051 1.1500974934302095 4.3895551495557426
-4.898407190921368 -0.15233412030443316 5.119946500804308
-5.157411389466744 -0.7560279497504189 4.743327575852213
-5.2518672849991725 0.1407744000548556 5.10659170900045
-5.369278153389997 2.012477238513603 4.691987142625579
-4.084275759184672 1.71822835362308 3.8642957532323883
-4.875884711876523 1.4406090272529295 5.039279409987609
-5.6619519821834725 -0.37297956898021617 5.3426987409475855
-4.842175252281068 1.4233032875424383 4.493087021028199
-5.105821788203533 -0.10467060712766252 4.604209889155023
-4.309296411974689 0.9366238475657951 4.787270845036627
-4.901254734885379 1.0829900261355467 5.2494204338571535
-4.202322631587206 0.7601243490973214 6.353176105694253
-5.047314924963359 3.0355703302668986 4.912880914407441
-3.974151005581104 0.8675365465534147 5.728609689545618
-4.630344417317705 -1.0932735204071031 5.441885511289349
-4.557666946280088 -0.009609472495375202 4.730514525180415
-5.02847055942859 -0.06379356804278456 4.695259075284414
-4.748621233264171 -1.35750203696602 5.13339520359568
-4.823575817669252 -1.2597289282772222 4.630135298830581
-5.268791384495975 0.43679246977599645 5.147900966020994
-4.953226472123439 -1.4576290853546017 4.620283977324942
-5.345933639235562 0.1393793820450207 4.452589150922389
-4.194222034115687 0.04074420999582651 4.852955643231195
-5.001154922639708 -1.396246548951284 4.99261482005406
-6.366101947150532 -0.5014932026752167 5.251738799654977
-5.139269492953902 0.7705848450794506 4.822668082742692
-4.746794793940835 -1.0924667811542788 4.909737409924335
-4.302741576120431 0.15787213679741305 4.9400756308629585
-5.309775224325355 0.24217175227850127 4.540890560810803
-4.66578019263889 -0.3603901761949746 5.743408748546773
-4.687178739984745 1.0606038720156787 5.939250148548025
-4.929821234271817 -0.019846430483849646 4.889356029807967
-5.708916435217462 -0.46948399469686214 4.70605148311639
-5.171622042295465 -1.3331369639835915 5.350053298050339
-5.292243763290872 -0.8767466535852653 5.437864304358734
-5.31658131127181 -1.1487635016974294 4.405214302460108
-5.114676564390008 -0.8975795192948447 4.761886043873867
-3.6621100211138753 -2.9280642254905223 5.381255102454664
-4.766507683238912 -1.9256440175562117 5.846997475016934
-5.093381163436068 -0.8099490922472963 6.035333787414081
-4.333146169320693 1.8560898496458693 5.706114145561577
-5.017206364693188 -0.7862213560166915 4.407079650668941
-5.504473512990838 0.16835191105608843 6.0066642489368185
-4.944636355474031 -1.1654246554420822 5.043178447056116
-4.991497439299042 -1.6927073697968553 5.672113918332562
-4.830278335231113 -0.5716738304413735 5.395406980154737
-4.982743435040565 -1.4026683777555244 5.026160176533739
-5.162988958688831 -0.9135043077838367 4.770022388799138
-5.647518693950509 -1.277922066486464 4.651400774283113
-3.901496519095428 -1.6195776822015369 4.632523403684085
-3.731921069222469 -3.4819657209484696 5.657449364057808
-3.605094495766839 -1.9512569501179404 5.0122477311745115
-3.743138880522077 -2.351669084923693 5.287728606921703
-5.0928702534579084 -1.337672720982109 6.039619317058386
-5.012073138217474 -0.016101217701482148 5.660052796982972
-4.72791596718997 -2.250762220682656 5.7547870023818035
-4.807208675488568 -0.5503749038419827 5.855719228477212
-4.526195734729178 -1.7044455105603318 5.12331857373524
-5.432620635726268 -1.2368519832900837 5.395449128618093
-4.2428129506441685 -2.4148373276925743 6.1878216023371415
-3.7072241421680294 -1.5330273492012574 5.1660420284936945
-5.053368064515305 -1.0452041663169138 5.15118845680758
-4.779145630136708 -0.9671645944001729 4.6969592202938655
-4.654853956631762 -1.4488405059481917 5.028564329510203
-4.370487468378522 0.08066712388473682 4.847744253065056
-4.202001619455783 -0.5813858522042301 4.647384877190214
-4.665953452719144 -0.6940445039216192 5.752965419108689
-4.657968994648312 -0.9105515621051546 4.50076081005959
-4.432143245690957 -1.6742896462139505 5.92792827579046
-4.471734796977127 -2.695343656189273 5.828378129480413
-4.114701887082897 -2.7341355455319416 6.063873351678949
-3.2909761437382734 -2.8552445490783724 5.011672302037564
-4.825752505020753 -0.9638887408507546 5.5495377892296895
-4.161962570828638 -1.4347845112732867 6.191814868152642
-3.686419951627638 -1.9421703411467195 5.874138835370816
-4.212644167284976 -2.29999316130959 5.7414729915660185
-3.2020146996230974 -3.2968238398194214 5.108867217696092
-4.270727461478427 -3.055434382796833 5.288901496571301
-4.736770294740259 -0.14803349648421013 6.443305319305373
-5.223233573004066 -1.9999614697736523 5.13674866942128
-4.0883896888538125 -1.4732394445611483 5.316356665738789
-4.760322599720227 -3.0277969607451483 6.244862154494269
-4.207782153943528 -2.143041762135893 5.801664480127024
-4.970582952091986 -1.1093764730253382 6.142664631630995
-5.6442335089343025 -1.002557899650129 5.1555525624934635
-4.623711887605733 -1.8819038719237395 5.500600913259761
-3.0763546685424745 -4.280231188984325 6.04435643345308
-5.175667664402439 -1.870334395131501 6.004573237270629
-4.670573513450786 -2.93179653734946 5.7403123137522964
-4.6660084705459255 -1.6976001957091351 5.23938860460398
-3.95158425202591 -1.8699719917288886 5.459073285417908
-4.722201063435961 -2.4833226440486023 6.473140095398563
-3.2951275745272284 -3.3663623688232622 5.5601730593305305
-4.403704986794314 -1.7680297095311062 5.6403695953318
-3.696883108720408 -3.222923444478162 5.625118141142886
-4.247485512622022 -3.2956105264725712 6.394453161480851
-5.058635352599101 -1.8282834055807284 5.781568442109764
-4.816993431693375 -1.8242904854820712 5.269066659151349
-4.963458606556055 -1.5934144878437029 6.186186822142124
-2.6656315951290237 -4.062810347396159 5.9166507364794425
-3.101096026626316 -3.416737331736391 5.961381655451526
-2.4385094657113506 -4.283828420957675 5.346071255140519
-4.851744955221247 -2.138341545989177 6.033367081536922
-5.50473943634448 -1.31850660227351 5.740415401209441
-3.2834861007535823 -2.7220595734741857 5.7420711071201325
-3.6789946006268663 -3.2489302606639034 5.9865204996818555
-1.8564537987027767 -4.31063771942572 4.864112053265606
-3.206689245136696 -3.021673022158648 5.1344445375150665
-4.858368117926105 -1.6867057813416484 5.780538617646357
-4.1202351431042326 -4.0741882080276275 5.936287982256325
-3.9168467449234483 -2.1716721077139285 6.836217597302978
-3.8902379810212695 -3.607821460223104 5.876962069295734
-4.926755011258765 -1.9504905270048718 5.705538176386518
-4.162900711285917 -2.116455775241529 5.862735977028942
-4.375754451068781 -1.6775274584712332 6.3565479035148735
-4.5154284027461165 -1.1957816259949634 5.3711841849336075
-4.425266061806602 -1.7855344595811073 5.397822927633584
-3.5799142505996495 -3.4158442355536183 5.554822966114852
-3.06151670018931 -3.8884232230054074 6.817415906737792
-4.090036370473236 -3.5777073650215603 6.076352250496754
-4.125207983301994 -2.436479411259126 5.07247841708411
-4.146622352501726 -1.6427959489585044 5.889221799621184
-2.823771580071157 -4.227724941145219 5.883176092304723
-3.9555583882352847 -3.6780356037476443 6.296556573725926
-3.2220890702981806 -3.438302429657982 6.92087913274843
-4.616992460505475 -2.8931135873309923 6.060668235573743
-4.868601960420682 -2.7002977413825597 4.996463813309844
-2.5145718601391303 -3.5959730397269096 6.184293434388848
-4.307454329346678 -1.9932348109355646 5.581377655812227
-3.2561522239240093 -4.035749258965354 7.108692328114868
-4.341437302350558 -2.891306690074423 6.87702432567774
-3.0213202935792363 -3.3852263849941138 6.6782484386818295
-2.6574110808791653 -3.6092495340895185 6.20361738061361
-2.9329999252930317 -4.484687140586255 6.673134624024588
-4.4484365505185535 -1.6365610336400722 6.322594161710862
-2.118138772144009 -4.8901905670997765 5.821775497867479
-3.2814780241618298 -3.3091253816545962 7.462273697398742
-3.0972388600094276 -3.824778611446767 5.914247963380773
-2.631199075358198 -4.7811596082587435 6.20668056277738
-2.969877679031306 -2.455993297502662 5.790110706432574
-2.781606830466687 -3.2993920365871614 6.350802073592945
-4.450858642867642 -3.8816182678076068 5.454815754507618
-3.5315736631366677 -3.6526930472978814 5.590008855559953
-3.5672963616817404 -3.050661909010262 6.118542392035142
-3.4916468725805143 -3.7336522578848874 5.973751943499916
-1.6869006530743622 -4.780758487733732 6.913367355440572
-3.0906616576445134 -3.268666821927414 6.386263689935454
-3.1390500261387233 -4.117457262304224 6.0368923101877545
-4.221319982287012 -2.608968960958236 6.916383695041549
-2.542024787727008 -3.7372285413817874 6.626769276601082
-3.852190085408895 -3.996099127840044 5.53928979977028
-4.246514418749171 -2.5853889868885913 6.280028562445534
-3.6772848026793294 -4.93428486582705 6.300209298330802
-3.606771276216135 -2.628136507055309 6.804238832643622
-2.7837989614414465 -4.051706643473562 5.8432203622008005
-3.43564942817418 -3.851542345844471 6.648457783452747
-3.082930545943492 -3.795813474244907 6.318473730898871
-3.0482806589821356 -3.745383817741033 6.0426323819296215
-3.718002632572209 -4.810994490859486 6.212693317159296
-3.5242620039498327 -4.181390032898386 6.240916168377534
-4.148926079219356 -3.9610145730245443 6.676057020339548
-2.730195900134597 -5.049891182206427 6.657671549769245
-1.5491391189346109 -3.45633511527024 6.746397607134261
-1.7947578935216737 -3.9373320959398033 6.223486432636336
-2.1416502493662977 -5.252540092358611 5.994545062578366
-2.660030475619393 -4.064548664397154 5.905842723789113
-2.613990583399429 -4.231093101757838 5.883290861923722
-3.08790311884239 -2.9786378352993683 6.819247258070684
-2.9328153397112873 -4.16144127661485 7.082920417590561
-1.6639640925651846 -5.044440297313838 6.065782340791794
-1.2941984498468149 -4.918616734944427 6.239765920650178
-3.187516783276254 -5.246119546300388 6.532905590055611
-1.413975972785114 -3.6832347331304605 6.9780656731991035
-3.5301763399542474 -3.6191102815859204 6.984757959005299
-2.3653516861131623 -4.587282964284825 7.0219598645197205
-2.6689238742569303 -4.746508293226091 6.527467802901782
-2.647130907759873 -4.191687236767383 7.018809986386278
-1.9914794648826484 -4.604639892705418 7.230386334717411
-4.095743394184054 -4.08077234354575 8.197831343977043
-2.6465321612567765 -4.6800932066934715 6.642585018788659
-2.135513950030131 -3.3672523548702173 7.540361881423134
-1.3664609341638492 -4.239800416771196 6.638760322504388
-3.582824865336585 -3.3669781356268227 6.864896120442492
-2.4862796889475063 -4.408133862316118 6.673630632084881
-2.02149652192362 -4.376900124481866 7.468462280797745
-1.9196852802401927 -4.525390823069151 6.76375649569754
-1.5525273380917517 -4.6622399201837945 7.051442005260523
-2.8510039365329676 -3.676825686040675 7.469072914333311
-1.6070543503371535 -4.688726695824949 6.279520084650232
-0.4072550522177064 -4.440696401542486 6.798480156668702
-0.6297555004779981 -4.484644220321136 6.842541088387081
-2.336925201586351 -4.653302163608827 6.794818558288929
-3.1032019190223035 -4.937240771572818 7.707476636659188
-2.668578565587117 -3.4674167771694786 8.077056572187983
-2.8391614342167455 -3.7085332163248483 6.712459737985738
-0.851254568491013 -4.950040491569994 6.612231097595407
-2.4364232570889333 -4.704510534854044 7.163840493402224
-1.6546592006100418 -4.934662163518282 6.647265026722424
-2.347070997783576 -5.091809461878494 6.739405482735194
-3.9920430460537615 -2.8304322931472217 6.08609483401121
-3.6580866553208695 -3.4277718529903205 6.527265721795847
-1.5623385104599647 -4.00756983571049 6.491036455129117
-0.5280571014457993 -5.398628226089589 6.821667501742579
1.3320784223685636 -4.9242350440440195 6.292162647624714
-1.7680358509374579 -3.7496238625836256 7.5451398274704005
-1.3811930638899366 -4.630648014589026 7.530307861904744
-0.04870924730697561 -5.083441547359115 6.699468255824695
-2.1178718087115658 -4.846328062847516 6.82614547901176
-0.8744365257112358 -4.793339548392765 7.241140061762591
-1.5878384532288425 -4.276435969241047 7.331432230408926
-1.302331499189721 -5.16634561912246 6.4122281460591335
0.23210347160547423 -4.8700955499349075 7.0182735582597
-1.6753255223609445 -3.611783760522433 6.567917219014186
-2.085130962691299 -4.9684168931042505 7.227541114693196
-2.9219376283237586 -3.974751245143699 6.646978533884433
-1.7266464183205008 -4.451190631384316 6.710451985702564
-0.9254718097252922 -5.253750445905343 8.034838475217876
-2.2718550276634897 -5.09033784398301 6.709374802049854
-2.090846111191862 -3.961323005822599 6.791819622536881
-2.073337881046406 -3.502838873701585 6.70441944931589
-1.8309168997559688 -5.429418565878027 7.24257807010525
-1.107106872955626 -4.163292863881591 6.984569764338901
-2.4942804820103963 -4.8186248145466255 6.807005713366121
-2.186638364953433 -4.474441111990608 7.793621628420579
0.7717955420968532 -4.473516277764011 6.535555389540334
-1.3266102695273334 -4.662885954780462 7.686943671531351
-2.0302867034500096 -5.5105059230255655 6.394832891212238
-2.6991355242251824 -3.937391103026504 6.6543156137626305
-0.9075484336709283 -4.739972597241514 6.976991634285606
-2.5014915051602333 -4.868996274150833 7.019728143091274
-1.2692378768415586 -5.564228813831156 7.441606488326729
-1.059812182033579 -5.210571274932246 7.164778303040301
-0.46832546352777227 -4.336717152185287 7.281501379391065
-0.1408136047171881 -4.832459654600162 6.989216323829413
-1.5770526358923316 -4.53604704352194 6.531022998997659
-2.3396663329106584 -5.185155099479903 7.276090545862519
-1.1043619895266967 -5.546508699662134 7.861161767025863
-1.946950898062257 -5.1363650253175575 8.028779631438471
-1.319936228308903 -4.412407828476369 7.818300704718759
0.5459187648090302 -4.069990992918045 6.979967938842604
-1.4304888854779856 -4.630087380900208 7.989959020758855
1.3141109312319355 -5.1782064650237105 7.018842974424166
0.45192261497280206 -4.59628418804562 6.23373000700655
-0.03430733815519594 -6.120512703388929 7.324035470206062
1.6851390143117777 -5.812689211187435 7.190783988105455
-0.8043681183532947 -4.817679749520654 6.778828375916806
-1.1261253553803885 -4.534902149237464 6.940454164258953
0.9064520303963597 -4.755328877209101 7.511738880684501
-1.0159603561968904 -4.450088368607938 7.551345865677257
-0.11776055406846969 -4.962446182009079 7.09031875628041
-0.8988763471551534 -4.953505720068627 7.256637343486917
0.5631964670891161 -4.554353538036272 7.383397295487083
0.3544516615397598 -4.267525126682281 7.082688482164972
-0.12161628071453828 -5.015962990405946 7.906934632611993
0.6090398965956318 -4.675074912388028 6.557399874389592
-0.9810547765216123 -4.1317257411790695 7.349557541382464
-0.8880756583166987 -5.214770118574092 7.0937293553715115
-0.5199129759575328 -4.867378589404237 7.301956399891333
-1.980181078501939 -4.565731288690739 7.611433730930431
-0.764064140076745 -4.599150438624616 7.8063992263218385
-2.105252513882419 -4.52446799340536 7.4168122263875595
1.8296113564854126 -4.435462640792957 7.366301287700682
0.9922891346689714 -4.6435469214706355 7.8472102234865195
0.210925445542651 -4.587541738889853 8.70683061140874
0.4538804070761317 -4.6364723244394614 8.033271183881984
0.7499392446688388 -5.61657288435207 8.190435035397332
0.724734318508046 -5.301250540814217 6.702754823770337
-0.15857790469639724 -4.454791778271146 7.938451909080959
0.6565128592684247 -4.6617850268666094 6.830129453609594
0.5077895573180377 -5.3591124110062145 7.607559566009206
1.1832229006565984 -4.636324919913396 6.509784504427331
-1.5011649901239468 -5.230102258696427 7.56885346472319
-0.3969014658053232 -5.377002396794715 8.029252514110885
0.7133198048069495 -5.2346585428274475 8.37562302811271
-0.94414412323649 -5.138718435528895 7.344042596876309
0.5589010511662672 -4.484594034916345 7.481574343734717
-0.5418063807787015 -4.412912453394178 7.245126325599341
1.7893433956894074 -4.3005948414659505 8.087467148946637
0.7845488425885475 -4.728905946126922 8.930734693228446
-0.09285927813103688 -4.661000586308661 7.585172424532491
1.4328983968034632 -5.035013696780878 7.566263959107111
-0.8250221669191424 -6.135535680707126 7.662302508306451
1.5143468076128463 -5.497330669762245 8.349732856019457
-0.28949026759449065 -5.015340217501285 8.166389623285141
0.5888066735455588 -4.791544363214288 8.063937845309153
-0.5222081324027721 -5.872382220572868 7.2903839694520896
-0.29137526847338796 -5.089496609133845 8.222105058882233
0.7826500299779706 -5.033266909780934 8.333623725459017
1.7330166198304393 -4.8530324513490415 7.549252162414432
-0.6824424287476105 -4.503339782549889 7.983837439989623
-0.6717836745296254 -4.950496122001262 7.260247450251199
1.6483050399823775 -5.551737036773034 7.82713246248402
1.9953675234846813 -4.9163091815305515 7.579397689528166
2.391399543199692 -4.644319805785858 7.8694915702459225
0.4625798228770989 -5.485798089007813 7.136294631920478
1.3385767269467521 -4.569392977107032 7.58679295806428
1.8443225345126804 -3.9464429118105433 7.996410859861678
0.5703713190190849 -5.056325476432003 6.920544678288573
0.8547184814869973 -3.4627268961387685 7.549325154674946
2.0498715074710008 -5.685761417298173 7.982849880281191
1.585155413547837 -4.307692497822087 8.559792368968404
0.8208071741394138 -5.591860680624075 7.155470673919034
-0.8947659146620177 -5.513051139117129 8.14479459100052
2.647125235035715 -4.432615952376755 8.213463591531355
2.0213327380468087 -5.224925550770277 7.50826256568409
0.6060587067442822 -4.437409050119078 7.79630994608907
3.1882214084232627 -3.8020015933470406 7.924536639795754
1.1193815799477718 -4.63001840976668 8.440842286478004
0.9870512303733402 -3.6405219028739464 7.880205192770994
0.3970960114206308 -4.694423050880091 7.498078847160808
1.6126734964785068 -4.692064211477948 8.18104595976637
0.17070389290262664 -5.185269912337687 8.616403924713062
0.11824825743008412 -5.54792782743019 8.198362729891103
2.3692800442839 -4.340730182030541 7.844658810524684
1.7666714051227153 -4.353375576394827 8.69273479525935
0.883668282758834 -4.308907828846186 7.353277809039744
1.6475320040899395 -3.863656673500802 7.709862623984278
1.9797564614580663 -4.1682181942123355 6.795092257512698
1.9605261632542104 -5.158116492550516 7.902277634614461
1.0333636298894229 -4.767401446317032 7.648670726268552
1.7405844542309368 -5.085633166052623 8.391131842908504
1.518315837873282 -4.63203348493084 7.449722983733512
1.9287266049797327 -4.828585087140447 7.521391715413021
-0.1724627706817354 -4.85598678332585 8.598628780151238
2.6489280976312095 -4.317365300798469 8.2231480685253
3.1710352759349436 -3.9133416279229922 8.233277510881948
1.5566658762372334 -4.530378962198915 7.931466014447847
0.8160035124138267 -5.203412229029575 9.128228387698565
2.1081137183288248 -4.305552383743968 8.684814352174755
3.3509816802144172 -2.7125588299825374 7.2901190198689365
1.4753356826475144 -4.685488805331335 8.347823576695951
1.8460905586586263 -4.915907747048736 7.3021009819226945
3.3284087469908608 -3.8652522802347082 9.018972686189915
4.101525031569924 -2.919145981936013 8.88501250247462
0.9054168425844812 -5.00580657331973 7.918144601199624
2.2465142729463183 -4.17893974479391 7.853691262338201
3.6938002364198095 -3.656043807476722 8.518425112113725
2.2895823913248003 -4.755568250386168 7.547272907198838
2.2008285103460494 -3.879688676167435 8.621718264298645
2.739090960876529 -3.705490113867694 7.95648991955872
3.8760327936786356 -2.91474758031372 8.225292363261078
3.0933232615172233 -3.9100492440331402 8.963163239910163
2.9812441594621 -4.570944802892395 8.819332598572212
3.0360803107082606 -4.850324108724247 8.20299580156702
2.7401155950087044 -4.462625331879854 7.750510909896992
3.048388886935178 -4.734852468734534 9.03960545429039
2.981036863701805 -4.577747771595897 9.0384461213455
1.416745835985193 -4.093008683129785 9.459819872898025
1.697132993260525 -4.530735872664837 7.854163332199267
1.8634598650829817 -4.888299900437369 7.673985712743708
1.2457973735101002 -4.721280686000529 7.941469224129224
3.7447518131450312 -3.2094171288638087 8.518453933223636
2.932817889629894 -3.3144792578610724 8.389300096158582
1.2279328507897473 -4.536923724838966 8.79587227530952
2.6476347715326902 -3.554321366189886 8.538150609929692
3.355343313021088 -4.023776370364898 8.575679146464712
3.7761113771308743 -2.990886425954797 7.889129735943369
1.64887828946147 -4.221325620147327 7.947713859179779
3.0303512785733813 -3.793169235056613 8.155163082770256
1.3974756056468143 -3.7400789603915148 8.418535010188252
3.3609730483920046 -3.9017327688276073 7.98547339924191
3.499949994359269 -4.340819976951893 8.107548554307789
0.5371383710721692 -5.14614937854384 8.291708263811724
2.746403030540771 -2.991998174621513 9.57464092456146
4.098671984249245 -3.0707312129505446 7.6356202672800535
2.4980360938999464 -4.522015657764351 8.773693246350982
2.247065738994014 -3.5903339515067745 7.243313551737352
2.0692361496284604 -4.5379420560709836 8.418658509425537
2.965243603879486 -4.673624523313127 8.49550993215534
2.8239420358787806 -4.36095116203351 9.719296197971538
3.0771914206161304 -4.3911499846966295 8.588816527666253
3.896197169556844 -2.8930244780853323 9.17242904518284
4.101657382647266 -2.2427485945862298 8.580793867719578
3.51287032301805 -3.25114397881541 8.811909416131021
4.118616820317715 -3.2248052749606524 9.308358453639364
4.077724872563339 -2.2658127689868572 7.822131131600296
3.19628410374767 -3.348237245284719 9.404478940975077
4.919112559134214 -2.5814733734406787 8.910815439640828
3.801329097095657 -4.626314154164037 8.528083714635606
2.3449159731782525 -3.9672774992437407 8.494099543879567
4.075202594605983 -3.139733622607661 8.387328510571459
2.876127506705261 -3.5789904854049293 8.627055623506365
3.5097284011353698 -3.1735183033955026 8.646036245904506
3.1755328752125322 -3.8199292963773357 8.639443243222217
3.543741079930103 -3.195098403217575 8.877073166563239
2.6820618723630583 -4.941195806697317 9.057261780849903
3.4084510221300124 -3.6999291874749773 8.595481469017649
4.198706743852951 -4.132922084304609 8.033052729328459
1.9611235568418028 -4.389270761558503 8.353088842151053
3.413048760756848 -2.5080009319551495 7.497150621240621
2.8259356378702125 -4.33003577678847 9.7873183279332
3.936392827834334 -3.802869387852034 9.860395570785453
3.262769643883122 -3.770734367108197 8.994461909706573
3.963552944842049 -2.5915924661260563 9.132945935334583
2.3648212388383034 -4.167780543868259 9.481422169760542
3.475978736575337 -3.5274404757354563 8.648793121763934
3.69100741376215 -3.647893608589953 8.453560796216427
3.704750774926693 -3.2308613348209314 9.231853056280956
3.743817043179844 -3.6898983459210437 8.883043114031247
4.692279548399911 -2.982502610280669 8.035467872521512
3.599531711240987 -3.1800167047035357 7.551381724943219
4.0816963999437625 -3.668247999929052 8.883875302746969
4.183171452353178 -1.8473914394218396 9.017022530322988
5.234110944727582 -1.6455656786764925 9.081744623394842
3.7357805682072818 -3.1163986730118665 8.728664212469502
3.585739375344576 -2.2933927657840316 9.12073919185532
2.987421231279957 -3.2991537749326785 8.640664988899486
4.202200079616693 -2.2680331119114476 9.222466948760458
3.7172944485726624 -2.8860288506126985 10.092052587250219
2.6345879577374127 -3.59597380728186 9.380191266810138
3.845681811652944 -2.500419068312866 9.364483900669358
4.2095203886450925 -2.8339381653898763 9.175370000865634
4.204997345467738 -2.882414226541301 9.864869400307775
3.9076829143152194 -2.960679724087923 9.963622614739956
4.6279900153418065 -1.9969033550396653 8.272418024055977
3.4871146970263687 -3.037600179834583 9.271262322966747
3.2304001077069042 -4.011280939828792 8.972194150675985
4.255706724544593 -2.8695748745144702 8.242201862954671
3.806333836014246 -3.829215595242914 8.458712038128942
4.156353367373504 -1.5226108764725534 8.098563649298335
4.090560301259373 -2.496362703609835 8.881178117874073
5.002815947508088 -1.9423823708720662 8.971906545489853
4.534404099570327 -1.5280160319613278 9.389105804388427
4.783005548812064 -0.9041404523573151 8.621419113506562
3.766193612734875 -3.0201112220353075 9.208446364342569
4.806424204201502 -1.1201214413602858 8.902183321749192
4.477109609556163 -0.11831216402341467 9.34697276105849
3.4596591745643326 -3.5956363117992356 9.47751223833518
3.9302536394567804 -2.1223957000413485 9.147550950819713
3.8853347926416655 -2.6492308062928056 8.65742166601296
4.374334403433571 -2.081804921294101 9.711004316786576
4.057542557268463 -1.2465758004991245 9.685795742810946
3.0966973336452925 -3.0050484767285788 9.074121251399326
4.525913348817396 -0.1961007733529294 9.183832926702413
4.580563138576614 -2.075682489234417 9.99094653251448
4.669873227227977 -1.9808434049662944 9.154389339748148
3.786031939475208 -1.8471514588757627 8.922572594688626
4.240341768505917 -1.10544628614782 9.205589250796173
4.449509442126254 -2.5262437541126435 10.651677854875585
4.071495906187735 -2.928754733500796 9.566748682089525
3.821097788989699 -1.4289456463511772 8.801683955777497
4.205266914296434 -2.1075752045275187 8.996974651747678
4.854938146618696 -0.5550468115304165 8.941858998043989
4.95089386685191 -1.3056241981797336 8.407327263697823
5.157265395506212 -1.588115711601457 9.612880561572785
4.314366928385505 -2.7408253253317785 9.653323304373895
4.463790754929427 -1.866280331720173 9.437237619104355
4.318412137106193 -2.6343180473584167 9.518509087990818
5.22166891363187 -1.951338004920124 9.63028833956468
4.253704850713098 -2.6179751451652047 8.9228430708192
3.7794701424179826 -0.9407329762881518 9.137894013754114
4.69232555258163 -0.15107157049636685 8.52299914071409
4.523490160284311 -1.15713169744521 9.67783628379923
4.66254388753381 -1.5519975533454327 9.27011070775806
5.3490585007876055 -1.3355768283865441 9.444462199068667
4.8373165300032825 -0.557097713608758 8.902165811242622
3.9009384229867394 -2.2966820359111977 9.15512150617003
5.122651671516701 -1.5579758998187543 9.778076688456443
5.847430665609947 0.1569961343053495 8.202259071874906
4.93631133653902 -2.3298920854572334 10.566995947869337
4.711934403391398 -1.5689212613499037 9.450279766995969
4.448618567041634 0.08440974903416261 9.080774535993852
5.245740621489345 -0.8332259167193389 9.174313620330675
5.355335954044015 -0.9238127100412605 10.056512891231133
4.368896248925987 -1.7897086580137125 9.4145027220479
5.351818205970807 -1.4936412139892128 8.494321876987815
4.477982008230831 -2.0963012895793183 10.133962482247355
3.8846729435998775 -2.9670881332306025 10.2524957443662
4.516995537528317 -2.4010328004166817 9.555105661027778
4.7069782268891736 -1.473611177214734 9.482150684441496
4.2872464713715885 -2.818905060658873 9.634378607069468
4.339164652732291 -3.0941593932142433 9.530631548460908
5.504268215415868 0.14971145406853062 10.322416497347001
4.076543979489794 -1.5219170473846764 9.851638113866732
4.553387452705786 -1.8816557630352981 10.134453150179226
5.652452801744171 0.24129399474271093 9.51707373199739
4.4443850226543065 -1.2778518896553523 8.934702629030188
5.135686913140801 -0.3769951481865408 10.361589656677936
4.490053738185942 -2.287749039237492 9.331041155871073
4.787108981667445 -1.5394493324134126 10.066106651041462
5.6264372878046425 -0.7786047256106764 9.926344637293719
5.221875991529582 -1.1582323270133514 10.299979466746374
4.547095074245454 0.061413939681777455 10.076956753197333
4.501892563301941 -2.7826813634197416 10.0793872065989
5.6513630747604555 0.21700385706241962 9.503924745028986
4.736019967186483 -2.8625006798530017 8.905233254675665
4.830993056363042 -0.9326530478397914 10.244571874748287
4.676270917171866 -0.8860973066997186 9.222032518190806
4.672005017787063 -1.4916510319113874 10.283847324397117
5.41330515640334 -0.28992118896130636 10.14613999030016
5.432564405009757 0.48195255303233364 9.884186932830126
5.027471410940699 0.29441031519252836 9.548730597941692
5.615278192410301 -2.480073855042562 9.941550533996175
4.292950061381304 -0.2081132482760886 9.784521092300643
3.9735324738051805 -2.199711366244468 10.757381838017869
4.948266845725766 -2.650938858025 10.322959525388473
4.624173391212849 1.4858139713446485 9.83588157498831
4.394449805128929 0.7325783972062999 10.459165946587136
6.111865722342055 -0.030785243474756422 9.561593182702177
4.078205927745585 -0.2640206998182904 9.899219116882815
4.487007865676344 -1.1535303929569578 10.502806730574342
3.9785778308278807 -1.2896852884671055 10.097043685904953
6.096532132085535 0.02015819697160133 9.76678939588584
5.544081282761535 -0.8364596436156935 9.840005972318274
5.534749314937485 -0.6035429009527346 10.315778884483242
5.545305095388341 0.9845970171476063 9.104148392094423
4.821973822513406 0.11538111608574288 9.437772564277331
5.0533185512258 -0.21878409644205268 9.683836756572498
