4.927396851962042 0.6354313233169099 -0.16787388244653742
4.876956756385604 0.8351359017964761 0.15622385915386086
4.339668042608885 0.09771148806392177 1.0246679370009018
4.481776229720185 1.159921680662732 0.8002742954513847
4.231515400602412 3.4876836601471806 0.30515077336218
4.191844966321327 -0.0843915888494113 -0.06550103492880552
4.326040885212325 0.7492691057992591 0.03429115816005132
5.337272513646891 0.06385044337870535 -0.5942728014100165
5.296792158598271 0.3438393319877434 0.8843095093470242
5.195625707503837 0.0017388977878914507 0.9974842752846105
4.569623856863917 -0.36642755486257006 0.30824647282942563
5.2603504639438485 1.092251263015668 0.31611670254951774
5.006673658285056 1.556257190035461 0.486158592867916
4.992666490167461 0.276061789989845 -0.4899065650841752
5.113442347937806 1.3679309531898887 0.09862290979308341
4.927083599607149 0.8338197106820879 -0.22366255146130312
4.453244524603893 0.7650114283388344 0.5356484146959916
4.142983176818132 0.1686335330786965 -0.030381558583623736
4.888491825497871 2.184006234122463 -0.21979912169640753
5.887481798631639 -0.12160632637181171 0.1555209495288596
4.9543223772909615 1.0362308918767187 -0.10575959234858079
5.5841394883899005 -0.7713075210915492 0.02349986924414127
4.895853930122568 1.457255650415258 1.0939782344448599
4.103021450383328 0.9410018841165089 0.7700009799009165
5.808003933289706 0.5214804121782329 0.10043960096618276
5.613297277105627 1.6894383855159503 0.00542273909946403
5.456439455789419 -1.0281911480294395 -0.10827910581980205
5.413479103764171 1.6375325211421805 -0.255393205381384
4.867505106075118 1.0321417195018172 0.3070116122633234
5.57855584537328 -0.5389981789854053 -0.1643247070542445
3.8710902393066373 1.6502635257369298 0.7349360283000436
4.8785377575940405 0.9797032919136331 -0.04304605305746623
4.411210288957146 0.6419623888532283 0.49651728305198484
4.453585493053534 0.4692392091954476 0.04932674750245547
5.234214956108509 1.1061847199477282 0.6956692178725208
4.922068751997495 1.2501518222422803 0.6259401777868574
5.2547498713460365 0.8123137494273289 0.43032877773003847
5.052136432796999 0.28613926709700627 0.3397066414952399
4.0867264800088305 2.9336916046619415 0.2029755705910207
5.093440313213569 1.1710140309977028 0.8308257768680369
4.629881247039285 -1.4919093543619697 -0.04165447794580823
4.312778984338597 1.9751926209705835 -0.07288999218243664
5.252758503278312 0.6091075704623137 0.7824453002991212
5.298807569246526 2.470444585701078 -0.20531019855269894
5.345112935417547 2.3984742284797758 0.6945110013812665
4.370033704658539 1.4263788221188316 1.156977761177869
4.828383429774001 1.4908131856781122 0.4709411963032686
3.9660974835432095 -0.04502127109837302 0.5627736499030825
4.950744049619774 1.568179411548145 0.2572754933352246
4.559936222144468 2.1469020651867563 0.7327965916251645
4.1795518619676 2.178320344616241 0.6964522112621981
4.620600996416954 1.3885980399562474 0.9428540839522025
4.364937368358211 2.7692646175664355 0.13276165936130974
4.256858967854389 2.2940169048850017 -0.07751357480346821
4.771618827867404 0.7417167600557318 0.07632894331011336
4.038625617408446 0.26855996576150576 0.25166207153173825
4.690641905824198 1.8807813689449935 -0.5578777234068426
4.587305071449081 2.2949330501971663 0.6301680179090883
5.243557749596776 0.7635557507788647 -0.14651744484424745
4.440495515493247 2.737091821760086 0.9423229307503737
4.602871010948922 4.089942646544668 0.09698490618955946
4.485790049614409 2.5258978355574633 0.9425123908886748
4.138633692787502 2.813017806015854 0.2822387422659443
4.848685172616263 2.259195048987455 0.3414747705991249
4.760668015793294 2.814807064711161 0.1658460236602169
5.135075236730606 2.5037972724491064 1.5215459015032247
3.935462577350023 0.37905030389448585 0.36305438718444166
4.517593350669043 2.407559045133024 0.5127464256635011
4.835454903097054 0.34617984912155314 0.9515485161627174
3.9393297552621944 2.5181573206674606 -0.002246193222469439
3.821285458461538 2.002853015736177 0.9189755061652474
4.536402684821331 0.6816569323886911 1.4584052656428868
5.643875022512121 0.450160408758886 0.5651964011186092
4.207625333416732 2.372996625496773 0.5375781142513743
5.000547493347188 0.7936281918916841 1.6228324535764078
3.73189222267887 2.8201041467918295 0.24748575154464703
4.002379721798025 1.5085663141977737 0.5914979537042312
3.8927721074453903 2.435896217660235 1.1435905434891218
3.793841816176986 2.9611122183773895 1.1776940468605732
4.897394931023704 2.5389653909331225 0.3576613700919932
4.625976499077655 2.4797892923105582 1.0987107521602235
3.6791124452821706 3.5223387682032503 1.235136415177216
4.78715325245607 3.0824770832627246 0.6226388271185166
4.430429761165655 1.406493484953371 0.5208673873312928
4.143834953536923 3.7520500479961463 0.0554233076852233
3.2603644870208646 2.2605938947630317 1.3937135470293858
3.245280935720919 3.195491498446037 1.0383076391550208
4.799560487094537 2.357224346823016 1.1601993624792724
4.980541289273129 1.1983739327867455 2.2046817280740636
4.404751673865313 1.3238965564716638 0.18976289917012845
3.661001187317026 3.768585297854976 0.9276609953844805
4.183090374793239 3.401568582877689 0.847930232377532
3.9022765851503585 3.001764412970016 1.3526998767176583
3.237916623221215 2.37292290721564 1.2007119669639648
4.94846640000062 2.1147426016975204 0.760009242271068
3.0776466142836902 4.400457001311585 0.9744916090454099
4.78606970265276 4.04431892354294 1.1648154708547827
4.7436020624195105 2.0513256509373763 0.3246994756166184
4.4948706343687865 2.718944735648396 0.9977839591670832
4.8630981330340495 2.187569833727605 0.6034779599123137
3.7736429271771117 2.567868602282741 1.0895813373943237
4.7776205475737425 1.219009814179022 1.522657442218744
3.4657462314386644 3.5546950916180813 0.04090489813602827
3.5055223473618478 3.263763552990397 1.3112310388302366
5.5136366193660775 1.2763093498646847 1.0149639382687623
4.263048670640412 3.303631939701421 0.14777439189566455
2.3634620240324384 3.8512831495298663 1.7330153025845259
4.454802890732489 3.5792875221908775 0.7949312301012288
4.913342331054595 1.821964980790222 -0.10942839093793699
3.516178988101773 2.9356613607768796 1.1418509992153767
3.6553863534096145 3.461805080639334 1.3279507137079494
2.100609198577053 4.429200054072045 0.6996234504990415
3.7212472539612933 2.9494731164030643 1.7538254645336082
2.60553806502411 3.11478373787047 1.1207891061654438
4.292550977599172 3.858317336138799 1.5765891352225296
2.5164237604977227 3.2497789030605677 0.37462854823555103
4.109880424942492 2.7170373328292903 1.696806632079067
3.0293719969951622 4.287239369199477 2.2341341152595335
4.2949127480661415 1.7743910604976014 0.4030677901146942
3.595406950348899 4.433295181159336 0.7167515277358887
3.0243515147732705 4.056880129774432 1.1497960525282087
2.885265803232731 3.681706903337426 1.39105833528252
1.9885623172290854 4.050571690702063 1.5715845853467902
3.808867541648196 2.893906591592572 0.8825986096648533
3.389481988106382 3.637245000043824 1.2956317615361157
4.887541071838919 1.9970578164681427 1.1737560238325824
4.415206568651745 3.6999655634618813 1.1146955384835129
3.1931267297534656 1.7168841568596223 0.8752609825088686
2.7943960015654286 4.210211073491964 0.9795030757734269
2.9521080690732564 3.905699764725198 2.640688043381293
3.454622850661669 3.339055491475981 0.6174655096711723
4.501225183415973 2.3679971997959917 1.17000154425435
3.4295589578111283 3.545544481214582 1.8163421660680776
2.863502048152452 3.404041250258083 1.6550920608450115
3.336573488886843 3.0720586144573216 0.9916252212527823
3.220607636443425 3.530864510651453 1.4608297312095164
2.8436529753958077 3.100099403664341 1.3196136253538542
3.7114877646224698 3.778754012380475 1.670072188203108
3.0371044110726038 4.453710255983425 0.8769207611316824
2.4565601920285003 4.507587827373272 1.6710639213794765
1.4798032393150105 4.195451445015349 1.5205299501971203
2.0753770304696415 3.813953403729985 0.8151931811316474
3.457445494206275 3.9809055133964266 0.962429432653704
4.456098872708515 3.4188512780790106 1.4981595455840964
3.210041187639499 3.378167224763705 1.3026611293565944
2.431564522619547 4.603130607200567 1.3960750720432549
2.2452614722798447 4.996014949152784 0.9734958142350831
3.444955678196717 3.5847511091824344 2.385307676027609
1.840208902386854 4.338681813630249 2.2639235847614483
3.3645255403481915 4.139117358897379 1.2457015960504805
0.8111146079880563 5.101181018954112 1.1919245263016836
3.878459369113041 3.8228387983557783 0.9506716243700478
2.7739172121599984 3.67292618390464 2.8745078977893734
3.45730868929794 3.155673912312746 1.8662205919632031
1.8045949735650777 4.936459807043844 2.101483423275767
2.173987137688825 4.036177068816238 0.8884083086597312
1.70926920751436 4.500101798222223 1.4047151594733494
3.7956633834735065 3.6892164526523543 1.048881110500643
3.964865138596694 4.361204429965206 1.9632468253482853
2.9205846866118135 4.212924598557923 1.309504362087343
4.090119954247423 4.537323375224424 1.6392498574723586
1.5587148445353336 4.6332745338251184 1.7310950076098153
0.8871414193993302 5.04510674712861 0.8501828558268121
2.923395793551337 4.498382771917032 1.1555708873955726
3.7827697679868453 3.8253058672058096 2.4023742610715253
2.9142272214906892 3.0120861828669425 1.3024729777012403
4.003423115218391 3.6994303265635704 0.5108614214006444
0.3437672053491812 4.641243545863307 1.8467744652068476
3.0671360627497464 3.653203883188269 1.7408440678111827
3.009191848643776 3.8053222628715835 0.9903085918785394
2.513220248426366 4.315409936997043 1.205597156942112
4.637916322287952 3.8715008067554013 2.5242631152333135
1.0753002421896931 4.61777731622206 2.5568985888935147
2.8173262896050333 3.604291749022793 1.3993676548832084
2.1502188964390996 3.9445585925805657 1.8150484766767994
1.7061870035413202 5.287648881326826 1.695925075379319
3.7616643579803375 3.7639090887797972 0.4773588189901168
3.4654941367457277 4.331151252334181 1.8371466764074782
1.0101889193269507 3.51596985968072 0.9698222787621446
1.7165681879112347 4.979261941550577 1.6369250873598156
2.84697025213887 4.229457513818801 1.5914723861276152
2.6626997893195545 5.368838531347757 1.493556202645156
0.8837318359672928 4.704851812538576 2.028899916855686
3.23765878715805 4.689085968099406 1.7280967893096473
3.5542605670670846 3.9866987474212108 1.831677104817781
3.7324492982127535 4.104716604445801 2.3388717468281857
1.0355674351600554 4.379969787021295 2.9533076176666535
1.010160906171581 4.485759379233869 2.5499560321556465
0.8012475152621957 4.5866097232158864 1.5190324460445028
1.4460461585158957 4.35708586405953 1.8394158045358988
1.9510574809783159 4.572227546685644 2.1257289502847105
1.4120111028415052 4.254787400406586 1.5614834988510395
1.4393781469208227 4.566728269961881 1.844931695887734
3.053328426872444 4.9088089784266105 1.5590993693995243
2.4106992877321134 5.263870059058705 1.535581685469871
1.0054434599781723 5.1830005308274565 1.8189581802282389
0.2247641597765658 4.679939602681889 2.534459360753403
1.6116576544004537 4.61344373298392 2.3944583362685457
1.2252829303390211 4.7318155170998955 2.1544954210633316
1.0354284309944877 4.940892078454198 2.2937510978134314
0.5871662688264195 4.296143754270263 2.4461933539896044
0.14639525096193626 5.30858750273114 2.052721866713322
1.7596415521181772 4.050438353184894 2.0024587431373386
2.0367327732470213 4.102211230525289 1.5155871913038792
0.6568994634127796 5.689235094062326 1.542022760509845
0.36281103464342546 4.717402900671229 1.0169305171650642
2.3376797911165514 4.36080031468427 3.418609624573305
0.4732244125104852 5.128977621437837 2.978999578507924
1.74084491811707 4.569947177363248 2.429199278256399
0.768544531768773 4.644150455760756 2.672880821995602
0.031075137354017627 3.7077685908510625 2.121611540997928
0.5281033234677631 5.423655218557066 2.424985204476938
-0.13839872771324 5.345018376681385 2.0203375739897282
1.5064452629201865 5.075608430811938 1.983161470117667
-1.6137126063836806 4.949246856145237 1.0924924798467952
-0.06923724832180458 5.1765796192390106 3.1815028928561135
1.6433809721643688 5.030103272098169 1.1859562216688735
3.4209983581568166 3.820138063734928 2.1730070603764933
2.2595895648038695 3.9182454920953407 2.3244401349510744
3.1849307057538905 4.365917815673498 1.8137930148337125
0.7014669703508113 4.300593891321517 2.048844402983709
0.49428768004396983 5.184636519680692 1.6954445860941558
1.1081433590368956 4.220094900990778 1.9900404715683062
1.3426684339511605 5.2446699442957225 2.3842759147990993
-0.4564600792666567 5.434183613973283 2.78210943509919
1.7116513661283643 5.050790002527577 3.426270781478576
-0.10768367614818476 4.860009372724728 1.8496257185262255
0.6880351638829376 4.907949675821865 2.61901651853226
0.035836848848312175 4.919225979525127 2.6774142718729323
0.6070466552450396 4.299041661806088 2.212512368230714
0.8988504618114781 4.485664523061335 2.8293404325495266
2.0963379906642237 5.548554179658845 1.7283615489338588
2.3714091632227836 4.488158272335981 2.549363736574489
2.4663017066537276 4.664072822258708 1.7739661572358376
0.3064322389117339 5.8143018277928284 2.89577121598726
0.13991602291390456 5.718549443688718 2.0207010574064412
0.9791629665035142 4.206592435439915 2.6619622282821553
1.8974423931332356 4.896994880709874 2.347430419323437
0.05984597599767028 5.545773599872733 2.5439391548878985
1.3651354646848899 4.590630475894065 2.7996313731439684
0.30540062863473405 4.541253467220718 2.3329130128657964
-0.18591301612672093 4.797858163819941 2.115168293027872
-1.3283904784905103 4.159051460480644 1.560721512194791
0.5296552086232786 5.35080612171247 2.846989329030688
0.7189330792337252 4.368684671440599 2.2410458263906547
-0.09684528167416664 5.060732788336439 2.4244372021824354
1.4222350891524151 4.77134694830705 2.6550503147698583
0.18514594616690908 4.871952420035278 2.6368762882994967
-0.9665970582610948 4.693140278141764 2.106350010918769
2.025711040779344 4.24489296206423 2.03376111726063
0.9927506820625928 5.219885069653265 2.578103833192722
-0.7202837719324491 4.639772320644765 1.8817950869493445
0.7514331313839747 4.780301664107365 2.075623147864549
1.2432726831023964 4.487582755731869 2.53686586859746
0.7333903307020386 5.118268586860201 3.0832851971110946
-1.000790138780375 4.7557593109431995 3.1047529342172115
-2.843318748773595 4.604169710359112 2.468367809430183
-0.44624500928425775 4.617004510722634 2.8879538579710675
-0.28981365442214624 5.120012602957856 2.503881633942355
-0.5363956457316437 5.1764668979441995 2.728802206547227
0.24015321136589193 4.956591655363023 3.0276502559168654
-0.5536613213313326 4.3469773777092815 2.490059117095381
-0.7168069220813325 4.9634513526060555 2.282086177002596
-0.018220004481157553 5.278823600159575 2.1853637769780816
0.5153522292175826 4.840849837718789 4.45727991772557
-2.0637926891227827 5.222926042192035 2.9560967297183227
-1.2051754586658394 4.237770399258915 1.8629107396882083
0.1959254927672633 4.854188191720113 2.1819586573530927
-0.3402211194930337 4.904409708668261 2.4003563276836926
-0.21633472129474227 4.6745792649626825 2.6066144092378414
-0.43908586658745197 5.012390250868063 2.2948828034268978
1.073917630296331 4.192329056866688 2.201668202503898
-0.12687981325255912 4.332410192201295 2.5610594576439936
-2.0182653027925928 4.436729454653707 2.480999009908241
-0.6014417291000639 4.787667992239523 2.2118606185019107
-0.4191603539962304 4.699009885598254 2.8766774813333114
-0.17442891349800344 5.4997356485102 2.774574583291632
-1.9956028526475298 5.050380581916067 1.0552785194799363
0.07541115916489158 4.415067336767569 2.400041591596397
-0.38926427577803513 4.1456978055136915 2.4490251933765546
-1.426671213957354 4.474721734621285 2.9685957067709365
-1.7689863565831967 4.699274834015175 1.9856631845240234
-1.4508875951259805 5.150129959767987 3.3884653287004016
-2.972889638140654 3.7084209865606588 2.7176325801568924
-1.2300343215409903 4.455098751118004 1.799350128592012
-0.8193738681332912 4.535422312681218 2.2538390383801046
-0.3020178674852142 4.774265235950092 3.047948103953613
-1.7294413680610652 4.183240939386792 2.7703475829220885
-1.474730912371283 5.331876745160223 3.064800331261298
-2.260743598133392 4.438291600481687 2.69440832174731
-0.9564672034808486 4.068665905899058 2.546247280426964
-2.2870474079572745 4.378595977248994 2.3091495540144122
-0.6457886833753711 4.8074945321628375 2.7728872347265283
-3.497087899252886 3.7408522840606304 2.432085900502779
-2.3916757081434934 4.351178249585707 3.453048732502715
-0.77581659085815 5.401112647010786 3.107155758379414
0.2901305047483663 4.681616638088004 2.45913387019014
-1.9640084871042216 3.5402460600825627 2.027594588118975
-2.3378997685384126 3.767558971706665 2.7578669596768477
0.0829127331087791 4.618142925928761 3.2380039386552726
-1.2306086779406684 4.970007225065851 2.721577356085828
-3.011202978148712 3.9096250878908925 2.30657445465292
-2.4076888172388986 3.9395401732504545 2.7560051024951573
-1.1323331634834124 4.457645288981047 2.8986754918497795
-0.6728314208240748 4.0323973197810705 3.848973570496438
-1.7769974246016793 4.8569841275222405 3.539435028886551
-2.3072805295293155 4.383541109366335 2.791432480505101
-2.0234033872151227 4.989772097501491 2.4369174164776277
-3.09859994619807 5.035509922094644 4.11570924534762
-3.5781959846120275 4.338093441702123 2.7308695254077824
-1.5531023077665236 4.510784609743981 3.5408406399010866
-1.203299957245834 4.277956374836825 2.5773668056319616
-2.75885336233792 4.404875387310094 3.5093058694210373
-1.2777873562587123 4.640557575486535 3.56856336753348
-2.432794607020432 2.9128220931214153 3.042165421090891
-1.7457166911268374 4.720847333987851 2.717992885480361
-1.4674944117675717 5.250903980447267 3.522164317289953
-1.0488046913523865 4.834082673394936 2.530968336224689
-3.2868271153601993 4.3418253619343705 2.892350003077114
-0.4810236827941447 4.660743214408287 2.6247741551613597
-0.7892921264436903 5.465911772284423 3.405810079087824
-1.7783302904809986 4.656407290953323 2.399183432217318
-2.272171071703674 4.856323310514197 3.383682388371015
-2.0236093572892266 4.381478860422601 3.341619843605
-1.9862703882997632 4.450997811793913 3.3362242075711737
-1.3801221542434179 4.745099576846808 2.8301899156121624
-1.4745853393986739 5.246511627059436 3.7429229523892635
-1.2309257548939365 5.210244821800487 3.2490153292084405
-2.8439710165615315 4.353740915716031 3.4403048941093597
-0.8925945190350871 4.279759719899327 3.440332900686527
-1.3838848597674904 4.298914513609057 3.295885218859825
-2.156906133765701 3.986217821172035 3.442276699566789
-3.141970796470748 3.9907629005635177 2.6357252684443377
-2.578198896141074 4.847985115049006 3.504435660487873
-1.6106427966890449 5.3706283446338166 3.006302960810168
-0.575209830990878 5.303492011059155 3.3228030960741486
-2.4109463404273055 4.18485169513199 3.3270900368979945
-3.2806349456553003 3.1704949065788988 3.6541111093458363
-2.367507277711011 4.541045748508192 3.4352666466245085
-4.303018482066945 3.817539697443623 3.2816226134175484
-4.04700326803342 3.8814548358775705 2.4556420914472574
-1.8321082920206468 4.760552205890806 3.443628523026693
-1.9538953372510328 4.922070727024391 3.526341278740362
-2.7834457200214686 5.1837639648379445 3.3728284773722224
-2.499312259419579 4.576688051902656 2.8258018455917204
-3.1311843504750443 3.7031595786204794 4.109687702358338
-2.766824209555263 4.996369287737279 3.8983309679918277
-4.137621317344237 3.258445076981333 2.7440072695807323
-2.8248890674757394 4.0261152300920475 2.7430366620413196
-2.4676322602028637 4.996194623457706 3.385586903417363
-2.8522487854123786 4.80200394506866 3.2158849312007094
-2.9872599560158255 4.427388695882762 2.6399058037684244
-2.1583114535809007 4.7422837286199 3.2331184700310582
-2.9496123360521525 4.263843198920283 4.896196348096711
-1.0549018936840056 5.4018850474141376 3.7547022820683473
-3.8435504539377674 4.534482471126969 3.5937806678870166
-3.5561846802205044 3.719352372677128 3.565566298229188
-3.430985361910315 2.795310414360429 3.8380439954091154
-1.1002540644832814 5.081052566432707 3.9465921548380223
-3.6833537987307863 3.3537720619299884 3.397965692431879
-2.840203718760743 4.855350518627621 4.201465282070254
-4.676211058373554 2.443577682148523 3.717412817135921
-2.0566400166882226 4.089165300893368 3.5528341713639637
-3.1476373978446537 3.278735978314016 3.277018779202188
-1.657458016286703 3.5001104344520755 2.9869075808163195
-1.1638399362666239 5.340574940563218 3.422406094585686
-2.4632017002674558 4.360975113560383 4.261355249940152
-3.0372917767462955 3.4755675929654832 3.690085338080049
-3.7244418143621205 4.420952113474232 3.3241206227763676
-2.070809726307676 3.3667570417530017 3.413095703347004
-2.7067707720535075 3.6578709525719724 3.8086280812578837
-1.9378711506383406 4.940607377344628 4.204319843918677
-4.074092816123204 2.330310962375302 3.746495411475408
-3.5580518442304387 3.206236869634309 3.5325937912264935
-3.9379457087308047 2.829000908237238 3.2869310742079323
-3.151441225041282 3.902578121227449 3.621901390514442
-3.785461432962452 2.5358150702358015 3.891489991232921
-3.420720838018946 3.6482840100553022 4.4081440143048125
-2.345765655412379 3.46103115081026 4.0402174089397125
-3.440076425351383 4.011604622356829 3.7856341901171113
-4.384418509280852 2.5278985064037203 4.006617062130796
-4.07605687610668 3.8349153415827697 4.31782671305857
-4.2050444180695665 3.143052506102997 3.6894256325465395
-3.2578614561143358 1.7466376308738492 3.0054957016334134
-4.227042832592647 2.730386806261294 3.919234649604038
-3.5930493272704234 2.6540142931020894 4.088571846692746
-4.256255051426241 2.329176403210725 4.603164235712848
-2.9397228363459558 4.564332733944463 3.730164564381954
-4.204328068095017 1.1382345185121638 4.389968670779546
-3.5622427923532016 4.172561164864008 4.000480987488504
-3.172151917690775 3.7853527706915684 4.20386733330435
-3.777076052616359 2.717406369503031 4.082898371169339
-3.850570136290763 3.0402851361651217 4.361810429997745
-3.0223016636433813 2.554262843174745 4.221811093416453
-4.986324539030747 2.260298826752583 4.198130644792628
-3.4001654263971663 3.4715165785254993 3.9211918683995286
-5.812577969556318 1.7450566218375603 3.143830348316664
-3.954073514984886 3.6822679840274235 4.788604755948544
-2.854259843685682 3.592001687528012 3.854844742196573
-4.066435563880861 3.020989898665288 3.6831446764703166
-3.383961924150647 3.334532895368177 4.069386864524531
-3.916613961125301 1.564360158774243 4.1384859350985765
-3.239416918661309 3.645863592967899 4.480817723859745
-3.324923260029883 3.5909366012885275 3.8887894262356193
-4.37733671017936 3.3393853014026846 3.621167189972871
-3.2953490657233866 3.349764447338729 5.161686683191472
-4.664298256546727 2.200638843760385 4.584514591637567
-3.369173419416729 3.2366817165721202 4.297089852578272
-5.059368856054191 1.9768935155001004 4.276799636514675
-4.241894362176944 3.3433659559508384 3.666169762023383
-4.458670254588069 2.261057485543253 3.947119646030482
-3.2377687595418236 3.469050694677829 3.109071001969336
-3.940218688405714 1.5436014323415657 4.218289709505291
-4.74737583656461 1.1693332176704365 3.7836162719550264
-4.332374868988478 2.139433855242198 3.3628277609582944
-4.652066123126313 1.9066470883953408 3.933388516795518
-4.332607153505653 2.80866738718998 3.8382538694418953
-3.7857126199556683 1.7770103118000684 3.3417707929995117
-4.085392375062545 2.8889729677551825 4.4328405577818275
-4.572445744009891 3.30577112986587 3.7704492334261124
-5.166507465398812 2.1260455508696467 4.622038346463359
-4.792976659972831 2.4408655853506462 3.779848831783622
-4.732565148722497 1.6928511262450767 4.585802643754202
-3.776096648038157 2.2416765764399127 4.336416875945678
-3.4202632846634398 4.317287273254013 4.210408225327452
-3.1019020260512113 3.119798927745802 4.615714495106969
-5.127188361024507 1.3026729402479489 5.166020133992889
-5.931646650956137 0.27473812362777233 4.6133193786691775
-5.1225473422242205 1.7439999892461204 5.190617584340565
-3.388472023824675 2.6963679057683096 3.7599436945599205
-4.74397340641088 1.7201261053992623 4.551529597934726
-5.075453392534088 1.3154332910843527 4.62619120206668
-3.495630220462363 2.9225108520161256 3.2466892155171174
-4.138511469636492 2.5489402195563398 4.994275361196834
-5.250740392472589 2.8959270506358314 4.930383749389651
-4.437486486254563 1.8378975584497688 3.8743436978513968
-4.79550756269863 2.470903089473807 4.312259616694883
-4.1859636446257324 3.794785407625799 5.102957882067926
-4.072690222241456 1.8554565303682167 5.01435488572783
-5.624276212750579 0.06979069083912079 4.6942516389642925
-4.339310876547349 3.5309331143209124 4.682246715189983
-4.32417816232991 1.1329039729042674 4.817952372607658
-4.134540331799578 1.8482159535025553 4.650437840772998
-5.187491079860653 0.7589293472097814 4.5803940024748035
-5.178084948202854 1.4076542144835131 3.5976125391810907
-4.817900593656036 3.109109275181594 4.864329766110233
-5.900198293989948 1.8856645294882548 3.4975985684347988
-4.397900279528345 0.5046647175307893 3.655652355057335
-4.083587049654949 1.7431106996040995 5.109168938230611
-4.3901592470931865 0.6977682008869487 4.328386506792641
-4.176510437398943 1.0069308179227692 4.594325379809819
-4.357118059302256 2.139932476940483 4.302241766484562
-4.797288771479716 3.0711082267410608 5.043157377033409
-4.298524374953993 0.7563101665582836 4.3342912592656475
-5.160731415785188 2.077936493300224 3.890439032177777
-4.909674539484386 1.0653023492802838 4.6056445374660315
-5.242326387340805 0.36360454656275404 4.750558995628257
-4.698164550757873 1.6211756692039092 4.431664624517781
-4.460950260427807 1.3142753090567578 4.412704013291714
-4.109066750831482 2.159564569622657 3.903396983097933
-4.49597974635187 -0.09898034080549677 4.16397072262168
-5.327818204997151 1.4201431313566495 4.488343378451004
-4.969837504219742 2.0217806704090417 4.530261021069458
-5.064913535973832 1.147138587699212 4.658824044763828
-5.164350949241397 0.6936567330698834 4.909378555702809
-4.277606921776693 1.9364262072856195 5.1806582670682815
-4.220282174166218 0.4723725772835902 5.291475751571274
-4.099152468021491 2.4516105612304604 5.427116681243313
-3.892953531910222 2.4522890091518805 3.812392316434846
-4.70038291656957 0.16817591479867255 5.5305188779263235
-4.6992186462487275 0.33530848999619883 4.814775127838571
-3.8172862852581457 -0.802473630731448 5.037358227665384
-4.952698447746515 -0.23571260345470468 4.2867803802775315
-4.972509171441462 0.035250230490079866 5.072763114912222
-3.975518215089381 1.6237265362308915 4.63754576964088
-4.654094342105557 0.9975274956895792 3.7438956917474435
-3.94417353942626 0.9861750488922754 4.811517853947079
-5.994042182540544 -0.43505630892757885 4.9308791435367825
-3.8983170258343156 1.1692726860079428 4.179485345311207
-3.843433810991073 1.8779825127147807 4.867893672309901
-5.218370963312761 0.1928716579699641 4.976993501568822
-4.648905536622109 -0.12262626500325563 4.676897403600607
-5.2092413070851595 1.9289772796557192 4.7876144026451914
-5.3130403103035615 0.8514833146962026 4.823160103258802
-4.247608595242571 -0.8305946448500284 5.638607854253582
-5.359794043747152 -0.5216556444689694 4.93135708066156
-4.475827980342487 -0.07477452504441 5.817489954655478
-5.783875016431095 -0.2030359817179115 5.339580277384408
-5.040805784502481 0.4625079538282372 5.099758877709056
-4.375434369509682 2.3827570312391555 4.977817026005191
-4.485552905748384 0.41784652549370344 4.312442439691358
-5.34385822908098 0.17253094131248434 5.218969561299596
-3.7854349620408314 -1.2241863864409859 4.81168886749579
-4.1638760456719055 1.4596064476170434 4.780753384439433
-5.390266123913694 0.14030618053068475 5.1417916210643195
-4.306629982606802 -1.2316682220514945 4.945608234965086
-4.700928262930921 -0.0726112355668398 4.451073715050103
-5.220856325607221 0.09771403389912 4.561008362682209
-5.736963049688832 0.419787176421952 5.720937959676339
-4.87279108181753 0.5458856098212644 5.0380449596368715
-5.224163085297025 0.42087783853544297 4.806528605382844
-4.363164131981267 1.41793541194612 4.620657649264136
-4.117215223652814 -0.9890771799264082 5.705481222114454
-5.081344674855903 -0.6799591272718705 5.047200716863281
-5.332045085106659 -0.7215090098146371 5.860755515969567
-5.741004949441847 0.45695388115203134 4.798645950798466
-4.654620865243918 -0.6540178948699749 6.584472371489477
-4.448704119272964 -2.2449546815887644 4.449320378823824
-5.487423256176529 -1.9342869484103626 4.270427375942842
-4.968723602151329 1.414976969101175 5.3483961476516875
-5.509762793974435 -1.7294904993779414 4.756261379607661
-4.998504943824438 -1.8372769019867135 6.115027024622799
-4.769598899225409 0.26828007785803426 5.245529570229197
-5.06694282037979 -0.37655813160460155 5.391126240245242
-5.12754085714719 -1.196224960299125 5.342086241978864
-4.800127078515039 -0.10218661206484826 5.322730620094814
-5.352463497023776 -0.6434296478436466 5.67034011137689
-4.045749948486277 0.08368584691226692 5.0650561788651745
-6.71160346936037 -0.2024986858524708 5.029264640192917
-4.126407743363026 -1.40226674771861 5.852405820384708
-5.533979898144772 -0.2637799266184435 5.004775297108081
-5.930633422037181 -1.3694512019685434 5.230911900654151
-4.218468525394461 -0.34042507941824507 5.645150245740985
-4.529690530799535 -0.8480952326345702 4.616934575217956
-4.801383987842568 -2.0264477292354357 4.961169395523018
-4.587159640252348 -0.9650640780366363 5.5383698782715065
-3.4538206991453935 -3.056946909900442 4.6373778541533826
-5.15750674739627 -2.3482062500765917 4.777632702208719
-4.132343275206128 -1.0016490306747374 5.020761745055858
-5.014260946791267 -0.3272604473978001 5.835296373624057
-4.653930400314665 0.2995369217589192 4.513430038168336
-4.511266955299248 -0.06628229910803018 5.920445669208627
-5.527126044116079 -1.4057454814392867 5.481488526156991
-5.865577995454507 -0.6786741208511652 5.604297154547824
-5.133048741551778 -0.5149833641621766 6.159790634029253
-5.0797562277212265 0.10930507290276151 5.450345595490444
-5.066612116215033 -0.15116217275018085 5.557917566904677
-4.035706051761608 -2.173881317546757 4.934347136727561
-3.8646824539529168 -0.02867866872201626 5.591509335730191
-5.612821432034299 -0.8770422968342741 5.472309700018384
-4.882072255948828 -1.923459599042091 5.2467411965358925
-5.009141540891731 -1.9871378830507813 6.158484112333532
-5.511197006752489 -0.6667398312632862 5.490235675131371
-4.6661458401588565 -1.756607152507659 5.8628942510012285
-4.9435361941090985 -1.967894129812129 5.470128471137586
-4.623424603574891 -1.380535298469861 5.847681164635529
-5.269070269808299 -1.7291813516593686 6.018589753575506
-5.120887341035266 0.313241788871633 5.309630793071493
-4.286879917092734 -1.1271781973763746 5.684043126022879
-4.323549766465822 -0.2865167562446025 5.790469723833874
-4.073787721220921 -2.0864600059744363 5.528711999066516
-5.61225921794199 -1.9236932293494118 5.497946266921732
-5.14763046060302 -1.3380263103492747 5.923535376971969
-4.738583879650586 -1.093153424968967 5.6699741945230455
-4.206586957858401 -0.809150012427307 6.453138417733783
-3.9406265862855654 -2.3834056419142757 5.936544161747374
-4.727412023218201 -1.4970867581599507 5.627930148452193
-4.593990738336393 -3.188833081560004 5.985822450921816
-4.322615752403524 -1.120593812692475 6.099587713944905
-4.943870917634682 -0.490184187002664 4.886935687501063
-4.306126823155052 -3.210154669504324 5.005318364178519
-4.2671663296818885 -3.314786012067913 5.6506568613562616
-4.826454879486846 -1.2111002487686469 6.111042224960955
-5.145816656778709 -1.26640724215797 5.056737652985648
-4.302714691800515 -0.46441684623739643 5.638934399934755
-4.307357290678087 -2.2434705566416473 5.842146454984534
-5.131964630812226 -2.418450938402354 6.037195079205796
-4.456608385836267 -1.0984956170578484 5.222754813106445
-4.204581571226863 -2.887895072920508 5.105721216921183
-4.494073076442429 -2.73232142635017 5.8784300344378435
-3.835579144672587 -1.8321389813670992 5.781636718446016
-3.178160643762888 -2.1836044848605107 5.515006257945568
-5.152230386345359 -1.1421438151137626 5.4094523193130675
-3.6613297614942195 -3.3076969248232864 5.168136964886887
-4.276500698501744 -2.9603137713753283 6.2111325364035075
-4.898353335144494 -2.290838424875173 5.511765815025764
-4.377706564364589 -3.3322308933243763 5.59292625816319
-4.743037974517241 -2.7527870815647493 5.4982448191468185
-4.132404541349912 -2.9284078392504185 5.570270633798289
-5.294379477376287 -2.027930502042664 5.793297433922689
-4.895510394800988 -2.425616798829699 5.440399839395311
-4.602629177678281 -1.2584962952489338 5.095295524542002
-3.683866809725655 -2.1003103609576073 5.847226866349346
-5.017187106566177 -1.7963904834884779 6.00041719548628
-5.109734310942727 -1.5094045774592515 6.92358432777888
-3.8834990364491264 -2.7665221136984632 4.6398637314350815
-4.263337505768641 -3.0786974176817496 5.375664383596599
-4.5539796052009756 -1.9226729450111701 6.455769129312959
-3.620200038254021 -4.833102550900185 5.452967411271525
-3.6153560363407315 -3.0961493506857494 6.195739225159898
-3.937819563092007 -3.1769269254087686 5.617964279003147
-3.458896733914376 -1.5310517001203972 5.657434248006767
-4.4899119460966 -3.0695592165287926 5.697236252428233
-3.5253748900447768 -2.830305285305779 6.590772810986415
-4.673520306209273 -2.600405471596988 5.095057797797375
-4.442897509795819 -1.55598676044159 5.369352975620071
-4.300924780920662 -2.284674090311533 5.124122016950431
-3.280131250698458 -2.9348436932741864 5.846352352646562
-3.744418943361524 -2.839558111682316 6.067093913619216
-4.0113327991121634 -3.8297211153693005 5.772887451489346
-4.743007851198384 -1.3030994214240261 6.4792910028838175
-3.619376668985659 -4.240690795336194 6.134208075712896
-4.676264183009829 -1.5016789475040917 6.040286375586753
-3.372301034205998 -3.6457346512189166 6.426884915300019
-3.2511467155659024 -3.35728968115711 6.1107904569954385
-2.9379819388299246 -3.7548991578142203 5.514980143400822
-3.273424159125774 -4.500671252020489 5.9391125355677
-3.961422510993949 -3.395772807767961 5.564202372540621
-4.982117909252259 -0.936678611486151 5.804714415538458
-4.7953987557917435 -3.222256223714969 5.725508493878187
-3.5347934475262073 -3.9663752094879174 6.309673442252744
-4.16750228526431 -3.448579350649128 6.375124805102278
-3.8818173014099955 -1.9289100853104897 6.299078254004157
-3.6237784888243714 -3.5129839173365043 5.90155801148334
-3.6699876027642317 -3.188917866775002 6.2066130477683865
-4.6299506028283455 -2.6955590059971293 5.391281702701821
-3.9562252299541902 -2.378676990062814 6.206954065892953
-2.5130311417615916 -3.981056952202648 6.808813347217809
-3.6628927941797103 -3.864866041599388 5.941867647819877
-3.8854786498412404 -3.9757004345258227 6.096235777473268
-4.03961131913187 -3.03410978103981 6.088717167269101
-3.47706058168208 -3.3776831901342455 6.354384657213844
-2.435871251562406 -4.004631449270596 5.975913085110378
-3.7609752300262227 -4.181408941080379 6.086332325380057
-3.3710743258143014 -4.272672813279363 5.2515438478550625
-4.770951876855354 -2.458363346778568 6.594401616289086
-3.0923409030872673 -2.9749769127896224 6.472492469750272
-3.755804896879041 -2.024419301989243 5.804583080059763
-3.1882284994770402 -3.793850589918787 6.639904896891424
-3.7386818314219563 -3.7424202661868087 6.193334837411004
-2.489945935391761 -4.5627258401423285 6.655310253775886
-4.847307269492221 -2.3542295634434502 6.220835640182708
-3.1453890789984333 -3.5616984382424977 7.252885460499164
-2.6753563939798157 -3.722165856361091 6.535505425525044
-4.448718871033968 -3.524066194317745 6.2439927639237025
-3.339795043666837 -3.4388058555141776 4.954942714672569
-3.393411580609139 -3.7994867319400583 6.662461955897608
-3.1606951142878974 -3.7132498870533523 6.677841234613175
-2.7629727124833487 -3.941622634140816 6.683512576130824
-2.401102934414836 -3.9669008793809195 6.604848875007602
-2.575473293247405 -4.414850409380785 7.899563072618377
-3.030037426658547 -3.2092291693828328 6.982348412073683
-3.648663901457523 -3.830652307818865 6.536883879488285
-3.8114721531927427 -2.107447276191001 6.382183795994424
-2.5405441245906397 -3.1720941316539606 5.9832140805539735
-4.232560978016933 -3.0106507011998462 6.3116214977754845
-3.2606668440431275 -3.6636291686894973 6.1179943755317785
-2.141911473270718 -5.000683652885951 7.0883454392533025
-3.065151966109774 -3.457577060451718 6.312524397316334
-2.545783005172089 -3.807543821523705 6.392331704432832
-2.6550777915331043 -4.451266673999839 6.055335430679612
-3.4889923085721954 -3.974853053726263 6.306554139030951
-2.324237640577776 -4.294425209455605 6.666772912240332
-2.3826034008708237 -3.6988783748446776 6.368882254563648
-2.6321568412488405 -4.515050210856661 6.380624910774112
-4.241998456988825 -4.170687360561707 7.361512869591256
-3.7789785691970823 -3.9863333490271162 5.621264037329843
-2.2999436145151346 -4.611043717116994 5.8945163833744845
-0.8568722400952905 -4.092454786108183 6.283217764305276
-2.083505397212991 -4.110939305118269 6.200603782893513
-1.9312376317388857 -4.16239533930122 6.85496895640701
-2.8225193463038667 -4.551428188450074 6.120321961621733
-1.4636003711716963 -3.8055415126296896 6.826503785187548
-2.0941169176671073 -3.9295434697041425 6.590588318570448
-2.79586376750195 -4.233150363432396 6.192075092330624
-3.221184192849807 -3.7887354769339154 6.762363138662032
-2.874244420615611 -4.234917408586791 5.745145644930426
-1.2993079210423297 -4.48058625124586 6.054590174262659
-1.8667140403740896 -4.296724407801096 6.324212880546893
-3.376957381363816 -3.558628084344293 7.500575891063468
-2.0428486865996964 -4.2673079419192 6.650087939176015
-3.2623086953506 -4.816355723403059 7.041553982916882
-2.6440548960570065 -3.451854740284255 5.4371193816443535
-3.2318705596665542 -3.655188362774038 7.193417489047074
-3.1442017857682427 -3.7588012930801717 7.406285553380879
-2.433887335781338 -4.333461844607449 6.827128938610304
-2.0173649136099328 -4.432973815126419 6.99432373763709
-0.8121889224820346 -4.744826675610439 6.810823236861703
-1.4998490479672029 -4.282284608633376 6.175647582902423
-2.423393286980516 -3.966106789260454 6.796340737882119
-2.8122022166719036 -4.213766597330087 7.2561644083230155
-0.23607917588093463 -5.315252299430727 6.195898112029514
-1.2411223433508607 -4.793142792219598 7.03948884929777
-1.0838228483246755 -5.253504376024412 6.877421402373708
-2.6619649711603097 -3.7225395061637174 6.929570396687671
-2.019525856944772 -4.39298950472574 6.737037736025676
-0.5828216795548414 -4.732724466340501 7.73560935162195
-0.9233470754696083 -4.356871891519476 6.276048859736128
-2.4584260916884504 -2.850629157313077 5.873498364743186
-0.8279352312132011 -4.77442859423744 6.388626663084606
-1.84985236278425 -4.070049664511295 6.401298449029645
-2.0855579304079224 -3.5022859743781405 6.752019705924168
-2.184920974518729 -4.264562225094503 6.6001833284753175
-1.847355979384804 -4.383601359792469 5.89406258831038
-2.63554147172369 -4.273854883616321 7.234878396969611
-1.5520895147073315 -4.61650432608935 6.996164073426516
-1.3107734293627438 -3.4515422698588996 7.126456035302235
-0.8137292189364358 -4.194069251126957 7.095590731614393
-1.8180695476118556 -5.236208332105072 5.79717089018691
-1.3762722032349062 -4.66355787716061 6.689396593404157
-0.8816525762523402 -4.766874407853669 7.798767237257589
-3.419533430564613 -4.766080660584373 7.910124427191375
-2.521444327028565 -4.9413786674153375 7.57695576813468
-1.440728334833125 -3.8975705983520204 6.545164022365369
-2.8195777329195733 -3.5000376710103502 7.662101908935362
-0.12681232664804404 -5.7810489363814845 6.59939435536514
-2.1087633976411553 -4.511090092293615 7.534870933712305
-0.8036746617377369 -4.892830504815782 7.280562620639386
-0.6108320178241188 -5.445424416255841 7.866280828373505
-1.840810630926297 -4.757887858122789 6.64321609163367
-1.5528489501936769 -4.072981039759759 7.310507256783949
-2.1942187502230595 -5.91585528454278 7.315021550900801
-0.9083744369285233 -4.676142140600183 5.574245912350155
-0.7035744532067297 -4.559042425860794 7.073467813336549
-0.9578980384948091 -4.651098749943182 7.432471182321036
-0.7656819005578922 -3.701780214749521 7.114279862349931
-1.1113166454178858 -5.258388865651126 6.708146236366501
-0.5742761282557756 -4.816142885011235 7.756898384084446
-0.45825229499373743 -5.661182669981514 7.038971556976058
-2.0810283816824 -4.434890933577023 6.99397385327808
-1.0707570927184573 -4.998488598955161 7.202138917875286
-1.9060853646939475 -4.361956532667837 7.232870438021802
-0.8297996232521143 -4.310067151643218 7.300295897324452
-0.2024610879912837 -4.657295036156197 6.490723922909817
-0.9863570624902673 -5.289153314747713 7.419324866857031
-0.8369043758103936 -4.376428238488423 7.518272915366557
-1.0751854763735227 -4.975602248392366 7.583121553563371
-0.29802091203708886 -4.916646893403939 6.818261587571662
-0.791824070558398 -4.66608785119456 6.792540492734645
-2.5964170854458044 -5.14162868386779 7.8633708454042175
0.8027669651376832 -4.60240266489392 7.7858742190035715
-1.472481811441031 -4.183332444300137 6.988454763920182
-0.5499810211088321 -4.655660602781007 7.346214121853864
0.4664820239827499 -4.460460227420362 7.122815559393498
-2.3934655763138024 -4.305880983948876 6.651497617935286
0.19544023451066325 -5.095817649146743 8.187458471339712
0.4760757979917086 -4.81095659682495 7.558736226087542
0.4344559182477712 -4.434274078444737 6.964632715073375
0.1693150513642137 -4.544624215732868 7.7901532806945895
-1.5217300039646873 -5.156301621256644 7.434005171698659
-0.2117325523221863 -4.562880372904605 7.200747087304496
-0.009853373873195135 -5.127587704731108 7.522521118281658
0.08558772214742941 -5.6617795983492485 7.531143742983579
-0.7544746065862244 -5.239639375229499 7.4277709537621055
0.6931061659068417 -5.403420119547934 7.749176813447797
-0.37281081866590543 -5.1145551924189565 7.301357639855776
0.0844048019431264 -4.96230735272658 7.1986360809407435
-2.333499824903354 -4.883520534948236 7.607241773549482
-0.8521634461329395 -4.992215690387527 7.776047927707666
-0.3529029727827934 -4.230034174128248 7.925002938109683
0.2724032289485515 -4.455459596137947 7.2852136489334205
-0.968739179785696 -5.481552052315298 6.727758676658464
0.2124036120820779 -5.007125606669037 6.603159191393133
0.4643342887918807 -4.76872970201816 6.993141250892387
0.26420700162737515 -5.1018610392781225 6.405004120803572
1.4110655547935813 -5.084204200231692 7.776259173785618
-0.40640142971947957 -4.933058469575066 7.348407908565344
1.0213318778853522 -4.448193343766314 7.853174611976493
1.3706668647029 -5.12913142148625 7.823034957406747
0.12819584812247872 -5.333920903884437 7.67713635244888
-0.13370388809919467 -5.754334654639139 7.780943088923327
1.4738396273943035 -4.966988808135906 7.543661525006495
0.8593340748572358 -4.470092400750057 7.942482866529962
0.8987897770831454 -4.294610472949581 7.662005457070819
0.6214270979108455 -4.377944387464759 7.465567777262533
-0.7509750843525959 -5.424158901054527 7.924591009445313
0.18753295783884202 -4.658850501089047 7.6057111736945675
0.5598274470485378 -6.106004701286639 7.20136779470531
1.641742464924689 -4.7720961369455654 7.801544233704011
-1.2062098229727523 -5.1486102280899 7.423472929763522
1.0023199827802869 -4.714525291923225 7.729279163409117
2.6953140210910713 -4.1202962735995925 7.060272219852058
2.4766146178568125 -5.114778519963151 7.145004002138212
1.9911134675252238 -4.928932413458251 8.558402022913093
0.32097211023438393 -4.716174790430221 7.741091645944059
1.3911693147570519 -3.8838070674264715 7.511063798215211
1.4618292762443665 -4.592143640312502 8.149386756593703
-0.7883506459242936 -5.141176534622 7.0366075347894235
2.353023845514215 -3.705185148996398 7.238230909625764
-0.26062021090635906 -4.672746570614143 7.6422792604920895
1.8339033133422327 -5.169722922181195 7.83280123856044
2.3205183178317825 -4.653145938289416 7.5865848094356085
1.4330861637448065 -4.542759349067768 7.092225990471026
1.2055167208068298 -4.917723979557926 8.13202671211002
-0.38867320855369636 -5.262303842089607 7.546883245781027
1.2395096972631339 -4.980927686476868 7.543093702577236
0.8722574765076444 -4.729405441465412 7.724167416635361
0.8304742770086836 -5.008204147530735 7.975995392676349
2.6760650871667155 -4.078107934108591 7.48327510988686
0.29464081109392803 -5.045984262285875 6.807612344551001
0.18690336399950724 -3.88414374229288 7.37115709162461
0.577221825767297 -5.367880967587129 7.233426452682788
0.6790034481465769 -4.968860588313291 7.35999382907279
1.9423115828555424 -3.803754087716566 7.560939194006064
1.2099956921326471 -5.031652333877999 8.149437241814764
2.102023993715497 -4.250239893248365 6.956751570577266
0.7472391723232635 -5.381926999234962 8.455590705943933
1.5908949302450415 -5.161347375880744 7.978923939601708
2.5676263267178494 -4.44483834646623 7.8971560437497255
0.35132833929715374 -5.176131568896337 8.118936757867822
0.7184383974163349 -4.855806173164491 7.881001440656325
1.6110393171753923 -4.439231682510646 7.454116398574989
2.0759427427371646 -4.529749227984048 7.603246149437708
1.7788389827848536 -4.144941766108613 8.59586999543542
0.7099130500378915 -5.326040375072296 9.134429534457318
1.2460125435056828 -5.429049813874066 9.3765873960891
0.6396708080240507 -4.790324169618796 7.883509413088281
1.7102940635701471 -4.559702427996418 8.584071843955519
1.6181677306282893 -4.178804915377656 7.718381388136852
1.2531639679668143 -4.756748633539606 7.91534864385419
1.0017961904662633 -5.277126156958959 8.188424117173843
1.655191663737368 -4.225225496836548 8.642165857773886
1.9559525647621945 -4.326319369086445 8.844079611033669
3.1316779301957283 -3.3061173445329746 7.529073384705722
2.5767495982607835 -4.171063829150279 8.194287054044391
1.2314951044369429 -4.655541422244837 8.088470280645112
1.6923532176766223 -4.441259202277963 8.337444046238604
2.2451840310502442 -5.125000433718478 8.053547383904952
2.1352386748915535 -4.057166949856965 7.882540469064318
2.8868265633492705 -3.7581930181273515 8.862729101793756
3.167277993450034 -4.367664972443277 8.412118676013309
1.675933045339233 -5.244674848009317 8.579725236200575
1.9169486429430709 -5.4345032273592375 7.11154233310176
2.6472451809006077 -4.331386889374332 8.483761493992903
2.0559981221272685 -3.4829428381634546 7.482930162870875
0.8103142970031931 -5.052143080155226 7.974225632234968
1.5184403284871664 -4.815844076117318 7.8287296193551015
3.172771754241907 -4.131501856946449 8.119153771715265
2.373113799456005 -4.383447252305415 8.469382601624714
3.1428813291036843 -3.740797674623628 8.693004189584562
2.6940825061007083 -4.7855731227594305 7.9260415510531015
2.521127615365371 -4.350621246603809 7.522632817015452
2.2894215613913698 -4.544040843193651 8.347485705514531
1.9784638430725732 -3.874390131587146 8.21916038912704
3.0482064313299553 -3.968073510493448 8.546915442645647
1.2297407233440232 -4.815482461632621 8.71712835139342
3.0649619806023654 -3.5533095654443065 7.047477181596111
2.915848981191855 -3.782284567829837 8.95088747785146
3.251563019370435 -4.012523236311053 8.866280579855504
2.0009005127925286 -4.61211916107158 8.907805671507878
1.9608714337392414 -4.896535822820085 8.52071603642921
3.8663463205831516 -3.53800264735763 8.520687673869968
1.9308129777082186 -3.9813714968902625 8.16045070369388
2.053244777202935 -4.134690544042029 8.080503402858163
2.6745715026468 -4.335823924037423 8.111387418177758
3.9663486187455126 -3.314348203005287 8.332868989901538
4.351184457867063 -3.4425751709958123 9.187880531705128
2.137418311266863 -4.743877727592896 8.123208807628098
3.652953252410696 -3.5454059291727877 8.016277863210709
1.840320087174197 -4.3558093995063265 7.762912184199125
3.1641687200833855 -2.7941005067898517 7.547166360837064
4.933957359340518 -2.764893214924222 8.829008177303002
2.669714278775346 -4.16411866569223 8.902983287471326
3.583939577208697 -3.600611128164274 8.293529448424723
2.104027594530979 -4.262691070070803 8.397622578818115
2.6859456084440945 -4.463447339891624 9.144264905276545
3.8032515620601606 -2.9276584848422424 8.51831105435032
3.2993077318917376 -4.479780234872475 7.983720798084696
2.745429412399474 -3.5746245381872797 8.399920860317955
3.0922263249963473 -3.388176300966322 8.31790809865854
2.805293524460552 -4.499328099936393 8.656503934221012
2.9088456567409327 -4.698731824987934 7.941497142719445
1.501186191723992 -5.259052230901931 9.1341017029918
4.765911577820234 -3.0107364102108027 8.440191692460326
3.5855900605866022 -3.113004679312062 8.961011731316544
4.116029926720036 -3.990241716379534 7.838632923060751
4.286875295610261 -2.192084745799474 9.095039244032147
2.065266337724274 -4.031794442541508 8.659865736677654
2.3924678551527063 -3.695415488844616 8.391372104177705
3.4810268624483385 -3.4485856097114373 8.48178901682824
3.130369750284277 -3.903332777269524 8.686059106508134
2.2331547512351557 -4.809670819128161 8.83918872738661
4.091432737425759 -4.285693882650044 8.329075442261248
2.8777327792156377 -4.19597831997133 9.481155915635851
3.712791927468524 -3.1031148974212273 8.133731345979195
3.123115976005456 -3.914061217068755 8.817946638065065
3.99657688824705 -2.690392329321655 9.163545700234465
4.198418516878571 -3.8779442553908092 8.886928118422722
2.6716422610688992 -4.768322125957513 8.56947975522782
4.702514991198078 -2.79138355842755 8.70464933503597
2.9927249925050825 -3.961997237413232 8.06431541375586
2.7538685829621374 -4.5267802632427365 8.385721077354866
4.302616988447692 -3.039386316129721 8.390788687374577
1.7310974628767422 -4.210974405814597 9.649604124407041
3.024405316969607 -4.040698892961921 9.270763829364444
3.0943591930841556 -2.9921366083110534 8.52502493969872
3.4882772056573605 -1.3441972901758281 9.185218959230028
3.736815344277763 -2.740598689506177 10.085603293812916
4.091610990924416 -4.032064235063744 9.22596275558382
3.8569177040743767 -2.345484129030818 7.758674227036737
4.227129693635655 -2.800641749065456 8.438721003014274
3.6282848570212036 -2.13016424885334 9.191499342669212
3.786094584672699 -2.656132663935466 8.953761138975333
4.566677452568567 -3.5530027086410345 9.017505274605107
3.8080118448856264 -3.15330963448732 9.123061850930497
3.892437675733211 -2.4782049683656293 8.77653577476936
4.220851269858867 -3.166022037656174 9.0122081247452
2.4649632025058392 -4.266811465996493 9.373381330398058
3.246216623746076 -2.5668331375260993 8.324258266603898
4.0034342716771985 -2.442910356202344 9.404513184162704
3.785976651027855 -3.0259250931174217 8.6845108008774
4.814589060687074 -2.3276909220719144 8.837999078482474
4.126388074257459 -2.430532822036259 9.509710527728137
4.194308090662131 -2.808830804139969 9.125316075417583
3.748349252834029 -2.858203097433296 8.373647658152926
4.884850482383485 -0.8015991588787995 7.947644110474021
2.9011379590112876 -3.6020721260539195 9.232978802724842
4.440187768615797 -2.193210155728117 9.193418293806058
3.1633642824026484 -1.548955189384122 9.310339173613741
4.246794470869987 -2.5662145026913357 9.158840902724142
4.562390432329841 -3.0483479150306514 9.527825524517484
4.015234654665507 -1.7691533161918516 9.633362307837535
4.178020745330564 -0.8817137870900066 9.351004206610977
4.824763679770735 -1.2073845622817314 8.866539188387977
4.184773605728448 -3.8631055171168582 9.516790350714922
4.891595625120625 -2.259962600371356 8.888751760016032
5.729592985255041 -2.3156311824026257 9.57566197382973
3.5620954575292476 -1.9263582907798946 8.952682760160998
4.929821903667137 -2.026906389400014 9.624145103163727
5.044770128389615 -1.4871162321494658 9.10935180059536
3.7001828821093534 -3.0950389357257806 9.413184049889718
3.9891245061016574 -2.5053274745810095 9.000188378003397
5.383293490129926 -1.6600153416068009 8.82231113427783
3.390635216337658 -1.9606625605286487 9.770417172133497
4.698035807231492 -3.308873941240877 9.216220190426128
4.331552523485763 -2.4486615231148914 9.685968413446851
4.116720594997456 -2.4832587772518253 9.427558989962339
3.1759970440021577 -3.0395735446846035 8.918702213540005
3.3264066313048497 -3.37275892290505 9.722539934422175
4.852761987465956 -0.8684164697029552 9.557436467936412
3.7829242427636776 -1.4796989975984438 9.162024921246015
3.9818576908415046 -2.0145089601057675 8.710476243368461
4.979871654415395 -2.915492241518286 9.73056604506717
4.842051684245643 -2.620885459796607 9.047361819848717
4.516925003422132 -2.252812855291218 9.168521866293565
3.6505083757927257 -2.7208274980952774 9.044180487304498
4.4498394580432565 -1.5351896584566558 9.405024936692305
5.236001649315694 -1.300075539416752 8.96036232361139
5.317266324008791 0.2525320552419017 11.035184291095826
4.3037379829176166 -1.489146584165012 9.891719433015862
3.6475194407519393 -3.4311770498283494 9.964795215809994
4.649631475318331 -2.2454278552514606 9.097387661853695
5.288532179692531 -0.9912521965481997 9.244555256796406
3.7750412362951 -3.354898290143551 9.621072452977822
4.835471174923285 -1.3781770126083033 10.276236576492735
4.057990501750401 -3.179489635925191 8.740062894463296
4.241945118288295 -0.5730535999339597 9.325284219395185
3.5692144150511838 -2.670006008302457 9.433929476940941
4.960602859838633 -0.2604068599329089 9.688024295074783
5.237044575783292 -1.7116541831851235 9.92618893414499
4.954279948518046 -0.9987669775934281 10.049008479923485
5.293483857037167 -1.0831084654430838 9.49440800648421
4.746971032762898 -1.0915124354047507 9.438875514421698
4.66220239087379 -0.8643234009904074 10.381084401223855
5.701875750969737 1.0457913368737708 9.314440602848217
4.937412799135924 -1.7440324504609364 9.727278495030323
5.424873441858334 -1.3693084526823858 9.523568944942113
4.887450056178745 -0.17241346894118567 9.066428196099974
4.242589671646514 0.4314803762445663 9.739510887059545
4.222143411522651 -2.9232247562086813 9.90508105196826
5.375963886919184 -0.9495328827442424 9.845790658825372
4.3046073253952875 -1.5303802221464116 9.673001576824465
5.032634142418926 -0.4087581913162705 9.852201055629918
4.624385790492642 -0.20040261765447698 9.212425819685683
5.9668137557491905 -0.5077559199779437 9.797739256466718
5.534616460431887 -1.9934368972000642 9.31607713924646
4.34853537035753 -1.7559971869506525 9.178407635232784
3.7261350926496624 -1.4577471516999196 10.138597056550097
4.855228864488677 0.2317666744148435 10.222261853155732
4.141088664905626 -1.0862017938574078 9.622876195602926
5.206328214098803 0.21475718046902761 9.57223443346692
4.383718349813607 -0.7000015908472038 9.114241447653725
5.285976620900058 -0.5558063582740762 9.143679438551962
4.759500200070484 -1.3166744052431656 9.985705918257427
4.625576585167431 -2.0148730817813214 9.102241373719078
5.934247975266757 -0.926004926008679 10.044152725493102
5.271573414664434 -0.7813911169511181 10.24995836157166
4.660597325905083 -1.4821060082660076 10.059617910283318
5.069334324384864 -2.2243309405450242 10.613078524917173
4.508808525951926 -0.5344706238040563 9.118339579904138
5.45503921941033 -0.11879992158898602 10.088869733627488
5.49255819789472 -1.2724654541977207 8.916496014444041
4.865282666464796 -0.4064414453284368 9.240366568481821
3.6677340885192344 -1.7708889091701743 10.35036733385288
5.324973023592126 -0.6907553467633475 9.709955254916997
5.2660927093572765 0.0581860119309709 11.021210429768793
5.1779626783622525 -0.03213599737339776 10.031858466769958
5.101462724940641 -0.8147029621616441 10.530187922207878
5.208224183538479 -0.8856438890730733 9.316833191680308
3.9012998003861163 -1.7058525560796547 11.079130381901857
5.495403701613138 -0.2573163984075231 9.828764919282182
4.655209548655165 -0.673486448616669 10.38721983370698
4.975251229959712 0.023424763101928255 9.293621965175792
4.934060719611976 1.2500229630593818 9.202819289356333
5.273298505695358 0.06928411029897527 9.747115129052833
4.093876341531781 -0.8374652166840897 10.275102692274922
4.712600349267276 -1.0880019344997724 11.081060618367374
4.9522239786835405 -0.18448814588359355 10.805842145169073
5.576783384145165 0.19271971671713034 9.957543854420406
4.997880997250306 0.38378611897476733 10.355585520002192
