4.35040698056903 1.3757396271340805 -0.24543054340595308
4.915677838092543 -1.1683551547199362 -0.06744704955308468
5.068190782234088 1.1984764443464362 0.09023455469034934
5.568338449277621 0.9880224398897043 0.09396314804706025
5.277154247587579 1.0840672108152267 0.034006925640852434
5.043453479267122 -0.13080024060271672 0.13294037441069934
5.342961450976725 0.7432460312335385 0.5436366656439884
4.379179212286481 -0.922693309817668 0.3595313620171702
4.905951449857649 -0.2926152177831464 0.42501397323977114
6.434177971460352 1.0774846242104337 0.13773793997631256
4.9073889681325635 0.1686010336989993 -0.47543095586345774
4.92394339897755 0.7443625828895559 -0.6765649007223219
5.340799419181696 0.3320798941714135 0.41245425460693325
4.986714304739063 -0.0008945482955869054 -0.8591346323076019
4.409461928436804 1.193072847690116 0.21146132154114786
4.380925494580076 0.9120739041581725 0.4055793362071024
5.611971791925915 0.9052235067696341 0.26789048513554414
4.457465941654287 2.8998354295983897 0.0962459619428171
4.7429866720768885 -0.7972768293519853 0.7905800265413727
5.274116936201641 -0.33074992316682017 0.4798290439734374
4.457569411694752 2.624692458882193 0.23224098765403367
4.940997773795981 0.7846603885662374 0.46197077716577367
4.978258185937205 1.2704379686194844 0.9289587294084621
4.70456889162869 1.0871070420832298 -0.022256624271482006
5.022380905823654 1.0351919770769036 -0.5947568428221022
4.954700024412757 0.236212145387497 -0.7379360982868429
4.799133423243248 1.1263647982578604 -0.6986155426760422
4.717369990459048 1.4919065037770909 -0.14171172754039052
5.766753521180062 -0.2869908802523148 0.43704645198991887
4.5935625365890544 2.1670820521634906 0.8031519245129775
4.657660340928893 1.4622198537831326 0.9050372174001431
4.729442134621156 1.322735663701149 1.0152317456280724
5.022453736733301 1.315641782252778 0.14880543653247183
4.909608465690107 -1.6182715282217606 0.1402185309119595
5.360035867274628 -0.48054474730987523 -0.0023548418028031537
5.15329912435849 1.229790122635924 -0.5202583401878091
3.860242076877863 1.692390790477071 0.906330197660153
4.364027675759728 0.974007394514614 0.19153994895052767
5.333539938142071 2.253772888712349 -0.07197415379189309
4.432366392731334 0.6944253139697838 -0.04153740708637105
5.478102393247839 0.9421662809865801 0.27590184205123297
4.747195833616842 0.31246602967188547 0.14786532147175124
4.992850323303084 2.5043444419837373 1.1099589273055175
4.860433440299816 1.2881111245211887 -0.21417356351219374
5.351176239946794 1.5127780262418824 -0.35250415975466487
4.165679690682219 0.4773967429423744 1.0880785427449546
5.171484993414826 0.8419390770763095 0.5144545968636464
3.9001829451489405 2.080891540711495 0.4728800519293773
5.229553266062897 1.201794222371183 0.3803222957831455
4.377108004642573 1.6751488541688175 0.7473082433097427
4.124453190233918 1.3173782527910052 -0.05363480753729799
3.6790410319497857 0.849223205397196 1.0756126489740931
6.3745261191928 0.9818632467870713 0.6175158978798492
5.609193996227057 -0.0020099052810113654 -0.3628068511509992
4.090911275723984 1.013231505882644 0.34135969877635763
5.204813596659241 -0.2681812999577729 0.09789449531432409
4.670562873653287 1.955779691986219 0.5793942810448074
4.3348163827894455 2.8588333208144623 -0.1203615806501751
4.823332726086679 1.9150005863033188 -0.17508415480821904
4.054045595203482 2.545678921701733 1.303929326438953
3.8959582257258814 2.023120914732873 0.5035063251509813
5.039943422051128 1.412603087655136 0.8836465169425883
4.850057290212424 1.9893923797762707 0.6155994052925726
4.999807892960335 0.700177037450619 0.3197927530779743
4.0982810443373525 1.2709592207904947 0.8701412847912958
4.9000089422054005 0.6472587812606708 1.1315113105560177
4.797998405295284 3.1339425574044015 1.3093367716939084
4.619376817504988 1.0730190674390965 0.6412563219322939
3.8889814845144697 2.3384467834096823 0.426006517727083
4.487991414839751 1.8375986203163797 0.31228317618577617
4.0507308357752665 2.234921184566909 1.3282013563369894
3.3511594615008398 3.4426265914755976 1.255513382889308
4.4239471473566585 2.6696155484235886 0.685992872600023
4.472292938695264 3.1594388544728247 0.2739195072196818
4.224845771864802 0.9205229043422273 0.03661403655246509
4.053635371313808 2.670800279302062 0.5581203858069059
3.8403738212689724 3.1293018024357093 0.39407223692711224
3.604107020893789 4.045603356067897 0.4997100203089202
4.089608135559363 1.837767775152193 1.5786684246994878
5.292928771935723 2.1242732876235917 1.1518440491606157
4.537401629912137 1.5753565625534836 0.31783496657467203
5.009416795941275 1.7575391844343287 0.26230213915203937
4.7685585161162445 1.7937142639365848 0.7262764641312376
5.356797133573025 3.4848554878255538 0.2555255238681793
5.0928647587148586 2.6626512505432465 0.3511313001996182
4.1758979240797744 3.1787565168064136 1.2029177785904768
3.6570179750659197 2.9053896964573616 -0.17406537076404538
3.443903506111394 3.5634451894743955 1.2849124441922908
3.919066430913556 3.0681008121365236 0.5334626013688636
4.178864099129629 2.619426332843361 0.5172586009649642
3.371287486631796 4.767745175418864 0.3724666134767308
4.629239771056115 3.2033577514254805 1.1646800483759836
3.95009889831286 0.6466272343281317 0.3863372956630461
3.814230686164813 3.1330071134070514 0.41431242053756134
4.449337878670602 2.9227075211972875 0.18271174641377042
4.5466215594043975 1.687651815489584 1.1308154142543492
4.246775000845419 2.745019346678356 0.43250036880330556
3.529736775940695 2.6198101583402083 0.5187074175919733
3.810155278831373 1.8026732123852003 0.7582835538588792
2.95053578246762 3.7710744800967726 0.4671061459497624
4.568273379157334 2.4853941189125828 0.6087240422790587
4.443272634997129 1.7786506104045237 2.2137247806799922
4.162092837236481 2.63401409424703 1.762598718831509
3.2194317732431608 2.8744418332763195 0.6423753934203313
3.9417663505936287 4.379215983487934 -0.47897326904971926
3.795045216674197 3.2578305912981644 1.5427809128545584
4.049590030059281 2.4965935104967563 1.204749706823354
4.286869120593869 3.1714890459088814 1.0612389892735277
3.3098600378814824 3.738010550675026 1.678063964759401
3.9637464110116105 4.0896686286539135 0.803098353582925
3.6232593103241455 2.944921123995931 -0.10918095656605686
3.8535051970247447 3.1801080597327536 -0.019109422201466275
4.209400114412241 2.5622613919449386 1.156635996398433
3.266620274683531 3.555300763062455 0.9230681533070856
2.967291443468663 4.2575678713444365 0.3785962038678137
3.595625844931057 4.247922523950105 1.9823660256010758
4.345952271447857 3.800928293131498 1.120039767107245
2.652913813783253 4.320516913787503 1.5220172337338145
3.7278641308662093 3.391301011881112 1.5444845521197967
3.8980392445900462 3.1259840159795456 1.0952469500420459
2.825950216870105 4.25310079052779 1.2628964750371574
3.937796316821833 3.521724082060608 0.45533573582221487
3.5489583608915583 4.275348424715206 1.217470857830699
3.9163479181192336 3.3255005689178114 1.2200438168426953
2.484309396537252 3.021633019843048 1.1753846616770243
3.9121357419807503 2.4530359905273538 2.227727025472693
2.296717245860516 4.280935145376919 1.1746462385006962
1.7738794987144317 3.9984386299134056 1.8239991168197802
1.8850300017088462 4.626958561565008 0.985487315794763
4.514346096925685 2.5620118109026886 1.8789161739881497
3.885542829969878 3.494836589492051 1.565443647356875
2.943262794862057 4.423491467672638 1.2709592547457023
3.6965095698543924 4.190940078284426 2.5800760908107385
3.1594926271756294 3.6901293368194388 1.273110624085882
3.4862828998248676 2.853104557182333 1.7216466352473554
2.8006681082363545 3.847837228179989 1.2400753959717967
3.649065628829059 3.5869382570997628 2.1469181109866877
2.830655371129189 2.9810985782863932 0.9180994189699333
2.7298988235876678 3.658262703310793 1.0925726177840065
3.5360157212087655 3.745151036288483 1.2989027032831222
3.397690937370421 3.309430645659419 2.2153000757636
3.208174737553397 2.9395366104726524 1.2781106688933161
2.370821442102667 3.6905073655969898 1.56857176507278
3.53815347010519 4.52969410993589 1.1167289642691751
3.0216675330262612 3.8634698938851493 1.2355955590215952
3.4386178815591055 2.9413176039490407 0.5673235748361928
3.284358056478832 3.7520467209836084 2.1082328797465957
1.177891034382711 3.5820733964928317 1.7125928974881726
2.3651453502103887 4.284117448212417 2.3478559764328404
3.717574078236553 2.8119037708789394 1.6816340503808598
1.5091747080212348 3.9838127755448953 1.852652890026229
3.794167828697181 4.819189705697561 2.505458667787606
2.97475466313044 3.718379527891867 1.3780040700699865
2.7438606769231346 3.8377369558348975 1.3442110981683677
4.035622253698313 2.3512679136527157 0.811341390099015
2.3420711739338227 4.1768422567034 1.5848862500325698
3.562847376266662 3.8866035483354153 0.07672746451976331
2.314374031831754 4.4922777306042345 1.572139495309219
3.3485704819255613 3.95506181229794 0.9787216490087416
4.089038412459308 3.367398956851347 1.7463764738654843
2.897718440980467 4.721201266998697 1.7071413012895216
3.596968035779546 4.726531099282289 1.9654188310753486
3.6253501859698436 4.085218603276752 1.5065600965247272
1.0954160023158324 4.825229229532492 1.2369446706911364
3.6199730902160647 4.53747439058799 1.9434478751441207
2.0998005654950673 4.500235322363804 1.4848448308836888
3.3492514437908785 3.518564671720608 2.0635448753255208
1.9881643541408993 4.7361499385557 1.1272348175567113
3.665138780935996 3.71066208390076 2.060435435683383
2.87795637605157 5.0112597138054715 1.2910172147309726
1.767679810540067 3.9389380499971383 2.786355813958226
3.2654218737503053 3.6071284532979897 1.9001511617761515
2.3689689001857315 4.575915005705878 1.8018140101943414
2.787261070652626 4.049451435439357 2.005423180670553
2.6331434076021805 4.230116653022363 1.0680235426279583
1.322785519876125 4.656596163646513 1.85990422161303
1.9021224177673475 4.26170546394859 2.584089843740272
2.337056843264684 4.336733857357445 1.6620087226393547
0.6842121493356199 5.0474263482930395 2.2690681142595883
-0.23171070480081302 4.701073133962222 1.3005508134269301
1.9382220401215746 5.236354561821519 1.0571514498392274
2.7776365440294026 4.042817246104175 1.710030352232613
2.6165346467683355 3.387693860698765 1.9614449927620226
1.6032187282217507 4.301986014299935 1.6751222862904087
2.834262579606887 4.555348338483377 1.6413312495538437
0.8667036967758818 4.589284124978412 1.6157969294643755
1.4425833765529092 4.586130555321824 2.3910142237601786
1.8471311177838305 4.758285862580215 1.8857526448690944
1.6632012414323218 4.899304667623264 2.297966625630418
3.3630274597172485 4.522967243828621 1.6796714697704578
1.093103148939135 4.182613588149935 1.92831439382387
1.9086865249905334 3.7040454296296925 1.8992374881484027
2.087470036645525 4.101929259383529 1.292061406071336
3.9794266799396416 3.6130216759949376 2.5575165394667425
0.4420313667970607 5.127633462711344 1.9315112280521103
3.0349218660078257 4.288993362014088 1.790595650781946
1.2625888973891717 5.057824379931017 2.1528074026002684
0.21679615546416706 4.745127312185837 1.8040320193171735
1.0416086296489304 4.758475506737054 2.089913965002659
1.1926793041562154 4.308993270550676 1.8974605133557496
2.848729705986765 5.174200836573698 2.822191545557642
0.78516140447876 4.5402104483194226 1.6375006724792205
0.5964157519537064 5.473238749393844 1.1406245109765953
1.20345516615285 5.173247393879061 1.6286598015119553
1.3597156766593057 5.168098252984798 2.347168173519554
1.5395899850394998 5.397330958332176 1.786393963726241
1.4089638539607219 4.566802750390149 1.5868143621238457
1.7142004387754304 4.3690077055750915 1.7011349267595297
1.8550514413824837 5.069305573356901 1.7650920673247819
0.5758368128056245 4.721899243965796 1.8859079902673204
1.4348091307685664 4.3654641873328766 2.6056877732246484
0.006627904489933186 4.423605991823607 2.3930526043861975
0.6057252895851624 5.16808344401209 1.9109982711534
1.692108748737835 4.321398269667486 1.9899917502750175
3.385894964467904 4.555417825480775 1.7986106380920979
0.4259810649967368 3.7980282546304234 2.251310697495116
1.469458251186745 4.858695262438121 1.5030419627485625
0.4915844155725794 4.533221583623151 2.199137439258307
0.5825288338828692 5.102177083797407 2.184542679787926
-1.2722294225144972 5.068785138507678 2.0237530463674616
1.9135633757788628 5.631320220962789 1.8549448992101083
1.2463644376303846 4.282376414000232 2.409790394344411
0.7445406379592008 4.194118305114246 2.3278566834307024
-0.37840025150811263 4.484662082767223 2.404337424068496
-0.9557152895218382 5.250019166554543 2.336744750952348
0.12545930320473322 5.3059387710115145 1.8958521322719277
0.5558991594281462 4.516485867717441 2.436459306264636
-0.15093193306754277 4.812449610647581 1.8523755200866836
1.3119111919153756 5.314984995086093 2.665811098779829
0.9118675087306579 5.089065198582583 2.4875426282381796
-1.0087247028277901 5.3107997830617855 1.9963836416373755
1.7944424958554062 4.301066819980483 2.228080809247212
1.8233739583676236 4.801017601314295 2.5255514237607635
-0.22398896652161435 5.31572927505209 2.4074253433678723
-0.0071224819706774255 5.526333215520623 1.8426882655668675
0.1648692233041319 5.133145219341111 2.8481540215872005
1.9178270014587961 4.015300049207528 2.8935573945254918
0.531572740942516 5.658429673980147 2.785392374320292
-0.18838942233154427 5.501142970047217 2.5056860358615407
0.5644363421576307 4.886866058045027 2.1787207957558987
2.4709993155861407 3.741439367811038 1.7479364255946312
1.0193756883872898 4.9729144621913 2.7722923263679715
2.030517765345114 5.126094566608265 2.2658592457627638
-1.7434652812010925 4.91871256080192 1.756988176297795
1.4010062800374241 4.949314459415796 3.024269046965793
0.30491256679484624 6.326972929828427 2.427183479929631
0.3613358550848723 5.748235412825486 2.447060859559973
1.6221760157822387 5.085403627999082 2.949013960792171
-0.39319631104972097 5.136480291658746 1.9416228760329344
0.15053940188597983 5.834972830850323 3.407778233203397
-2.2551744390238615 5.458325848042567 2.9083020677053186
0.19201843681668979 4.484543654576805 2.859175471148811
-0.4924833082874974 4.583889252274106 3.2186895889087284
0.08174368880105334 4.9196032302095185 2.7231302529007215
0.38740305003071607 5.165385391461023 1.74654949178626
-1.0852170760831967 4.994875287114716 2.4447090221247
-0.8402675818742159 4.82733466576281 2.261084962659777
0.20551620904544574 4.356422872940469 2.6377951862413322
0.2671798624802917 5.860415971792342 2.520306524890312
-0.9642539906788604 4.55982213647442 3.044975885741646
0.6409101475014197 4.690117722747709 1.7538394853608468
-0.769558424367364 6.371296872328895 2.496793440119594
-0.1150618406229705 4.478168336862122 2.2426514247197273
0.0812246479161926 4.122398558453561 3.0549942564952084
-0.855583995783825 4.172083411548045 3.3262650147593398
1.0589821152008259 4.901258567251577 2.6974532723354523
-1.5157508517127043 5.020811330788922 2.0690263155265267
-1.69479254283324 4.799301850252177 2.554482342096015
-0.36470867246045213 5.292356893528976 3.0879011222063637
-2.0754684616450536 4.746361595323655 2.497265203599932
1.0867978814126038 4.8346823957060225 2.201300427675893
-1.854249897885592 4.842713388064295 2.7926854613565704
-2.1269677449914024 4.718253362096654 3.7726736490394246
-1.9640677019453643 4.653827404807441 2.896481212857166
-1.332736240759372 5.586886891561089 2.4736376917448446
-1.3217140525650155 3.8193940555701182 2.7135062077049286
-1.437230394661787 4.623687477508596 2.2878698506217234
-2.4252195969200736 4.299095920346438 2.14062236115653
1.6168449501065647 5.071439865271759 2.448308531140084
-0.5883207530350506 4.813697466027672 3.0492625879388178
-1.2586840186127153 4.417367873917133 2.974441188980641
-1.2406486615861614 5.037109880153238 4.047796905545745
-1.5744046096241275 4.557799754114748 3.0706607866351563
-0.3939036261782886 4.488124126023638 2.4393659786002866
0.19518006787543885 5.8585093926331275 3.2523291415427793
-0.6159598759478319 4.806655082300783 2.3045641769655805
-1.9407740410969274 3.6941036309032476 3.3881092358263745
-0.16511020082314745 4.484676443424558 2.93199050492434
-0.21527531783418202 4.760625361158514 3.2120165293280754
0.6112363879369991 4.18957908443119 3.035431604333125
-1.4644897102952144 5.03102249979287 3.2737050202815956
-1.947576291384151 4.483433301611849 3.2281417062981834
-2.1227409185867665 4.270002888532412 2.8230069136349676
-1.4378131937911283 2.923146324033804 2.8384797351532614
-2.026455509435707 5.062981314190252 2.86838691602005
-1.571757157981951 3.745212514408515 2.468439763256788
-1.3430650998002913 3.681141216038178 2.8600019928774736
-1.7358606440915807 3.6265108647214155 2.874342714452432
-0.26230722649691635 5.022061005530157 2.499291879541951
-1.2966586620703795 4.84235776263487 2.8356043895591174
-1.1614337796797185 5.408693066046889 2.478964244383421
-1.7481458236517466 5.067366113043758 3.1039107316739636
-0.3906749950918876 4.700585166868 4.294259316032775
-1.9860437114296736 4.95128184491012 2.601939485376555
-1.1640891178572423 4.453736157634951 2.8853666709923607
-1.344022852132134 4.3020879576551545 2.9903055264043275
-1.4262455438272557 4.658041848230754 2.930991731513444
-1.509836497590305 4.046434061089281 2.8891190162717244
-1.3958649093183564 3.9712161804764805 3.5755601502829752
-2.050690266899463 5.0598839693984745 3.7638408554650784
-1.8230262205222147 4.750398079750896 3.380817929613921
-1.6426005978973606 4.8960582724702215 2.568903801056332
-1.6657518097869441 4.186631493049285 3.178830189310605
-2.5910362853773967 4.759990917335595 2.811361525091611
-2.669717154349727 4.404016060289357 3.2014060390229546
-1.691344305108031 4.00193645608012 3.505001173943815
-1.157164707743479 4.3586083797147905 2.9893612361246005
-1.2808547908393484 4.621728330186957 4.019210752614897
-1.7924092655993642 5.099368108857089 2.523115713475817
-2.9605872952284944 5.001785352411786 2.480412976915051
-1.784758701572969 5.078513610061299 3.3282896505540216
-1.690670427565433 4.739022792561493 2.9688731282414325
-2.5973981667935133 4.91462921743764 3.267190176363489
-2.0532672653518236 4.3405870496907974 3.863190169772381
-3.213708834454305 4.166516910181937 3.640266148664894
-1.6339048216676872 4.143981118933924 3.2296318524996956
-3.02944747183869 4.249169490041273 3.2400169736646904
-1.3442287084393243 4.7310792496806116 3.518034946434213
-2.6239513072960645 4.473990555052949 3.5786230477078433
-2.1645414261503784 4.141112545916124 3.5636982487233926
-1.2548396786655114 4.77133837896438 3.2927244483266107
-1.6196141173864418 4.1206893221425505 4.480887944663487
-3.443158782983115 4.218210955002647 2.976420764617531
-2.8282707956313637 3.32473853026409 3.102335628025975
-3.3874710433156014 3.716602954590303 3.9925771030255275
-1.544631816959335 5.043356420488351 3.906948008389944
-3.624491338256719 3.624664424806611 4.379387269261917
-2.446972469770507 4.968741124530715 3.71197511029
-2.999695019648274 3.869765648757225 3.4436782229899627
-1.6207648080083212 4.917007753031003 3.1089291678728044
-1.6364893400205103 3.968658228364724 3.706218119274247
-2.6823557879758617 4.654447234163688 3.233219837247023
-3.4275999847892398 3.747901489203158 3.6946191961850707
-3.784813715458751 3.0991055072959512 3.665977043172181
-3.3363748603523606 4.331942242765411 3.7979614155298567
-3.826956870158 4.114863783278923 3.4477654526775003
-4.576975196542569 3.537505871592882 3.1760434284562225
-2.277254833340362 4.286196234472655 3.768865227337572
-4.075132092505346 3.5326017606502593 2.795586991608385
-4.273462771541253 2.932065447730815 3.1132423348982408
-3.3974214656140314 2.6674612869968013 3.28204624640802
-2.428101853065737 3.7420932631288295 3.382263138760981
-2.6472987655564544 3.7794691295090947 4.103328073344998
-4.12988088335351 3.0789132007000504 4.085390608627716
-0.7982140000562237 5.008602366230482 4.63715367570718
-1.9383969008454465 3.9534310280015563 3.8015652046644353
-1.5366954850803713 5.856915415593461 3.4015606443554303
-3.9256787920242036 3.014411646638575 3.7774140422934295
-2.2514244941514585 4.592215790882253 3.0556375400628206
-3.118889662699773 3.5465841493871535 2.4455960397009378
-0.5685221675621431 5.000119571450224 4.312299570436106
-3.766792263669687 2.8574936091282077 3.4493888108284607
-2.4182326729668437 3.791122278745943 3.9760208090046896
-2.2631797075249995 4.6133513286152645 3.4897431213417325
-3.800781945463395 2.894891749739856 2.5333808671999343
-2.5950692632476535 4.794817154044993 2.484539123011929
-4.546286756258427 3.5850634314504273 3.4410934233393675
-2.903316772491512 3.9697626172284095 4.102058239647159
-2.3480496292986865 3.6564040505473803 3.72998105830304
-4.00542137271399 3.7887868376489626 3.419875718246475
-3.021959384783689 3.7654919201408097 4.283453284620495
-3.7706334380591 3.096780454238484 4.169554428800912
-3.590103970370951 1.9757953439961653 3.7749366619034386
-4.018802554638044 2.566376417045785 4.670287191236791
-1.2767120528202849 4.200253495808212 3.8556239297229404
-3.9651595380086784 3.958230511995021 3.807595011394194
-3.2948423639770508 2.4844097133622705 3.0899853878828125
-4.374307862606952 3.7723680913174005 3.690935406258225
-3.625354090135826 3.374501501332553 3.14644887419386
-3.7680113832596795 4.3742018690502125 3.6619468509663107
-2.8088103925797316 2.4750646416512034 3.645439853313319
-2.845499322188411 3.5015952337283998 3.04812286790494
-3.691171083160606 4.327878226209566 3.5677474348210874
-5.619292735064776 2.32502918159861 3.82385777989058
-3.7810020242165585 3.437097695002394 4.000318940569076
-3.8388190413166203 2.7141768194700147 3.784902153077171
-3.61769019520867 4.19236704774735 5.381838267836136
-4.60569038183444 3.471358257153487 3.7790023183622705
-5.18918805286798 3.481916816451124 4.092363076723039
-4.471137158130666 2.191109505523758 4.167757598511378
-3.7223576650517 2.8341600560991487 4.000172496411738
-3.232355353040859 4.3316789945313685 3.614175109063394
-3.6196994752791514 3.905508012289346 3.3417165077477535
-3.261505808745684 3.7047424814881973 3.7442812501481506
-3.9521904209092433 2.3311965247464173 3.89718146059302
-4.401046606392918 1.4431962349063496 4.4441960404128045
-4.732458125834131 1.8604908420487247 3.991777423882046
-4.330108489238938 3.5479315560637628 3.8488907238030987
-3.842870119793298 1.7682695468409244 3.895410059250165
-4.050028980074759 3.167992460142037 3.5071298714710744
-4.283094945206832 2.504155780040441 3.8251826058728535
-4.815104547265523 2.6362445691370406 3.8690796472501536
-4.529749484670783 3.377259945786698 3.29016018005128
-4.045324970558207 3.5518481787976617 4.554019463262641
-2.9825971937845206 4.326796214126383 4.011057078558038
-3.876963806346046 2.4768436798459494 3.9796025319206865
-4.363958994761832 1.991711572519169 4.024643386238297
-4.448589349597765 2.8007338871516216 3.9750947765423787
-5.397786596347363 1.3539223029586518 3.873247124852731
-4.443783843305839 1.6493233367441698 4.6403004039980935
-4.863939389940976 2.64422970312688 3.7284524820552445
-4.039926794628232 1.9161566162164865 3.725683498317229
-5.355396639757742 2.539516260781191 4.1868045516988195
-4.092349264355782 3.4966324414470074 3.8833311166891993
-4.73797472384249 1.5290688774114691 4.307503466096812
-4.400530386749366 3.528553070178868 4.136579858641036
-5.344588199444574 1.2241355239626979 4.099689698269083
-3.739113500319024 3.0714538950410746 3.6765413572067347
-4.0988218903289955 1.6472380338979928 3.729958938755752
-4.841075560981742 0.6888116072881479 3.9701283228910174
-4.36790395554528 2.8767844145725303 4.719016944454897
-3.0588831619305976 3.9854942409025016 4.078268241198857
-5.257590416892565 0.9031524847879832 4.044358784119207
-5.084357766276713 3.0944701332527926 4.189108353373432
-4.156848226189099 1.5710800127961027 4.258325799738177
-3.6555565147137274 2.830760553791739 4.292140893367861
-4.591991575524888 0.5972449256783098 3.716368456233508
-3.202162050688669 4.075206335905935 4.106507642928375
-4.581865773987562 1.9534339443859174 4.0077358155177265
-5.268923825633021 0.3846963580460976 4.634411165808616
-4.054673668853285 2.102434402138788 3.919070576765628
-6.207443907306971 0.9198391846273358 4.880546999712689
-5.202694142475411 0.7798261984155688 4.567908411730889
-4.285947530024101 2.785849945959496 4.8999945789078705
-4.295842814159506 2.6285425922731207 3.9446539628923523
-4.224868704269769 1.3647482898527552 4.202769347860067
-4.459391459984438 2.251763621181575 4.162764556294489
-4.893675785919463 2.096005618050885 3.607837714471114
-4.711315485698758 1.6274202898391203 4.509568050031996
-4.034703227358157 2.4025798250548904 3.7106860703517808
-4.211341786892094 0.5965770855496769 4.83301288940119
-5.384266789726108 0.02360771142934438 4.775936957571
-4.960640457892388 1.9771556617094532 4.024973153471601
-4.673782253711786 0.5008801297009139 4.042398838417524
-5.004663783118434 2.2454703059694694 3.347732070361715
-4.838591562305541 2.546739606957952 5.151875705215186
-5.17526705291118 2.4710238177068033 4.6511736888552795
-4.619239179597408 2.1904218593704123 4.12104557413272
-4.429785591534069 1.7821382950265336 3.9777061013745945
-5.244100998839534 1.3795644965831488 4.385357794945372
-4.716801008005091 1.71912314796197 4.585940571491954
-5.40639119382143 1.5728415893593677 4.5443225244367484
-4.898643907532799 1.519536022150579 3.4779856929933564
-5.497768894122516 0.00027265330059623175 4.449827080349356
-6.178729064298922 0.15798851644909384 4.673665331672137
-4.871364505910863 2.3300830235620307 4.724623268026909
-4.8198718041974375 2.8335153264502715 4.805607663424938
-4.3266480770232425 -0.08505942356465195 4.836850475826711
-4.731154185120961 1.4156201756210525 5.501309264238892
-5.425882229616418 1.7684846592082009 4.120337058482502
-5.219377028679971 0.4796073869958168 4.918649997108797
-4.601861654358702 2.0162485734153206 4.119336982674048
-5.227228655824436 1.4571247268275505 4.834156829502924
-5.267905453011023 2.132475893556071 4.795283617195898
-4.9417851132410116 2.105263386622999 4.697033744650195
-5.858795459666787 0.648200834869199 5.533018626790379
-4.707523223408545 0.771790185052459 4.650469313485851
-4.295039307754594 0.43037166460779175 4.7944819699362
-5.205189908270432 -0.044079067319554695 5.635410602212215
-5.375562496773386 2.1206562846197805 4.598886386221156
-5.109703309087522 1.5218539041475387 4.261859388991962
-5.548829346494627 0.8923328313202943 4.805332885893435
-4.8766819802468735 0.44102381496908427 5.587333315563409
-4.735079975786835 1.1030078054952421 3.9681967463797974
-4.637484999180956 -0.4211388240451633 4.567448896836678
-4.485230114696842 0.94380641570848 4.821710835710427
-4.746335902621621 2.1067227215409066 4.715429000286565
-4.289300756097303 1.9027019813374617 4.879676227149737
-4.613771143964568 -0.08085081183323302 5.16082136901111
-4.559557384924683 0.7143512967341211 5.249184636774158
-4.921917957032915 1.083098124842973 4.307714365255103
-5.602086187056196 -1.6650248013182987 4.343494316443696
-4.4914007924626675 1.212728412771287 5.173303389963755
-3.992343162825027 -1.188390019169211 3.967944835175036
-5.045321616797245 -0.2790079237432311 5.011002026516918
-4.767715576963474 -0.8214579360582629 4.729648321605316
-5.000575300538892 1.276406172206651 4.851416586158637
-4.8035917317763674 1.553099661049254 5.433985987216173
-3.887194353957241 -1.539537547240399 4.8215859849998335
-5.2836931606173145 -0.08652138041518762 4.492994949247129
-5.2375810834482355 0.6913233668787375 4.6154922211683305
-4.619587579345676 -0.9893468446993517 5.79215310928741
-4.995030415867542 0.2744707072734439 5.14266864338106
-4.908395514079059 -1.104591983444757 4.464865438602603
-4.843258794329428 -0.5433359135329403 5.157308650066231
-4.649684020869066 0.24544354215127712 5.001245816549271
-4.217468069653743 0.043667239995024004 4.611711817783052
-5.277342689395093 1.1841627397971026 4.862754862870925
-4.961153310539819 0.08743392740517654 5.420246831603193
-5.247721547725087 -0.8368035038995107 4.5923825398042935
-4.645227051796017 0.6723452740816593 4.627692240712084
-4.362064983228266 0.23024318768622384 5.897659037530941
-5.374108698676468 -0.0891752008471815 4.984818678589264
-3.8813894739676336 2.3058212459065706 4.796692281884746
-4.673232478343337 0.45778465923197853 4.537005395124674
-4.64228606733221 0.7246716518960394 4.916175680199891
-4.260573662450032 -0.5745757179426646 4.934416822873279
-5.7794365739272475 1.1569909939423102 4.8461137789361395
-5.665173576226694 0.8404772210685222 5.270246331862617
-5.195019283751572 1.5793989088359115 5.410839239688729
-4.647823492384314 -0.09833745697661844 5.5809279153615705
-4.940352575150314 1.6725061688811016 5.409556344457032
-4.994441260109962 -0.2587639122071991 5.506630096412181
-4.257774358353757 -2.7363132872395113 6.002003052448092
-4.8513175640881565 -0.04908780829672899 5.26899744961033
-4.519805309215624 2.0535384809307415 5.640851576829874
-4.407492004728359 0.5846880395929839 5.291363373831411
-4.07875114698969 -1.3760358106422006 5.141653483611901
-4.684479323253588 -0.29860102893961027 5.713176124352922
-4.320454783446536 -0.09920598994888562 4.989588328514195
-5.3374193865246315 1.038544910894522 5.236534691535767
-5.38555353463645 -1.9336513216766644 5.501042590169456
-4.59876420116146 0.9413718035498801 4.6917411142474
-5.128612457235903 -1.0331591972766856 5.26818159236928
-4.667945636821772 -1.9124280438187893 5.434334461866578
-4.179595966634897 -2.5654818101621424 5.42228563113001
-4.70723968049681 -0.1958895402104323 5.70229832879376
-4.314799706557982 -1.0370084624457874 5.293282370242724
-5.36801202994322 -0.9831186608016063 4.677132537317583
-4.894612233143301 -3.05482266558934 6.156979866204999
-5.327975744662277 -0.04212016937311981 5.59291557857733
-4.496871261036985 -2.590395371959484 5.41347578927226
-5.30152396088073 -0.7107210956085891 5.279584782335833
-4.128467253846863 -1.3767870813007106 5.590102769722542
-4.200778107175519 -1.3782370040327832 5.021165515389328
-5.1364821311545406 0.132698889757563 5.7080522527291695
-5.0814338994858606 -1.3169122548417866 5.108712234765822
-4.756421240033829 -1.7165749288645897 6.455309229806174
-4.876132564470745 -1.220809099696607 4.697768027378924
-4.726160827396617 -1.2345535624676003 5.106485731132134
-5.717333319804586 0.38491304897675244 5.977986992781899
-4.82008009458887 -1.1091711504746522 5.431260784149634
-4.585857436405541 -0.9741895201495847 5.51438463876776
-3.793010527708165 -2.5736577557016385 5.077740732061387
-4.52562590038161 -1.5821353113707908 6.517994189961579
-5.1632244885744765 -0.89567833807014 5.5166610286118996
-3.231680429478481 -3.6320000607318628 4.465995871157231
-3.6992019829340657 -2.2441304435244507 4.945258554942203
-4.172974791311428 -2.3204659958924654 5.168659161344975
-4.202431838649217 -0.21289546819010924 5.781692453238851
-5.029246371297517 -1.7607081791992172 5.0901769688507015
-4.10351972533557 -1.2359663840895563 4.426953262091853
-5.608368382135787 -1.4163071654804582 4.9933858635099915
-4.460729519992552 -1.7412789906565656 5.339397379520226
-4.729550855467256 0.6583873656270943 5.135116679295856
-4.861968212066547 -0.16778849860126063 5.923654238304918
-4.111795581193769 -1.8494256590480165 6.016044019316212
-4.232935909339621 -3.6413156168110716 5.253802923745746
-4.772545520625209 -1.3293502922814961 5.440577509862619
-4.9045548919718165 -1.5828006548164046 5.34277912441414
-4.124293423728543 -1.3465385561370071 6.430101544041339
-5.365166945200718 -0.9200234019656853 5.95131943046035
-4.712110120314336 -1.6605627327405108 5.337913845702272
-4.1461975387909655 -2.1680369327036546 5.370760677374458
-5.342060509214306 -0.18088324360000538 5.996253626570335
-4.958328275990571 -1.9099756400427488 6.202151129109519
-4.586750070543378 -0.41658758190932527 5.880933343756306
-3.748918936702272 -1.596439736379642 5.040090633350032
-5.2944536900791075 -1.496537431394802 5.563995898555002
-4.647008477654943 -2.015059901103564 6.465386558620149
-5.3230393443754105 -1.1816520621572084 5.84704458513101
-3.5354320983428966 -2.9434757557377003 5.996645758140266
-4.8036068569042225 -2.5578607663615345 5.799625706635286
-3.0226111633855424 -3.4490304992239955 6.195638712579002
-4.530382972128897 -3.252746244601659 5.821604772704143
-3.099974342804177 -2.473177718293933 5.119125420611894
-4.484648718728797 -1.6197414160523553 5.3488141857623805
-4.4199957584425995 -2.459523123624463 4.78860715893766
-3.6003901111470817 -4.086995426467876 5.711112530147959
-4.573881707562179 -2.6275246057242243 5.930360859769458
-3.6747761501817657 -2.883750853801705 5.75410672868105
-4.3974562674092095 -1.1142116481274416 5.980972044111792
-3.160523173064138 -3.173975845046929 5.579435261922341
-4.782752201685799 -2.1459387169143658 6.024976467731735
-4.6391154856856405 -1.6147503981067626 5.663510292150818
-4.084920017026743 -1.1458914036048455 5.880503592745612
-4.507237182640929 -1.9806569628670676 5.191678642674098
-3.842285894523707 -2.0846395214533793 5.049351872370447
-4.974440958900205 -3.0407292770766805 6.483319297087613
-3.769133089589335 -1.402336782482628 6.03463068352836
-4.525471117249823 -1.3426926842341065 6.326691184989192
-3.4967487212696535 -4.122716007324849 5.836077537829232
-5.257476810086153 -2.5101550162603736 5.677466078259665
-4.197551312091719 -2.0712115702435026 6.265837357805941
-4.6639154734717465 -2.524883373552801 5.69482236650391
-3.3938279576454646 -2.5387192133342174 5.4739953610076695
-3.778520767407418 -3.082523344086536 6.302036599560901
-4.384084340395494 -2.8732315798773236 5.566610733659599
-4.310649327534184 -2.663601248768328 6.388276378288865
-4.308579439455208 -3.5613214260832597 5.21982347767781
-2.6010193906561025 -3.242046083739408 6.425489710042333
-2.5205998324863343 -4.785961394913385 5.488759605884715
-4.03545643397697 -3.416904426090002 5.7045776127929395
-2.8444092947635204 -4.086144180970093 5.934044153730665
-4.92905991328289 -2.7880964793011307 6.486656638274325
-4.1181744051856075 -1.8824663591377526 5.689202189674605
-3.9362531913944427 -1.7201425041603253 6.10141901793914
-1.503194130808599 -4.789979817325154 6.361974703593906
-3.3814352526348888 -2.8339370206101986 5.7770423707789815
-3.252224151517609 -3.56831120279839 6.9009838984557605
-4.503450705234707 -3.7586532859147326 5.7265046322228494
-3.660372718694405 -3.0633841511889446 5.589046210797659
-3.0407568142912975 -3.0293361493239614 6.13155071454876
-2.6412848385976226 -3.912160165212072 5.853901000091944
-4.153097430837032 -2.3937257801296834 6.041688167909574
-3.2875394485038605 -3.8520761155095626 5.4136483436402125
-2.7130908298288783 -3.968077941853283 6.45847190878042
-3.394168010961944 -3.0720717117748406 6.203966629572988
-3.7720435348465244 -3.2826533976214445 6.34435280650356
-3.4996896799973234 -3.715848045874148 7.174836294482664
-3.037008317351208 -3.5249613644348927 6.463109212661336
-4.864676163936279 -1.8750903105553258 5.47808649525604
-4.005036014483385 -3.1000014508671927 6.069140886389774
-3.8718408259174355 -3.102416024638202 6.395353078896077
-3.805676441967411 -3.1412124825863357 5.644122124195053
-3.539861856569121 -3.2108653755176797 6.840847227895962
-4.201627397139809 -3.380980824030361 6.329707013134001
-3.090144398697124 -4.1430244023956275 6.697508521789052
-2.6968647911932626 -3.1981393027342397 6.5844050210137
-1.5659570839771881 -4.715536843766414 5.757134897577212
-2.2849980007448805 -4.431141424389238 6.457096511994906
-2.855809452096401 -3.6706379671497 6.424079953964561
-3.488504242547772 -2.7389414070233027 6.164525802980583
-3.8100144042525383 -3.231007432819108 6.1017009730614955
-1.9423965961166703 -4.210069382389471 6.153546189938007
-5.449315403410835 -2.894307254658189 5.8462435682431
-2.367785138485405 -4.474545936694044 5.991392641858045
-2.4763016906137114 -2.6683237716492734 6.38402982758883
-4.041179634520665 -3.9524644368475284 6.902260422307717
-3.400742940307077 -4.0425539054803 6.423343044820023
-2.2301071879848484 -4.122507182635623 7.422306828741445
-2.9849690315826716 -4.186014249862461 6.573963847673273
-2.6217719556191463 -3.39746089676635 6.314352220999043
-2.068458604755995 -5.241984839797575 6.672700268363593
-2.7685812999824737 -3.776346659853532 5.15928594967779
-1.8722378158460815 -4.549967549255019 6.224603072897982
-3.923239802267052 -2.2788235865108897 6.718792349343207
-2.4323018092331736 -4.609300955868369 6.865608803363352
-1.1779941883971101 -4.942135042423624 6.468392081315345
-3.026350283374055 -3.8503535094476153 6.57517248699229
-1.4410732096818863 -5.253367730309266 6.844811947817446
-2.0228847944091797 -5.089775234327518 6.408012745981979
-2.8204297333823756 -4.42338947258684 5.720541133247663
-1.6565188213113118 -4.243609092340338 6.942635995726663
-1.8364091924748698 -4.946978223269344 6.799183976434219
-2.3641103787510445 -4.310205961828559 7.232210837809885
-1.8208682487748462 -4.117959243386672 6.519332032244677
-3.8193011099066974 -4.236318130502194 7.063409065057061
-2.586697767684123 -4.0271738548397 7.161600306640547
-2.080961670840576 -3.7238292185120576 6.652647724945703
-3.340635571922438 -3.5311662225169074 6.242996027184576
-1.9714335758644366 -4.528025044780215 6.528990693128497
-1.8698205853014167 -4.1578467742726755 7.001768628251985
-1.549410808523756 -4.230638337837695 5.724011306333859
-2.542267048965976 -3.5033004692299174 6.4878796746717144
-3.19616847553623 -3.120607135162565 6.546919624776472
-1.7665299217926183 -4.56105864530783 5.913649087767243
-2.3714206301018845 -3.889406677373013 6.472153617938587
-2.0456043255672918 -5.064983774914108 6.873455272110742
-3.465484228788323 -3.4833908764049992 7.563696154169908
-1.925574667863187 -4.379599845555531 6.364923898611394
-3.065951813664626 -3.980788938774019 6.367184757129159
-1.256592336898592 -5.527471844139139 6.696238488340702
-2.0564445497297497 -4.121434237942535 7.660065801585158
-3.3223398597997673 -3.594600135259191 7.07285549054356
-2.613670706419579 -5.84998561127366 5.578513153269951
-1.8881092056195976 -3.8112919860561174 6.249209324586927
-0.7332568595239656 -4.93095342103994 7.216398544598286
-2.498518681902742 -5.298177173961395 7.722114030944476
-2.6545937451809385 -4.561988948221308 7.539835629814864
-2.1023704115445176 -5.8781041625292705 6.813255933493734
-2.6683564264495376 -3.694474261173121 6.777487013373561
-1.3020729081608668 -4.606866157523471 6.178255131517161
-1.391104787479144 -3.742728433072352 6.514200406210486
-0.1842318061934248 -5.229779424893058 6.66496251224593
-1.1056948071123973 -4.434531857901718 6.723355219130128
-3.4989687995747696 -2.9385233678079996 6.423000146905616
-2.1448434204043885 -4.736774813770521 6.864479503057517
-1.1878990284448656 -4.993195468576387 6.797258993419161
-2.94908856849375 -4.863388842897038 6.992594258932986
-1.2350937396062294 -4.314541741694436 5.770374455923811
-2.7820067997187046 -4.798369968734369 6.764032511672449
-3.0662965575755874 -4.7196769434314225 7.111994144324003
-1.8387782950397014 -4.41049599555502 7.77860475044186
0.003844220596575403 -5.177745761226095 6.866319851402812
-1.5228218796737474 -4.8049638487716555 7.053341091871028
-0.8470110064136904 -4.821083869508007 6.632536248529583
-0.7882506154333848 -4.634647053760166 5.5622055303791615
-3.4308057189276195 -4.520393682588098 7.010467078805859
-1.404070324241606 -4.75150214647604 6.746692769458514
-0.9410846034772387 -4.738164489184825 7.568627286378295
-2.271977220408758 -4.539306822760635 7.17383707602446
-1.7976281010713688 -5.516662221286451 7.9065928900516
-1.6474795126973913 -4.518243652318789 7.8079427793633105
-2.160789993190241 -4.622809868632085 6.830575699915492
-0.8790402961428756 -5.2250323813059545 6.353455717715493
-1.1225947473096538 -5.131199088598972 7.582196270298043
-1.5344172098646995 -4.944643644698622 5.753423600028119
-1.949186261288064 -3.246205413514609 7.350898509516485
-1.8023492203595874 -5.116832313335439 5.809076275380702
-2.008674593971922 -5.179034445710707 7.376417038104003
-0.23735016961205588 -5.074331717593266 7.270140797423948
-0.5722982920504301 -4.560451947230107 6.592749918092961
-1.3432486727719808 -5.0958778833116645 7.425754414582371
-1.436715914120459 -4.125515105859602 7.592709162860215
-0.13846552640846285 -4.819080464450389 7.486611732580854
-2.611051018424226 -4.253154223835214 6.726362443240753
-3.162404974277611 -4.38490039565846 7.521039704322523
-0.5138939096536541 -4.734384252005516 7.416333232017198
-1.1063331809119852 -5.113666485656227 7.15595352250977
-0.760694233351467 -4.863738753130267 7.640846437193867
-0.47946055253321695 -5.101472822294985 7.740688853663781
-0.990922962120148 -4.729076600520478 6.972613525080101
-1.0224085122751807 -5.560149892264689 6.7390612371708025
-0.1414948112863795 -4.582819403283807 7.204000903835528
-0.4827913090477062 -5.280901571857028 8.407471209630655
-0.4655131105927079 -4.351731478717595 6.861230714175431
0.40579100399512436 -5.366139540324174 7.38553601051576
0.45616487096226865 -5.369088518584457 7.1028448664626955
0.1876753925774937 -5.649382949193481 7.525930534304357
-0.7026301262824647 -5.4206104701551965 7.168354435196456
0.18428289794873584 -5.865494649565667 6.486151975157882
-2.5896114807867123 -3.4697963511102325 8.047082863453442
-0.9366942341321006 -5.019206943577396 7.401431155774661
-0.4935810163913377 -4.8085969328559095 7.543574503052406
0.9878071348856694 -4.96414357139755 7.962657965037281
-0.42362592808251187 -4.371706032808909 7.279604610255259
-0.5155065772303601 -6.008463808944982 7.751928050111575
-0.028732835283982888 -4.746703760267634 7.500328987403283
-1.0004469371224534 -4.681131115710259 7.310825131402709
1.0145157484173468 -5.051959819759292 7.180952402233504
0.01669750933194889 -4.485262692103875 6.793204116942587
-1.0674142502964679 -5.574714186474076 7.420953294296361
-0.4625691042099263 -4.440580864751734 7.213569727373764
1.220486196771135 -5.721385620904328 7.286932602664586
1.6478648726345653 -3.714590664377969 7.087105406807598
0.13162202938966405 -4.7803977962167465 7.96128787088676
0.26430699990953105 -4.3791025372043295 6.882221409950182
-0.7587089056211198 -4.472922445061048 7.261137786612974
-1.173149449226808 -4.117345445435221 7.960596286280113
-0.5472808623009202 -4.074391902715311 7.575928703329714
-0.7589471499470024 -5.060600196412479 7.25005849953574
-0.10297511712302987 -3.8497885664583245 6.895502745675941
-0.38624087002794116 -4.953762078446918 6.771462228718953
-1.470419997991241 -4.72524615033058 7.282515603461315
2.0755039052814066 -4.941972380247567 7.798483760774554
-0.040709894413717536 -3.633446081872378 7.197028234939286
-0.1628612622522347 -5.19245698565822 7.677414350939274
1.1729902270674275 -4.848796085601787 7.868125805111718
0.13327694934844017 -4.2152274397221925 7.359125376973261
-0.6210570092380652 -4.746361867959299 8.261063025893627
0.5326387033695948 -5.313244428193718 7.037263037763234
1.3353271343403894 -4.6395290450896685 7.155141941766633
1.090560516681493 -5.406227108157866 7.724142629732112
0.9168265659656101 -6.242620840454244 8.351362917690663
-0.12355642865069384 -5.352443847212699 7.234445063103396
0.05215291745516303 -5.589716615411539 8.312822817967971
-0.2491173230601837 -4.423284669631939 6.7116661962140185
0.14119101216872262 -4.4565346580404315 7.252039723029221
1.7279335046668742 -4.964337094831466 7.351162120598194
1.2295541082057009 -5.710261257077596 7.6074539264316385
0.4274432045677048 -4.135802602539365 7.299524750607996
2.1246832960838105 -5.98148310321678 7.700240905593529
-0.4493242760087391 -4.842177846657165 7.085253985312551
1.0634529968154547 -4.893726845562836 7.399072637968883
0.1196551110711076 -5.219450470847038 8.325033146953478
0.7802772429271008 -4.621788825588028 9.000886880807691
1.643765455795115 -4.326823580736537 8.136975307293952
-0.5573449365002516 -5.244895117444338 8.361556492305867
3.3694115982822654 -4.154112532420015 7.7146532990397905
3.88666980398911 -4.188074690061503 8.210443318920689
0.6070833879460994 -5.215334097703267 7.717841387402046
1.191307479492568 -5.3633543856545005 7.959060296118039
0.9194443982982692 -4.819963484731234 7.678700827784997
0.0614727589944019 -5.652548747401832 7.729889153641028
-0.20697410058430635 -4.248073837073912 7.737200583602744
1.1179259964507093 -4.28423644164477 8.58431624448226
2.5037205775806024 -4.123581839814032 8.482697757000658
1.3261917076191547 -4.709778135369076 7.1510842303388396
0.9213458836754286 -5.326660067598895 7.5123394005909505
1.4594227787395513 -4.986635687185422 7.965661636773561
3.3406887988173084 -4.528494845172204 6.444661310893868
1.2184785333699268 -4.617594649192561 8.264520972850407
1.7802424879629237 -5.809178224499706 8.195362244993003
2.1812151962129085 -4.825502338716924 7.6061809326256125
1.1143257569053862 -4.6085643021374 8.264967398690043
1.653470198177747 -4.300470221826241 8.783104331563775
2.7269586685150062 -5.142874998002921 8.792867688225812
1.789076775634379 -4.989610854954609 8.389145502208164
1.5932056769878844 -4.904767987529806 7.147043245196782
1.4191139304123035 -4.6102786459876235 7.575378278687133
1.8791638403392887 -4.620666024387236 7.7518691231530825
1.295095016265426 -4.547338234435354 7.737062852815851
1.7593432188472182 -4.529249287363226 8.305082987903141
1.4370611416938395 -4.019184001338377 7.280405830832278
1.553108899939816 -4.336694653375114 8.184875158784681
1.290399667216714 -5.497867145931439 7.838902119368783
4.152348219580181 -4.4604663965847715 7.812848860857468
1.5533486384548707 -4.234565547364284 8.132392539193312
1.2208969474740463 -4.517397340133491 7.993547137637945
0.15470202268122765 -6.025166946301095 7.763364719258757
2.720156540501946 -3.490049672351648 8.70192360830395
2.74076251534957 -5.202797770678482 8.387270299321765
2.843860379963446 -4.743637027988693 8.498638688271674
2.440690446984868 -4.682939378648009 8.34274191930699
1.1758062856576428 -5.664125593654248 8.131598683851045
1.4136021014609759 -4.376102301468631 8.243902493192577
2.4911893806523673 -5.0507869176310995 7.990934858787421
1.7363079542001372 -3.6369201168999545 8.171027418894804
1.307597124314805 -4.410459646476669 9.51152118401567
1.4093724211245149 -5.165277736370075 8.565438810941746
2.0984547249788825 -3.5401815342204186 7.453040344254225
2.4284739393636703 -4.289040145884955 8.090469182200405
3.2210232492945043 -5.228903818009648 9.020945610868498
3.1463222404670814 -4.561897041400103 8.712142659302044
2.5910795866947134 -4.110689015945019 8.285789206036569
3.2892642493944306 -3.8764559677345956 8.19673327541062
2.2606825652949056 -4.038269330222788 7.797274843950554
2.8610357837317104 -4.066025935621934 7.938241907982441
2.5836851591610444 -4.981491865154316 9.033036396076575
0.9978984840354126 -5.052336755017884 8.240117322415305
2.202389630953041 -4.102378684036762 8.465153368424954
1.9282854630406352 -3.66947161212632 8.096890985639714
2.4942401200529054 -4.2196190831753935 8.800365028980757
1.3198563015302471 -4.873070052226397 8.312537562110515
3.29865927012148 -3.286585566506222 7.6492665787238
1.8705772736743764 -4.396528988568578 8.420418915818724
3.0176917154365137 -3.9049211472711605 8.324142502475972
1.6442094674231444 -4.4598351120290705 8.747427240027317
3.535585960420624 -3.5573488791584564 7.986160254373181
2.4461336788022296 -4.220962155893276 8.486641283679289
1.0761121146494474 -4.77804242575431 8.215434802016562
2.194191426059089 -4.3550213778822355 8.713737111604237
3.6494432696185224 -3.4122377000934025 8.902222131217489
1.8762536985736633 -3.7276349691731343 8.396726313816675
2.9906116112973837 -3.803571734976517 8.60432587412503
4.321076256710728 -3.646595224423854 7.9868738432261095
3.4082067076506313 -3.814805566571926 8.052816301606097
3.0449592399163397 -4.887304455595655 8.381796037608481
2.096859274419321 -5.446326084667916 9.315401054562958
3.7583432657542857 -1.9892530484234738 8.330049220029307
3.7850600545619035 -4.4591980830564575 8.604976534253256
2.7937663459110804 -3.237670134865325 8.37073612580166
4.48827591279439 -2.7716981401544074 9.041985885024957
4.293232010489885 -2.806223787372907 8.296490922956846
2.281969370273437 -4.186010111408967 8.793434191656438
2.7278284455831985 -4.313753026375542 9.168163040359584
3.3244112288536254 -3.4199807348176945 9.191811076803939
2.9913705438765144 -4.006132531949114 8.439797045531437
4.188462132610471 -2.6203752633283224 9.118771026242536
3.591349529696053 -4.547320721600021 9.094561137397424
3.1352782216880963 -4.7707449460390565 8.19119314555939
1.3305535868169227 -4.455796315973733 8.528817245792151
3.7718073796733282 -3.613467305787685 8.967044496755179
3.6426270911886305 -3.7924174971286995 8.13090079347977
3.9706812925385058 -3.0298211554916845 8.0482745162555
2.94309838104683 -3.6357745473400715 9.287870558390564
3.6242243139284422 -2.8079122899409414 8.910821989628934
3.8504469997798925 -3.306822562383131 8.288162077127788
2.715475267152112 -4.796825538798486 8.770671305558666
3.842657611750936 -5.225794193717682 8.875503914103938
2.256496101238138 -3.3473254751101105 9.158851148007317
3.642874521554094 -4.202116073222855 8.506461629094161
3.7230089010032588 -3.1164666458043846 8.16744025281732
3.792771689214471 -3.067755609083631 8.958985208789382
2.8554034701719684 -4.378789958346057 9.21833840961812
2.9435341069932797 -3.0474211281562043 9.076651522767579
4.136359485483163 -1.439986342058142 8.421214532834098
3.3020834573136155 -4.068626881501004 8.959888601161703
3.7180829055832136 -3.8492095107771904 8.543491988697198
2.9648435759437253 -3.5423926364728944 9.54492296808004
3.8074065788841644 -2.8090901362894813 8.625750295530656
3.1528688324428296 -3.4310370177469065 8.95951355337614
2.472173545537304 -4.464836550212654 8.983640423677377
5.2609775249430015 -3.0570740301803085 9.533862653796673
3.2844495332663795 -3.030703480232411 8.60110362413646
3.2993825665025125 -1.704370511094806 8.93898597042157
2.2502106679895135 -4.1329698161642545 9.440688263962814
4.006086377444425 -3.880814425111127 8.97092929985938
1.7408238477554436 -4.72611150628357 9.473697427993686
4.346425983799036 -2.595252277748418 8.744892831278099
3.1531769974726798 -4.513141546282214 8.949788352259619
2.7897966660809934 -3.281269924547836 9.850131653507157
5.16972407297752 -1.5378767748755784 8.455661622646009
4.687005839028393 -2.4705541089051124 9.286488148425713
2.916348489666167 -3.5123186534913935 8.541411100194248
4.02043668527405 -1.9532462706496772 8.632016892699541
4.41360007948811 -3.1890990523498473 9.51695860151337
3.632352502932281 -3.5677811395962635 9.22097092310803
3.4439648774880784 -3.36864309106164 9.343532765317727
4.37437679881071 -1.0278900691685395 9.753521985925026
4.439035883663512 -2.8424320169451924 8.781620527824817
4.639759009306089 -2.418876090921651 8.54995080061082
4.110613585549903 -3.4392892731749964 8.41205110934522
4.0297072255979405 -1.914335331496872 10.32840032016459
3.8241670843578928 -4.2995750682341916 8.500346248819667
4.449854195420915 -1.8680092452066352 9.317476152599273
3.1457671432302843 -3.2259719653632772 9.591077679954099
4.754082777616524 -1.365008113821244 9.514451585319948
4.145120693062198 -2.5062471065090106 8.989271581343507
3.998556430746386 -2.6075756938802557 9.372741716792284
3.995933754044592 -3.027343996512821 9.001626255953223
3.572881073572843 -3.36175516466558 8.30273987334044
4.02035391007189 -3.199206703553615 9.491231069305545
5.2945849510562155 -1.6211169760753785 9.806328777448435
4.686842124445049 -1.190681640037873 9.871297461573583
4.149729275604894 -2.414245053758128 9.170236715990773
4.713690755844411 -2.917649773768149 9.137960008458796
3.840636472973846 -2.8601659145733596 9.532961323344024
3.711104248947411 -2.274021660304932 9.092189741282239
4.39239631755841 -2.3244969451204653 8.84098179145723
4.6604180028572 -2.1051770634526203 8.637014450893554
3.3445115013740043 -3.584946856393659 9.820098295874313
4.48981796960208 -3.451997536240747 8.818598068509548
4.120540083413984 -3.159862210552489 10.097373578047975
4.94052480131657 -2.3102758834799855 9.743545775883767
3.7240893742616707 -2.5348693467958565 8.871078327685144
4.968918961193433 -1.1462312904372416 8.585360929907027
4.244096979844956 -1.2168395580430913 8.609286660814146
4.211981397293072 -1.7720320178860673 8.936790943462807
4.23025723758394 -1.6093867913348807 8.928702983160326
4.6172835718717025 -2.7158648071182334 9.486022161423397
4.1916569741152205 -0.9400121688063382 9.788997981313468
4.330872687209703 -1.8847354413500108 9.259283063331
4.956164668571462 0.7320998659153786 9.283025000774215
4.735123267206414 -1.2984176437772526 9.000532329051387
3.9674644456964554 -2.539916058791867 9.267381018638678
4.244479243804832 -3.2818850159518 9.579175474332919
5.020965935902831 -3.2514796659799696 9.35953610460398
4.396428698736518 -1.6399819159213238 8.751634329793381
4.425696977328162 -0.6316144210778794 9.249945176037416
5.195195358375557 -2.6357889609393 9.640455701519539
4.689987387682049 -2.5585633421963765 10.221166160635406
4.5808461919013315 -2.279683407943857 9.322678050534124
4.511543954436025 -2.5825772420063164 9.82756986169677
4.585078060855875 -1.658131554454271 9.447263757593158
4.957979963646865 -0.4633621098049336 9.7263448595775
4.217256996720178 0.7037358690721502 9.232295886019296
4.380032820717986 -0.006635065131459716 9.920062664959286
4.2699393941038775 -3.857152987795843 9.90569240300107
4.771095333708946 -1.9147574925020787 9.338612488124273
4.273683571370662 -2.5950440199664313 9.678964135743442
4.873285003034921 -2.2780031436388577 10.035325642442968
4.734887094634381 -2.1605068151938176 9.532501053318379
4.72236415138549 -1.209352079884639 10.22949253513499
4.800029322531174 -2.330829307183879 10.65238916664968
5.866455084897308 0.03235245544809592 9.982307415394747
5.251724211068619 -0.41592302069096143 9.843023217147636
4.179740510104729 -1.7041295695079088 9.503095045188775
4.878266839200049 0.6025948477331631 9.568624280984633
5.157588136200869 -1.746635800323433 9.627890601530614
5.012496106342154 -1.5074148321632974 9.388355347711942
4.619815672399533 -1.0904632463725465 9.644467843703161
5.330957175483298 0.060692424283692606 9.65755575088127
4.041694679974644 -1.7230971195041023 9.836417201196873
5.322011283684014 0.2600615003775427 9.52984653650752
5.193527648799811 0.8024093253362552 10.004170762411215
5.596292722347553 -0.5278479278605434 8.715153241502223
5.4341523770555495 -2.627212954260279 9.363802905618543
4.218724575819249 -1.3188153394180555 8.352313725049571
4.288981213293965 -1.3807837486821302 10.650688273091573
3.994460464077645 -0.5421110988568226 9.971514722435057
4.939409725726312 -1.418097344099429 9.077042781295326
4.707805724700948 -1.1640796498554098 9.897908541568148
4.591351158192889 -1.5608776075832764 9.174289443517706
4.855920194917919 -0.8039452971454792 9.585611516827699
5.561921241070166 0.17814775625024468 10.865374954450571
5.86112236833614 -0.6773287200030083 9.198777016892786
4.8515754129463335 -0.967562114768485 8.607247553212309
5.037985535132678 0.8123606932348705 9.401319044990377
4.653088405122755 -1.0809076606169032 9.936755865248044
3.83083574208714 1.1675274510891211 9.650642542938456
4.65951420016093 -0.5401957698554634 9.789449687042714
4.738638825019335 -0.16552009130919895 11.004465550615848
4.38252131545522 -0.23890951488981257 9.3820042506062
4.814902707203344 -1.8004858661453518 10.256434768783
5.430130845052848 0.18406075905523453 10.366370250848034
4.447075365021711 -0.958045606757949 9.511571657220324
5.25761264328775 0.4286652529709462 10.486973279515079
4.866067561233868 0.0051311544026230145 10.361900265870508
4.806796349875662 -0.7507004502292582 10.019778338986294
5.448946741863675 0.9847471420364381 10.476781432312507
4.270854949257913 1.7269772467046205 9.968621772754803
5.2338740351723425 -0.1373582981719557 9.033610007911058
4.27484839701997 -0.40951891160434545 10.710863093540848
4.836205703231942 -0.26060111887375503 10.254429361875138
4.823528236902798 0.7094947220120689 10.309954564293806
4.537748932199585 -0.4670481680798313 10.26757454054863
5.621882536104922 -0.24594384731188723 10.820595565046698
4.724248011658948 0.8045774784206916 9.945450257608194
