3.9274735248279162 -0.36456083003854656 -0.3874027530116111
4.065939013502679 -1.1167631210340299 0.07860179603377863
4.911772035304139 1.829861009745093 0.0033662269950800704
4.214521939986897 1.0747186853896054 1.2585575133666922
5.483017212251748 1.340145678505826 0.3700671598477422
5.854969903362391 -0.05368047949779267 -0.2881474397757624
4.7650640820553285 0.4467421759389285 -0.3286326802303875
3.9961823137851966 1.2095488939818013 0.5606021646145617
5.199408090997838 1.4608513263465868 -0.6404805646481836
4.740694559595692 -1.147458367695012 -0.9964500682586751
3.644729810087106 2.416900089099333 0.40550997640661
4.496676687704446 -0.7056034152160929 -0.44312201875270285
5.234467053723671 -0.3356136677545078 -0.12004424888030399
4.643770133532857 0.8253808142754661 -0.5052612805194663
4.336473066544163 1.515163484153078 -0.09725669836057962
4.997387541865636 1.6765481230476018 0.13247979997300086
4.8383690128233825 0.28406763937270013 -0.4849726354653755
4.749019909066108 -0.23749158223505853 -0.11861365087313294
3.975446193813224 -0.5504929322377621 0.6779459294415361
4.668019834392422 0.9187161654654186 -0.4941225291485996
4.118285074235378 1.0578634547882388 -0.14172533583260954
4.788289399877036 0.735035457242704 -0.07523527577623318
5.1759492080786496 -0.16065178054643373 0.4340700641542301
4.712694508006846 -0.016577564129738043 0.8258203281997153
5.283358016268619 1.0462915614165025 0.6158580588834859
4.4184345390928055 0.1433065388388305 0.7541965816045141
5.321434174306427 2.2732798424276455 0.32938383770208823
5.136896107925489 1.536823946388303 -0.10100284965261119
5.332098409341713 0.17162548387032764 0.44022752491016015
4.914351268720225 1.9674330144627605 0.021669197835833376
4.796028168523793 1.2939413434828224 0.5029054041787221
6.37589657655165 -0.7694640960169914 -0.03374471725178052
4.899255769124121 0.22831732219219816 0.40288341695168894
4.292701511560743 2.320834438368355 0.6973681887068981
5.085078199733055 1.63130403565309 -0.40919400621654317
4.9590327682426905 1.3111770760202635 -0.12606630845742173
5.2976979969360904 0.6615590370407713 1.0060964833335984
4.841921319634297 0.45394500331372956 1.385084707556873
5.729133001829986 1.267567739279591 0.17243450472866795
4.2155632988084974 2.4648231419513316 1.2158019347026974
4.231435306719938 2.730373249520153 0.3799006840309966
5.499050563161986 0.45793020917584887 0.6719052669568348
3.517557306210182 1.4992931095985385 1.1711347416641082
4.7167164452224135 0.735568735095884 0.7472240934556718
3.878714641492199 1.9196078335946474 -0.1705083146078602
4.937577497342427 2.529807554863807 0.5673624787970806
4.586495685511384 1.0936098602628896 0.40984961076405857
5.346819110166791 1.4683193029003117 0.7059625644152518
4.705684006287999 1.6093757239069975 0.7686680262935077
5.013453648957301 2.291097351093587 0.8609676514294062
3.962332265145494 0.6787499946237259 0.6881437393505138
3.993103643319846 2.6312180766226367 -0.08497294275736234
4.308671339496506 -0.17931252976931475 0.19748065652154906
5.618795790867431 0.6387289969125838 0.1998316275351903
5.085683739764518 1.4922079889719675 0.9808115397805189
3.8916125908645336 2.227456801151416 0.39505254529628553
4.610029457424889 2.201616226867727 0.7545196571055532
4.190205286998086 2.2156836602609937 0.3751234815225933
5.030935120666062 0.9840191520096662 1.7489426919663729
3.994554127099201 2.0992285248011013 0.5925498174055376
3.797196273985761 1.8323357488345675 0.605316327382863
4.356575893308129 2.1159875145890696 0.6966786463620736
4.829843314348537 1.5544617513020142 0.195222118113613
3.997567387561863 1.3270901008229565 0.3431358954965358
4.320858692708966 1.1630613092368909 1.321973562292024
4.233119868629398 0.9856322076439296 0.5167655188880735
5.069752486177311 0.5390431503519062 1.700896611256566
4.119413171933945 1.8313478991638643 -0.07927286549010304
4.178364130542081 2.4165858255204715 0.8550288869616669
4.793601739505467 0.35607071283646036 1.2441243153791548
4.423178649740068 1.4314844409502976 -0.05811120076141485
4.016645982197435 3.014518880976899 0.3680454063917768
5.085582439623391 0.9487955860402282 0.19137444550608296
3.0221035878456703 2.240931212692512 0.5419056295663867
4.732046828598423 1.9859288327212314 0.9605287260498092
4.985548331158468 3.891993977643811 1.2093589164029588
4.661382749578645 1.1754182287158181 1.4006040148535848
3.5066889239419865 2.3514311825288687 -0.71743775061862
4.714556642847614 1.3551786131129118 1.1061786611949027
5.205082636344132 1.2942934528683505 0.27789417731021404
3.496925219696699 2.5866206787464785 1.231329529929536
3.214347326761805 3.2977857146846015 0.43723866103563963
4.929645743990279 1.2476987592061064 0.6687305924111294
4.221662583537021 1.0529889000971564 0.9619841654826471
4.7157649171984435 1.6831119813865496 0.5431316526235045
3.1814136756503255 2.144265598113384 0.6986543233997202
4.269548801538879 0.4597135342916381 1.0397436339284314
4.014904667776393 2.334031229153085 0.10282883812495469
4.413379680031555 2.8553635358988094 0.5622377657468087
4.392467250544165 2.578666191342166 0.48585332245011315
4.835275450874857 2.5015940616512826 0.8868748029922245
4.727062933138994 1.646580120581882 1.5324126490540988
3.551368126535955 3.073135585248014 0.7300054006371965
3.3685154317268475 3.3571188803167624 1.0796721623049816
2.9139622130329212 3.5725611782808633 0.7084103974129822
3.7333480376133807 3.627748616122479 1.1150683075834045
3.0257488512026436 2.719997325528705 0.7623219180564936
5.842724260387228 0.5417666489314211 1.8316992696775527
4.9842580962493095 2.6904068173145554 1.4230994134267205
4.16649285740231 2.6261580369978748 -0.5017984122776431
4.109587563460534 1.9809072525449276 0.5642811900892877
3.27717045369305 3.067577688939204 0.7138399116171158
3.421009184896063 3.6348400075532554 1.2017168915967698
3.8974808956826625 5.186003314520915 1.6922186186704478
4.531708447461771 1.7022640274207077 0.7887423016273916
3.513555624637869 2.272290143893978 1.485807553423717
3.660423411556329 3.247449407663773 0.7858273590596474
3.8112457174978456 3.001844458564878 1.2846171629637178
4.177258481333234 2.6024587985329393 2.230143643689604
3.549197136455478 4.2541107289596605 0.8232785420244575
2.7759673470646797 3.810318135950658 0.22972639418374186
5.466350518538221 1.4814351641751307 0.9599965963559352
3.607308574470029 3.6873696050523534 0.6878273810410668
4.81841389574138 2.8997780767510606 1.3585690235037113
3.2832899583337256 3.9668006634167434 1.2118224733486322
5.084261912326316 2.3722787017053935 1.8757336683094141
4.131104928155601 3.80770072146097 0.8316925280727332
4.20872931358695 3.387519761414399 1.1899806082499296
3.647616889116039 2.6638155684239946 1.3308857804559955
4.94772791677559 3.013339150634788 0.3641990770291068
4.359629018035731 2.0779405855653295 1.5856577967631977
3.256350202447936 4.112432665954008 1.6246411847686866
2.705856341196691 3.809815954767335 1.3235050534045139
3.002852145348814 4.156696808724414 2.473879299624164
3.3378976130316262 3.1516383973942497 0.9135908104020265
2.061691117978586 4.535040609507839 1.185975374181494
3.3208995835209683 4.368175058911434 1.3593590131779247
3.035840437744819 4.424421798847142 0.6286813982746499
3.4211008632931055 4.426878078460621 0.9517195495335685
3.918620461268223 2.8321011694252447 1.6278071933039642
3.594484816739631 3.871477238242356 1.0229701502214923
3.3781103011523985 4.228572660244621 1.1288914819213414
3.694771187799789 4.288799930158564 1.82471540195951
3.288466629555898 3.83803566846324 2.189266469625427
3.7521658607287427 2.936559432663442 1.1374380753773414
3.6039379906282125 3.8148036671351884 1.327938950251608
4.71757869835326 2.5048459766873634 0.8915982421209185
2.115197778041551 3.9785754450597803 0.858508679775093
2.0915777904287136 5.155035813230988 1.804579637584827
3.099282478432854 3.790036008158775 0.9233875222114238
3.407914012769001 3.187193741889525 1.6866458086272602
3.015281541420676 3.523355095496525 2.0020216151460604
3.84781809522099 3.238341049974087 1.5534855419476394
3.565305985311046 3.988694236639303 1.5466287168508202
2.192440188919624 3.8400509169048145 1.5647874246774713
4.304944254460859 3.8206588952034526 1.2997114400815302
2.966306264526408 4.198928198056348 2.0855957674532415
3.2173492311048 3.5247138304243215 1.7576957670479727
2.143325336209253 4.0634588598980725 0.7760938391868607
2.6519488400707547 4.726081863583445 1.1871221161073713
2.9292824690576142 4.027040463383542 1.230102362495381
3.4105360412889407 4.6798993369818085 1.1697226542170305
2.7669540211366743 4.891448844423064 1.7101370881575066
2.5180322349882496 3.4642449799751476 1.8218125056502108
3.860082333563728 3.3733178312681056 1.6954302698825168
3.238805987373648 3.391866935244064 1.595540426249109
5.045875202476598 3.12470826885553 1.0719441002116121
1.853158320139668 4.342747362231585 0.8314937519315805
4.00307639484358 3.398539375185342 1.6672548477978757
3.0979954615468146 3.1272674314063895 1.4651140463627312
3.263701601865497 4.229705563338614 1.9338086394180238
3.3338005517505853 3.1785275538849773 2.914304944700894
4.263289749100633 3.9466632599419547 1.653616513505687
2.3657440611385545 4.908465831406131 2.0266101334734703
2.6754449454113405 4.283726404169965 0.8424623563601998
3.4209520639710056 3.207805316885894 0.8416152676814385
2.3532075958119 4.083114166996076 1.2248831486956484
1.0779416030364741 5.433307068963554 2.3223278105269016
3.1733390518200832 4.71632748747222 1.7711111182227623
2.7545254172015854 3.943902141685318 2.0378255992021304
3.2912876514389793 3.4965360662723097 1.7674501156760845
2.852700846014847 4.340681073304341 0.7227215281336894
2.627065540448141 3.4265224156776366 1.5980772950401008
2.7661562851384156 3.864765998869476 1.515089139486951
1.4687362016370704 4.906011219279851 1.6290068091963839
3.6623214597398652 3.0368620543257774 1.1555896932018372
0.9659374941477983 4.934318276786742 1.6170551818860697
2.1590067879595654 4.366107606685569 2.133413704218534
1.5741916071732882 5.185916230596302 1.874764314637595
2.6551469769997698 4.116654456823976 1.626085952426971
2.222622055413391 5.000798688731987 2.6070797217597654
3.1832408200469002 3.218981029349163 2.1074778915332253
1.9861702135610706 4.9543253256498465 2.204861011419552
1.9433600443107928 4.026708069009307 1.1541058258407393
-1.5106551255149954 4.5750924136610704 1.8053013565582687
0.745035638754561 4.64846979465665 1.5706763473606014
2.681354082308686 4.173654551612505 1.952599070132475
2.2003454325804115 3.824353672610863 1.9163601196101092
3.6643658546960394 4.584537707559316 1.7655821123376179
1.4196853156485085 3.2278067509220336 1.9986478596439283
1.3447228104435032 4.30216233158207 1.232570794713122
0.37755108934883047 5.239687444536286 2.7427874638181553
2.787024687933432 5.229027050367066 1.233392740550279
1.7190976869024448 4.629780405342798 2.0034307699676646
2.110771552327455 4.758828906389916 2.0182187205202102
2.025980353117072 4.487847935800905 1.9332171776940246
1.386464441795989 4.363639239781336 1.881094911929912
4.076269179487296 3.6374631097514305 1.4777369884282914
0.11218361323298082 4.160116866299264 0.7517531097074754
2.1182131200493046 4.389334290594085 2.3296050575890117
2.7306160717627077 4.918695390529798 1.8471471943784483
1.3806965553373722 4.88948068362554 0.31053738645141027
-0.020602991050688274 5.643856736129263 1.8967909104786669
1.367323863991176 4.865282610459845 1.972456744238048
1.9592520196950394 4.825725277097934 2.5034624680466853
2.449467477825249 3.9604680388223024 2.5655616860086314
-0.4293433533487217 4.468644544582068 2.1998804150023235
2.0504930221066835 4.619543075726992 2.6227218702994133
1.429521558180792 5.730587300123712 2.7676982227984697
1.2800208894862999 5.144657949541366 2.3025394924068796
1.0937333859159482 3.572217235193511 2.313802431766357
2.285200084003743 3.26529189597917 1.957672591786555
2.0688771538215533 4.308493395357862 1.8705613156633238
1.4295308783536853 5.211773396373737 1.9436344319657202
2.059919025692849 5.594730696985457 1.8079358330254152
2.1195631878245704 4.152371461347041 2.3329738122056667
-0.26421790595860467 4.418598144044873 2.835882873318036
2.0995423307740926 4.8452050507820275 2.36244468172671
1.1555398638803123 4.29287095341512 2.2207587658024828
1.3076935006553365 5.401827637650221 2.092839643350599
2.309829457488449 3.4496156804740883 2.1461902603770406
0.18769211931367225 4.866219158793909 2.6940090254846676
0.21267566826688858 5.276624885851355 2.291689555573148
1.095285690604559 5.783855050966377 1.780104554196854
2.7066794915834915 4.413753940375591 2.749047398263998
0.967366541428926 4.863195990128126 1.8013421223300372
-0.05261997886748192 5.001268285689693 2.721775117527106
-0.02580575989822619 5.658330028144543 2.0322497833502218
0.1978617003306043 5.217667188676784 2.1521441748060823
0.6064134132507982 4.591458444075078 2.614443836098019
-0.8073027320597588 4.886681955228136 2.431930626772629
0.4198106740808511 4.971838684052544 2.009931519548683
-0.2556678311976181 3.837751542168342 2.949157313433262
0.3663730742960343 6.095261533556385 1.999385124789731
1.2529364644026084 5.681008078552579 2.184873070814549
0.04699815907576024 5.922098145216039 1.9976710271486962
2.214659285628118 4.363248351588988 2.8486500582206955
-1.0675116128309603 4.119837974034961 2.650101398504512
-0.02275358260597097 5.788071435597146 2.534680203188249
0.10050323991642236 4.885527561374799 1.7325547668937311
1.000059060556576 4.399434102113479 1.9017189539381802
1.0786707392646049 5.8635626157789895 2.704189002747647
0.8548386958374222 4.952289638044158 2.057000367104314
1.271230052529234 5.5906199399412575 2.581042051953874
-0.625241569253959 4.828359415005831 2.1015269530579452
0.07232264005994435 5.686751870427761 2.1173031296048253
1.8363471186204507 4.772590508974015 2.679924459788698
-0.12604543541195234 4.959162521104814 2.0985918260737284
-2.0530618913913687 4.757211974998352 2.837433023669999
-0.7817378089468715 4.458898407039714 3.5399528675261998
1.1330351579371787 4.502598237626972 2.6928700889090784
-0.19562980057789656 5.153917005648719 3.001004073108979
-0.04691485375885434 5.260705056730406 3.478947652879391
0.42282970241462314 4.7317094851708195 2.9690008570401814
-0.16414832115185637 4.133641274048818 2.933851595240688
0.7866093808480791 4.337738182747628 2.9804412206468096
0.43476907788683605 5.724053575405191 2.580792884558308
-0.5775482749065272 4.384578603322224 2.5952308662870807
-0.9565973499629702 5.6075709687453195 2.321426766619084
0.14032612376277176 4.038460384977116 2.014165120417371
0.11961275531411686 4.669508455542629 2.348924968481949
-0.3532158336244094 4.445978894883063 3.2170521320277015
0.5228861319830816 4.784961016675948 3.0013338753002787
0.1730744891999575 5.3979019480220565 3.263625918563384
-1.835723625129688 3.9879040546809326 2.282185543856077
-1.2029364244693932 5.296538234018727 1.865845548230617
-0.7649136086188868 4.493108933290101 2.255606170483942
0.5351953294287318 4.705731672513966 2.994926430681129
-1.3696145588351887 4.197241805418738 3.085040250701071
-1.0819079893148627 5.0061903212154055 2.8572342169082567
-1.014470907199679 5.35172634606195 2.5589043854771076
-1.1465889293400309 4.779635733945013 3.101479056412043
-0.7094778275914828 4.826733078769955 2.4994008721988776
-0.138946931400508 5.319027815355797 3.0480074824187215
-1.0367121813323377 5.954106614221427 2.8053722477118908
-0.8049287075880267 4.914935446847163 2.146242011995186
-2.000037975488864 6.3361507341514836 3.6732734593422665
-1.4881063540552641 4.16062858957885 3.111217895524674
0.47610034901958104 4.884882066067155 3.488249821096969
-0.7435340078102389 4.458761481954248 2.6485217033843473
-1.041384883035112 4.519293336119206 2.9353055736290194
-2.0919816316902318 5.915755349234735 2.5776267965576807
-0.28377711532985384 4.558500909738684 3.7612859045997213
-1.6281704720634718 4.683834251443199 2.2643768081005984
-1.0981143407318175 4.360464506019485 2.491866748060258
-1.6546499629107927 4.605181783533689 2.494242364357764
-0.8467430372816664 4.856698583916427 2.5896179881631407
-1.184405638205987 4.440474806118453 3.2402601908484363
-0.9134077255641759 5.631827891123273 3.3217884228826065
1.08860724004293 4.5471752032492745 2.244021481715025
-0.665115882904225 4.253918272724515 3.006755308470694
-0.38415819489616176 5.087601867223008 2.442497836968177
-2.2454444909431497 5.396663379909446 2.939271167198397
-0.5241650056225735 4.6755362491529935 2.647770976685238
-2.9296863412332086 4.07489984126159 3.1735567924490207
-2.2017006677076645 4.64758361537261 2.3636915820978484
-3.0488719140422624 4.61587736215428 3.631865639794462
-0.30621936018686113 4.886945158325315 3.4493027771493114
-1.9447176248476092 4.358182897162053 2.848163013328105
-1.6465755670016342 5.146013903102049 2.8066948768990696
-0.5341106507051875 5.019276830682062 3.920192173299466
0.1580015290648117 3.603702138477637 3.1204896899009835
-1.2729278627820806 4.7452810611194955 3.160897081479997
-1.821247372836049 5.5482486247189415 2.6845902735335
-2.0435583766680536 4.113936328363429 2.5228370684837094
-0.4389485945832344 5.255558651272358 3.632257177752262
-3.3850129896678074 4.23519909650719 2.3056404593914634
-1.789029776107031 4.328681506377502 2.7355901563909546
-2.0015858576243 4.4968562202431155 3.6874209902549344
-2.021406115611888 5.751935877028929 2.5251720527893466
-1.893937783550477 4.475891510817211 3.110641650486526
-1.3004675059729343 4.695419672646223 3.809951540637911
-1.0985191229330444 4.716614815912304 3.6316747936506615
-0.7196755389969581 5.893804899676104 3.1434025102115655
-2.7103874280279854 4.2293895900796095 3.4933806060043544
-2.0802570036123624 3.1769674126340335 3.075110766993761
-3.401008983121175 4.156467607784474 1.8587584123750358
-0.8875673173263466 5.677425665096668 2.7303955116445757
-1.2006948524309717 5.335311191536498 2.8685075087317777
-1.5151997549281175 4.568527957602458 3.856416630699173
-3.5820924570540638 3.354594177471545 4.0001101405213735
-1.1737186217108515 4.496139429952825 3.0388096788300696
-0.7884207191960523 4.708389632121201 3.1767574105730323
-3.1005936705764543 3.7150980512432747 2.8624905100526696
-1.056473031101079 4.0550240817650804 2.887004614795285
-2.844523367546841 3.9257318710838893 3.2268250420637954
-2.196227626196377 4.017582677866398 2.8538733840183705
-2.646805232239996 4.356169626301437 3.890656773587334
-0.595740449064027 4.85900030475478 2.767471907496013
-2.7782126961090667 4.105556576188166 2.790434445033177
-0.6237725399741292 5.418628635503579 2.5546965293902177
-1.449381233588164 4.288835634166471 2.685125101325262
-2.541488149657177 3.9856598418382236 3.0837820594945327
-2.388921287842257 4.196375962863918 4.084546795009398
-1.1030781030799812 4.030774780770627 3.408160083934189
-1.3654736165448687 4.351098346357044 3.6177725953782547
-1.5824563021989342 4.292470938431484 3.3056613105513324
-1.7477451697111948 4.185077068954833 3.3275788200733376
-3.501401497779385 4.669070296474075 3.3366547310405963
-1.1464704475423513 5.114366400721324 2.568908041499298
-3.632045727269094 3.3957889860810897 2.8531270650576452
-3.093316697313578 3.740051083687618 3.389913333210499
-2.493180868764053 3.800690397935885 3.3210095674116893
-2.247234763399299 4.481333525464235 4.365448072012919
-2.1574259249775567 4.274206506400506 3.7005492985972213
-2.443228668434066 5.502072236577269 2.624570062504792
-1.4497167551322185 5.313425353234364 1.9090424173269736
-2.635953818870561 4.4247733628515205 3.489658925563691
-2.389572834615228 4.989250080913925 3.0821922801545503
-4.164270058195711 4.64987140573373 2.930459504980318
-2.458570667168352 4.121332992746322 2.649133713125001
-2.926707491688493 3.7824357389550416 4.141822524766695
-1.5531780891498284 4.646110541539352 3.7811480964652517
-2.145442076486232 5.016089485342729 3.2597658898258777
-1.7254232437471837 5.2963236085037195 4.25131402299429
-4.073152798038846 3.254898231947195 3.4969195156430146
-2.3297973137348427 4.5608747912467695 3.456017974582498
-3.6082359370488053 4.554062124004359 3.9897404277965536
-2.010612751029847 3.5355430353807047 3.057333449090946
-3.754245769956266 2.8912676481652535 3.4851480996922453
-3.2999295535476403 2.9326117698267247 3.8894630877472696
-3.1725680214040852 2.29545637331751 3.1114839749789773
-3.344437881986334 2.4413776096011444 3.5894375588917566
-4.188976438287905 3.547597230922972 3.7206683171770996
-2.5689288509032915 3.1438981491200115 3.5270368998392247
-4.031116823862287 3.4819474310760508 3.2427334472532054
-1.8893029490183044 3.7153614413500473 4.439743704076023
-2.248388335851071 3.6097037835179493 3.340087404616965
-2.9895628359250352 3.202139364300719 3.5167154252333166
-3.6483294452036192 3.2685439503826053 4.026041430905933
-3.03544238084862 4.518946124817158 3.908088514193402
-4.58001186963901 2.6391693696759884 3.6730781561591326
-2.9470981982642463 3.034219885741365 3.663583176498954
-3.942242095122412 4.25717850508543 3.7107437665960155
-3.890458251685106 2.9850437543745407 2.9538423260767805
-3.391716793857228 3.840839391903471 4.039104825552745
-2.8309231778751562 3.4732341574456855 3.902062349550057
-3.3683343308551903 2.786717753538158 3.594461017757023
-3.2809914026308653 3.669165390675612 4.078650063209029
-2.7027605367661662 3.667135411972768 3.522885325684564
-2.0540715577467594 4.124041207402918 4.29667245010439
-3.331135595962854 3.0516122759681843 4.356035032180619
-2.821703329457967 4.836493035256794 4.676227253589423
-2.8464619802021236 4.7892577461834245 4.074163757785137
-3.006900863107677 3.8919703314149254 4.11321124097292
-2.143306173077852 4.059271044854221 3.635865290388113
-4.213657310569525 3.418418408195486 2.8604186293661646
-2.6171012338287896 3.8073318721412237 3.6042633068069843
-4.03321739140047 1.4845138864022247 2.8377627291781833
-4.513210505320361 3.5239642648820912 3.433754899095395
-2.878425488319965 2.9284890559557466 3.624807179487115
-3.6342255171204667 3.96415860510267 3.8812762628935777
-4.32418297213894 2.3053760082026673 4.2281411596985174
-5.272496795510196 1.5881547186478329 2.8346007719242032
-4.666287644527732 3.1343188511055526 3.3997691483088586
-3.113824240962693 3.2850128869651045 4.068540268114327
-3.6210168806557745 2.5234740013086188 4.693882125025285
-3.3134931547564177 3.2768467744145977 3.6041170952119437
-4.930937238244988 2.902764429214222 4.774620857786854
-3.429216877738982 1.888432971726897 3.4813289249662307
-2.8878977443964704 3.234792076309118 3.2530054513562225
-4.407324281684233 3.329320710088922 3.893556878279584
-4.022155889381392 2.6731500816998683 4.2724074643885634
-3.757972645367883 3.62834984406486 3.9185836668631175
-3.809378504530187 2.6316237871945476 4.629761749831431
-3.4212298708798623 2.43797426968687 4.347402745137091
-4.287588652607187 2.5602243937792575 3.484563395648492
-4.354763157480139 2.5199606514033452 4.559057120689118
-4.309734158240634 1.9015260785874464 3.398197875907239
-4.227860674670429 3.352562666981974 4.242936787663496
-3.9219611720735035 2.249719609776597 3.5899201743825757
-5.002865779316065 1.961627252008387 3.3610085055397407
-4.445704291730533 2.8884038930803975 3.791056976786429
-3.4149591483638715 3.1101387294240492 4.823653352041656
-3.7879712642405043 2.6650972334978014 4.512078729205253
-4.670192446558736 2.0006909129731967 3.9022672118758144
-5.372214640039786 1.1512641603414482 3.855790889317843
-5.071894373064616 2.2777009466335127 3.9893138939859134
-4.503534893213524 1.918549049445927 4.172261408089037
-4.236943577653889 2.3165496456504466 4.072274932222863
-3.7456959069606452 2.8016736360472745 4.045031012742548
-4.0159250039990155 2.9490904947162773 4.77898620799052
-4.0278795824471105 0.9730743573049138 4.090435997133575
-4.7299116354730675 1.473011934450075 4.798016708281738
-4.802590849858524 0.9928989684434008 4.4527384609155805
-3.9335705221686434 3.449750040511566 3.951024619175352
-4.396477900220883 2.742566082525419 4.341941775955485
-4.640255277131746 -0.9533889641492942 4.703865167951537
-3.912232267236829 3.3396435302930945 4.5149204536581165
-3.938931705042332 3.4934179394627694 3.7882475286315156
-3.3267767180908994 3.290213770162105 4.115245096858134
-3.343222809692157 2.5926276728497717 4.302288896109189
-4.232434352654323 2.7708739859574094 4.004666593646555
-3.8369360612040744 3.9880914500765834 4.189442182402782
-4.204429537948816 2.9266609193687274 4.263024518942378
-4.915192575707205 -0.4611877312903297 4.4729277801068665
-4.734917386812734 2.1072856327958527 4.212476174395601
-5.508609965860728 1.4228520856195 4.323492346556541
-4.615327425895135 3.2548569088817803 3.8064983304410136
-4.936045251005645 1.7232527462521794 3.8424836877902133
-4.659204339017931 2.511483945393152 3.844323132092651
-5.234345779774949 0.8518791050985599 4.659340606524517
-5.200813960959286 1.2289185257946207 5.212875124399238
-4.746124549203682 1.4774102341366406 4.522221695982057
-4.122700740445766 1.8277238087553738 5.649399643404081
-3.8740092796239516 2.2326602698491573 4.68807909287922
-4.412609107557024 0.7973649563567524 4.87315446702687
-4.622648506463514 1.7420857567637422 4.27761030396378
-5.5125920454638875 0.8033997257233637 4.957961374649146
-5.696584060068807 0.27463981085164296 4.573493790199831
-5.005944326755803 1.8751789493480608 5.006746327430404
-4.285006193434499 2.730627729259164 4.004040867914925
-5.085621109775843 1.6662738366417043 4.0288433486171495
-5.430773907674936 1.1247956767792542 4.905220231955881
-4.431646969427578 1.9755938495004692 5.15270936653598
-4.077963612430717 1.2038542429941386 4.766174973689944
-4.35612566788202 1.3728699597933012 4.520831940220966
-5.07909941283058 0.05082492646457105 4.671627860597358
-3.9335515228349824 1.2956083141252177 4.392321522119134
-4.4030676867871 2.762710897534836 4.751506930679901
-5.033365417573788 -0.29459474665573954 4.703188808838086
-5.390558572968103 1.9036081437933765 4.319912546144074
-4.837984969771438 1.1505156699084433 4.66379362749001
-4.558556947711427 -0.33929556192536514 4.720357530132855
-4.798357110018603 -0.1255537372821651 5.4247298388677345
-4.622030517491612 1.8868538815847637 4.411802288455757
-5.691410932362572 -0.7099661690097715 4.312920808253553
-5.679496590631777 -0.908372868716371 4.816329484568636
-5.145963444181878 0.38436009942450095 4.433667171831807
-4.106468369292944 2.401698642052941 4.577953343425731
-5.858780073220405 1.5091613141400264 5.001241084064508
-4.5409332800271915 0.9154546366045857 4.846817376839944
-5.515815174115102 0.6058336925144792 2.980352544866555
-4.7927010903697616 1.765244939667862 4.148184802561654
-5.057067862476156 1.8692744405847956 4.70281920327846
-4.741251768507743 0.06512852736555562 4.752813107793858
-4.781197967394992 0.04714645887556383 5.1753918190410015
-4.662961305822225 1.5827825749426423 5.331850462386279
-4.9992477736247505 -0.2204009588684102 5.2411665261773805
-4.879014368039219 0.04485841284823055 4.8432149164271285
-4.230703657057067 -0.049682019284120756 4.990275440031199
-4.120855409822457 1.090516802326408 4.7323118009903835
-5.028936045246014 -0.6407384381313365 5.1999271901421515
-5.335940840942321 0.4226483786432364 4.785961492189086
-5.347685481171188 0.8949611342226509 4.83640693387101
-4.83949122959412 -0.3593788667890686 4.496112682796931
-4.293210243509899 2.4035366951889396 4.588665908495209
-5.461109469230831 0.3203643835599074 5.3913490025564945
-5.076339061255405 0.02436677023473371 4.74610416761633
-3.846593864461524 1.261574020437486 3.831833987961142
-5.112971550612938 0.3286009187446084 4.25621476951687
-4.853170704485851 -0.3206333737874555 4.708265876854215
-5.022159359726143 -0.01321180609609964 4.159667643888033
-5.12640758528091 -1.3723442173990166 5.471430955463436
-5.681477006804108 -0.11745469000369618 4.462842228944446
-4.160678111814446 0.6688017468873946 5.757896968925252
-6.439686449876646 0.9231240976368985 4.978787190346511
-5.109832474888481 0.21477007483362737 4.703461524847292
-3.844007907251217 0.9760421181300906 4.974979302353788
-5.107546657181374 -0.08826431361466844 5.031352653861722
-4.867875985771131 -0.20478020886251513 4.830297238291188
-4.854989875491212 -0.5975191944900847 4.125069668287306
-5.077134754683688 0.005938842555435787 4.987315717415989
-5.123772663782395 0.02285841615720995 5.692305840067331
-4.780498927245735 0.06581930754358507 5.096999029820738
-4.533757715418619 -0.5748462274665936 4.010120235085875
-5.277578699393724 -0.1336266222721837 5.382409441231434
-5.876757481493803 -0.005574643451150413 5.252632799904335
-4.5721738037867965 0.7591858565446798 4.840328858486011
-4.614274397400838 -1.2279611660366707 5.482433030886478
-4.6105057743133635 -2.128573696665013 4.653844069201427
-5.016907109152385 -1.3166448993339293 4.999448412686968
-3.8506923776845867 -0.24492781100017497 4.799944614192652
-5.158105827797857 0.881500699273461 5.296667489239806
-4.789611573536547 1.288453662344738 4.6743318557437
-4.658873982338304 -0.6380538365980566 4.793778293332936
-4.136312384442422 -1.3834135166009962 5.275997397101697
-5.022186189187333 0.044813136503536216 4.897245836659977
-5.124911543475861 -1.0942596281908517 4.794250429355078
-5.125810638020451 -0.6329127634105823 4.190568384981795
-5.3767401789848845 0.564552297038985 4.837535258384195
-5.319472712792608 -1.434906410307876 5.162289209264754
-4.469685530224891 1.2727364401851669 5.388812441841103
-4.369857145543095 -0.4975835899071055 5.219319897668945
-5.272451406532219 -1.521920034665205 5.273313159405981
-5.364230264563914 -1.0587976266219847 5.280887212775243
-5.4325891940932225 0.2585279883318355 5.244893273658503
-5.330976855453974 -0.8183689835173061 4.812125898079975
-4.164385685354892 -1.1268344021024876 5.447539541029318
-4.009085909892538 0.8211891065858405 6.451972277492599
-4.233404350393876 -0.8376381560911658 6.372066937628569
-3.92676965737166 -3.177345642722122 4.684056846750622
-4.818235746876014 -0.8016397955736582 5.932390398095973
-5.853774071117352 0.2192882132820211 4.905750334174602
-3.880728260849942 -1.5860909013569156 4.881856617678639
-4.678900432825841 -1.4258336952268391 5.003289238734057
-4.001573243681301 -1.3388713716920726 4.293003070589636
-5.4097966230610215 -0.22134190647982677 5.870396209574933
-3.795399616833577 -1.7081320020471065 5.34349729931209
-5.752271109271457 0.425672333484103 5.491581415247806
-5.052270196696249 -2.1947079048206284 5.0436583795236265
-3.8400948016642698 -1.0409745122665723 6.006010129587084
-4.437070286662174 -0.1143812742470983 5.630156976546694
-4.233903517634449 -1.2432588299444365 5.9361357581815755
-4.814147159340803 -0.7303367408057938 4.8057667015427015
-5.154552963569246 -1.020253509428558 5.3859347164433435
-5.095924794775863 -2.0141399541725122 4.987534469939829
-3.4509011995097203 -2.39706413803933 5.93948110864184
-4.320107711615301 -1.791441819716539 5.317593182113031
-3.936392428347084 -2.720120187107752 6.547274920210048
-4.901563198830701 -0.3297075913960554 4.864275920227311
-5.541441048301565 -0.6885180064261675 5.3182183568822685
-5.658126235039634 -1.0589056278355231 5.633002609944669
-5.654535458265367 -1.1729542354283402 5.763600207667641
-4.08113381362896 -1.5794864398995134 5.453414923280033
-4.8598458942532385 -1.26073938071719 6.188390234685955
-4.206897755573245 -3.0218398550103838 5.019840632503969
-4.242497188443254 -2.7160905802778585 4.398334172227371
-5.036765256011832 -1.5543185451819883 5.0265370066587085
-5.1640008279671905 -1.7661999236711814 5.886678135849392
-3.9954463378863476 -2.18436987354766 5.809361322861656
-4.27910572931173 -2.2603528184905235 5.1561291664811755
-4.801309711282048 -1.9895904401763322 5.813816530494663
-4.736939228492938 -2.331327979017234 5.431905647196704
-4.526860359908354 -1.6659618142871975 5.576174640943975
-4.3805235877351425 -2.627300222978858 6.265350153320039
-4.424170263705095 -1.5072261321028746 4.798071822237286
-4.411290626539368 -1.7479168725609133 6.680030481718975
-3.7090433453201386 -1.8476425445409934 6.076976350417155
-4.111467536789125 -1.517764851978206 5.098545948747796
-5.777131677752149 -1.0144830148398543 5.248223928951501
-4.419523421992634 -2.9820449536820077 6.233812613790418
-5.470092814840947 -0.9174205959011273 6.6188781020565965
-4.253175151618746 -3.3454179178591033 6.221606049625821
-4.059227162464665 -2.5094151113144716 5.516319245037303
-3.6197409250554435 -2.0246226622123418 5.5123780192404155
-4.895214858663515 -1.4558891695059077 5.532052805592733
-4.660501246322264 -1.778347913049689 4.245977358359677
-4.5725170085659705 -2.218267330095763 5.645405694526191
-4.845183488091739 -1.5108868187810383 5.791508456218445
-4.581242168939466 -2.9860898057511798 5.661552694556497
-5.604640342421854 -1.9048645937812114 4.916342942588231
-4.102662726342503 -2.922537162694911 6.771729146516031
-4.219388294541205 -2.5833229030381673 5.868576012350956
-4.183132530621104 -2.087091208551595 5.501715630373599
-4.437116512285012 -1.9037197731600768 5.571311614528922
-4.734394649564196 -2.715152455128378 5.787214805163127
-4.486654143961028 -1.7225234357977397 5.644715037470893
-4.4720588559526115 -2.8738959663276287 5.676935319414173
-4.513295472626517 -2.827641839371903 6.241134779820689
-3.969415906121886 -3.6812763624904083 6.62338025110717
-3.197565658173701 -2.9382110560296093 5.209499171485289
-4.340026119411911 -1.0604145985384472 5.762062215077203
-4.850426656583255 -1.951966819251818 5.777137987724196
-3.9172546979829175 -3.6996119748766527 6.005182994286624
-4.38499959712028 -2.0498870657945933 6.235706882567072
-4.4558887723281755 -2.179583578216636 5.314528531123372
-3.236850167799741 -3.4519504247514687 5.456490967530785
-3.729945205123996 -3.5270450497333914 6.64263109563941
-4.0708648062508255 -2.5287039615744815 5.728946636538808
-4.868452341842389 -1.3069090858423293 6.622466710426675
-4.782658391098258 -2.4779927463705276 5.078540648945651
-4.484333990799161 -2.5786540338369752 5.842040193294193
-3.7511217515746758 -2.8550244893269716 5.375260645716633
-5.1975985661804485 -2.262509197466341 5.479884617928274
-3.11281143176575 -2.6218040628810697 6.023948276035358
-2.668889441647053 -4.416897991068641 5.5689982158239
-3.2218919701786435 -2.553923405085237 5.766300247305215
-3.335403923150046 -3.4251882696446256 6.17398424836677
-3.342214803454426 -3.1946213006053377 6.208721029262391
-3.221457364049303 -4.067677676299032 6.29502154393366
-1.6899039301558791 -4.87874820287001 5.921020919960818
-1.7542190213028104 -4.319314236006963 5.810632795509926
-3.5418403060342056 -2.796905382739678 7.409445114589675
-2.7244054737876393 -3.9917198524002195 6.05285489088609
-3.025627539818357 -3.563589608813436 6.307268879586538
-3.1367861833496304 -3.521085053660448 7.033159797286446
-4.438427670222674 -3.123465047342413 6.108631238859363
-3.008922297571182 -3.155511113306699 6.100880930728452
-4.612892214432746 -2.3845153850545224 7.0652084923244125
-4.678123078740005 -2.4026229050121994 6.667234262129345
-3.3980070886966978 -3.7464866385300497 6.087651568045175
-5.246289167485703 -3.105551178873156 6.597278524303107
-3.4385526168276126 -3.332535682833964 6.221508802133282
-4.038761561955013 -3.14704784004571 6.496726378289953
-3.107569063188132 -3.287594058031407 6.357217396180948
-2.8827075857783635 -3.4021958788266105 5.728581668458452
-3.2340715557133155 -4.178368831526166 6.588543917769146
-3.915806678614246 -3.6909472031421955 6.8987478175336525
-3.688756719583853 -3.166654736179261 6.22103258211326
-4.014489348079809 -4.074479131831416 6.196800830907352
-2.843380047971569 -4.198949216504262 6.055474079582547
-2.771773014873008 -4.155503751546182 6.614654080584596
-2.9309884853799835 -4.681837132999152 6.868056242170434
-2.6075180693623063 -2.729430011928346 6.605876803078548
-4.221558658461248 -3.5637424889114855 5.6331745191346645
-2.903564389399995 -4.438331298392364 6.166580292883123
-3.9579535049706136 -2.5589493515537263 6.589086965822905
-3.369747512386888 -3.4533587283082854 6.236898048657996
-3.095139674991494 -3.4138636336515242 5.645037423568862
-1.74569005955004 -4.680237700889595 6.126428212356057
-3.49232831618419 -4.075850494234126 6.262440571379283
-3.33886428228963 -3.5609559556680397 6.411947669859124
-2.846566863335145 -4.580710910721692 6.6228291922588625
-1.9310550998221783 -4.051873309751956 5.8215248408628995
-3.2462002846568843 -4.112402123171291 5.880842664005824
-4.0451887861027815 -3.1250134115441632 4.875152921408099
-1.349445814558222 -4.682643827062725 6.380701737970407
-3.8469253831341548 -3.8271918031191086 6.262956269964277
-2.850771444903588 -3.531136177149844 6.466078123889677
-1.5448213077004556 -4.033338688048751 6.555734194721607
-3.0956391308333093 -5.048398152537068 7.5571230461857954
-2.6133222306304003 -4.7543153724809715 6.963254499765105
-1.702769418703575 -5.250184738377732 6.992630993816201
-2.8382866932766078 -4.862128094882505 6.787441589919073
-3.5699829997820434 -4.703012351450527 6.1024147187105475
-2.519815914058036 -4.827664551665875 6.638653506481818
-3.1673020101712033 -4.260545150887923 6.305577613112011
-2.666831800929968 -3.862725174593975 6.96089835566904
-2.6271168437998407 -4.953317975482531 7.842302130070005
-2.1250718341431076 -4.451062565805808 6.45555212658834
-0.9563148455373167 -5.490974906304087 7.185855965798045
-2.1992160666327463 -4.347303034544444 6.408442625556457
-2.2465820701601573 -4.715616569205646 6.749298317101713
-1.7117139880157914 -4.983718000535192 7.326770626173747
-1.7516940802077692 -3.8936194922605045 6.408343812507141
-2.592146789120966 -4.5177847915708345 6.728945800289513
-2.9402586347780835 -3.8321076892342285 6.835224996748262
-2.3108125577703023 -4.387308081284152 6.640153273206408
-1.4482190882128145 -4.646456792285363 7.2129399984548375
-1.3623154830171111 -4.213914773820626 6.400982646915138
-2.5542349786275866 -4.689754147228508 6.597385517048656
-2.6674152654965915 -3.7531729926593806 6.61852593059879
-2.845862657555994 -3.400696749937124 6.851903996854464
-4.400210339803676 -2.670209278826733 6.290052545740296
-1.7433059661458672 -4.607060372270485 7.460250500685392
-2.303281789933058 -3.848128541940322 7.224588496049757
-2.600089176652369 -4.771294192687027 6.128147912741763
-3.147476701447384 -4.240567713086698 6.439662825344471
-1.9716197327600218 -4.514628836859618 8.125403557607969
-2.7729292467008926 -3.568399966640143 6.38015636689826
-1.326271728603463 -4.254617664817843 7.100632320756162
-3.8649088228020783 -3.304468252174448 7.415085832558041
-2.2815104049748425 -4.139267848986176 6.478847026607298
-1.0583585812661398 -3.935673534958007 7.222567591252379
-1.6511587170019728 -4.4500562746620425 7.648347142215474
-3.293604962367662 -4.076206011163112 7.020762141407868
-1.5003218173216333 -4.856716104916634 6.9698496437130935
-1.6408553918240163 -5.185462353911566 7.398065394853081
-1.7833758538750868 -5.534307756561404 6.5564853854734135
-1.8289879203749229 -4.141411220566802 6.842787152349528
-1.9563970477293111 -4.99681311354891 7.758687584751476
-1.1168076679715964 -4.918478434169764 7.088984733449205
-1.3789350131026605 -5.179474589312808 6.76676917844005
-2.8936174031435447 -4.399433288552948 6.614858449478898
-1.0031219304152468 -5.110756715273599 6.516209697905922
-1.7873150774494553 -4.59682882082626 6.770386266396758
-2.521489246457494 -4.909946052641513 7.669174475953902
-2.0575086488178305 -3.359237634344806 7.641543626002826
0.2744581750331713 -4.997874770968182 6.831936159804559
-1.8886329906936128 -3.7757220914451417 7.099985960847318
-1.5101897173060022 -5.404780807605375 6.923491595048358
-1.2090321657315242 -5.602393869537953 7.029453997256486
-1.5909106056794715 -4.976225965589637 7.571913383534838
-1.4121323857370216 -5.1199585787531525 7.4124163848412845
-0.5139319344372271 -4.696930519734471 7.648696328147079
-0.032321658395832585 -4.659989534330097 7.336259461339689
-0.6265225190009159 -4.933824839999218 6.6713175717191415
-1.8708393325166566 -4.805078572310734 6.314117009461171
-1.144618033020118 -4.698611796967981 7.168411050024075
-3.1017662240546358 -3.431061294410184 7.025710868560788
0.6637039793612773 -4.46132412510735 7.323789555412955
-1.6107111094528 -4.2795359870334115 6.943137688379212
0.09059240470863489 -5.112943163974307 7.164319487392288
-1.3450247337372194 -4.880624916271198 6.684730351363309
0.25352319754048347 -4.51537673639622 6.8660903395029536
-2.7203391802606127 -4.875791783071084 7.3494742376701705
-0.1850262097500263 -5.025461101147249 7.256567774612703
-0.22594263465063155 -4.146516809606345 7.034999824853873
-0.189948847790683 -4.716250016970016 6.860051689217899
0.9817373027233953 -4.554080317570032 7.723200918930318
-2.279951266323573 -4.45424331009209 6.996135423403811
-0.44927024725501735 -4.625595647241621 6.926449606562358
-1.363553928824405 -3.9095497497978613 7.330424685198364
-0.13314686401565978 -5.426895978657044 7.142667016240378
-0.8629029570402424 -4.0836863383433135 7.470402652935224
-1.4855093659477334 -4.761627789500397 7.187857140993939
-0.8648565366188083 -5.42408055680616 7.555334236659592
-1.2717324494695497 -4.177213579568713 6.926064433311999
-1.1234200850242264 -5.786305674917111 6.973972050151317
-2.581447245780341 -4.308988183070013 7.378156145505786
1.5072617555945607 -4.7316302200872915 7.970861635097948
1.1624350856568737 -5.157053511993831 6.869509249539746
-0.9489283832075194 -4.355684139921262 7.2848078490250145
0.6284923712450095 -4.639919804977262 7.758878048460841
-0.6813376875056812 -5.3284956250218825 7.363438404361871
0.8893396948878849 -4.87556187035269 7.275030781653702
0.9807677737346512 -4.391203462023833 7.699168039904058
0.5401115552589647 -5.12790539788166 6.9459205307160445
-1.565251129904983 -5.382469717589758 8.324203210791387
-0.5216252791537358 -5.743756282014839 7.583710346140623
0.6240776777866245 -5.190226347693106 7.600751096513493
-1.0415550761845431 -4.8637774236061055 7.4033076637946715
1.1811536607326674 -5.229836394849237 8.044420685491977
-1.630409854486775 -4.401983463728901 7.456228892741705
2.0577177777912996 -5.387098017383443 8.984429931465908
-1.7445257579025109 -5.341204810876938 7.525306634077594
0.6983165887858772 -4.4390196110325775 8.129979324482239
-0.6563580253190449 -4.82319169960322 7.756253836613935
-1.2711621011329282 -4.827983170426742 7.372448737848645
0.6028302849279115 -5.0659974731354325 7.614994253321671
-0.20691598280861548 -4.375967297674072 7.7078690338874845
-0.6427686386276844 -4.921397956692877 6.735291447081383
2.012290903673577 -4.363117602461453 7.406623774994981
0.30784060172827443 -5.219156104020786 7.335700949663873
1.5432092368620274 -4.689381013347528 8.466072705717398
0.2457509045790236 -4.821782126024263 7.064845792921591
1.7140071364296707 -3.9155037006252456 7.699808712722961
2.007882607031546 -3.8688766365205396 8.04550392172733
1.0792520954528155 -4.743608983308192 8.152239929092847
1.121745878190707 -4.979692765401755 7.734315528535659
1.0021238356692888 -5.196594172319881 7.507397661960864
1.0711594013627834 -4.594783966976858 7.6593838581786375
1.5877976530892426 -5.311594446721821 7.9553561807212665
-0.3478406670350713 -4.956935226830324 7.741590459467056
0.0449601089955001 -4.539187025800765 8.068683505190457
1.7906660695056802 -4.338188998540298 7.504912269901618
2.13842177173164 -3.7204965963558334 7.99173068038058
1.1102972530418997 -4.62751998270958 7.715114927929206
1.2327542345528524 -5.919734141405711 7.209546434142725
0.5233213059923019 -4.589622943148073 7.916774360894146
1.6049843552553533 -5.435213939179 8.021191473277186
2.3040376472013913 -4.6949138526528404 7.797422804529356
-0.004183587814548958 -5.385162587700586 7.853400649005681
2.798637029800882 -5.364050974409498 7.115322798617256
0.3203119927768646 -5.358665419582495 7.597239979583627
1.8974589203594758 -4.632901086530997 7.636937451525071
0.7687753589672323 -5.258258113475297 7.285717583493963
0.23960692685780827 -4.771170919280927 7.823485321062464
1.6121548021540284 -4.911561669655835 7.660557157834337
-0.2028190890940632 -5.358214590162416 8.03698719814048
2.413549123720372 -5.1685489216114044 7.170287248986089
1.3793324646405056 -4.52478723440287 7.980790278369793
2.4974672474099253 -4.034758796586977 7.677397533532938
1.358387509998259 -4.509175769980536 8.314858099249715
0.08044100416654472 -5.160177830643067 7.808949527825196
1.229843600392108 -4.239715119283031 7.526512628373641
-0.2020862410307623 -5.1349278814109 8.702110048454603
-0.7012670952743142 -5.38439051982211 7.536498563781762
0.3291813510496651 -5.3494468942121145 8.249529531072216
1.0585837558876379 -4.2932815245082 8.107063206039244
0.2765380073024781 -4.021036329723523 8.416407050679208
-0.7949632030363452 -5.026310836985165 9.025514789003536
0.09233831667902044 -4.944322097123175 7.934224349659828
-0.2381609187868075 -5.418264710597055 7.90622408007706
2.011574081171732 -4.242288107895663 7.564830051802607
2.2926180862421126 -4.990720797635131 7.358505627364588
0.5626875366501098 -4.588440695728102 7.636239088154893
2.2136873098606813 -4.798981685920506 7.601806246090413
1.2082332687831345 -4.191483539587119 7.650353135289245
0.6284682800984019 -4.370461548964759 8.406464598701286
2.6728084305850577 -5.42927289689906 7.591038887654892
1.0246262927705971 -4.480108796003157 8.279988020463698
4.317207593870259 -3.7240874257065992 8.134943887212813
2.023678242795463 -5.296192979712668 7.9236230758648745
1.9392975309145823 -4.934858568290479 7.7344421998540716
0.6806188137170853 -4.31098888933672 6.991409979295256
2.3470560592617065 -5.309674041049864 7.967851063377219
1.986663414888532 -4.218098878786151 8.494408823035934
1.1772997810076367 -5.378170530167849 7.494606244536746
2.247081607271545 -4.65751039457401 8.35801705071575
2.4229589847416992 -3.6099475591681003 8.339014040343454
0.7303305466598311 -4.492669567213201 8.022782221368086
3.5356277195875228 -4.31036784977527 8.051456058043437
-0.6182585132678047 -4.95943634890215 8.666100907941052
2.525219304111737 -2.829857297436743 7.809469565697328
2.141777926248338 -5.330704559859501 8.542977589750251
3.2507960480165177 -4.452007722755811 8.104909555878045
2.025430774460515 -3.8291749510784174 8.377218902615706
1.601487638003517 -4.80557884715004 7.832779465129054
2.0698677715378095 -4.098137498843956 8.609390926452654
4.16496083872647 -3.1634497217419173 7.724645212717753
0.6382808598717925 -4.258648158574062 8.333035310199653
2.843260673471421 -4.109908876321097 8.430456131205185
2.8700271525870265 -3.8228459295693673 8.034544096003497
-0.16951828732444466 -4.586911913471849 8.475025093668325
1.7330963422743675 -4.3853125716511085 8.570918474500989
2.895517493255801 -3.847155821635662 7.630391500362091
1.602017536138843 -4.299731487763046 8.698450872410383
2.5136582837292547 -3.585455715421697 8.989916802851287
2.510962219347386 -4.289917836595595 7.902397988212438
1.895639355434819 -3.538663665297203 7.945560415591386
2.9105222701572795 -3.9653535057152722 8.710466688112547
2.62259115055941 -4.3142644423633945 8.607729150344861
3.408852640920085 -4.05611268910657 7.825528432645675
3.78192342867182 -4.6954536640299365 8.753328546411302
1.54119223449528 -4.074220357336114 8.377791123967555
2.0920319391648006 -4.022630489396357 8.354097384951647
3.482689412513644 -3.9359813259458627 8.310254546395091
3.3416093944411 -3.607880924985266 8.410131582836142
1.6278814867056706 -4.415390102204641 8.724599999442136
2.5232022102416005 -3.033880881362949 8.237565360466844
2.8868828244261815 -3.113153272813543 9.004274459185035
3.4963024457459277 -2.8153729753057206 8.132548838902686
1.476991551695482 -4.3940338470043505 8.11214689861933
2.696696791278734 -4.288656378973768 7.91205721212619
3.13277347081393 -4.196649612425596 8.395394888519649
3.7983587950605693 -3.0862687398043316 8.187846663730838
3.3208017163192207 -3.766496696437141 8.374593890286592
2.1319617463732983 -3.5952788131498 8.44053875320221
4.080943480636458 -2.909764821249498 8.143853445342227
2.8100052584061808 -3.9639116344209766 8.47725045168705
4.435427259955242 -4.290305667153025 8.679400901071563
3.2316699224538015 -3.8397570566909343 7.291985895823093
3.281719483312903 -4.184590746649876 8.478705481574812
2.7650839085415644 -4.05372309766321 9.26116293177832
2.4883808926469855 -4.695475921224475 8.490770139544571
4.169588600451258 -2.4559649741477565 8.043922744103705
2.846373926910792 -3.2989386538083596 8.02980090400451
2.9831253255430035 -3.864244238889184 8.146840453402321
2.9858796690917435 -4.234371899020852 8.477669144729353
3.0481042972794876 -4.124632768983133 8.18856616852525
4.710983468785494 -3.6189257178761656 8.339247565737494
4.393938435668811 -3.860131761095727 9.153053444513233
4.615231824429308 -2.4353989373955036 9.29752869746517
3.497524599371196 -3.0747560321712655 8.790343303013868
2.903321030927331 -3.115742706106023 9.243967710079266
1.9034239295309516 -5.153831664198208 7.570336344038666
2.7950844111157713 -3.7603105524182823 8.790313083010941
4.212006523398431 -2.97109815982763 8.946100163127218
2.903158689243394 -3.687240858942996 8.148158653585451
3.688673140145976 -3.1405229869394757 8.671851385773381
3.9818193202970793 -2.331022165609739 9.28850158066453
3.894737295814537 -2.7958260706998113 8.792119444838116
4.014159590951586 -4.56990678942099 8.94234065757703
2.535375114378141 -3.072686601794558 8.163373366674307
3.682585418263502 -3.3540835493148085 8.601289443682496
3.287136001968226 -3.477772261004846 9.364776100248761
2.88048654777154 -3.2033150780940622 8.039493830735015
3.989039239313277 -2.3729019569410728 8.832799552028696
2.0092279979029843 -5.032965617493427 9.590407331496246
3.1015891387753167 -3.052395542988499 9.201087882488048
4.207302923266847 -2.4432546429028217 8.510641179604015
3.363112296962381 -2.6940764886272066 8.499808856713885
2.548012538587554 -3.988882804382184 7.890723651505951
3.5850504119455526 -3.555946590991435 8.603319579325486
2.7595190767698288 -3.231067638027492 8.757062279724277
2.7327907939262146 -4.35870324486936 8.68043520055539
4.4494241828070145 -3.028753625837452 9.235246091200985
3.9970925927653163 -3.6180440374869796 9.089531052069658
4.940690045597781 -2.3640744819390935 8.594239061598119
4.153062191605992 -2.5936956911502325 8.730405248508461
5.164704891751379 -3.3370228457824878 9.342543070148379
3.311482776298608 -3.4357174379683313 8.512528936125006
3.650740393482493 -3.2313087253379584 9.516268123256372
5.246017314994641 -1.3577388342800658 9.049869510254949
4.007262737925631 -3.870621844033512 8.925357930786916
4.715611106826478 -3.524138747906462 8.3987123634651
4.34267789685223 -2.273997182255596 8.47487087554827
3.7185458526287274 -4.086290112301931 8.653005802128659
3.4498327815287966 -3.05706145715032 9.735922562561246
4.625187795603313 -2.2926256673031555 8.566513514187678
3.5214655288623624 -4.437770260696557 8.777227282498215
2.5588235889708684 -3.710267936822557 10.030988952408608
4.222590273062745 -1.9721452128317538 8.903623083800587
3.809312533987941 -2.479003958844383 8.690727535411124
4.890410395878842 0.039908193063116944 9.29355870464174
4.307517846703956 -2.300438731401235 8.94015903201766
3.894615304750474 -3.448439753000727 9.087721575150278
4.146691690608211 -2.218771191571596 7.907360548474595
4.189425009671419 -2.179633912915924 9.461080395250594
3.6988813528084914 -1.5400575648197632 8.668080323455841
4.291192322712386 -1.4771087006290522 9.013513459869044
3.4200686504795064 -2.93220293789288 9.384663646501286
4.485484143284297 -3.484057612236394 9.67021984773324
3.868981858660549 -3.590840043466592 10.084736403100079
3.7192197808133747 -3.0273210283288083 8.600148502474156
4.690544194792492 -3.304826735482964 9.148969107335551
3.8141876023625017 -1.758347263247504 9.305245243488299
4.273990482815064 -2.032162396288584 9.22880317238262
4.864724433715558 -1.7036492270143708 9.770807323506988
4.684068717095866 -3.2162328154266966 9.002814300481422
5.329136680889755 -1.3513411830563207 8.614969863721395
4.804648612570137 -2.3506699653772167 9.313499978121854
4.915625511758211 -1.9745782981656037 8.794530901408322
3.4107219911630637 -2.68245249713782 9.520492344878893
5.150109150174014 -1.0206433458637183 8.37644607669954
4.575465195410112 -2.8180509287665343 9.37457612350411
4.632469483416549 -1.223229418758583 9.11848757300503
4.0996261606127415 -1.1237738741603918 9.727314281946715
4.051251893417776 -2.7642792792014985 9.924331316972731
4.025870033946466 -0.941689846338874 9.345853609544022
4.602053275393029 -1.4961389816427622 9.19816725825549
4.769498447839417 -1.8155567956909335 9.413960944726183
3.6588563175236595 -2.80449389984327 8.621130297220798
4.1419270367262735 -3.5011676515498937 9.531434568017994
4.8595467945260316 -2.0133202553596363 8.889260720223318
4.110220876432916 -2.614232652454409 9.969112592402784
4.872311715536055 -1.6482929620233253 9.406440195717687
4.60382905063535 -1.451111701930933 9.5710623292537
5.268393791082495 -1.2210994181185468 8.612559877615249
5.036125821764671 -1.9172505554318813 10.018754359962694
4.30857702043906 -2.15285520005657 9.211680502700261
4.591938903041481 -3.1888189897885764 9.8861029733177
4.805461309803844 -1.3362908072595485 9.769052273378986
4.743113514448433 -0.9803874223538657 9.53091365690559
3.9441048656043405 -1.659315675917115 9.714475953441449
4.243235552818317 -2.909709031953843 9.53020302933676
4.5154428766334584 -0.9446378421054571 9.345736345021207
5.75579565896488 -1.2754047890604094 9.59562911662463
4.324984953931659 -1.2524141981601382 9.654947692050635
3.988150319640726 -2.832750809446447 9.4434707566881
4.110807360392632 -2.740632520837132 9.353716160964241
5.689825820396185 -0.844652525752232 9.874559643901296
4.936615040928616 -2.3162005000108765 9.661040993944143
4.715584338932548 0.028700368507843244 9.639465305931017
4.301739208879429 -1.3501912949896253 9.62030616342912
5.087902944617968 -2.1478021340610693 9.74435933545489
4.222418931843443 -1.0884748477843185 9.339869529440222
5.76561501070985 0.3508355068785881 9.78741527069121
6.001716785516383 -1.7032345987586621 9.244181286907219
4.164289608861063 -2.2973294549901695 10.198106352013033
5.041036898610075 -1.2090417056368326 9.520307918164047
4.0933412388663175 -0.8717404556035228 9.563592144243488
5.050472330184308 -0.3380791708870766 9.656428188379238
5.270313937938225 -1.6538944865441054 9.851700017487293
4.253733368527212 -1.7459703491780838 9.754898984844548
5.5771393830266405 -0.3029177188231866 9.585181148089022
5.626943092910727 -0.8073413454059525 9.767854351017364
4.090377308838065 -0.22537159331006615 9.953692427305581
4.745120798114015 -1.611881998345833 9.948454542006067
5.099870677698526 -0.23199361556922904 9.315111439638452
5.901193059967767 -0.41642774262724064 9.662402698343564
5.07127665321541 -0.1702031722542877 9.173965610297612
5.919511798881036 -0.7706053376850159 9.458203751430377
4.065759796790014 0.06463750259799973 9.505452543426218
5.241992782474312 -1.912307411582357 9.209602660436065
4.268990425029815 -0.603600692616869 9.620919244954761
5.913961447796349 -0.3579565992901713 9.412793108882912
3.910219431776952 -1.2288876017586254 10.248911758672383
5.126724704332832 -0.4872337999798275 9.889896181660621
4.225486376823707 -2.5777108075495985 10.20215541997547
4.378479821176748 -0.7793438688028815 9.022334991689199
4.78696906700051 -1.3128734749932607 9.017580290456376
5.43718547857418 0.8195572673880731 9.12011245900681
4.2751852936048405 0.6972156769171716 9.307983219194558
4.910347738941473 1.487781763895446 10.096322526339163
5.081749588405733 1.7002238127257776 9.845466351751396
4.759985194827791 0.4369501516446517 9.608197130498741
4.924097110530356 -1.01973748886635 9.326714751650453
5.031095241381962 -1.5843475562927543 10.20541594104926
4.262688235550215 0.2685427780535462 11.290857221894901
4.795698060755672 -1.351136957385276 9.664807669343192
4.556452463088501 -0.6752132748153096 10.155439455443329
4.599561595285466 0.3615308932763646 10.715721561268328
5.397684197989971 0.21229374001839085 9.20854622146898
4.7559619443114 1.1270430977400463 10.201374840434053
4.945896189207024 -0.06053160071057403 11.24867244423176
5.213984728602384 -0.5084315461931064 9.589468742305703
4.964428682087628 0.34919372631731566 9.356524647783822
