5.241834412005925 -0.16761982434465475 0.6235543069619476
5.4987847339686855 0.10796819532201632 -0.04209651572272152
5.592901410539699 0.14479764733368394 -0.4853088372092068
4.670341218384171 -1.006698108712753 -0.409386689417386
5.573802913295461 1.6793619855494637 -0.906891012724802
5.068129631626538 0.13177639027638183 0.340464404261986
5.345191900342343 -0.5271939621199372 -0.7262693485441787
5.818521456521154 -0.012287661455953692 0.33576163323492486
4.833973273470478 -0.3591140981628923 0.8908694106379458
5.123103631078785 -1.333289114130542 0.12119290183034545
4.821411233427803 1.0880172060102782 0.21903168474911222
5.254223326051374 -0.7062385658603373 -0.35939603561625166
4.9679962733891925 0.7031821187333128 0.42299039495319257
5.022595792951395 0.7934153143145821 -0.6351981848732161
4.9035603379277335 -1.020518216238488 0.9832738057767071
4.7432978717151775 -1.1053655987616708 0.9749077927599324
4.121390061107617 -1.3066473262136793 -0.01844207155637065
5.095785780892525 -0.7003737651801746 -0.3314167303757519
5.256756214191708 1.3996661613078465 0.4613440965735732
5.248473001778052 -0.25705185074926057 1.109159264927549
4.590192374850197 -0.23603769253419923 -0.5055041633538704
4.55333647131642 1.5807504179194996 0.07132521560762423
4.890573932811787 0.7745075522402535 -0.20366953296369672
5.345121934366054 0.8317264430683333 0.4211649947503733
5.534311799291718 2.055852481683228 1.05955947683958
4.604527454604135 1.5375542091995051 0.07421711676721868
4.090332625615698 1.5337378066742713 -0.5986082529050583
5.20100093080098 0.4462021621249913 0.22906704051086732
5.590861337737465 1.414499272049039 0.6527249226029785
4.257654375279204 1.9577930183762011 -0.09843969230146948
4.873039009559764 0.06205534421193539 0.17838243734175063
5.46952750784426 1.4347816167602365 0.011386793986220556
4.9242470444905475 1.644443659468549 1.2698766697542647
5.085322992657275 -0.5753097593543856 -0.4084749850700518
4.305203009795395 0.8967904397402996 0.4613684503467307
5.304424925361119 2.1028963943144268 -0.25586749101600986
4.1711101628133855 1.590647344375441 -0.7960757122510439
5.682956706768766 0.6901858026763878 0.0872658247366015
5.000471995075702 2.9314761120840678 -0.3297656890476942
4.249553058424044 1.342101992272459 0.21516228021847367
4.295497202406313 -0.4883532089132005 0.09858369723863292
5.522452793960899 1.3104575481892509 0.21666477772657966
4.914841680006244 2.548177862140099 -0.17525847148365403
5.191657268838438 0.18114215989870963 0.11988865893997946
5.617621993960258 0.37969593012415453 -0.8056224080699128
4.722712518073689 1.5653085501883763 -0.2558550087878396
4.410469354698094 2.4269023593885235 1.1961736789074942
4.858216221387238 0.6495230982070909 0.45043838917764323
4.46300556309006 3.744487483458426 -0.34139066258238426
5.6080162789463905 0.5264142764311117 0.7142673886457009
4.861828118269276 2.2666769050815323 0.7146395178254267
5.3656729728138615 0.36493710245615485 0.6016732019507395
4.257947753681876 2.6010935272257933 1.025732088187208
4.304322867712372 0.8999746936286178 0.5802548093918682
4.743574449988342 0.09788148082474912 1.1278616867418663
4.285377521295669 1.5640051224311642 0.3648637810782483
4.793751158281935 0.7232502122020618 0.20153946733876915
5.0477894553640414 2.5555648815311334 0.8407160563043792
4.519445813165911 1.7958741064416688 0.8738888274372382
3.734263344421489 1.9679623354976001 1.003955404137233
4.56679842566327 1.9310675465082972 0.9698821346251169
4.858502377070874 2.227563763237687 0.45215744367383676
4.610768133083818 2.798082262489021 1.954866414412546
4.926216179006173 2.906874209235433 2.5792593435956848
4.375874379656836 2.406172101865621 0.05344113007621454
3.9374438136997925 3.5973316922185403 1.038919467871406
5.374772430766122 0.44550518774757913 0.40370906564039427
4.4966022795635086 1.0936976765269673 0.9458131732252377
4.687352061337456 2.4805003146341966 0.9406084229484517
3.7680386174957032 3.8761114815316975 1.3847190960417812
4.770723653988104 2.091845825140362 0.9418868256838032
4.538352365556627 1.3597147562662313 0.37283564974482186
3.9120087114633066 2.6628197863842398 0.2107908484647939
3.678838665147375 2.515227987368624 0.6124166262278952
4.292711798604439 1.415678985600367 1.3929680619929972
4.2704177650665995 1.959595067936485 0.6048443957659773
3.83020778809302 3.752379986067022 0.6971314817180803
3.4743562897307503 1.895955632197652 1.8695021063235482
3.752199539008693 3.023754052149877 0.3681590045924341
4.552740883395108 3.894064947950348 1.115987221273048
4.761418824925136 2.7206423788315304 1.0047457425663313
3.3607908971187666 3.4262564979813828 1.1701618160367708
3.558862866980049 2.6090916884834834 0.6316285869547933
4.160885745363719 2.0028730598646174 1.0063536583412709
5.0453018232519895 1.130254031727188 1.1253626971610537
5.0706240093578145 3.720468401105782 1.2073714987406712
4.744819923591167 0.4494291537180341 0.20904087792235349
3.852960213592598 2.3378911818097023 -0.08870840238436495
4.5751378005249 2.7632944950631986 2.10041943828207
3.2026975828568904 2.631614139943262 -0.051375889438287636
5.167092957834416 3.016496137095385 1.3190696856202033
3.73017220183924 3.0367639830316007 1.021031558745498
4.306654496857086 2.9569881794488655 0.4832714803426546
3.9043209035066035 3.2109060374021374 1.6547794401604787
4.772831788544055 3.4253347685443356 0.13877286492498753
3.3879095642856463 2.7157430351401786 0.24159569527931501
3.740775896807954 2.775621602141353 0.7944838399158511
3.381317976530691 2.958572560786079 0.49125559454528134
3.8413364744489895 2.4763844421776655 1.5895884034604526
5.141172181559098 2.043651003973556 0.672433524448548
4.027306660090804 3.9816844842615593 1.2402572951142004
4.689092659235703 3.138786075831793 0.972556217491929
3.646642696874128 3.7352271496894125 -0.2683309380100203
3.477860593241284 3.5680938171439167 0.3629457534084505
3.707626683434777 2.239694092051928 1.070237492429305
4.427809167849092 2.3655502421467145 1.0953897178957435
5.349108105068644 3.335408459629344 1.003396614562056
4.323193094058803 2.5214995042776747 0.08987572420491896
3.2976159605929016 3.35949651301845 0.8089647386372716
3.754026319632908 3.287581235527469 1.058683804265569
3.3706586047792277 4.0603247566717755 0.7092140105669249
5.406746921596809 2.1196268259040814 0.8236155140869957
4.826139633697311 3.001169955680328 0.32634766779205915
3.614230291807317 3.4157025833092653 0.8470687913087682
3.539576497718006 2.936197507206436 0.9922314032430062
3.019940474404326 3.887232343590318 1.2513688871116944
3.9160086641997682 4.524834069931946 2.005622768804082
4.208248704397128 3.8572188674888377 0.31962277563433117
3.8676755615011538 2.1295298631956983 1.119351484091905
4.098722355821181 2.305739766046061 1.1303125742785607
2.737573565137062 4.816150399556307 0.566885037440846
3.4340309726834666 3.675734491533419 1.5344340450710026
3.148797805551792 2.982641595645907 0.9826470962707295
4.644932506831161 3.465758548448543 1.2468248171219658
3.259252356317448 2.9819054709819905 1.8984540180021607
3.2892407057168724 2.6771927979223284 1.6227179729619816
3.2509934080020235 4.207220317931378 0.9364879180667527
2.2070319566760674 4.226452187913731 2.031600600907572
3.4601015122700005 3.8004988794249734 0.9675365572295963
3.7419562214799726 3.015474583050227 1.2656160052235481
3.2922183038725685 5.009699087039207 0.5771786403379056
2.2886765156617024 3.7816505334398154 1.801941648713514
1.829308215132792 5.618612815376358 1.8729932331105204
3.1430884761612043 3.786603210548472 1.0585258104881892
2.2984364100362877 3.960745922670632 0.12880936475980054
3.4842932680928027 3.6694580105786665 1.0758297179300291
2.1584721538912452 4.691220526656113 1.0671602516513272
3.162500533786718 3.4711381483756467 0.40004593133102284
2.0636259696899346 4.220290173380652 0.9360298950596139
3.5639918652553435 3.650995235602967 1.136866236516525
3.7141938004762776 3.787151382390948 1.6885531131608051
3.706669792853244 4.149024160470108 1.224584987979816
2.552693412463628 5.2475108259755725 1.7976456586988603
2.8006183131146902 5.050189590542297 1.2126092223357168
2.35015527881895 3.813815053861515 1.4305498117678097
4.399159146890722 4.336746760958017 1.1357992982866265
2.6262703926023625 4.369136765587248 1.9984157953386905
2.7543909056396756 4.141868989886135 0.234507926024637
4.513753630238391 2.466774485103652 1.9647524640425988
3.0999411540659993 2.5905941133305954 2.301064048754847
2.1347341111044287 3.5956685260213184 1.4764398037982713
3.355519186785414 3.9316941403798458 1.8110713868095045
3.824418396819654 3.4300472534908235 1.0502093827510321
2.2024091578890395 4.61123063904172 1.1302488514549818
3.7152434482562624 2.9919136103878397 1.572943063606446
1.7090477633134589 4.218574428410738 0.6193828797891807
2.368691453393284 4.845968361547709 1.5793149794592005
2.98923083524023 2.2651628323343145 1.3856344677536812
3.9992071194181165 4.153914835378996 2.4994062596365154
1.8974610008690311 4.69343223523393 1.0444105670307253
3.093030855157393 3.821013722241433 0.8680838735456745
1.9418040715115426 5.449723539942653 1.4628664676773333
3.0649521910237074 5.068320419937863 1.9580108936747034
2.194910102528968 2.8513469729488454 1.321429015901643
2.674130198527326 4.009001302637346 1.488705733437045
1.364425500129024 5.242767501189126 1.782558392260497
3.138521260026375 4.521500382345787 1.0996830743505184
3.4533077910753316 4.678538720775835 1.292966710041582
1.5755293910756258 4.148843129150687 1.7660228794920223
2.072388029615107 4.95039445136858 1.4033768718771962
2.022008486506389 4.352960390882395 1.9537223455893522
0.7285857666924314 4.4820772847485 1.2875380825578457
1.515020551900286 5.240842653452487 1.449756021033736
2.562904764590302 4.292700245034273 2.008436307619697
2.177125901947963 4.400009815924215 1.7588098413599733
2.6576221477715634 3.3095971877801156 2.071120965532534
3.593670050816967 2.950443956400974 1.6202746088744973
2.256505944800876 4.622696897915497 1.5010467006544659
0.3648196020667961 3.820415370452002 1.9656507265406773
1.412375757927076 4.542365229276535 1.7036879817283963
3.2710913167855113 3.4202684912917944 1.9929946652402375
0.7072922585931318 4.6424104110709745 1.915221832537785
2.769975676982133 4.120871932153314 2.368464983417825
2.1363302761228558 4.601606868302439 1.7239297153669002
2.0129013229244066 4.977298869668377 1.5892833004394098
0.6671589642150445 5.214676926248597 1.810288424204543
2.558820273122573 5.063797625358084 1.49866940356219
3.0570898552375936 4.391753507311921 1.6615826042907853
1.4276843763956149 4.843664199298377 1.0211154917434013
0.19307603667727674 5.53163401081765 2.6097076778842485
2.2874955976287374 3.6881165332383303 0.9880789814159856
1.3053231525054312 4.690368828217444 1.8901657724343837
1.9237069217981198 3.840114232045291 1.9597216730138893
1.9931935408497201 4.283798987189386 0.9487549351282303
1.9971973805217798 3.7572365686986546 1.9100135434696328
2.0536741115332062 5.026419242811744 1.456522079773839
2.581181242495493 3.8270973081159667 0.9545340216341449
2.7493509515901473 4.3484381537783605 2.398728789225167
0.7175040328211173 4.269078274806654 2.451197613800195
2.196839582022423 4.495965817918722 1.7556236701546943
1.5571423287194937 5.796413742093312 2.542855959534263
1.2397545532016812 4.964362555152399 2.0137909038465414
-0.24393406826459738 5.194511573378341 1.1192791220155494
1.39862395752764 6.168045383446264 1.1548163441927493
1.257888299550347 5.08921342019748 2.394231788636207
-0.35729209892009844 4.624666213822443 2.1306826626843596
0.03441034551437097 4.594775466131593 1.6395112527732478
0.21743733866947368 5.618340945993763 3.204859126948464
1.3475305544546807 4.416400306013968 1.6414102881493853
1.8689814135605913 4.525554274491844 2.340462489192204
2.04217865355366 4.367816546706705 2.6819860549691876
-0.07967418679676272 5.334342424673301 2.056272752282942
-0.030095707209471707 3.99237617644859 1.7480019268167926
-0.02641779630598145 4.9807221626917535 1.2079070243113545
0.6971286445139513 4.871298035801518 2.907452595674971
1.6398497496146576 4.811615638808739 2.3139136502923385
1.8970515166242785 5.106338929351141 2.1103771786265826
0.885800164498025 5.319428829702564 2.3768601356288355
1.1910734772348397 5.46884174939101 2.533967627604241
1.2584282552834836 5.217480768566402 2.166292307169982
0.5289378578593505 5.50644219582845 2.6457942471728124
2.1818589562626123 4.519828947499198 2.426249468432142
0.31089912714947365 4.9252168827118465 2.7306026991566674
1.7766075736034348 4.558928067718569 2.2569332889029714
0.8711553246159631 5.718486857371245 3.069609110593251
-0.3263508755486045 5.017709501904943 1.7676906780323571
1.2536466453090047 5.606301040254517 2.0690982179286057
2.0107213396822723 5.044415330326229 3.1809474301395437
-0.06558390676048562 5.246547613712921 2.81797679835313
0.7400303024595265 4.228339939174293 1.8649979169571473
1.574613288969697 4.96019680895752 2.661710268860815
0.10637110526426657 5.164830448045164 1.9607721313030155
1.6155547481910157 5.36802835684174 2.1421793473002317
-0.021631679098068648 4.911085754961282 2.7136882203861785
-0.07885540649077125 5.2741481658770875 2.8493025351294357
0.6701949259228086 5.562507296262954 2.050766588260199
1.0033204546704908 6.064239516183905 2.143268435269506
-0.12934637857125875 4.982283774572994 2.7582037273374396
0.16109559851102273 4.674969921885574 2.4728008914737454
1.366620013656236 4.157420991596279 2.1078840292497967
0.705297856047274 4.900278085808443 2.813098473177344
0.10470362292797014 4.082836574996644 1.7933034703211632
0.6269707235667259 4.684741275477957 2.6035408414484076
0.30227848358126186 5.051923804418046 3.144132210712752
0.21478894631869738 4.07851554063978 3.6310668315840533
2.313315780684792 4.78928670359198 2.6157996369091037
0.49183211099356183 5.148960276255818 2.000472993589854
0.07260086831262454 4.7083396535019455 3.3247034952526446
-0.5667092422064232 4.948374329952045 2.8628976845386633
-0.3521655686588638 5.412454315519508 2.8433345657180635
1.5579533573032542 4.16594852784874 3.2411950997052057
0.5888259760326239 5.026379477725524 2.743965141182434
-0.4395601416214893 4.575076405033794 2.3858625926352284
-0.4660835283297328 5.5131270587495305 1.955350743892924
-0.8494087324614032 4.812311077104454 1.9413902986524043
-0.4043211759848471 4.185787943400452 2.412857945083945
-0.7042552700632279 4.55939682949829 2.876680204302699
-1.4873709570060705 5.058115057297741 2.0855616392661167
-0.7130420638623451 5.165382423593699 2.4080827637050146
-1.0509532126383354 4.416079084823572 3.2306199133537
1.8025383366459933 4.606684013334595 3.120727326729953
0.04337417027755015 5.87755452832383 2.9662890631742815
-1.3887866709665793 5.311282833522394 2.034496412676516
-0.9404702189565916 4.985192812491296 2.9389005735955456
-0.3771595047767486 5.481808670193877 2.2354353684352026
-1.5124992906188823 4.877945430547229 3.327417857790914
-1.0945192056378037 6.01384332633853 2.4026011588307017
-0.14437734106012606 5.499315420451596 2.7572384589188115
-0.26647881894594455 4.623063909703481 1.5093108563362605
2.027078493007188 5.10810538861014 2.290143828632358
-0.04982524158093499 4.643046051345132 3.4745060346508914
-0.31198495214766464 4.929669951920569 2.6293139070683296
-0.7428188159821925 4.800319020781275 2.0045912020957086
0.45965125966939835 5.446114453993295 2.200251904867641
0.20528338136889526 5.071385783718398 2.4057374689653375
1.231962027996197 4.793744563332704 2.5250259397776427
0.025831657430450242 3.7243260594466063 3.1999721980385316
-0.4493561743877046 5.167433508941279 2.759336342805426
-1.6470060586163198 4.2577653188738225 2.2419084555305817
-0.16521184405246533 5.562703731334437 2.2489756651332247
-1.8531150500882188 4.369739923967175 2.6731464809272536
-1.2016495078470284 4.36498767354992 2.47798104834983
-0.28980492480989806 5.093935266693305 2.201476526314915
-0.5053389827688994 4.685430502918865 2.6342129195989474
-0.9193605719158524 5.060906937928169 3.1049457464227936
0.8365782011465253 4.841091050631169 3.642517005880297
-2.234424648906987 4.256565006663184 2.5864184988213004
-1.7045452287601943 4.823835130586553 2.6034999155121525
-3.146690010482533 5.428675229027359 2.5896750430780564
0.2093765364453162 5.678240088137648 2.5112042756240167
-2.500675496222646 5.5428287297466134 1.690822421946359
-0.21579757485416454 3.786671972419324 2.8066994163474166
-0.4250590568251506 4.626918185519158 3.271692044253015
-1.0090105921503048 5.24462273341817 2.701180534614098
-1.1867925150914802 5.050488965235041 3.1451441915596576
-0.6288612768233728 4.963743033976062 3.657173137363648
-1.3699152618869255 5.306794165446842 3.5223796006767008
-2.687537921412019 4.351897228223327 3.5416598453774486
-0.08615308304006403 4.410115413194403 2.816142811545348
-1.263169847237582 5.693156641966574 2.993880741274
-1.4571297896766413 5.733483518080262 3.028622945026899
-1.1507593222882644 4.755294244678656 2.909084397258575
-0.550444086409588 5.091572930691636 2.5163695497676217
-2.327182027774618 4.61216478145333 3.7512704039814735
0.3297453524142684 3.9217464990742212 3.074170847266013
-1.8128498379193378 4.2031151107045615 3.5790027654551624
-1.1376782018600942 4.941456212970751 3.8136519643451763
-0.6245750306360335 4.517297477200445 2.569712680019112
-0.8329791891899546 4.87513033233252 3.490987132469516
-3.4347587011798084 4.42001230828552 2.707087069747592
-2.1446426323383463 4.422708629932113 3.3627317199156277
-1.3422013780982998 4.7198536736775045 3.368989139295438
-2.2026061920597466 3.996582530999409 2.7160576719291387
-1.9852266642673948 4.8714044450670455 3.0479343659335374
-2.708125297409065 5.403445700792457 3.7180572045440066
-1.0111906814329545 5.529988510694844 3.6989158234324817
-1.7529952445947874 5.217389077474511 3.2698983657754916
-4.2368766402028495 3.664159723502713 2.7583569698457975
-0.28879685334137184 4.449649614990772 3.734829814439357
-2.657979555530944 4.608767506011577 3.65829880416287
-1.6540330472642522 4.442410162277491 3.5264756677176745
-2.191323293947397 4.311147832045823 2.882946266084643
-2.5398137724426264 4.522723390316342 3.085329384250388
-1.7428389530761834 5.029818174051709 2.6875927905971104
-1.8423040305015526 4.101840091722148 3.5200067393101975
-1.2751251502402343 4.3159849135721595 2.9763859184298886
-3.400494887771761 3.712323222690751 2.990682104512128
-2.1271262798199757 4.918648051523411 3.1055287456848175
-3.223338076247396 3.5484607196442717 3.6201752112828354
-2.629211611089141 3.8775245084777845 2.547687527171151
-1.6345719903716336 3.721557437045919 3.317894736773689
-2.573467351919766 3.3147307113384636 2.8355390680108292
-3.036669296479511 3.8965035940895802 3.97433519456752
-4.017581282597315 4.096429463400531 3.2582569035546625
-1.3989678180775105 4.649042215582296 2.988396333602709
-2.496209777189613 4.1088172994572965 3.7076010549793157
-3.115715178283006 3.6993719725423073 2.989729897893433
-2.4990262270234753 4.925538119899978 4.035915852568846
-2.9583409188091916 4.230048926417421 3.047691920616062
-3.011009817675064 3.7351242236850815 2.9246623136683887
-3.404060193463826 3.392612620979535 3.8097512376536686
-2.4856653451671407 4.2527555496400575 3.4541729694408083
-1.9532376016203128 3.4615379532663897 3.705623126353274
-2.3620760832014462 4.13901303601073 3.4704700974878113
-3.744310568808718 3.460548843238203 3.3775208513089736
-3.325524995125158 4.20054166226402 3.3747880336253493
-2.567356642224012 3.33240863393663 3.8700135766266084
-2.9528970698048367 3.977911459869783 2.4679790849323906
-4.160886620211613 2.5817550299874528 2.9832647824735226
-2.895362351078216 4.451143900179313 3.1245206471204603
-3.4634488718661327 3.762994816310109 3.413365403955179
-2.903914281076235 2.8603024073370755 4.1229945923886335
-4.081214240353836 3.458350254281096 3.1372977732778646
-3.2963190382293446 3.888761048672951 2.739118546370265
-3.292379299409951 3.62995342375053 3.969565750413744
-3.1456935589212143 3.3805253972301674 3.426100209979755
-2.735530418165758 4.01423656926559 3.6758477558871556
-3.2319773472745035 4.581041867225238 3.160674358474951
-3.152425639375956 3.9294650465974748 3.5091722910320873
-2.227847701206314 5.0093535739721275 4.264025759675161
-2.7890677022682704 5.033965128523729 3.508005208875077
-3.912511699179116 3.8665450575337075 3.621793188629928
-3.673352779881913 3.462613877717832 3.615098161101591
-3.0722398247015543 3.548031351468008 2.9771059658835544
-4.037418675912028 4.3393609745548885 4.193928807593086
-1.8846897625788457 4.5060556004178896 3.0351864287755435
-4.390642044740337 2.3104593397389577 2.930783193757894
-2.785834451648615 4.747998955201284 3.721001832074018
-4.88541573661247 2.1251630227948533 3.854579030751143
-3.4538681555629838 3.7974581758053425 3.446037573086608
-2.6108722942581992 4.818139290790974 3.086365346516004
-4.139953762930856 2.7200303488305213 4.500199380544746
-2.3983588849004507 3.931285163233177 3.9209960324839863
-3.182568757290723 3.7804463369203107 3.490402151477937
-3.9471719752053676 3.084776118039381 2.9846511124709774
-2.8785159717865114 3.7307568912843387 4.230844818872754
-3.6696618934114755 3.757551964127205 3.79685326445374
-2.510712345730599 4.252530905322748 2.654034265959489
-4.455507902963561 4.093420893259717 4.733085567746703
-3.889491937814756 3.5707770340955043 4.426686427565075
-3.4572732872415264 2.381440257216618 4.425658247697257
-2.9731636181162653 2.982112305435849 3.523679656114883
-3.5408887242014924 2.3183701459563135 3.7804548732718835
-2.9325651369999908 3.4745102559098138 3.705976181946299
-4.345365307681739 1.7370741428962002 3.9415658994052287
-4.372278867723044 3.851641915427235 3.8559582022099264
-2.7236243801542876 3.651167505956341 3.970204615434486
-3.9945701435814627 3.1817047371251674 4.3051753206805685
-3.9025611788944277 2.4215852701012897 3.140561940482944
-2.306277510039927 4.234005660490824 4.024329952307533
-4.740423984478003 2.256636963708346 3.5522935666544657
-4.2286447495515675 2.102791642847903 3.650363203720193
-3.8407770888970707 2.9407467922482247 3.308963008265767
-5.003591555109057 4.403413177020977 4.243671294285492
-5.5291769596642 2.090261156920046 4.01826179801636
-4.061077699166172 2.6272938735783393 3.9179770532791958
-2.961071982046159 3.6202433845779587 3.7200155847617618
-2.8559768528938076 4.292088642547439 4.296144608488059
-4.780004777607018 1.518156401929245 3.61886950846185
-4.625746233980976 2.6289823175222082 4.676008860142671
-4.001135006987365 1.9072256129703924 3.8509109383805495
-4.2854266080625445 2.7714714587265843 3.9041999980232336
-3.4042985073218386 5.053141385910415 2.9369520699255003
-4.571244283060508 3.478405683055708 4.823361483988418
-5.093401808579571 2.4515902963168696 3.8549862262740286
-4.696609609126589 2.801380524948852 4.179619308137612
-3.435030784958398 4.0929839188922585 3.5696962066612525
-3.708546691379043 3.0659326606727495 4.101619659074677
-4.332415582281298 2.6559526227727197 4.274078310348558
-4.699314156194368 3.5791390996157726 3.8075661383323123
-3.543595712982056 3.0489842533102727 3.738692497178671
-4.659029456372632 1.498612142765588 4.449138644399231
-3.009881003155262 2.9464399717258036 3.5248422980866154
-4.976842716618676 2.8277867865544457 3.6986518797794026
-4.399880784225451 2.199634224435948 4.225774396853292
-4.720519525355887 1.3965592936317661 4.367129402391186
-4.706707859363182 2.361714499869717 4.252570834378501
-5.767535252211344 2.317936026786379 3.1598321385749033
-2.7094478973564935 3.977766608933263 3.95102355007725
-4.084466419444112 2.610074217886371 3.926429272599918
-3.869273234597334 2.5129197401625185 4.7130738416892966
-4.64225551408791 2.387454655146722 5.420733283075243
-5.327304615614218 1.8377122801406127 4.540805051367077
-4.865406797752096 2.486535673228702 4.326358116582675
-4.80251187920265 1.3986132289400528 3.5036381779140156
-3.9670990021853214 1.6420233508793214 4.886130025233359
-4.875758690112781 1.0184114255999372 4.62952621890504
-5.284714834463863 1.9029572088645346 3.9473383479801507
-4.556567419777876 2.288579857827817 4.181885484653568
-5.428956322774555 1.445738899331635 4.003458169788812
-3.7023834597551235 3.030094317122034 4.489229206131721
-3.8139774525544863 2.3158382599949867 4.112039642851298
-4.897859354241801 0.9129716057672447 4.2113780707682755
-3.341261463485631 2.7748637907335487 4.109816102548105
-4.480675559220185 1.1693144247022091 4.37812157257177
-5.467148468192156 0.47961844075737303 4.699534715216331
-3.8596293555354406 1.6379411228930434 4.954468739927866
-4.451096519026416 0.9324540468634349 5.151431916356399
-4.518669822307981 1.9252676252162677 4.367618714010307
-3.925720967572785 1.7728533508135589 4.862978766544889
-3.117862125273563 2.4828084634762986 4.361795957712339
-4.188387038508409 0.8714408686372487 3.5645478629691083
-3.607203692787146 1.259174209066743 4.955187850045757
-4.144865588490744 0.5343241199747972 4.363536120409727
-4.174675674454041 3.332170888145151 4.1576347430303136
-4.425011193586925 1.9879451802441335 4.091748075036667
-4.048976249966118 2.026504190628574 5.147568185160629
-4.651582603562399 2.142675750461466 4.877631138619732
-4.338052311406216 2.3629774604640765 4.395726991588332
-4.543238266935459 0.18697632101268577 4.387461691202272
-4.975591504346877 1.6818675741973093 3.8665886844812603
-4.113175836446058 0.7004497690277626 4.905189625383107
-4.905798347671427 2.8911690320993277 3.992419840976728
-3.7264242442528484 2.311007517353981 4.9765406664045795
-4.5962100310108225 0.4511373398759416 4.810721216538468
-5.354136427433692 1.0586086956725802 5.449606887272141
-4.705742960959806 1.592814143395865 5.383328583580077
-4.787400612009112 0.818166340647294 3.7847989637144
-4.247642793767239 0.2128476965244978 4.404561963349172
-3.1700120040754953 1.7159834772142923 3.7928697010115817
-4.101712539968183 2.539096491980945 5.202055382834752
-5.33149103294801 0.6319887707009644 3.4677922500773746
-5.470505861614511 1.4385459189342216 4.39006663557721
-3.419097653341169 2.2400095026565543 4.788772017410815
-4.7501564566071535 0.9079318743622459 4.931189063479791
-4.606700844465993 1.3962291394677924 5.10805685004227
-5.537615013394423 1.410888576574291 5.797453521413383
-5.3005492470245 -0.4991504839358174 3.8920836551646047
-4.388860516378948 1.294813289487877 5.430110661417414
-5.060732321126308 1.7587157815577543 4.462835504349192
-6.197885797097371 0.35855078275607144 4.059623020299453
-5.2271412993885455 1.353049562487662 5.222426319380655
-3.5371422668425376 2.37926819353022 5.042358608558945
-5.540220670479363 0.9301551124806914 3.7810320122023433
-5.081394474973231 -0.3599218542002054 5.85543310824771
-4.658994387811851 2.1846126491647997 4.725460241654877
-5.264918912730199 0.25397502712204884 4.588643279394154
-4.942908331518053 -0.921895688475415 4.758448184097419
-3.281919002522616 -0.049411618326881256 4.642808872600099
-4.808808822650396 0.6942481311092489 5.369495604647853
-4.761472454719454 2.4696143110796855 4.707701806475872
-5.782493705325716 1.1469437069865487 4.437477933349613
-4.505425946750177 2.394430359141635 4.532556621590214
-3.678043471878807 2.5482543512984637 4.609447202293589
-4.817138209933281 0.7341376928364715 5.110112414670733
-5.641811272434302 -0.6015899938080386 4.623501447166747
-5.042102124167929 0.5243797761641301 5.557944887357388
-4.0637639930697755 -0.26159087684101945 5.258993868656009
-5.597759401204674 1.6824740831620912 4.743607483883757
-5.352962726341858 -1.0561614487763216 5.419235097475777
-4.925888571069754 1.3968384159868237 5.351512374003994
-4.195601386844423 -0.427054788445812 4.589579242747288
-4.8275799509841875 0.18688339900043766 4.997634747732032
-4.231773660820928 0.8302542775577401 4.946298353762524
-4.9914407652598545 -2.0752065957017964 5.060809381384599
-4.76089889970817 0.9460665528739125 3.8653624875195063
-5.436061877904946 1.0874063750759868 5.435929131797321
-4.8395078652569925 1.8593706329917838 4.749661109050196
-4.106360001769356 0.3061050445106476 5.198265727965676
-4.691126139686726 -0.6717333121572846 4.613033513072108
-4.622351658033217 0.9672609146998934 4.534652632043559
-4.306266051648429 -2.2808631003258384 5.300701587043326
-4.801636630163855 -0.2984675770961736 4.880352667411861
-5.187308935105694 -0.6658465134090207 5.176659060695142
-5.082472279254689 -2.6523666422904553 5.539770042317853
-4.4890147563984675 1.3795242478539442 5.191662093204456
-4.81260445578297 -0.42732695880924676 5.323981715187902
-5.0336031537339485 0.5048004809052002 5.441563961324169
-4.9480923264598555 1.6801695274852817 4.659019105216935
-4.813636429218113 1.0207258243309796 5.027170955185735
-4.814959785479997 -1.3093744268208751 5.869620286834604
-4.786273811285335 0.3469008282690858 5.598864257880809
-4.708048554356103 -1.411582418955349 5.387415977415358
-4.293288770359541 0.16829708927753162 6.167829762959982
-4.971414903191332 -0.3552236256781628 5.066805362470609
-5.612437053716894 -0.9972617991540857 4.881074593308296
-3.591653573675602 -1.5426915254380662 4.863620700093504
-5.771584306805268 0.00605386537074275 4.141099475580935
-4.806332233989036 0.5818422539923266 4.901478414275613
-5.025108449768418 -1.968542279828191 5.593010404338652
-4.179648940001338 -2.5271395297825294 4.643669679083564
-4.893155129927455 -1.4081081619361364 5.703343194602328
-4.594519009977181 -0.5347932939240055 5.824184389229046
-4.723441796857436 -0.38387534517955413 4.968635057000334
-5.352003978239656 -0.9996716502834019 5.653585763918957
-3.3078748193776137 -1.946362665102355 5.650038703668102
-4.763025309716636 -2.6877299647698365 5.837331065582283
-5.248190463382285 -2.3217690355423417 5.565830137951261
-3.8188810673010387 -0.8062344087386497 4.827942686533783
-4.851670841843369 -1.6413994557941354 5.395043297068672
-3.6953564254066484 -2.234529079435493 5.6845460549945
-4.363731498579571 -2.3354671376160745 4.927452167048836
-4.971260691470798 -0.47444674315161744 5.355022712579442
-5.312886896786847 -1.7967051595797379 5.797957874998599
-4.548864951836815 0.2679222056372653 4.387760762942963
-5.011037945849465 0.4435001530094228 5.319627383585068
-5.009941813491234 -1.0151921794173644 5.157580616841648
-3.889515656400082 -0.7881029120963682 5.144142662485721
-5.602978467786188 -0.1596251900146222 6.046449555618917
-5.257978499290503 -2.029442514469612 5.208486382225489
-5.509521719129927 -1.0509069670356292 4.634682490138818
-4.625903320691656 -1.5272203016986277 5.347884299363629
-5.0962449517054 -0.9597286729625304 4.749222817412509
-4.778518041619665 -2.588481376916334 6.472773713049465
-4.941680537939015 -2.4214301566545724 4.7581377914208165
-5.765622858490517 -1.0202219079462298 5.636628619178003
-4.728549776751602 -1.8827376710441055 5.709483863788537
-4.884585352803625 -2.2985522890162042 5.571767134597099
-4.20635821269 -0.5531727611663776 5.105238575371462
-4.895494784777041 -1.9700914400511846 4.722675954889474
-4.874256021757335 -0.6035555619302804 5.027003834727512
-5.346173399541234 -1.125911009456096 5.895671813977124
-4.183544307239438 -2.136574320406249 5.451652305047952
-4.936907970566891 -2.9871213627853725 5.840197990784667
-4.28048037450239 -2.614002222193628 5.555886484710385
-5.028799196429259 -1.822295770861872 4.790808735558948
-5.178612120857485 -0.8332655858090643 5.733184528754592
-4.723930646707627 -1.9548268385743455 6.480762113222771
-4.538217899561361 -2.76852552532339 5.462840389607272
-4.590410955133239 -1.5035884588277035 5.271982998506231
-4.620644199880233 -3.173544045953965 5.760501662758176
-5.033826624224762 -1.4123254057427708 5.755383051486584
-5.143604656334472 -1.7511802500909615 5.201542324653419
-5.257214530699372 -1.635202885171684 5.003928779986522
-5.362267190571657 -0.13105762071927296 5.821179140363149
-4.159629104460875 -3.139823556114891 6.21901286149651
-3.8082136909731656 -3.0327488133671445 5.454953589984568
-5.995505376395826 -1.359179208363655 6.1453632541509915
-4.987571428795033 -1.2804974825168285 5.263680232597149
-4.199725083976915 -2.59147900429311 5.132890610119485
-4.135349925122075 -2.976605766720281 5.473694182214042
-4.560113147333722 -2.1013545588373095 5.920627807590448
-4.3563826506614385 -2.1193434549024195 5.604237415917381
-5.8266485809703275 0.0214475222011537 5.32683664018103
-4.028700683149261 -2.0193174354887566 5.8991468998624965
-4.701931171962686 -2.7485038390177525 5.910330250756687
-5.3473619376134955 -1.322933311622089 5.758168646211653
-4.954503554507129 -2.6285902367732605 5.870786733352205
-4.680888371188 -3.514179648023377 6.452945781331769
-5.079992608847268 -1.6150676970999451 6.2075820474824575
-4.589914969815136 -3.268953641949172 6.040495120272372
-3.650026808750522 -2.0309154306722963 6.0603292881762805
-4.079979336747333 -2.293091947683618 5.569693150778723
-4.611935423103748 -0.9895733974006664 5.804903908005352
-4.137898785617962 -1.4797847317846973 6.38102325794561
-4.30652404186839 -2.9413156290310973 5.533938891699976
-3.857607788366867 -3.13966625427454 6.941702032138942
-3.591749349959877 -4.741486383116434 5.6524258377709
-4.122702232998952 -3.005860427573951 5.666807863784422
-3.630189950595829 -4.2807896356843065 5.2719774304153795
-3.2773874375058822 -3.129805986840288 5.48685222178946
-3.6301512028185283 -3.310446712020267 6.003773063872014
-3.9732792867169255 -3.10662205933627 6.387660204093295
-4.4056921641176885 -3.277869832833221 5.553920366263537
-4.004751866246995 -3.0699628210573766 6.337296151648962
-4.443535402502376 -2.2241824348938897 6.798795892417366
-3.0279563727427363 -4.4562608452271775 6.073640558622421
-2.284552381674614 -4.0624786328073546 6.175072293343622
-4.69203276032206 -2.9194673273599645 6.200671320050551
-3.717735934396817 -1.860682527722787 4.156631270594634
-4.837260405383976 -2.321421498800007 5.217717377089543
-4.051707488429252 -1.2163874987879189 6.432786552135077
-2.3073495987828707 -3.882384693522199 6.1172278136443365
-3.275587336805375 -3.1084751961930053 5.3113604561068595
-4.737311460259424 -1.556266605327745 5.704561007646538
-4.802548642050673 -2.6574542316446963 6.261899762136315
-4.785348949013467 -3.858103510233118 6.312960506755357
-4.839882016375511 -2.3237211246894653 6.229920361062596
-5.61737490118848 -2.808270749533281 7.07561036188407
-4.166895031957042 -3.3436219383625194 6.803483288410922
-3.0742439569663347 -2.645239867182977 5.901955550634059
-3.7818291036292413 -4.8616613402636535 6.822527900249461
-3.6860322264973098 -2.86557207610297 7.420192579939704
-4.957267844623952 -3.34087160050534 7.147555484339512
-2.2452254670326104 -4.872669013562426 6.362741503424812
-3.7090776612985734 -2.453743145041707 6.208432749262319
-2.9828088385744693 -3.6349803772176457 6.848712724257751
-4.393020172117475 -3.4935986539164694 6.393650050979938
-4.646750851400026 -2.458565225604828 6.090713515469045
-1.8633991739592806 -3.2685888330858086 6.617205576092978
-3.2816643992394816 -4.751069038164745 6.219666319416567
-2.7773413881533977 -4.221808945159807 5.122607516262384
-3.075310251245312 -3.720605786182886 5.621034567321629
-4.298007315851475 -2.594563627483297 6.9368989700970545
-3.697941432231877 -4.149422115290222 5.972645820784316
-2.506526980152086 -4.293490260170838 5.758418477091108
-2.1325893066355723 -4.167212817368911 6.632478915827748
-2.832022996332145 -3.637948248365072 7.22551074079633
-1.678360758264956 -4.080560316732773 5.97802962328453
-3.7616401217351423 -3.6634948475685083 6.9439585877855174
-3.6471208340661843 -3.5800183786606987 6.179477355054646
-2.913296388699443 -2.681290595665806 6.978424036194501
-2.926546421540796 -2.761325267927033 7.295587206164367
-3.174697129908211 -4.708400184321716 6.290647905009784
-2.8943036985313038 -3.394122796744928 6.889826084075354
-1.907403016582303 -4.817686788616141 6.970729747819497
-1.9383555295299242 -4.720091823614288 5.983004094564113
-5.284823512003814 -2.7762925783279866 6.320451616363878
-3.196979510417053 -3.519414406882577 6.75117818974724
-3.601498233873887 -3.873288664078627 6.473299445777913
-3.4391646660828408 -3.7387363316020044 5.1574816001461015
-3.5442637439872096 -4.223426149597339 6.771584552484667
-3.062627800114697 -4.873843061485558 6.351266558169023
-2.812343908642327 -3.6218166492101 6.150920868208984
-3.978880825583295 -3.605370598165041 6.698929626821134
-2.3546563561388516 -4.252756067652076 6.344367583595776
-2.642021703164552 -3.9877440419205517 6.236004223023428
-1.7419433779879243 -3.656527961712514 6.0865936768629405
-2.6835002900013065 -3.386272575619429 7.191748905290112
-1.5623119971227326 -5.356621567885885 7.082742389255889
-2.6604553156369426 -4.397869073838486 7.373877377749385
-2.1412165624006683 -4.262282795943902 6.494260330244242
-3.718542230034724 -3.278242168854624 6.862443459213197
-4.0158018330320715 -2.7854410470571462 5.1748915482412725
-3.6860187248390974 -3.945814656734708 6.67957892850582
-2.616393349780675 -5.05641827945522 6.990389452262274
-3.449894565479679 -2.5853752660240934 5.810237664322971
-2.6562072351553234 -4.533703785865797 6.015534462682333
-2.0523028889561967 -4.858254289292045 6.300665374895296
-3.631429751024884 -4.126421566094959 6.267822674644901
-2.890858876119582 -4.660790170867381 7.131601219241857
-3.293512942601038 -2.764943444019553 7.113540637557726
-2.1581744022890725 -4.650636685433448 7.0082531447679175
-3.325396558254577 -3.8205702133769788 7.12771534140505
-1.4836677665975178 -3.3048498652623257 6.75592204783297
-2.4483131839611074 -3.874461187552793 6.847490964900936
-2.957662894648417 -4.301709715868813 7.277801459115879
-2.284406103547792 -4.824554140656227 6.813838745662184
-2.443607147813434 -5.204274834638546 7.350383102593223
-2.971661523317364 -4.54389024252809 6.078279705804699
-2.692994575854734 -5.230986582107116 7.412691335431304
-1.4570375197079783 -4.337073270507992 6.65110013704246
-2.840068314444101 -3.471429518903585 7.245193625674778
-2.703604292392699 -4.320761471853806 5.8716226515855166
-2.1785602281790446 -4.214516800159984 6.944662734200029
-0.17328451322219732 -5.09181067397704 6.366987101456625
-1.758369200847291 -5.298127011158523 6.61711843870977
-3.7560731932948674 -2.703532953008077 7.050642329832249
-1.0768748698175763 -4.470266877203079 6.87089257461233
-1.659510809867867 -5.286913961109157 6.754081378969018
-2.425083695182405 -4.791973346612085 7.471844211265589
-0.3820854212192441 -5.296172647227691 6.672951118300358
-1.1215434291387638 -5.474317359106878 6.240356661394794
-0.09389631549443307 -5.610957234600117 7.044574679152547
-3.420690928087911 -3.7501376066396386 6.843073039582537
-1.9331965453091018 -3.9314477614181524 6.681239884763024
-2.1075284029749035 -4.0493207844273735 7.2509578869026825
-2.6656096792362387 -4.063178339162928 6.643426022047608
-2.648210945847291 -3.995666075847842 6.329247538450912
-1.4846180412109393 -4.389176136389354 6.68402238553403
-3.3262191080347407 -2.849637099538237 8.044118459213287
-1.0716392009087496 -5.157151177449014 7.109599545312743
-2.9926385614072477 -5.131767839054763 5.967964005029987
-0.9100846120495846 -5.106068796437526 7.219471282581802
-2.2779440878467785 -5.004140154066674 6.964650340638818
-0.7306668350210016 -3.945583210566032 7.186099807314194
-3.053148230547656 -3.379338256870585 7.864478222807057
-1.3589199162512107 -3.4932816605321415 7.048721086894888
-1.13583456916229 -4.7009171600959 6.62155945091296
-1.3252216451995302 -5.194430051750906 7.830213295773848
-1.2579175352361525 -4.230118866590383 7.214359235672025
-1.0475967148529217 -4.2108385009493325 7.131445055262181
0.12251049867249517 -4.762207947326897 6.753866884683515
-1.201479813227316 -4.699697863453097 6.974469020982516
-2.469797331403419 -5.600198376871979 7.147160020993422
-2.4589392393827554 -4.892131403967076 7.572255145502073
-2.0536953639419417 -4.0251248142861185 7.338724916647725
-2.084309385524165 -3.711409629643753 7.686599995017402
-0.7715811020924525 -5.356713539306465 7.039934585079592
-1.2106518617026907 -4.865026594362121 7.765017673521988
-3.582372124190362 -3.7131339636222376 7.026387572349531
-0.6555844270361139 -5.119089721150131 7.4327722087399675
0.07306003555429265 -5.054926341912602 7.262844309979447
-0.5361579032568915 -5.650585684427854 7.324158901023554
-1.2751508556771622 -4.226438976932419 7.576816579987012
-3.392199743328289 -3.5528849324601577 6.616745306711653
-1.7448513924564295 -4.096503485646164 7.516668430703429
-1.6341738571603777 -5.151580103770047 7.22193429858089
-0.925427233577375 -4.305112055414929 7.6461543213918945
-1.567910610721752 -5.223569386827206 6.9887961671420795
1.4504930460333507 -4.387072804200315 7.973189392911451
-2.133096621298051 -5.000668765600219 8.031863149406494
-1.1717077630289021 -4.677679468902532 7.1053632368449335
-2.1144021954032897 -3.8164307451806607 7.284632100550293
0.4445746771299166 -5.181485446107317 8.106713092882744
-0.424800200487103 -4.6339411139836955 8.252308490509275
1.604065070063738 -5.452055705311629 6.895277397309028
-0.5920493606084416 -4.9648489197718195 7.967348196622822
0.04936786273308226 -4.485912288972079 7.310595327632861
-1.4584475939141885 -4.505679395158438 7.781717538848201
-0.35216181354097054 -4.630954872479254 6.822735732398549
0.4385003071568759 -4.783969037636185 6.897372470105328
-0.764887511265836 -4.192164121659609 7.319357574316419
-2.3667456931460746 -4.104701327597614 7.773115682715156
-1.8913322541450996 -4.085927483764526 7.984100619457096
-0.4157414936953868 -4.590110538515682 7.507806802024044
0.3104409499546716 -5.268899827091199 7.298480979966773
0.9356400567941439 -6.241203793791471 7.353500261591733
-1.06991479661273 -4.135987277229548 8.145406971172907
-0.2174087679502884 -4.277941952219723 7.115392674464414
0.4653159556402391 -4.495621252291997 7.1869687968878315
-0.1962972206405502 -5.810745905891779 8.337210413547027
0.44407474991983464 -4.293560605114961 7.9189478791799495
-0.8324782052906846 -4.57227376159815 7.371388179488078
-0.9671635469436716 -5.2751421402201455 7.401951280667016
-1.0648280228407887 -4.730394124933263 8.003389876325718
-0.6844915864554524 -5.304170726818065 6.614841538570497
0.5605425368710489 -4.56987746987635 7.222888193211211
0.7545922660175839 -4.602361327677878 7.17716714164522
-0.5654077282062168 -4.633468593922708 7.715977686870499
2.3968301987225855 -3.859143224974803 7.798153195408034
-0.04462387778065864 -4.876501501717094 7.6980026809744055
-0.5960573285302795 -4.792993233961468 7.469074259403435
0.3923923839442381 -5.144600176701456 7.950048227480871
0.22286106837176195 -5.216381080813687 7.219873771111522
-1.0077433318979856 -5.229396332473483 7.036725162604757
1.3873150020804692 -5.523032044042909 7.208831565384594
0.7351511456307859 -4.752599984667809 7.670689666458749
-1.1764176459867164 -5.476347963819762 7.4000531425994485
1.228616644587294 -4.879000933818519 7.486901533407338
0.07189795078865344 -4.622913435813771 7.5535884414128365
1.7640256921450728 -4.443115957839415 7.662800671786064
0.04131537694891473 -5.130060522295638 7.7801314571197695
-1.9279085458699878 -4.243728461656354 7.091387154556951
0.14073663417385196 -4.270178678824911 7.326974100905243
-0.6128769801988798 -5.544278105016744 7.722921341640941
-1.2958526394833945 -5.782176340332416 7.923895596944512
1.2308075353209524 -4.664090746703228 7.851101908790234
0.3733746900011268 -6.246909266872063 6.784500805274709
2.697291474728057 -4.728918206491211 8.221285555982151
1.4323354061605809 -4.358259154532229 7.620490817217885
0.29510859959452945 -4.899260731274762 7.318992993904925
0.794265875720936 -5.216177625029322 7.602200149830562
1.5920217694072238 -5.771294179409434 7.796143916840244
0.5781322355286013 -4.216263216598381 7.015820799990628
0.8450184182491279 -5.181143811149408 6.8882169134461515
0.9364381991129155 -4.1205710014565184 7.969114379842689
1.417798252157517 -4.041590802026593 7.275934983349902
1.4311451282833916 -5.3172274888150355 7.467721428202287
1.5853956533621736 -5.5315834180014924 8.226490506405835
2.1890851969694363 -4.076983722321712 7.719943494335451
1.0478212511650138 -4.5061531278966775 8.7911184050093
-0.6428384963369947 -5.416814169354036 7.9892418959276235
0.5822980677623709 -4.5789941187885645 8.408598890381148
1.8955826422645383 -5.385190785907019 7.399597515781412
1.0054126031954311 -5.218054239093598 7.194618913392693
2.1634097400589996 -4.873827639262676 7.213494329950311
0.7986222035616045 -5.877463197790511 7.6533219571204825
0.13998267429356975 -4.386918363799036 8.217273550478012
1.1157002374534328 -4.745497026240121 6.660603917354633
1.2959794465585295 -5.221852232024375 8.17513177105952
1.4583415311554555 -5.339264563699971 7.573015057807303
3.808094023438329 -3.7934961474213633 7.79576252352925
0.7707344867111189 -5.433910868814069 7.767052951712157
-0.1633108401886968 -4.184372743538331 8.106858723871508
-0.12150738951698127 -4.977319021251405 7.561101236767189
-0.5353312654226561 -5.535817808884823 7.413648545812961
0.7746347765109775 -4.8414460542786815 7.789505091947078
3.263887398985608 -3.4976550911115725 7.843245454223317
3.412711514631056 -3.289003969851755 6.86886719538294
1.7842107950480086 -5.6443822889798705 8.181781819569016
1.8708116639429233 -4.022965356772955 8.61467474330743
3.045818127236732 -4.75435814952179 8.3213998291504
-0.672869138146512 -5.212539933863087 7.9720815886821015
-0.6407548045941699 -4.66874048456106 8.080208956040835
2.0041832455278263 -6.220446276794315 7.710456622677524
2.582249331492816 -4.863988371994785 8.972977258164489
2.244426384491545 -4.065187295143616 8.664889453028076
1.7290567733012634 -4.937055820428597 8.248286191167699
1.2966503866344312 -5.55934820361089 8.338197683067717
2.896697340177095 -4.419073370883372 8.48635658959662
3.6288111687330225 -3.8672510717922566 8.609732192436383
1.425813496029124 -4.034445312035611 8.29836873502982
3.8134785481012186 -3.914986336087886 8.048238482776343
1.8065758733903312 -4.732667230652551 7.93346124423092
1.6125395961538265 -5.30945935732208 7.947702990208155
2.219390550233786 -4.694782814079736 8.603570674216547
2.710349052621336 -4.3788165551895455 9.280946423387109
2.273207913017684 -3.46419234944516 8.182994976682316
1.018834030939643 -5.177630065197918 7.626878042020642
2.3335407825863914 -4.104413043115528 8.774899969653543
1.5952225520553254 -4.326625246956608 8.634799668404463
0.04439755523998788 -4.893787775956853 7.938047601664671
2.5838271886287663 -3.6524433161431538 8.605196075129744
0.960842927742061 -5.516913232799046 9.156403452956074
3.5560585099232864 -4.370259926179887 7.956044668755755
3.9394467642809547 -4.255031082842717 9.257367797522054
4.116979857296616 -3.0353474953906474 8.808712714402079
1.5818922181766422 -4.713078378751763 7.791137009274864
1.8664323743645461 -4.35118844711353 8.113772238788952
2.5153417945355807 -3.73994981752887 7.890631092783117
2.5487081595301744 -3.888499997668864 8.891596699235393
2.5736757494503304 -4.827005913252177 9.611114461694257
3.0291900263482097 -3.3532341406310726 8.043614096751947
3.5614811341271944 -3.702931117157951 8.318918734227749
2.5958135515851795 -4.40633491549859 7.972661000367467
1.8342453452345493 -3.4364850417714106 7.804823975681289
2.5943011757868355 -4.064498894642357 8.501202025324245
3.003602074180766 -3.558314664836691 9.007775185187812
2.8671537893867534 -4.758365406417841 8.005817221728897
3.8119846466230514 -3.342528095023982 8.006338546031312
1.6289245345111494 -4.191755047404059 7.944520186725379
3.650629666091789 -4.077861453547395 8.187097360153599
3.250643403026545 -3.9532690186959534 8.75656505043414
1.5745933872483941 -4.869756319441524 8.099782676934122
3.2457742706463226 -3.7975607706513905 9.107569802080178
1.9606775456575283 -3.8883213364409013 7.702902134911591
2.7903713419362832 -2.630026315332959 9.396832015168192
2.8336817401146095 -3.2860000856385634 8.437865157541122
2.740442253785335 -3.471476960896636 8.182855508953592
1.9869433896303432 -4.677043354339603 8.613792214594687
3.4947320214368407 -4.5905884808000925 7.715927430318865
2.741261980839599 -4.312976337233263 8.787774825086995
3.404225374810588 -3.008749902532166 8.460759064471587
3.5431176078998674 -4.806964220857281 8.462642341935593
2.3755816641121057 -4.100385063184467 8.332506736538786
2.910955121065492 -4.094044818224189 9.054942349222735
3.8928723705290382 -3.65504165969503 8.21635255001453
3.3576551030173185 -3.3583542419854586 8.310874449580151
2.951369020463294 -4.723292614862152 8.513113279015892
1.9479242419837468 -4.184660888762553 8.757372444451729
3.1583344373805127 -3.648090320088212 9.58938492514657
3.760545155348308 -3.4945916803652106 8.943218452494955
2.5454591294856 -3.760238145676284 8.45524374300669
4.516937460733151 -4.302398956381881 8.008454891716752
2.5422465275568724 -4.289166489519516 7.538355547794568
4.526427470937825 -2.572121943276813 8.663475312477964
1.4917289027030027 -4.6589277507188624 8.275229166166465
3.299873420769416 -3.599739304424122 7.8128754946476455
4.016264730143936 -2.746168485338643 8.971285456676721
4.622080529846362 -3.6815062583136613 8.833313153686285
3.773758491587919 -2.7761733121506156 8.943690597645515
2.300382689047907 -4.36713218947435 8.704509596224174
4.591528982031402 -2.911609120908885 9.312669220335048
3.531106450277046 -3.3525642976621643 8.104998275573728
3.86444467706386 -4.733666989711535 8.822034118916783
2.7293086534243813 -3.349882940165572 9.186928978488769
3.468246647609327 -3.4633833614176783 10.015491052356396
3.015628906969058 -3.1895432334243243 9.235191796568595
3.6887634478390834 -4.3299952566034206 8.478369602511288
3.2297388850664666 -3.273813858025981 10.227134542936529
2.197736304513157 -4.784599238952365 9.700070358824163
3.4524956233373607 -3.645640106025351 9.72101479694954
3.6840964902259543 -2.97531806523159 9.981053453493997
4.226394320656673 -2.7083633597376235 9.078691065271832
5.067592319761394 -2.259394031499333 8.627087587987653
3.6064597900949016 -3.5758474500964534 8.738416272520823
4.21683402413268 -3.054535035359447 8.797896653213154
4.495579445507368 -2.383085167187163 8.885409794938344
5.48244396492356 -0.7713658216405548 8.440850785131033
3.29592349347195 -4.191301143801425 8.927915463232452
3.9962097071597995 -3.0509165930083326 8.786121305898256
3.6182781258086014 -3.4905731370891453 9.018329656116817
3.9196639610790434 -2.810699284193059 8.911979444419906
3.354276419063282 -3.3983069350735073 8.997476866734711
4.003887960338047 -2.245366967413367 8.670496471136914
4.803703890097791 -2.5115802875737168 8.716471457271435
4.4050053145313 -2.869254143707451 8.996797766781196
4.199984906755847 -1.3355548206520647 8.639962874622896
3.6266257525681893 -4.0173169689751385 9.03629253813806
4.07868032221321 -2.897143816140488 8.174296520340878
3.8757497302487067 -1.9225113600108539 9.04005422285619
4.233716840348599 -3.146716753761924 8.594096621811758
2.6238896896820183 -4.1180923699108165 8.85098967867303
5.026046768414973 -2.87119937791219 8.465942232597742
5.1125998648172954 -2.408392571293551 9.590210965550849
4.934909928370314 -2.1061070184828234 8.779305284666135
4.906871347980835 -1.1596802255718408 8.83473357096825
3.3081837943068577 -3.187268711164958 9.41229120808971
3.4758324789730954 -3.2793228119985356 8.976607747407707
4.363996739999849 -3.112295393195078 9.239764342138455
3.940608538881601 -3.0872572583747693 8.418762410982952
4.065773370766627 -1.811452556681894 7.868444642659761
3.9351108420053236 -1.5019590253464552 9.15661627867293
2.967050686649096 -3.5648410173862812 8.623797127642767
4.2068503720889945 -2.550179177810361 8.724290939961614
3.5554305372335238 -2.2017874013921612 9.495411311773172
4.743377386276503 -2.4221957112522996 8.864695163666989
4.793794829733618 -1.6991995045817365 9.63807262305832
4.316267403177809 -3.6149417174314373 9.514931582708614
4.652678766475167 -1.8774974853100055 9.427585471896059
3.8680924051224785 -3.831212802702853 9.02944762101659
4.794609246802275 -2.1140872766162015 9.484466915367145
3.722211733003858 -2.9359770961422273 9.935819279610243
6.00176452616994 -0.34956559014084126 9.073703101352491
3.609703369129585 -1.9517448733007783 9.468632700415993
4.51377756778174 -1.1041832786633474 9.652969871548148
4.668621042505858 -2.05713427646843 10.079174060354044
3.6875877745003103 -1.4989908915145684 9.211224954553941
3.6688509597481374 -1.851311473915902 8.772597281166023
4.315698669997754 -2.889002957558509 9.078945313041526
4.291087396122221 -2.1402750477297405 9.258535896760586
4.631413572253193 -1.4662452606029457 8.676733061772106
4.4060005888179115 -2.4965715548996994 8.682777505869632
4.273309386463914 -2.689172337531 9.824682768813716
3.368746195890457 -4.533124445806623 9.2048676891362
4.629892033362019 -1.2614794481926477 10.034096949391346
4.36968528581977 -0.07206272249729581 8.877882003133273
4.127568190402657 -3.213028344375119 9.494119212129414
4.714416564233161 -0.23983949762424434 9.667456132966233
5.0845505265564634 -2.3321849958502625 9.197291406519176
5.167463352116408 -1.6038887391738479 10.109180383858217
4.763287291239503 -2.870638168483169 9.414244856204393
4.90457205996184 -1.7702102003282505 10.518320442728026
4.345718019322096 -2.029373210496625 9.189113999767514
4.158842257654098 -1.6543970200672413 8.857412313753725
4.586437872724244 -1.2441100059147399 8.38386811882054
4.1284033961919455 -0.7724157041547857 9.484442848581894
3.4497021448527123 -2.6661497837371693 9.025632884901997
5.194563961358744 -1.6198288895213595 10.115500687276837
2.1640888274212786 -3.980761737711159 9.34240070849548
4.009516074801357 -3.7495587909924675 9.865478719995995
5.260167977692528 -2.290104837269293 9.983580513652651
4.978373628685025 -2.000635269614228 7.931679714129252
5.087939742241634 -0.10077761978214524 9.330176226201862
5.868299492025461 0.009402622833846994 9.249155290736747
5.241747344008717 -0.9736265810657913 9.45619065112916
4.062624063756461 -1.5781533423585505 9.4430770859246
4.929325763210783 -0.6436929723228282 9.592776547010173
3.9710368676194308 -1.3759891767607748 10.382445062533183
3.7901363090757467 -0.37434752118518705 8.92371896695134
4.356304914541751 -1.852899126634474 10.111690805501754
5.243008610151876 -0.7433448344635827 9.743737184300402
5.817931918098156 -0.7531219553935455 9.215008922782236
5.823935809351388 -1.5957741954593183 9.46568606516733
5.796344811708896 -0.6102030979143512 9.431249278352348
4.331075176992946 -0.4666437676916785 8.951498409978676
5.003677246088544 -0.7327718784873207 9.874666164887417
4.532254180560611 -2.091534341291229 8.848548560636955
4.64104736992735 1.2328029116196904 9.052345629573624
4.511008848659691 -0.3250581928252472 9.536176858380614
5.633517794577887 -0.6861912226449368 9.666993719545424
4.933680563212704 -1.9750414642066147 9.173896860866327
5.217411626107808 -0.4582781266188982 8.900015834608897
3.9685017934753355 -2.7474627865778993 9.83448398943267
4.680938184973443 0.8749904366608481 9.612640354445894
4.202403378662643 -1.74432267164943 9.822934322421117
4.924306268755948 -0.3886878347688385 10.054174440206221
3.6211242431344255 -1.548492920835255 10.53768569991159
5.633540529252 -0.024972146347043114 10.138428253005902
4.240051564680473 -1.6342067718445024 9.549716568711718
4.386041931371866 -2.3603619431851226 9.458092598243093
4.971816836080513 -1.2064477683822603 9.839808528735764
4.546845986950062 -1.3593535535503085 9.816460136488843
5.707718368010693 -0.1954826506488854 9.349501375397024
4.807015334509629 -1.1319196464948462 9.931171453712999
4.518887359935168 -1.4713410353700018 9.674055695371264
5.455155250060407 -2.1415376481439314 10.011738099909827
4.926329745195612 -0.7357500305972501 10.68230466730029
5.5167865360076735 -1.1082501094696127 9.559551257432693
4.626870662607327 -0.06624703472508453 10.216915346213046
4.796140774586437 0.6672568217847943 9.795790929525154
4.232572735456727 -1.7082165676244305 10.615433200987827
5.181060338942403 1.3076495868970894 9.875145749952365
5.114599594801684 -0.5956532834208466 10.31978809964654
4.585704784385134 -1.7549842990829396 9.483145069488547
5.836452600909491 0.329790602009468 10.829819012815872
4.628176034549738 0.21008309130522518 10.29435150370476
5.52580994857584 -0.6431171145715316 10.157190556278932
4.566714480492152 0.41755550337131875 9.983115526538727
