3.9011733900676226 -0.09137747547092988 -0.02138604670812916
4.52475212890356 1.4397957355350837 -0.5263837776283281
4.795660370743833 1.7385743568320968 -0.8530701321469515
5.123041852654397 0.4787685545795175 -0.8923851037399378
4.844606998007744 -0.0467382593714569 0.009081401247009891
4.9761275414316355 0.29636268255105636 0.2926594829460509
4.142145583252729 -0.20897755539860652 -0.3250080709544013
5.753370315167322 1.3582838269345967 -0.15717058319894392
4.643950869360523 0.3349712586068322 -1.1383152818325837
5.328987063579751 0.7979187127198153 -0.2185065643903283
4.132394616895166 0.5852889297485951 0.5819626988440889
3.983204600077904 -0.07710484593636395 -0.25077201076740524
5.079550909169827 -1.464902611800422 0.09249399094252182
5.877495730527856 0.09905879197544133 0.6407844699093954
4.62210594566351 0.2814278594283775 0.18263645073885337
4.787895305053947 0.7102794884583868 0.9124850026360897
4.963522284125007 0.1268488263649159 0.3430074757340864
4.816590814165563 0.7836481064139266 0.8018610332559724
6.12789439056209 -0.5312084572212825 0.11038420049557277
4.96598807282876 0.18803465207257528 -0.5974048059182175
5.853862738280535 -0.8532043019528724 0.0709109321272631
4.856185717631977 0.8159614638184164 -0.049444404546855225
4.746502289089343 0.7971411766752391 -0.689230320135488
4.090085771119128 2.1890992558468367 0.26114955917574223
5.257023141819216 0.7809029314715284 -0.423268870569131
5.655267075843473 -0.326010331368338 0.985340315057926
5.430172145407219 1.9919649643698836 0.04065272102142911
3.200802359864242 2.138654768888817 0.047332092550313676
4.885557863508229 0.8003837017887523 0.3373710380378043
6.057855109637668 0.8846676194509483 -0.7747552077009445
4.972457906434745 0.009156138101271461 -0.22542516949565056
4.849841787117488 0.1127749180198616 0.21172265182702016
4.504751148391105 0.06312692608266525 -0.5274466238511746
4.500150979203097 -0.25864421045661135 -0.36039915918007875
4.6761650400388755 0.12638680508272912 0.6274635261443613
5.242912452972766 1.9348666268206722 0.059482934655326
5.298792701172665 2.048406832215175 0.24530656444996288
4.314159929561442 0.7884960938316901 -0.2197945084775399
4.32539659820021 1.2535845200604467 0.8574157791310155
4.5164498797535195 1.093262870097964 -0.3134046688028219
4.352735078289768 0.5377280701039258 0.6036930050565154
4.745926856491767 0.9005562743508226 0.6584285741688938
4.881079603025771 1.7330836782814607 0.6961412315522618
5.200207403255562 2.597293849720195 -0.8663029188938491
5.303244615761209 2.1547628460540165 0.6204029205682292
4.040239210684242 3.307940506436707 0.6793428398434275
4.472270220139074 0.967019882442686 0.4515869119253648
4.374927625389016 1.8874792503228717 0.4690221543608185
5.267111239059603 1.2183429377707773 -0.2600098585368732
4.904577021819921 1.4432917986009666 -0.5721690618901976
4.683239631045556 1.1306845601422204 1.020696926168474
4.783890473205453 0.7792278250710808 0.5461320062906895
4.109920635017423 2.813923369450602 1.4171053339873145
4.918628275083504 -0.008773642736188931 0.8146741193223725
4.904320210571582 1.0150442350144353 0.5879369177087732
4.623400271170538 2.5780403963572707 1.013815552880164
4.65306954892229 2.3611755135940156 0.24138989455489834
4.412795361630081 2.8643829633603675 1.467425570305398
4.643122183370076 3.1869187734977706 0.4253840333881686
4.894905920899775 2.415434942083383 0.7132210623611204
2.8235536244328805 3.546117240811476 0.44489177732219587
3.8410458284022004 1.5813112841032033 0.9353125526022781
5.342112209657474 1.1290783953659824 0.11142922382012588
4.588694347232294 -0.6415366013261505 1.1956465268485377
4.97249014073959 1.6199366613450124 1.0566036242039636
3.980588741721811 3.6219130023801465 0.8414699319603361
3.751562624198116 3.4968757513459763 1.1771176989040204
4.0853170155575915 2.7030904553486863 1.1989535663352642
4.29178136843788 2.126503555305873 0.276034584748479
5.146949795253582 1.3157679026126752 -0.23023894752329055
3.012375044960242 3.4172645654590195 1.1950351261084946
4.31893864869994 2.796296061072791 -0.14424671722389815
4.089004096128852 1.7420426749734286 0.4779250150085291
4.19180396128404 3.4020162920719152 1.148014326551007
4.861404192175908 0.8007587349542726 1.1974263382103272
4.348537002797389 2.519717116751345 0.8216315038466789
4.86267922353985 0.9284323239621416 0.7666060659818722
4.419830273929063 3.2193071904743173 1.376144892175653
4.59310981196376 0.5890059450661814 0.6969021069189226
3.5410303232203244 2.6141309383910802 1.333452078862401
4.964524241502201 0.5799873213258722 0.669360005049445
4.93401786557915 2.190745908150995 0.7373744404575947
4.752420175426826 2.8891043502001845 0.8099329451350378
4.218082316243561 2.7089070846290606 1.2359180773473084
3.4416048980426255 2.6413533810603673 1.0614367134992289
4.80648311352089 2.38132618654219 0.5017819621978246
3.8125727255477884 3.2442392613930537 1.204327427721409
4.1967062560101756 3.1200473927523285 1.092876614044331
3.6726001302662032 3.5997232152500667 0.43591038787636077
4.2002504690444 1.979857999322587 -0.37939237113888225
3.369892394878476 2.4907436904888036 0.7484384293997368
3.468232994380763 4.1416739843315 0.6561824263795066
3.7855321923118095 2.0535722769852254 1.7376680774697706
3.8293396619299633 2.4684606155412294 1.3424070716616021
4.601223825218229 0.8852765712028164 0.8507616910966437
4.917434431617438 2.0624481539013106 1.0713787000317219
3.8360054886698514 3.411909048678519 1.2321537568634608
4.4050803394571645 2.1342658339689216 0.7437193067247864
4.586475620072302 2.0613744411606736 0.3607283152184846
4.8015725621755845 2.3414407259435435 1.4747518657481478
4.005687759814589 2.749083473937127 1.5657526283038437
4.364927694116485 3.227685101974568 1.137527610895669
3.58769224705029 3.9340779525004668 1.332261815777345
3.609598295731467 5.052399421406358 1.1359733557726255
4.481035772897929 2.1327500297426756 -0.2548453863180302
4.672642395140563 0.6301760025982525 1.408633194549878
2.8460464231811042 3.457496432092858 0.9757205414053621
5.104732739327946 1.204321541265685 0.8575910727089339
2.7376082357892377 4.454929501185298 1.064311077790063
3.3731313255885365 2.2590749006310213 0.8793993475373467
2.240891661521957 4.1559910932942685 0.5370512275371027
4.134120973204099 2.6715916114301046 0.9991108940477612
3.7113427452341337 3.2007353737599655 1.9633425415943326
4.462505556685063 3.6964757834841464 1.0028236575273237
4.300703556789476 1.5818483437320878 1.2807277294376094
4.320874525275755 1.540138958485623 0.6697517813877567
2.765568605513874 3.778150543900612 0.5252358154491051
3.8424249306142864 3.1063915264183644 1.3564015174084385
3.751561865479089 3.2630122026780093 1.4447424702282272
3.963749241539802 4.279350223704171 0.953842242977021
2.6356032237698925 3.7119927610203423 1.164653663179326
3.8585551368990925 2.360972552162896 0.9734766385909619
3.9391771209207294 3.3937138901542174 0.9530523224619778
3.937104351651353 2.3633867996489673 1.932814984111355
2.8391756799268535 4.495279638364427 1.4736114547897505
3.3838324603013334 2.840683386495825 1.2933813272014825
4.691994556919816 2.4012378289608085 0.3493553275834814
3.8555669697486983 2.158939289076427 0.574575693564337
3.334765275760247 3.8485249584184102 1.4017920209627788
4.248853082948991 3.51986157500246 0.8496872793257473
3.6459832371269956 4.428712916790692 1.5706900350463504
3.6628638754889495 4.248565073988191 0.4397316209960498
3.5846261489148117 3.417351883144991 1.6682339315878054
2.0501635566522536 3.7147833405735606 0.3254035363916299
3.140202906675164 4.110030400060577 1.3675031485563889
3.5020963735693553 4.459144988200301 1.3354173010828672
3.662354972992796 3.156845075566826 0.7947870797612355
2.3234098736826065 4.373198012310592 1.175942210283814
3.2856585784422747 4.2030383343335815 1.0266385915849867
3.498314477218863 4.421563161164401 1.1953627273397398
3.15495331184396 3.7631909508020165 1.361034911956056
4.069404736402736 3.483824151884546 1.7795403694204994
2.6047354525539044 4.385251458330223 1.3468885301266775
4.960146684458078 2.0733815483140554 1.6798535292671914
2.74825285130711 3.8991988534761663 1.4859248847023672
2.159091872633267 4.18450165915813 1.46111770391353
3.2237380537810565 3.591676861204936 1.5273634489980898
4.099391760140798 4.027670506051679 2.21863688600163
2.2824727749439853 3.8017026535873497 0.9974804031805495
3.185225894840034 3.6576838383879404 0.8756943180141846
3.5359700421189895 4.194686553971117 2.0772859212116286
2.783377337870401 4.242211907086234 1.724367181066899
3.9220189977839657 3.967323417947425 1.6771259952296869
2.7871181423744855 4.660899680913002 1.598987930312885
3.9505204341032134 3.7685356306576194 1.1741708836329057
2.9800863871984182 4.459781848808208 0.8399709343602771
2.214386820418754 4.397862541581257 0.7690287254345453
4.70891877840511 3.3764352082262308 1.7008999598150494
4.142515364251824 3.123028605251511 1.9360641742351263
4.053662325031066 4.127203317144574 1.2563472987868596
4.492848138742719 4.2049157317994625 1.179566016541809
2.7359051135057886 5.220983745800074 1.020481814831175
1.646339765951734 3.6867360295694414 2.1896101816519113
3.225800297101588 4.5418722787974 1.3081865369749621
1.8839537612340036 3.9928494574819284 1.0801729820447297
1.2596434146962945 4.702654963436908 2.6955423161356764
3.3147511821623055 2.9754954845612565 1.2624263290937274
2.8145492794109126 3.9112733871792047 2.1734757453875972
2.914455414225156 3.814082989820888 1.7439038019348339
4.073209366321913 2.584152138281796 1.946718632323015
2.747806697625315 4.589188165419955 1.6322517443153586
2.7100584634296974 4.395890498051188 2.1651975673921693
3.4368585138773713 4.059149357581015 2.0071940099294574
1.6759389874985937 4.609049379371702 1.6810280188031703
2.221867075070325 4.44089430951964 1.7669168785697138
2.390868411940035 3.7813871833544366 2.4412544553207427
2.5314258888012393 4.229352491477634 2.0736509684785793
2.584506250820677 4.199236985147349 1.0979698891789536
2.5756552194002897 4.846138921454345 1.7160221771331439
1.0470763637694185 4.811995613503006 1.4493924136360086
1.478272169086694 3.642156071831756 1.7800229527772484
2.8153198612749515 4.735113407671379 1.3144676079862563
1.4509223554567414 4.8694206842619145 1.6433696923941206
2.9833188493878646 5.201446093045826 2.317337352540248
1.6016939611495584 4.9001436638480715 1.9567609097938858
1.5051466523664774 4.7078612303608285 1.096414206010112
2.5492164499899768 4.3154358460226865 2.123684763039409
3.032758693368596 3.619112874833157 1.6598554768385492
1.905134833922484 5.435372064200631 2.350816193744405
3.311936375373748 4.196239365757577 3.0337103555098697
1.751614299058462 5.11191358501211 1.5193964324825486
2.5123037030317312 4.370496722571943 2.473979597445979
2.170162057635315 4.612862314800978 1.7858742325815382
0.6661090326548552 4.147101585501541 1.925520920956311
1.8293511094957082 5.037022855031104 2.3680734448383047
0.8095979062970123 4.328541006438527 1.263201198821955
1.4125945710680385 4.901451443810257 2.1145591941459694
1.433736536577781 4.8922339381763535 2.2155362688574503
-0.16109091024057617 5.271327184610569 2.2753589152280744
0.6209787345017443 5.516427545898812 1.8407819582728593
0.9291281461467483 4.717257490366113 1.937050919428513
2.2651344699513034 4.993181245665448 2.3737304020969945
2.2831854055414764 4.555175676055574 2.6897979992241794
0.7155331568814713 4.338005122954362 1.6328159224468533
1.1526889178135853 4.1785624553462855 1.8353509022380816
1.0606958425573423 4.490662889223003 2.0019233511957535
2.890405151456955 3.7573169166956113 1.4505920627571527
0.6674431228495047 4.2294124388795575 2.6156366591675995
0.85266811830763 5.1359868073184325 2.2834662538015738
0.7983455551793636 5.471845525215766 2.5357864969414585
1.4948113066442221 5.37209341356542 0.7778785179902403
-0.1930337951546478 4.931271663241414 1.1317245812585277
0.015903582436586485 4.223861534415011 2.744697942513911
-0.425471720386706 5.167772557043735 1.9708500038869345
-0.7210145318240874 4.554061654808453 1.8997582812376839
0.8741587776676206 4.386687919736226 2.912154356005568
1.2482136236838886 5.086960690441659 2.454620034697115
2.3586521315584767 4.1508664066638 1.820780992328991
2.26804087518648 4.438111175902009 2.9905986754127176
1.281616736880668 5.267197214861661 2.858776091567382
0.1980912992307145 4.5234880963713024 2.3817870882354293
2.1227817399360593 5.095045772472281 1.8867449110436896
3.2676030427233376 3.890475026167076 1.8075207939146387
0.24065120733993384 4.090300626554465 2.207057644187579
1.9209761462380235 4.6253767947679485 2.15255396167415
2.172828098353098 4.837993693521754 2.723867661739275
-0.46588777152976985 4.730281621593739 2.281336012532086
-0.5194781753342286 5.176052076241231 2.2132853861590656
-1.0013302945773417 4.632574144069944 2.7718387318626414
1.0614725849341877 4.782239873558109 1.605498997932688
0.8160166239034101 4.26197456419033 2.184605464330829
0.674413552328516 5.196654140433524 2.479167944009193
-0.4352547226750963 4.088113078814911 1.6992305513006287
1.343125756376027 5.071467970680426 1.833042782945447
1.2938257147931616 4.3807472022748355 2.1417847773981777
0.5433071607475578 4.746144803755161 1.603911178074705
0.9323952484431197 4.514889843508107 2.1239117108649967
1.0938084425388042 4.626202379228448 2.367661934735633
0.7435468198009163 4.350037673709366 1.6639825850783665
0.4614052537807702 4.1111239379204845 2.189171737631734
0.20742873241624152 5.01369555835449 2.4040610583383826
-0.8340807460173927 4.900859477742297 2.415790318519312
0.8172190138867089 4.742614304418683 2.666619329570789
-0.1443865969480891 4.37906762519786 2.817823896977721
0.6495001233365579 4.990163479470196 2.3774473817156165
0.6300676929864926 5.751073742317091 2.1071534330618316
-0.39574425205045316 5.723668192055232 2.0823635217309358
0.9087946438912037 5.2187056483594265 2.1662156980053133
0.593305023395197 4.985488031781534 2.389904017616386
-0.614569535632237 4.582101067632971 1.7776995903680874
0.7745993447951335 5.323973357893248 3.2777689255403994
-1.9617248803648017 3.7945905923109566 2.74012862103449
-1.9359051966981626 4.9979553649215385 2.88482644324128
-0.19799426683734941 4.147959318161057 1.9002548608078311
1.091362677814596 4.702808150312333 2.5169889745839433
-1.0856187851447527 5.273229381807448 3.7866423698059783
-1.4648890423556324 3.9837342919654577 2.1173900932147482
0.030374574122140063 4.8262145080769505 2.869477233707328
-1.0044943872775456 5.366932052123296 2.688546709709851
1.852215087565651 4.249569320735229 1.8316594203863068
0.3940188808276404 4.6449446711256694 2.436020740805047
-0.9405549756793341 4.717465368771297 2.3926589992001244
-0.411809233430281 4.748429624179982 2.8864124113190006
1.3101535074195585 4.903662446566967 3.0071797060207732
-0.6110963489767108 4.858423542479375 2.7104527442434003
-0.18239995396251604 4.585979893869766 2.7805523136923016
-1.104987129200562 4.840938929889116 3.2144028274554355
-1.9446734931124763 4.94144208122909 2.1325086046353583
0.8433376267173555 5.49818030251451 2.5715773723431723
-0.9680796652111122 5.0632173397947655 2.2663530351054155
-2.1867311422687075 4.842082994429553 2.8811118097242443
0.2601242994038338 5.595309316644402 2.9987122959714174
-0.19211120236931525 4.714186457200492 1.8155939784456643
-1.8730498044314983 5.661793371908625 3.119305276970435
0.7286325747168508 5.087922954319429 2.5454738931471264
-1.6882293285187526 4.7793623541570245 2.6588622768641903
-1.3110940180660613 4.729240393161474 2.8063808589814676
-1.8264067994944782 4.176086661521893 2.2563594201173447
-0.918233667382353 4.43615586069704 3.026724649634202
-1.364926166888534 5.364549493282721 2.92098458286761
0.3422845953033441 5.21457738180115 2.899320643465721
-1.4683898927344234 5.854512545979007 2.870271103925512
-2.3699070757502283 4.5391737818087305 3.1419065098065166
-1.4013709126886198 4.533570775712601 2.5704173432749142
0.089454079387063 5.418499174702941 2.7502620427215096
-1.4596585821512562 5.092216085891138 2.6818322516683195
-0.20412586631154528 5.0747161551230855 1.5739307819462238
-0.5097387795807388 5.041243478645382 2.6151881067542293
-1.7234348749819537 4.643689855376829 2.884305673131216
-1.6406546543032845 5.127781834492572 3.625788439322744
-1.317114897083556 4.529773262663468 4.070966500538589
-1.4508285059010904 4.820857136480737 1.3876504487127659
-1.1893823899537133 4.950249571168742 2.5553259794969976
-0.03315197618990198 4.5065451569264345 3.1297243092760225
-1.5301410730154716 3.206664328588787 3.035417055318623
-2.140474293338315 4.557411649948377 2.6096267694777433
-1.2752022865128192 4.825685081371164 3.2081394831910295
-1.8464207045474392 4.388973195748741 3.0018408608676963
-0.6199109995916163 5.071655879769971 3.2839343110365617
-3.1647294777163197 2.9450888054629245 2.7010632144199374
-0.34138926725162916 6.007216195921382 2.413436902038998
-2.745587030433214 4.6153352184124365 2.9778822853343394
-2.218492603554994 4.156541071218235 3.141857093406185
-0.7109604370917316 4.677377713234665 3.7038403959229007
-2.559796729083401 3.6405054297335275 2.305119509600896
-0.9695094930701459 4.759251607284168 2.334542232883172
-2.156386870404082 4.271107285911766 3.2160503215774656
-0.8800255651043042 4.753442242438149 2.434285087914995
-2.293744953881118 4.851327410879689 3.4869762143434313
-2.2619432902328764 4.617102013095814 3.008574240945253
-3.516908411096241 3.44737068550694 2.4369552737455464
0.34717124720765236 5.137988623406577 2.8693672999448183
-1.1790005828741597 4.561798295354618 3.1193517650788363
-1.9725543685731897 4.183478321685555 3.097167178659179
-1.5329870244844903 4.241106686276119 2.949271654043417
-1.957817664100265 4.15643469090392 2.4187897488923618
-2.2617318057256224 4.259349310485968 2.207759160713245
-2.187497503178579 4.281081307142693 2.73398130718448
-2.2411189318142326 4.882829974796769 2.751388583868618
-1.4781716921610248 5.83373634690748 2.5031999084094383
-1.7020512600558122 4.854590587365699 3.393265284937169
-1.909944074200416 4.248785514032708 2.811402493618652
-1.7794327761672513 5.126225888208459 2.5281117128866013
-2.3425911361800975 3.999171912813322 3.375977198928641
-2.856338203538845 4.342324920924651 3.5601377374062007
-2.7414226341501657 5.013040438247609 2.4813851820429846
-3.1288212872336647 4.118384218497136 2.2974532744447655
-2.2183104236212317 4.526113302273149 3.569540039392795
-2.8247255656820403 3.4789917478315906 3.266603561106887
-0.854219686450703 5.207276600342655 2.7975673444279927
-1.8153224416553237 5.4823185348132615 3.389927782579227
-2.4954381240989596 4.7312475330484665 2.7865602329373833
-1.9235907530313892 3.675135766839386 4.269465802026638
-1.020195191967034 5.89830307833026 3.7977837815623534
-2.6047391349436917 4.214671671853619 2.8418289907578966
-0.9860174137403325 5.450784451490169 3.231588153799746
-3.787496278184147 2.64785844616654 3.2570509284982423
-1.333506734480412 4.578889243696936 3.3492899170482997
-3.7277759552932532 2.705097247389902 3.330291163111199
-1.7037487529938136 4.640920085326238 3.4717690490037043
-2.4411963177323206 3.7118762156585343 3.4187072270896772
-0.6376605725163553 4.060891797479405 3.7323635444522076
-3.345195501940278 4.290619518880512 3.5662972600544207
-1.3031795441036416 4.594782019257084 3.2099391085923976
-2.9406754229870216 5.230558111274176 4.079774286600409
-2.5122962048711233 3.7188211497653283 3.142512770802572
-3.2046585635864977 3.7241370710255484 3.796528664077594
-2.8303075319950612 4.49805928912259 3.045310853157415
-1.8483867822483142 4.394946898599642 3.1753350406959346
-3.2731250180313993 3.6165859293864706 2.4451619785184793
-2.7433177924201293 3.0942532020620295 3.6089010374618553
-3.7564312755171017 4.184918230751225 3.9101026798563643
-3.2070082247416463 3.3317637664925153 3.023823151026431
-1.910376446996282 4.321598379726359 3.7173868108959764
-2.372863251901187 4.615933147326273 4.373757300205036
-2.9853266043481743 3.999780048274556 3.8047488922539494
-4.278518709097631 2.913840827459067 3.8127274718738335
-3.9258607581349256 2.3552238609929637 3.039028791796329
-3.6936526991995344 3.2248053332919366 3.350880172682449
-2.8853605788013965 4.695709666808835 2.6911320422375278
-2.013606240531264 3.5392312770551744 2.749380746518619
-1.619258245073434 4.966942653791179 3.5316389414787106
-3.324222091873699 4.230911749507315 3.297395043919169
-4.190695475834201 3.625026302861103 3.1701159465171553
-2.3946314695064927 4.024822404049399 3.2958678768527605
-2.631948674401687 4.800001083320175 3.312499491700726
-2.9856067945533873 3.8376123686109267 4.096294348083421
-2.7445295292516216 3.7230600246614234 3.0293446498259966
-3.180895410410221 3.0521149016375118 4.129095649835832
-2.6839986250734187 4.418765601888069 4.058623066621438
-3.6794029574514346 4.4569058034355065 3.347234608999291
-2.590327186522775 3.9128448114085126 3.9700368827059083
-4.1568723542321635 3.456379445263686 3.594057655150552
-3.9561686744270603 3.4690711340977103 3.836252259434246
-3.005744150897491 4.159822933193443 2.569310357618561
-1.7020923432149577 4.329008590249465 4.0457795729964925
-3.131889551013046 4.744030867625918 3.0329064109340917
-4.209938737707615 3.0403645033120172 3.682083561406665
-4.549221505595219 2.294786552851519 4.1609149128288365
-3.1580892365203246 4.121355351751933 4.410619787881816
-3.597382160055235 2.794324417621719 3.8976246251849216
-2.8693527070320526 4.320156201668133 4.15018391431771
-4.0857327897424485 2.5340183910570007 3.337957333884044
-3.068056062373285 4.127902938400022 3.1412435721185625
-3.829725966478951 2.7623521275176155 3.7892560799076906
-3.223587070184193 4.039559199207571 3.3077699910502707
-2.3590952818863755 5.1255276214455865 4.099762018849076
-3.106135130827298 3.2669003374281074 4.31957110619168
-3.5153425493065815 3.3936488401975984 3.834573476181979
-4.5990939957828445 1.2066945059359355 4.192764856832479
-4.414164859531184 3.62022978869373 3.807056429601903
-4.564803909371879 2.69672373916444 4.453713079856474
-4.091607839876167 2.7234214857319357 3.515832908444131
-4.138721570401336 2.7695646915458068 4.297596871105008
-4.460648305780276 2.0528489176324043 4.1887399572703155
-4.023576590029542 2.470718540871552 3.402463710022321
-4.297519544693416 2.600683457256903 4.250905675528268
-5.36336197882905 1.6328629463674358 4.5477807152416245
-4.228211373437097 2.332925458934792 4.133790240388377
-4.939123235060144 3.9009116235225654 3.2309525758773483
-5.016284279507359 2.2877868261323315 3.4045992348307275
-3.6082643772584198 3.1620346782500155 4.094603546706805
-4.715581671734341 1.6978591568034684 4.46372016693057
-3.45051478985718 3.7549573422857456 4.374330064682582
-3.3385453624411974 3.2086889377532195 5.072180167033395
-5.1400368306536635 1.6663759885259772 3.8491307459694206
-4.7779296029817 2.241461767115789 4.164585755043807
-4.2005276794384585 2.694025559899285 4.6647409635714
-4.001916163993164 3.499939013475249 3.6761497426783802
-4.995084147040448 2.96524574231081 3.334969831479515
-4.249749672215244 1.888219237359304 4.455289939142295
-3.756744105748218 3.735591193709681 3.7361256332058588
-4.1377716046583854 2.283409713604283 4.674660230595046
-4.379312264878693 2.524962341847445 5.088401085731331
-3.4410854666857666 2.6031954251850697 3.317232207988875
-4.276806955134038 2.49763770784657 3.9781779929966676
-4.750421632305568 2.5309072677624913 4.647989358938798
-4.710627187942807 2.467461847160244 4.452277227968291
-5.556734109403087 1.6419757668079056 3.8946412523427165
-4.826213226766785 2.3318717637745023 3.750437415283239
-4.995328966788058 1.5331449880569168 4.207083911214294
-4.2479141872940565 3.4890986851333885 3.9546045066933364
-4.983679894624412 1.4694236789506143 3.4570921767050518
-4.246088850861003 2.5754613730126636 3.284625720103227
-4.807426644725902 0.3509844477548039 5.464195274728576
-4.6351694105343535 2.0570556608645267 4.402014629190188
-3.9614007613199127 1.8992830976926394 3.810889964317499
-4.520286065995966 1.5673344209018085 3.5221369178499167
-3.9248235203273816 2.9456007049231916 4.0587068823753345
-4.322721421906614 2.5081627260944885 4.450467380400638
-4.375138614707823 1.2955614844044148 4.378608435515063
-4.923106220653099 1.5693194865181261 4.920460058144228
-4.206699442942071 1.5447433641914112 3.817856208647592
-4.1122738980543545 1.655680479746802 3.975076986060819
-5.537771833756389 1.3843453969380903 3.7427525760226317
-4.546671562571602 1.796023716644983 4.206486558788293
-3.766222370413551 2.7820406464117404 4.977366128327042
-3.9001869030687852 2.9573824966792697 4.5387278304106236
-5.276938909410346 1.5239789720669585 3.9977942333660312
-4.532429864835593 3.778517507371125 4.075277544743137
-4.8379501129727265 0.22450853255064498 3.602484676354476
-3.0311156401711554 2.4852916132540184 4.557817619941511
-4.804449479043919 1.3327795883580047 3.8433826292988176
-5.065980367242009 0.40684966018685276 3.7521358580949125
-4.487834163865034 1.3272230891406642 3.6245927770004434
-4.459178320971713 2.1776468843089667 3.869992162860777
-4.68128902692282 2.170625632012078 4.793557961070685
-4.951363403225941 2.372289985056389 3.9952302848221493
-5.05380788719471 0.02351462789106269 4.573817309376736
-4.22699292877358 1.4088790318346955 4.4833935314794156
-4.080037314261638 1.565859956813342 4.702720428289563
-4.990242599940112 -0.14277426685857011 5.608634817443172
-4.789916438157888 0.9610014049628933 5.0855184120388985
-4.536661854089482 3.7539926885835544 4.610744904928526
-4.225159624669371 2.053030144108612 5.1319295931928455
-5.443027410703797 0.8931292107869166 4.286131066750555
-5.25169507801143 1.8540646855295546 5.011199465824694
-4.197301158192228 2.0482660363324308 5.061045631845994
-4.451941004615249 1.9353363263539614 4.573826509271028
-4.3655286659446615 1.5129435825578086 4.111527621925337
-4.721583418997384 3.1620165233566584 4.600516816309086
-4.239921819682229 2.8926108858762127 4.517594345415913
-4.4476611786285805 2.4384909908388286 4.639614208513248
-4.6378598277318615 0.8938769088643788 3.664618854321544
-4.228955875868959 2.096655997786763 4.290182372894446
-3.980004375151368 1.865859206013087 5.063192834508189
-4.572333339559276 0.628775920973207 4.409901019400745
-4.607465378490783 -0.65641114301986 4.5220478812439255
-5.13883985003926 2.128036093363389 3.818418790373806
-4.928679041170793 1.51856495477661 5.362119925027605
-5.536291433607518 0.4524161225440536 4.558961071481615
-5.0157254463008965 -0.387824269113706 4.739176964105835
-5.526052503537887 0.17208424337835085 3.426171411862909
-4.811313662629617 1.2775455624381535 4.67396466247088
-5.243421769731933 0.610391020961778 4.8269779206040075
-5.984215643496038 0.47131220842001875 4.8705944212526155
-4.690299192947113 1.1162748079814513 4.092306442108032
-4.230062660011515 1.0979490334987996 4.790883058314051
-4.739367479070042 -0.10013266014386837 5.051996779341334
-5.363251929272684 0.397420698224052 5.410266513489185
-5.3718917781187 0.5513854916308752 4.594705399159542
-4.998611636677175 0.14515515434661763 4.738319837925446
-5.164460480886311 0.9934573830385655 5.046719237331028
-5.4591481420602 0.9679689325399021 4.711797346093456
-5.082744435964573 -0.7027087568182209 5.46925708619084
-5.373930148829818 1.0505782505920518 5.26008992971448
-5.841345220414514 -1.7388229049651922 4.533834752328229
-4.531003476908666 1.2926846404301418 5.792538900276682
-5.151452705166514 1.4385631568600452 4.332852626816585
-4.231287741666442 0.7782356412044994 5.097085672298829
-4.397741561204573 0.3875699513766164 5.460186627606941
-4.433996536263959 1.4271383980893861 4.847427581023379
-4.910245532385262 1.6029995785122628 4.582036528075621
-4.382797251045936 0.10961275812958285 5.3619221420039205
-5.257794583438555 -0.2839767792001139 4.88153637896958
-4.775126942835097 -0.35176435107927406 5.175724543229474
-4.709579118969119 1.1438048705961443 5.403362883707457
-4.512275898915988 0.42558414231776515 5.618049883454244
-4.99157577735769 1.6974075434528768 4.2243826475785236
-4.778906653072856 -1.0760078479142703 4.8733467621895485
-5.424398223140959 0.09249748672636567 4.956275207609184
-5.263774977653081 -1.8907356248600111 5.563096605902257
-4.618616576370188 0.7329858803706351 4.771478202798357
-5.205287908116145 1.1513519558628045 4.8840248106575554
-5.451081644104986 -1.249624717233418 4.979754094701375
-4.431812900850162 -0.46801328561906935 4.217027283199592
-4.741807503780433 -0.4268497565223089 4.7848049135980535
-4.224271185616309 -0.37752704896119393 5.492114059124705
-5.113160165950202 0.2114113461286518 5.1095851531698
-4.498786266509398 -0.1442458864292701 4.640722007506159
-5.250807012569569 -0.693045345192842 6.0178017128137125
-5.342225510014538 -1.1478048338502493 5.388021137925774
-5.725293612546267 -0.7432986292642781 5.215141991597221
-5.590969860688526 -1.7440304872415755 5.4479675356916655
-4.796563042060152 -0.34134743460038325 5.063732366478756
-5.726270368557884 -0.22243480783833852 5.396407976579435
-4.54662371922261 0.3288503403942253 4.488605088118959
-4.746084985859976 -1.194958269633555 4.918796102742591
-5.224193085062944 -0.6364761855523765 5.27911781107577
-4.335841511277867 -0.8545492534689549 5.802435213550969
-4.3159068967808345 -1.5163849641569933 5.477894600566622
-4.6385540230953515 1.2741373034549195 5.462150501029143
-4.968969429943456 -0.2789942171535522 4.661873554807779
-4.866996414598143 1.0894494579806884 6.423229628012416
-4.417940823329615 -1.4013202052330418 4.855240229466859
-3.774936834899412 -1.3160140702344751 5.511403997625397
-5.407831816782273 -0.5962976461441432 5.238252609273619
-5.458651015787077 -0.1946227017212122 5.28094337412612
-4.960645393153947 -1.7676937496123397 5.398215579969316
-5.2564815524836455 -0.7096274957001526 4.424037738014693
-5.185045326067596 -0.13650843449247022 4.743337949914981
-5.18819705478454 -1.2645196936543854 5.163396980351549
-3.512031697753515 -1.3706399652639076 4.776810175177757
-5.021749724513023 0.8549751142402413 5.664620169307553
-4.741935062045722 -1.058773787595508 5.6806163550078725
-3.7394084172368647 -0.8459060554278568 5.597195813232078
-4.92740484805616 -1.3081230469371263 5.5711543836658235
-4.484578229195549 -1.2890135354596446 5.400414390503074
-4.462715810511536 -1.2493115394652718 6.1706603965235445
-5.45216460323482 -0.47390819766106357 5.16198812939855
-4.507302037347289 -1.918331387038369 5.635745594641223
-4.398438578565168 -1.5752976013416582 5.928140280633367
-4.6130822202477235 0.4617791697619926 4.992065127738945
-4.771110463064866 -1.1198448528002776 5.691773634787711
-4.422280327717521 -2.3410576172120683 6.083177806103808
-3.2646157078255493 -2.062479845031492 5.71700216038958
-3.691783417087461 -3.1968807422553054 5.572383859016807
-4.292515660598119 -2.408192130145647 5.1772493818754555
-4.882288299352357 -1.701286013753106 6.007030147198558
-4.67568789000058 -1.55026821343096 5.358135869638832
-5.044040960772961 -1.7994711216728727 5.592307613268729
-5.128898650013584 -2.13661036426711 4.981053813666996
-5.735093918922589 -2.0777110179924447 4.621028148798109
-4.603653971818719 -2.101360034930436 5.454575108991158
-4.277911966327803 -4.012864599199418 5.14354899121648
-4.35616918895661 -0.29057112765409593 6.520808466963976
-5.713440542392974 -1.212696302842302 4.796744882088071
-4.388289521343855 -0.884774078901788 5.62600365924475
-5.196154266846354 -1.2306795404524133 5.555563939000373
-4.918432838170998 -1.1241342584024785 5.659151443073865
-5.1248588182132195 -2.8205240000997307 6.095356561654784
-4.57814751498964 -2.3192041137151818 5.3078572358180125
-3.1676165347421392 -3.505775037598108 5.653428791116126
-4.6825086844458665 -2.975913439646211 5.674780975146595
-4.228568002353889 -2.2351858649683765 5.014403820532245
-5.15841641902581 -2.6832383655902303 5.288073598298541
-4.602543166589798 -1.4723999259154386 5.385660867371843
-5.648624132566171 -1.627823275456526 5.229876062666807
-4.68530675969079 -3.2398247395773416 5.941754640652621
-5.736025162240906 -2.061344594264001 6.164935635644139
-4.305820583746842 -1.5343588379390534 5.0714273384378155
-3.75904978801709 -3.2181016630797603 5.5181353228060726
-4.1599239608641865 -2.619494728015759 5.880914643194245
-3.827592408858268 -2.002933651031942 5.519694797698048
-4.467874917994221 -3.0138054906489233 5.818171944289126
-4.732590684654046 -1.3207130517244574 5.026213577091069
-4.416854854293292 -2.400714288656833 6.328139620934373
-3.994562776695083 -2.9360726209469323 4.566706534420208
-4.104039965050456 -2.4378011048682446 6.0422160215131075
-3.6296850259649536 -3.553793605841298 5.100061120987438
-4.872515728408798 -2.355746634768822 5.737121012978848
-5.432555184446241 -1.115983085805321 6.2866275524777455
-3.7934562718917806 -2.4846617879562074 5.862604633402925
-3.4972213072458485 -2.7978818493505155 6.224967453731001
-4.1464508305978764 -3.2996846549291554 6.179090513098412
-3.252958991565801 -2.708519272522962 5.285909331323279
-4.416697889945683 -2.0900842685257066 6.144313666726566
-3.9699725969657873 -2.776377368019292 5.335521897394155
-3.601668887665202 -3.4477818788785415 5.629476606089578
-3.0958355343954866 -3.6688638623771253 5.9786922200323085
-4.933579939374535 -2.8274935731130455 6.139240855655288
-4.570970139325896 -1.4601981298940832 5.739222824581554
-3.472221555150075 -2.896572871400944 6.4212454536404096
-4.372020383626197 -2.803144048272982 5.847514993617264
-3.9313018643406266 -3.5033226410953637 5.786216297934485
-3.861044104456228 -1.6873451791371907 5.417464695284957
-4.081894200866005 -2.943045368153399 5.907318769163851
-3.403543149861134 -4.3499560536463076 6.4413343290355325
-3.2888396700783096 -2.6649875822156117 5.993919415164399
-4.476190917576453 -2.7103718019219127 5.87536687705814
-4.716137518158152 -2.7118612975707754 5.7747523671620655
-3.7278397801022662 -3.395646770868843 6.0728933271349685
-3.5692413676980896 -2.823772764552988 7.331345441956393
-3.394455150947653 -3.648496514020682 5.687751146380202
-3.3833730369648864 -3.7280242019720298 5.403759176999204
-3.541304998720208 -4.044767070518928 6.209498553362623
-4.6912537095110824 -3.0955531368975757 5.004699210534145
-4.455971764161517 -3.6380049656494204 6.005265093162323
-3.033711010604236 -3.125167111103551 6.053271636529533
-4.233134778224475 -2.5968924278736973 6.932290368862101
-3.3731437006912603 -2.9415883402902376 6.259662368660565
-2.871300304555732 -4.171921143204102 5.847202797777911
-1.6080912396377887 -4.759413153990058 5.952092923608308
-3.0341426337651245 -3.3056593982294307 6.780495495924308
-3.9319408057512497 -2.8351570530716437 5.739263269408732
-4.985010711213148 -2.6611636199038524 5.794978007564119
-3.723893441777951 -4.366757886740095 5.425770766140839
-3.3029679437829524 -3.882780601599238 7.036680439706362
-3.7185181274558645 -3.4408636093042175 5.48946607328277
-3.9939771545830407 -3.9306238800713236 7.091224268881467
-3.59006825146309 -3.310551319177559 6.489490892278415
-4.800950018597955 -3.3797938675422836 6.350819677200014
-4.235003407454995 -3.620807864306444 6.58308217609602
-3.1135331530209456 -3.7617509704180905 6.244376056987785
-4.164889166414441 -3.671349709499844 6.524594814883503
-4.236941960881514 -4.141464130652014 5.993228633325449
-2.3449432239546164 -4.27837991854803 6.34280101820432
-4.059181543535775 -2.5356954179940594 6.445936792683252
-4.08136818468848 -3.4501022479132906 6.413803314665094
-2.4894560229962166 -4.385494508673459 5.630846197112977
-4.563804379288178 -3.5171357814338147 6.433255478656827
-2.938617893066999 -4.737627449739181 6.38993863417744
-4.539977428594802 -1.9680308514370715 6.627148342015973
-2.5282729559495283 -4.164133393392976 6.44756199011632
-0.6161328223682279 -5.082653196222167 5.99447473632393
-3.3617060464710935 -2.969316443442868 6.448813768170487
-4.606820429015388 -3.7766164895118077 6.743262446974151
-3.2524758022785045 -4.561896420376828 6.260402886750443
-3.311005617521148 -3.4550669814645727 6.438163076173451
-3.0531249049728677 -3.75224093895811 6.024997883121513
-2.3087483747287614 -3.737647781199586 6.475511226877222
-2.5112735337454626 -2.977937153660851 6.469962038448472
-3.1222429256283886 -3.135284422621476 5.7766256563057325
-3.867567374124947 -4.462667001630051 6.473330143289518
-3.123143852596469 -2.5095695480033844 6.22687963629997
-3.4422431207695787 -3.209943761422621 6.578868182605258
-4.26220755452063 -3.672920307554519 6.151863305700679
-3.573526254975181 -3.288350316384616 5.872565152933476
-4.377438368519442 -3.1569580537288062 7.196211375860772
-2.384912964413545 -3.6717821749198007 6.064505512500275
-4.890206858877528 -1.8871414913864568 7.047190007855714
-3.498796866357832 -3.2169840877309595 6.3509306301287225
-3.7004152280732554 -3.3409070622602917 6.467121637143825
-2.600158125018487 -4.051840181269248 6.906818812144356
-2.462704147287956 -3.477765950532548 7.021507066618306
-1.2293996260699158 -4.514399699559477 5.785880837318868
-4.024169543207335 -3.8229223121134983 5.925849849891939
-3.613421798729293 -4.252802940209881 6.431917764741921
-3.6769730842001853 -3.3445961755233036 6.137176230629256
-2.5549117913083115 -5.068873674392008 6.760415162109873
-2.3437922226350096 -5.0711727268004205 6.788133488285653
-2.3943839838742695 -3.9251077136079835 5.999719143555555
-2.7506455489690733 -4.354595546203681 6.960808473960983
-2.684475565872858 -4.114209724455483 7.569010783093044
-3.9571643184455914 -3.213132244318897 5.739299424944237
-2.6406686516389053 -4.6040122665197725 6.142649529392404
-1.9378290363018813 -3.872645321106252 6.3011489725951195
-2.3007452588686554 -5.830383757571456 5.663490939728108
-2.254002234928802 -4.971879796388159 7.034740196293692
-3.0030045391625704 -3.4658946544574363 6.570858139998315
-3.0873880254719976 -3.425154619521603 6.322513047875636
-3.389156500101595 -4.244284935859513 7.361665048745012
-3.0390868090690715 -3.6195794929314773 7.971595698117755
-2.1165558873223547 -4.563039413576984 7.326827394080746
-1.1210306340153735 -4.758292385183928 7.115919178967612
-1.5937619743245885 -3.9648692488714015 6.640966330685393
-3.405468094717961 -4.535116797041512 7.160220027507798
-3.912775535917094 -4.975371740610581 6.767434043976693
-1.4725976113884947 -4.702803003764515 6.126235638847313
-4.020062812751601 -3.5936024402164275 6.368548282885784
-2.5398771628564627 -4.698052504754544 6.711874680184667
-3.1245046927056355 -4.440221581113119 6.322564516232859
-1.7163447900485014 -5.33779235016349 7.5408012656847845
-1.6921627381422724 -4.5652170449362615 6.31570628529621
-1.3032837259488024 -4.569301917868781 6.469832116839322
-0.703793091491177 -5.023111591764992 6.700797478885821
-2.9906416971248433 -3.8912699585318706 7.406506621440882
-0.5127742635063167 -4.624850389779774 7.119855016140267
-2.535205087055697 -2.888601234900261 6.523472901315714
-1.738236396458609 -5.3922512819239605 7.06636091118256
-2.7443939786506832 -4.573317762373413 6.644147835118076
-1.2000199093095958 -6.058775084171025 6.427621357518731
-2.9892299729277827 -3.8368226995780175 7.365853116110475
-0.11853315270516558 -4.426606489978481 7.004802890542831
-2.1405232715851588 -4.588158585844261 6.3590619796115995
-2.4548374848279866 -4.8565882863324825 7.357899018785235
-2.59228146549849 -3.7770244562355337 6.83105656272437
-2.453050823212586 -4.132000586584249 6.6618314016588105
-0.4066640549780479 -4.258836324230575 7.665171949843825
-2.846336081617377 -4.4933661636287665 7.588741488091258
-2.6936398400978048 -3.499832909162279 9.016530215754866
-2.5282861718683236 -4.94727219271884 7.279294543447598
-3.008607476679174 -4.104201075228301 6.508105172369771
-1.8515296592234158 -5.105302487002121 6.319452432278758
-1.4097033075523342 -5.101001346975298 6.954164713786328
-2.9348932498308216 -4.348149738368526 7.418385333646746
-0.5522012515742738 -5.049594676009049 7.085908526261727
-1.34003158621792 -4.977008646180893 7.47302986867105
0.32784855631680754 -5.79136218706602 7.449226223682542
-2.070117138187259 -4.357017067731247 6.861169376113969
-0.008544092081840092 -4.405396078953279 8.055780002948364
-1.9305440429397744 -4.640455255614463 7.644226979313458
-0.7456411448921847 -5.06174226343379 7.363013602270696
-1.1937048281525717 -4.107549995493414 6.103052222830003
-2.0267513921506044 -4.361131648329146 7.611737861601793
-0.31219531861820776 -4.6991889837375815 6.50002927627541
-1.981536274715674 -3.703675470557873 7.336253165758328
0.4627102065457698 -4.5211373086227 7.185569015857529
-1.1237203215816634 -3.8328863864069604 6.905365949329123
-1.2447016746928306 -4.2874628344047 7.526443007044993
1.313303935637172 -4.544730593572918 6.348720789715165
0.3955362614894561 -6.289183248427649 7.316799915888587
-0.36044694229291396 -4.660767491488748 7.331285892253232
-0.4455691492392888 -5.073254506481288 7.333567661481142
1.3769525803467995 -4.069212651016056 7.93323115504305
-0.027272818437608013 -4.6147255281675506 8.222680984161613
-2.3079812018399335 -4.410068298397105 7.315238705480581
-0.794309163507352 -4.41977418020147 7.146671452103404
2.074049193384641 -4.613406648659836 7.807812098918554
-0.6555841979317569 -4.814150096944238 6.708425220285154
0.12153966033922532 -5.142116191976181 8.503548809768192
-1.7451857564918303 -4.308792482218643 7.087471269588653
0.3515688737395568 -5.211700585764444 7.127727762809826
2.437001974402702 -5.674345277125085 7.490932579382714
0.48650069026330195 -5.513114800814328 6.939050705282009
-0.0646805324971311 -5.507478078774038 6.911539032938097
-0.27102190868736703 -4.247082200525939 7.025950302257044
-1.0319032193331261 -5.109559308236728 6.770747645072804
-0.4779571001258446 -4.673904198283871 7.0783029418674746
-1.448996079988356 -5.285456071433342 7.152731893624008
-0.9179072602868832 -4.860812910866307 7.001223037367224
-0.24581474656082306 -4.737856618493274 6.821056762904341
0.6038124021887534 -6.119228022460672 7.19194175722896
-0.117855570132658 -4.799544870442411 7.121755446682948
1.218692162949138 -4.837521693915909 6.870134161004341
0.763655331073526 -4.517927261087382 7.885590137630388
-0.533639461788541 -6.090677471312771 8.286338023223742
-0.5779542537753148 -4.826392616064338 7.811616241831761
1.6773043588829835 -4.871991643925444 7.250782948048148
0.24376613438602418 -4.34067855417045 7.404871571355448
-0.27385998750665935 -4.04463356832821 6.602013121635926
-2.017392554632509 -4.442157650636042 7.980650055661648
0.5351866324041004 -5.03459156392828 7.3803183916578305
-0.13081459739152954 -4.970645256127021 7.431279046861205
1.2132087743700235 -5.337750721337477 6.8236211210250755
-0.11617587815138972 -4.588175086347464 7.536042092653575
0.15580195314808434 -5.736984459090288 8.41043098634762
1.2094727307553903 -3.6130147848124627 7.232941202852176
0.7760959544633359 -5.543430833500006 7.579201387496123
0.27378264553654663 -4.395694116126713 7.602182921341833
2.1006032769783616 -4.2820439617942245 6.88249621051729
0.6721721380592707 -5.461950920903206 7.530440056522316
0.3933987456317457 -5.421604379851937 8.251383465873165
-0.16032101326807938 -4.942806974564303 7.38858131626516
2.0897798591236856 -4.635748910148801 7.068869790667593
0.965905739513745 -4.601992794442112 7.1416067117817565
0.37191992273805885 -5.48674122742429 6.727956389384167
-0.23800595223241647 -5.425569366377957 8.412125879519328
0.46940848419345466 -4.788019808243237 7.832557703371181
-0.1419001529803886 -4.883219787003877 7.244119402356827
-0.4452802443943107 -5.290237241565262 8.002832329638283
0.3361755581164459 -5.687528067939231 8.045151307010022
2.784229225986867 -3.9379653019352205 7.880719230399249
0.7313135566476127 -4.392277099741585 8.258928374152221
1.841197959434873 -4.385644344732896 7.958179019717761
1.7041016336748287 -4.982807860236208 7.429302605659915
0.5691505808833888 -4.208607942619737 8.605929710658538
0.4826270867346001 -5.316882863471782 7.781029632692123
0.5991466703307378 -5.342929600757013 7.984280842324843
0.6900689455774409 -5.158035037911628 7.7673714812674515
1.2659880355255653 -4.121676411826343 7.967971276423804
-0.278964221835995 -4.545550740453188 8.129328887283831
2.4171164634446503 -5.132435262581035 7.560814011172522
1.050135225079921 -4.247958343527693 8.266301622052708
0.009959835716131047 -5.087143783907222 7.8119841118611175
0.26420224441245127 -4.485343741910635 7.141756894347612
1.6776065232680104 -4.7710642531078395 7.898317415588553
0.8142342819357156 -4.30871776090669 7.239509106662199
0.7703302161446607 -5.591973409916385 9.102041509123723
2.5360283107050154 -3.5166883246736775 7.789096983304258
1.0914762030342935 -5.222349378487211 8.277962843124806
1.2641839885294484 -4.224677440737598 7.972001235911163
0.820806604513971 -5.047886836062955 7.845078932378391
2.511840766828912 -4.881814831920632 7.740139554340702
3.440363610567071 -4.381903528729042 7.949977627811263
1.1411642502964061 -4.3242436071828685 7.513656738198274
0.8365881797246818 -3.963820256538921 7.338345289314391
1.8504465906637535 -4.977158294858133 8.264484510213544
-0.33910107563923925 -5.678906873472653 8.376865874162496
1.603748487190321 -4.418318566265104 7.490543061798293
2.1547708459813473 -4.038099650352524 7.991980789151589
2.2084337687116666 -5.011308208462128 8.49196508428783
2.2441307519739526 -4.567563526236677 7.836912352695535
3.527408127969566 -4.305340147568826 8.579900676612814
1.1847602694011545 -4.7066625326096725 8.7062993752283
2.7974264072712893 -5.228292861753414 7.40149288802458
-0.3894445481165313 -4.1870246025726585 8.323265381480173
4.03909065014665 -5.594518568702364 7.700675132096275
1.238572770964814 -4.43692534739627 8.735399200697442
2.2484310031480033 -5.560949684101442 8.11590326168474
3.248021288277363 -3.3606935413752552 9.180587022624627
0.535375352686511 -5.1906773623528615 8.318946614980705
1.7090680814095942 -4.786527235086813 7.779364124485011
2.748438564915027 -3.369315611303942 8.510952726694365
2.869939433677769 -4.416424516107982 8.002814210150513
0.15047340785285 -4.696665585896739 7.5539573448462125
2.0644114875995903 -4.578825815444255 8.609791589694241
0.7670700895365721 -4.714261655132049 8.970153652374707
-0.5097474513789428 -5.41477361832368 8.03427388365275
1.2539037364938352 -3.9677441372445954 7.888398913922823
1.7607175917589568 -4.255940535618433 8.349116227420323
1.8119458487680626 -4.0753484463745 8.42425778639005
2.7758392677642654 -3.5043493268404986 8.11357870320007
3.834978928969491 -2.869564464649618 7.8484258319962885
1.328895435736867 -4.4606911632192325 7.7563109634904945
3.180350076686646 -4.64304432104129 8.963553637716918
1.7480627803318427 -4.791057381304582 8.118452521927956
1.9755502652410737 -4.725629016662966 7.850688082050304
2.607613359504222 -4.4914283014140155 8.203245607412246
3.2612388814167845 -3.8765275088256836 8.420788283845372
2.4970903428807993 -4.316127378200118 7.604819560581384
3.411859612666745 -3.906048907201574 9.578855441226077
2.5197366651744217 -3.254963378868995 8.601379816778508
2.9246493749750737 -3.852480514377871 7.912460917110181
1.9987548407283247 -4.480298241493789 8.13149983749478
1.288212645900939 -5.195350409357112 8.87099789339661
2.1718869362341917 -3.9529317864845637 8.702551409334497
2.531892926644024 -4.877589640177332 7.7076046870006305
2.0987153498326157 -5.291511263657265 8.212261731884766
1.403259548447215 -4.964765498114065 8.130621096808797
3.129680397199005 -3.232892518851735 8.769322847956008
2.6802695866481034 -3.7153884429257165 9.363653767092341
4.407429509208545 -2.398868051961729 8.672399992132545
3.1502672103015956 -4.547225296917702 9.036132788534692
2.504195215877475 -3.816245830584727 8.695125388246966
2.671058573465876 -3.541517924237975 7.532655582802846
2.567883273025872 -4.064051479231904 9.294756521424258
1.114012624607449 -4.668942805708913 8.397679107009703
2.272847934174972 -4.7948356240693215 8.950504763812265
2.4283207570670977 -4.438294980564702 8.84218798031595
3.061105561225141 -5.551895239023402 8.164034836332895
1.0965635008812045 -4.716528961788893 8.58410097329454
2.8985736973614165 -4.3718365434059185 8.736621805481775
2.7162372024390966 -4.236496669395012 8.571301422289782
3.469464540295391 -4.1798398111247135 8.834053548851236
2.548851270746534 -4.2499013235563945 8.441505498781824
4.617565901328746 -3.852622124831254 7.820796534761008
2.0976871668319044 -4.606032419860973 8.94223168047666
3.163507114685737 -3.3843021246513696 8.428255763959072
2.4681393301581225 -2.5084553541002776 9.21213520217195
3.595204932144802 -3.9006103372972127 8.507952801289317
1.1743212258065525 -5.167394106204038 8.399238836872984
2.1473051571644217 -3.966168364409867 9.110195455536761
3.743500586942071 -3.4529349769427413 8.621318247260026
3.4760655423182127 -3.967065874751536 9.025212621937056
5.121626325715315 -2.600244086699753 8.516720164571414
2.955210514878384 -3.863012290917054 9.391815273415586
3.9953769842928537 -2.7061377387766936 8.833353860311195
2.4127365790334756 -4.0085119063331245 9.08275412829331
3.5764210266952112 -3.9955174593514253 9.648908456419983
3.004742459455681 -3.85051456366639 8.552771109907438
2.8391411308999563 -3.327063734787225 9.003228036392985
2.51945638808881 -4.458457715716806 8.258263371073511
3.3418646954407105 -3.751977223497385 9.322150768111229
2.2629301383905753 -3.4482334954131293 8.607653830013707
3.7710683049251505 -3.5357438406822306 8.722341351875635
3.301163127483961 -2.9613868491954136 8.1162474914564
1.4525080659102962 -4.705187114245866 9.729833621389428
2.182731744638019 -4.09630247815756 9.494372275683968
3.2443103521773415 -3.174378855919319 7.648280115127279
2.9676895998554067 -3.391725541355152 7.7416163682194865
2.343534223890527 -4.547293225471328 8.699329031484572
2.9410920046797364 -4.080999717559297 9.751690342427406
4.093104241022451 -3.5926516285273884 7.960650788797294
2.99320934728121 -5.164103182502562 9.37417192039241
3.5066832910704018 -2.708081433243613 9.053246052393606
3.0647010541150115 -3.335589081482482 7.938894627110051
4.820185780556817 -2.3783036118285588 8.881194673278754
2.496263412676759 -3.7172397845442315 8.795412768542151
5.300790344564176 -2.005632287527523 9.074665347214124
3.4665032485565956 -4.063846151438831 8.289307425787502
5.20618729346579 -0.7883891980626805 8.055542864644451
2.0774186122692297 -3.967020682906823 8.503956454699855
3.995594337079769 -3.668412664343049 8.669880122973673
4.816466174374775 -3.630744120710229 9.556009255073484
4.349689922011424 -2.6096176018919364 8.253134053388417
3.419419465976126 -4.175987010849454 9.376295121727138
3.557279493410262 -2.5064298845501645 9.926603713148015
2.1505043982535157 -4.382332631934222 8.612685399827072
4.543925359343738 -1.9594545698441763 8.978740907501674
4.09504296987295 -3.3765544858712193 8.873739089292457
3.63379339725869 -2.820621579336797 8.815408506981397
3.228767484369669 -4.263032788843413 9.42867238760193
4.00477559527475 -2.6418322770713933 8.78732799936789
4.7415466151895815 -2.2392163371887577 9.163752481784934
3.638789476670604 -3.4141078989975733 8.322645426837514
4.082078541277555 -1.3499345016682402 8.521724871053614
4.559306851205572 -3.358924155044499 8.460762823967201
4.230068025125993 -3.3013099076651558 9.087610147257887
4.1077875866426306 -3.308744201865988 9.224814722892095
5.514106521508574 -1.4970439688117054 9.134946606172516
3.875080979613712 -3.1988382169349556 8.797211814333536
5.331892514989547 -2.027542756504557 8.808854204390915
4.463469441861889 -3.82630674812827 9.018853813647416
2.716921634524798 -5.358865304329117 8.810288401455871
5.423283329579906 -1.440579105756695 8.676738524983437
2.964635791214844 -3.8963647022975567 9.70524142140274
4.711323090570837 -2.711908392837286 9.066403920175377
3.955336291577535 -1.2147720954135794 9.295500436871995
3.9608358715407093 -2.830686071749929 8.859488101012383
4.700055918940372 -2.6819855165953554 8.767498195920604
3.26820281739756 -2.3339884481351976 9.1613272734702
3.751828517026852 -4.077869969919118 9.787076490130197
4.834042124636484 -1.9608188899982455 8.794312769840177
4.508171666140063 -1.2759501939741702 9.26078831295774
4.32276187691093 -2.7625729546447797 9.956526563473963
4.70666727862727 -2.4934755126189536 8.932704168597589
4.769730025743752 -2.4701315297296933 9.35949561351801
4.658479797078629 -1.416142494700372 9.247847432165717
5.40545578256734 -1.395771313426145 9.86467509452728
5.097240445094694 -1.3195390352691634 8.662516737924811
4.568108689468851 -2.093901590035674 9.413663307730205
5.327547482761498 -2.073725531867164 8.677769412103308
4.334772532613579 -1.7095447689556937 9.446042258240942
4.9102739069642585 -2.3878439602154953 9.498265526954143
4.128548882078568 -1.922309982582881 9.933410562953751
5.5034984998213226 -1.525911534249606 9.7120945658884
4.566634539014445 -1.4885595031562049 9.706547363251513
4.954222980935953 -2.4137687991898513 9.372707847922772
5.420289425567673 -0.8559871145191408 9.769848136264113
4.950791313085227 -1.2094201918952057 9.281160712547003
4.903914315895812 -2.3477266844581752 9.627713504002692
4.126950190385854 -1.8656990473307884 9.736162909537352
4.126804587880267 -3.354769747354476 10.495075037624943
4.966385655938031 -1.8349762541681103 9.82838221940913
5.578125878324409 -0.2610726380100314 10.207512606635536
3.4571572945387583 -3.273920066652305 10.187975643730242
4.363089014067123 -0.3876308253695691 9.108272019286265
5.220652378258021 -1.2403060058351496 10.281963633045171
4.5458670556945755 -2.5030604178992086 8.926222289337623
5.36136200042253 -1.0449236136328965 9.456002265504418
5.3787900241113435 -1.3343774812363718 9.546644407499619
3.4572480917311776 -2.5054554013574024 9.036354268076263
4.059019753244081 -1.6267882038564319 8.371507238813457
4.281939378983501 0.38691709736510993 8.952088235465276
4.133680847086147 -2.5563673425341675 9.7105678793328
5.073084341235357 -0.17611218286064487 9.502888944271366
5.504537479922375 -0.4268396166397202 9.37573736227499
5.507686954308345 -1.3870159153945374 10.077436973969874
3.946736938487006 -1.3555511823465962 9.615604780876273
3.685145689682656 -1.4534233718746232 9.418135150037612
3.7978269395531004 -2.4532228448403806 10.46599043831445
4.789868818678774 -0.030576646558700838 9.647278013940502
4.557711009460528 -2.9157297476872244 10.207392066875851
4.497407287697673 -1.1873973509235325 9.404978679402422
4.538194936729458 -0.8262742343136475 10.05023185615119
5.757191937478325 -2.1012566988604946 8.83195767467415
4.624505462086349 -1.9222233486061626 9.992494472074107
5.381301871961238 -0.059021318736040676 9.75617317952919
4.962017228807759 -0.6195219209938256 8.715939042537862
4.765558134781779 -1.5929586399900093 9.623804637230227
4.613558785625353 -1.4758216272080542 9.422095293839906
4.964970127387603 -0.20598757949253876 9.788769264249215
5.003212111485504 -0.3997227283807369 9.59777512290158
5.282871526699795 0.1725703069796191 9.229797942030972
5.079767630875217 -0.49205289356022786 10.032525420511181
3.74849925062584 0.39260342012643684 10.199195542584816
5.390210060332272 -0.4414641116664751 9.927817699672785
4.800312543855541 1.8674753765114491 8.959101844752482
4.849349583180082 -0.82093449660574 9.898259625330944
3.426691552262406 -0.9605822891933463 9.865446007223268
5.5026401870681525 -0.9902474023412455 9.426299839002283
5.088207196146765 -0.8041136471270305 9.81989549400626
4.410450891898185 -0.8136924032433147 9.568336738188204
5.330157576995435 0.7235905902561601 9.359182580868998
4.667960731951341 1.6480371337985427 9.454805269601474
5.1312300797726245 -0.723358153188915 9.823083401039844
3.5706909227623282 -0.3107682188058243 10.825109124001047
5.392087260350418 -0.25947191947887316 9.959234874116975
3.6778759565127372 -2.8998786085086303 10.109461339992448
5.519404709324964 -0.6922709444957797 10.057541234712971
5.571460668642517 -0.04840645030886922 10.140656545915666
4.813269944757031 -0.39654311383179874 9.74485230533067
5.554501011741264 -0.596462974588628 10.961229380598907
4.556833111841764 0.06714004919388754 9.874800963611813
4.532928629415194 -0.9295572382015372 10.227772048697311
5.406671401813984 0.04623346911894776 10.041955779649015
4.457615265119857 1.2471597758023976 9.8623785539048
4.65918610609189 -1.441311221027385 9.513058398356591
5.003080564534823 -0.6374366016167169 10.002504230653962
