5.43193760693908 0.5029904421784352 1.2237143989002432
4.96688484090234 -0.9053846573888468 -0.12832457620154972
5.271797225078942 0.8606210522459863 -0.2646480439161595
5.024830844334956 -1.152789782025843 0.11094105472127638
4.995947408285608 -1.2700006616439101 0.16494553730029066
5.236580870239506 -0.05645185779651757 0.32775523609239154
5.177171314006724 1.2854281290561158 -0.11386009706314212
5.404914343348587 0.7863002855729031 0.24190250724820767
4.483481795997968 -1.6618974018555208 -0.44993027075739783
5.105980805276845 -0.2572894818644896 0.5955745752076689
4.918965741562743 0.7310050157977723 0.5320592157960581
5.0953328843044075 0.9431594597502706 -0.2940279206245534
5.381720959259001 -0.01801145353602544 0.8800916309165223
5.642467018414992 -0.2368940312531488 0.1417676465193004
4.82344811811851 0.8339059142713093 0.3646735651750095
5.067478102034328 -0.06866565636232021 0.5812746015202823
4.420757457833891 0.744869875770133 0.17977634719690633
5.053903283757449 -0.4338987207291757 -0.5284019149649957
5.467614755140239 1.4915816354332045 0.6862550895957182
5.067407047718302 1.6858531085035873 0.48449851672230315
4.497178688392486 0.5013333027027541 0.33515191684859336
4.989275622635758 1.1169445183783837 0.4213731162415697
5.5286978284368695 -0.18241959538499072 0.31153969386927394
5.297974549251266 -1.0048988548414608 0.7798631844504071
6.306632256876542 0.13191656859677736 0.2554911634752643
4.522301788592405 1.9972277095348885 0.5922044773208572
4.647294248692001 -1.620414719662597 0.32419246641462734
5.837318940934395 -0.19925320875592806 0.2854706478338818
4.640783406993544 1.3456493994972785 -0.6818623147883149
4.610031962138402 1.5768576970258321 0.025149491299055415
4.758870408108389 0.7575072566217114 0.6456644365114208
4.574536594269421 0.4144516966277296 0.35595219695527625
4.17080218884896 -0.08012407069180064 0.22718564860485302
4.363970124571206 0.21031629819522896 0.2784897235962489
4.642179012354013 1.6841847518855422 1.8008105257082754
4.282849703489522 0.8121271495256263 0.4515394142358304
3.8489986755380254 1.7415346146563675 0.4202035550343528
5.833400641345394 1.867709637903603 0.7209820014876409
3.941720517000543 2.448683346686279 0.13981075197888296
4.654274931266486 0.2861903776441432 -0.13498437222725934
3.512718259950166 3.069462000982947 0.6433203159340095
5.120026227563068 -0.18401833953666294 -0.1413800695785039
5.19301679692353 0.45214269787899136 1.135528823098738
4.4055409847512434 0.17557712021190103 -0.0571499911386566
5.879020307740792 0.15748142741627957 -0.21771102431703448
4.943652581176073 1.9677386999978193 -0.10294378177753927
4.718601025422859 1.5701947179567517 -0.01831514669276535
5.4606608337790306 2.357820520409621 0.22637442471532856
4.683069606943553 2.096306359752727 0.5295926214521913
4.519468355464418 0.9979803329741331 0.3236440103656264
4.339514341808243 2.794335397086884 0.2613459865909247
4.621400564017454 1.7901410021045407 0.8101117739781845
4.938271337798062 -0.41078531790146117 0.3530992032424253
4.731041550263999 1.5511702558095348 0.19854859265303199
5.516121276134712 1.80794622021244 0.30646034990030013
4.091193628965716 -1.0615163569378332 0.7703660936775678
4.535753858936945 0.59255892577201 -0.08587721515498614
4.755411918246398 2.0452265812903394 0.6501950425819686
3.904404635312326 2.0221942245127478 -0.29541426550254035
5.176211357247261 0.9593106238765116 0.32299167360440145
3.9313466344876256 1.22515973846703 0.7949543404400233
2.919399366170629 3.3422450850877086 0.7754431079297803
4.699318821010373 0.8853512347285989 0.8839414968393582
5.045766504221049 0.2774788979528284 0.5654038737386107
4.8689493072179095 0.5077226282180195 0.5602146480754864
4.883256637815445 2.174772569142267 0.6919486195433295
3.61790843246402 2.5026849282356616 0.47470236778451635
4.887405474451872 2.6881671854909546 0.73830239589579
4.515923795162924 0.29705881589835864 1.1155466699922296
4.608287434850338 0.8935621403199399 1.4037056270812371
4.1633889285199395 2.0892877322544026 -0.08314563598122648
3.700801365274997 3.4251278165773296 1.14906898789497
3.753046461067767 2.282821807778015 0.27496371278016307
4.379775294685142 0.48502261930945484 -0.09651720035093558
4.8653297937450555 3.404383376538527 1.4411776439800512
3.865016723209983 0.743464734855686 0.0943148430905294
3.544439304607322 3.524872823348089 0.9280197548160053
4.619447450641633 3.7902533806142555 1.1973451902804655
4.595455218963989 1.7221357782172908 -0.028914054266582778
4.728683783405441 2.0366357493713085 0.8090825776641521
5.449671032523642 0.9979122741324951 1.3494321313583084
3.653308359987327 3.6135239857125634 2.116090257249523
3.8046113424930144 3.048598269029641 1.4541595158525018
4.31878226632656 2.191452927944235 0.5331594151607946
4.532808584923522 2.1140601931882306 0.7278780931448665
3.78469374272315 2.967134386473686 0.4623140742475474
4.226303441300101 1.5012202750017947 0.7773536324698089
3.9020954306731013 3.7554926387070386 0.8169236123653094
4.1005927945762295 2.4708091278142392 0.7586060007371067
4.637127589321857 2.5577273569202013 0.8067966208382842
3.13535691789433 3.408527091095225 0.8375762677320294
3.721808494557081 2.574966083569877 -0.3333305550213741
3.4254299463401074 2.9782735607458024 0.7455925171190991
4.327990171909465 3.0644759922584344 1.0253709733818626
3.827068140043734 2.4753335275945485 0.8697593533399508
4.292381022478121 2.8756313946267325 0.6998530736308963
4.31359746912078 3.5436357047679325 1.3499970828711694
3.533158988535186 2.608155592012613 -0.037947251514734104
4.675562489894565 2.82383382215052 -0.6412211480762922
4.397877562174271 2.139506810766451 0.855320494788633
4.20869806607454 3.146581913053042 0.24054243944949005
4.439936374121169 2.742378116898916 1.143131001980144
4.303219996866627 2.2911508876884685 1.404600807684714
4.432442109128999 2.122402648365557 1.4437683886694144
4.656162384083162 3.2702270006603356 0.260811218606647
4.4224717604725745 3.4904856161519584 1.5330064795004414
3.7944003600969425 3.6173422169881992 0.6478470599323978
4.989959258030668 3.57227620924998 0.5557285691462053
4.280086567075853 2.6224567945668564 0.829596341217792
4.328229278942817 2.8464194650351846 1.4895790356244982
4.796507407934246 1.3531999398453445 1.944519962246505
2.000064115459025 4.064582074297536 0.8575134284070772
3.1417785964808935 4.327467279634061 0.8050463076602525
4.064495274935939 3.839441474301016 1.2729682753645206
2.6789148045153337 3.4314500433663264 1.2518924152778619
4.329167447588265 3.4529276325444553 1.251943377639724
3.355135813220303 3.158730037844802 1.6227204823464825
4.160574740949356 4.091044168658586 1.244153481619651
3.143258647964475 4.54996033951465 0.40185418058863553
2.981372189343339 4.899744714297801 1.2843568594223407
3.071375852716862 4.987139235185852 0.9739890963769395
4.292360800290674 1.8841534611686692 1.267548199472854
2.79788660062328 3.98820672712089 1.106941828514404
1.9414314424821837 4.351741806578512 0.9981287220523827
2.9003242928045103 3.631049198567128 1.0593005337931911
1.6866735512718611 3.6822982436683684 1.8154001224053378
3.711306019095186 3.193253121662916 1.788025202359441
3.1425786062912557 3.1803242914885232 1.9502012353783353
3.093004895900582 3.194949246011052 1.3744265401112563
3.20710196232473 2.7237613917493038 1.1439375064705724
2.3456767831337584 4.411416775203254 0.5844879469659615
3.2555979223588705 4.345717504751482 1.311989379707772
3.1268685526308677 4.823838531586503 1.4437902921060424
3.035044981601231 3.73844930179437 1.0403582770666036
2.9006287112285714 3.1690094938198814 1.8576035149615457
3.8249426983653962 3.3092224653932463 1.562507190067313
3.198824846171962 2.7411593000840164 0.8375712890805476
1.5873278614995474 4.386988976842576 0.9246624217834736
1.781176606491176 5.038196925695251 1.8300963399079049
3.638130428287554 4.159980654189428 0.4331714227941319
4.026822083100035 2.9292374849437426 0.5880289062278768
2.874147188415959 3.7918130369683976 1.2506099044209513
1.9228694148667307 5.288685124066111 1.3879268961020137
3.3331955276111933 3.9402104936922977 1.5217622441692866
3.6719145116361642 2.701414618366971 1.6874385847563698
3.461420528212465 3.522154954490372 1.7115861582268341
1.6814611916834112 3.662952459169895 2.10563216262181
2.325073161877876 3.5530794344721572 1.6767800850072825
2.6385906479611547 3.8473366008288328 0.7703506958808297
4.235331487738387 3.9319973058722906 1.3469374394117672
4.222325437897027 2.8211689087587266 2.0733084008857503
3.1785612837994845 3.7091215909996444 1.0455998511960751
2.7531737726055607 4.022457498833586 1.686706318696488
3.8186490825998636 4.303380215780194 1.5632931060717803
2.5910096462317282 4.230704161029463 1.859406764551134
2.243175333838172 4.60546746022719 1.511168058142706
2.657290065883886 2.908619618514378 1.1466911154950494
2.448430580670373 4.049852624059932 1.9094738318369757
1.8748573583905144 5.693457882964527 0.9181189237725458
2.883474321693811 4.100129148055106 0.3160806248384411
2.5122187494974084 3.690750078923434 1.421681194858925
3.001187897153173 4.680956768634675 1.6003248896900542
2.2487964430148044 4.291158178018455 0.9104153828982329
2.744715571794689 3.5935013003133554 1.6466010534217845
1.9565790136543193 4.335526332337015 0.9285894301607532
2.98063730551897 3.68905089306215 1.8721746429057045
3.2963826272578594 4.418270854790158 1.6590607208205286
3.5687403428442077 3.6485696190817616 1.1160812891446423
3.0400352874955243 5.22117839169085 1.0643402041307992
2.560519957838378 4.969342831225429 1.7333576551409493
2.737462469527903 4.308155723981144 1.54481695977798
0.4150709201360031 5.573260550241904 1.0586861553893736
2.8271678929215356 4.648774798702134 2.2547838089499286
2.0040243811718588 4.848027294546247 1.2867849905985933
2.9566318503888778 4.733343424654949 2.2018187848777226
1.920724739462025 4.550266909674321 2.4354597825769764
2.6332822535909735 3.568111041556414 2.5399418517011356
3.090623489876116 4.192680814625197 1.6651750277123807
3.1115540127449735 4.4503393574129895 0.9445399903698071
2.671497391328232 3.7777046963002814 2.0332867205013194
2.556809127803142 3.0669084462287577 1.5371554657868964
1.9534235932803428 5.394100436327923 1.9168318721097455
1.6088119657590694 3.9882249552354914 2.7788166536468704
1.6861766511773821 4.176550984007467 2.241487581168381
1.140913465174842 4.957790794362911 2.1720975145955803
0.4344499012776092 4.3791742537307154 2.052558194940886
3.4181807313467862 4.264435211937231 1.62803033473079
1.9037215632491478 4.296083081563326 2.754250046763846
-0.3554895351859281 4.851335719048968 2.992641603205205
2.7893585254190145 5.238451683367808 1.37840446328916
3.518290752339639 3.847145763709621 1.6699920763734872
0.7297567686968951 5.481341383476192 1.6782526612711728
2.344868070392342 3.9704344826063487 2.0208844574231333
1.8965533052381762 4.316971735899472 1.3181999484713067
0.8394399929114025 5.305315902122691 1.6611929249848738
2.941271611160716 3.6614850697231964 1.6952914798643537
2.1554543045382526 4.656942447687728 1.562749472185378
2.29606886635988 4.3664453280358755 2.004108875070493
0.7926722323914698 4.573498304037386 1.9566746341850427
1.6820313352329277 4.084595150932875 1.7507845390544907
1.986513066587725 4.9016320741527935 2.1368122156601568
2.201768948140017 4.559920578436427 1.9642342968206232
2.249385745860607 4.664405481314427 2.335755781146961
1.2698851157027982 5.634093850678694 2.1773822067513082
2.381115575140112 4.284820903415072 2.145333291098514
2.3672468307809913 4.240819355298996 2.5611991403140113
2.0908413394210084 4.842725893092102 2.54549761385337
1.6713054226914883 4.611730183606995 2.3873758293895446
2.5315732925178227 3.8405432690811288 1.486189151983135
0.47634792619541344 5.132817379202221 1.6710559590529943
1.7910325416934871 4.993206349701158 1.7871359951559385
0.5782536259160388 3.5066899059622667 1.690214228536434
0.47889395899953974 4.773279718179172 1.8410291882445398
1.4911812429737679 4.838344973603382 2.7395284903633343
-0.24212802946984363 5.36216397878856 2.0939011636154254
-0.22465634507795143 5.311302752097878 1.934170924272909
1.780541278503959 4.49478050960226 1.8777598481467777
-0.07278744513206116 4.698540425229175 2.1095192776874745
0.8785297733344738 4.426333574157496 2.6476857257666886
1.3448164392620399 4.428166418724577 2.123503264670243
0.8509561997569997 3.972287402845535 2.2354443115497267
1.7343867656971692 4.675283097455372 1.9679188434824963
1.6632672609348664 4.333276435335459 1.7442359435852397
0.49868191536502804 5.283127875172237 1.8943637548896528
1.9444528896726327 5.1595337898949785 2.2139539939831825
-0.36290437441625417 4.679945512744769 1.7696792374992054
0.31159448635724696 3.9863485994045367 2.1725223865322536
0.8876391580985985 5.153477026937348 2.176115620799869
1.331695856542932 4.785374087443944 1.7905599306814863
0.36862849611748233 4.43707447421897 2.3215903381998926
0.34236260451050216 4.2734437572916075 2.9325312584208088
1.7012578280206354 4.598306227825841 1.4694204260413222
1.2867198467451275 5.3483295940042135 2.3598627004553774
-0.38247119949103464 5.434185632681457 1.9730990179477514
0.3975784200467678 5.195324457398581 1.119071915055609
-0.7266242053047935 3.9985428936639984 1.8031598048987296
0.2357489964003899 5.205544949875424 2.694488302731255
0.02858060835615289 5.334287294947523 2.1152063863467445
0.7740552048578425 4.814641360678654 3.81524161444782
0.6810286822248015 5.6846471861214045 2.095414606179422
-1.1283441213574399 4.6460306775684 2.293725972043374
1.1789525896913722 5.10615142374747 3.280814594327673
0.4486730468416252 4.894007505614021 2.1397967947502545
0.2505675068430279 5.418728144183602 2.488770250438823
1.4371272812742688 5.02731034701502 2.4237992751735797
0.5030401688892311 5.093159486834951 1.901694548063063
-0.08330131709011188 4.722212111025656 2.873177198438709
0.16164118344064685 5.057826647453906 2.1454980148213796
0.3280073983673334 4.558667860301694 2.4382097236892184
2.2267086307928667 4.470957862106697 2.698184757214222
1.2114206585712564 4.480813097361947 2.0667732691127676
0.11295203821208345 5.540065067786497 2.5255941795719328
1.240957198749714 4.394127522309448 2.260061194675925
0.3147354139030295 5.283724663643526 3.083987751807333
-0.3857953224223885 4.783811803875479 2.548825278819603
0.027767359351152886 4.828499141174379 2.904164251903531
-2.119283507446883 4.642417672314635 2.45280146288245
-0.6618743512885433 4.961437558263031 2.9171723643730347
1.1475034455948563 4.283780439772179 2.6358752245445487
0.4977809082977712 4.12773321332762 2.9747739508802744
0.7004044323353272 5.139329060509929 2.5939378620079965
-1.3150122523641785 4.954694824846485 1.8419229922703053
-0.20051147657178617 4.828332130100767 1.8691519288768261
1.1865051087341034 4.4326323870131255 2.4247343636167904
0.9583482728155478 5.244255947143034 3.304313769058635
-1.0022775387908653 4.6031970990919735 2.8983453126123786
-0.608076302984579 4.729201058248031 2.9372752839735212
1.0116278537093493 4.334344796327148 2.6161308780760466
-0.10908739842285076 5.085735138525114 2.1709748331181427
-1.4296278443600456 4.873375511634003 2.5512678460937357
-2.622784108690304 4.572118987585198 2.8389300286810952
-1.1847667906734642 4.8902215850244035 2.676855237945368
-1.3484100534725332 4.467950250107602 1.8182866972752514
-0.6105866810907811 3.9919441116667964 3.1305633910165156
-1.0941681404573362 4.897335517661707 2.6034653194016317
0.7961861409520545 4.32855226305217 3.478698122955927
-0.88086320106769 5.178153853793463 2.4090092785786954
-0.9375803989804656 5.386892814328203 2.2429023344957093
-1.7127310831842486 5.377799352693037 1.9682067048263965
-0.078679825148313 4.662465765973124 2.849761790798388
-0.7954945133539213 3.8538870631006135 2.6772263471498854
-1.0598582106953862 4.8864158841380565 2.6434660151395986
0.7532402012645464 5.0385721038493925 2.651688920297867
-1.1999751867624777 4.341170756507275 2.707463720835835
0.3213620827755667 5.119043664788325 2.7692950370175216
0.6346321750147468 4.021621927878397 2.537433975490147
0.5511706870568969 5.747942203854292 3.07870839118413
-1.087954871272164 4.409096319729362 2.8634946211438463
-0.22560434376894611 5.054705683554532 3.148863844355654
-2.542474341979166 3.8108170630040274 2.4247145108028483
-1.863087287614802 4.966325056384338 3.030250521172415
0.13360339714657513 4.632347902799134 2.864424170384251
-0.5777562747444583 3.6861394714316087 2.45814274760394
-0.5331080578148334 4.636289724483333 3.043432538641965
-0.6972955315101385 5.16795357107298 2.2708722106216865
-1.265639272295374 4.373902060743279 3.134448235008052
-0.6034017363896972 5.5162322726599475 2.184824797640744
-0.49905669749831105 5.403820668231238 2.635917629174254
-2.4679422951818224 3.6614138500329685 3.1658481914476133
-3.6666645564263867 4.9971034371145535 3.388164801122848
-2.2936922258879426 4.582460698953009 3.0501569126391703
0.4252979148699735 5.379137732939591 2.8225693831830663
-3.2071133174203816 4.259480765349952 2.4848732215023066
-1.343211356554239 4.679006881786616 3.4421943995540656
-1.875305036378638 4.386394995007995 2.8238591263960724
-2.651712965192239 4.5137199981531975 3.293842332977454
-1.3837493965960685 5.9715743123796505 3.303281403679167
-1.8474024798130575 4.45285124370354 3.5584604780928455
-2.6732978548061426 4.714982638872654 2.523417852520841
-1.8185449095325303 3.6232284054870316 2.845401697944652
-2.263994232568797 4.634825478464074 4.231357574821753
-1.916968054002873 3.3929183744204137 2.7829013743422415
-1.027802573698387 4.9688159833121714 3.1245944094142204
-2.3457876599442025 3.6102791254098405 4.395885207464175
-0.8275724966606917 3.6249874982535526 2.175460426547687
-2.4219546411326323 3.804444449837936 3.5130753185464028
-2.138807861534054 4.453272573909475 3.218194736788218
-1.9486479834122719 4.358376517808958 4.214473712437262
-3.3464225960459446 4.1216693556842 3.8170026366835157
-3.026048486096873 5.541140161743913 1.9662525610783799
-0.20590216166610392 5.324310107405648 3.850527152583187
-1.6841488313164708 3.9173583282049154 2.594583775021466
-1.9502003549247462 4.6510149601913815 3.2870654824766197
-2.8870619348051307 3.9508099397060423 2.836322626401007
-1.7620979783008315 4.767463594017621 3.4230053600801904
-2.3730934656210034 3.4442328110575624 3.6577279913075387
-1.7840660263823087 5.36284356132114 4.052295102007328
-2.5205312994305427 4.92696034335827 3.484689929502327
-1.526725139730244 4.620242515555266 3.9186058688884997
-2.363429971842824 4.158858532180202 2.6896721223960274
-2.482075986694593 4.159138633489671 3.523249933262833
-2.4675697682087385 4.327800180976768 3.3543624729315518
-1.9588788315731833 4.533814027379765 3.980564213664941
-1.9262025535496698 4.525887453760122 3.3136554358177746
-0.2459985133906129 5.233658023233979 2.649628488689202
-2.384214572823303 4.842768490210076 2.513699427552862
-2.976874743463008 4.367626955146969 3.4118827055485483
-1.9345096855971635 4.535565170089331 2.340753387704835
-2.25911298246994 3.9171568434664765 3.2337100815511595
-2.5871246794879097 3.859155202383192 3.642866518104318
-3.1323825267322607 4.214530872699485 3.8150226534420435
-2.706127965207635 3.2382154558243834 3.0282086098323258
-2.7082914697069027 5.065433650795875 4.074681941435324
-3.4826788434251035 3.5409499493209062 4.0418634654053225
-2.2721419056089913 4.50786719322388 2.8621858571005308
-3.6969470830217483 4.383014827122996 4.217703705426375
-4.565187247167491 3.958162710738509 3.2592129634194396
-1.7433694352794245 4.708123464238428 3.273616259308968
-2.0878209052070917 4.743568636352559 3.76440078848766
-1.7660706641760127 3.66639410561348 2.5224223701094206
-0.9559639395951705 4.719249088681223 3.090981442539057
-3.3471604914849915 4.059878463126631 3.5176782858253084
-3.561879199923035 3.0907112469142133 3.054625332810077
-2.794358979476313 3.1746538034095693 3.748397817439723
-4.052781701487841 2.81963490590082 3.5496963410155176
-1.4779144121892962 4.997826084599565 4.436083625840416
-2.7905879895536048 3.5414128351398437 4.09249252858266
-2.995454271030195 4.040113050519572 3.4360271432784844
-3.093888101904893 2.3366298954358284 3.1924652929867396
-2.990282593229266 3.205451847201012 3.466956122776245
-3.1959610473136433 3.698860331395614 3.381506984536821
-3.8464090348424316 3.6503122627401625 3.175204962723112
-3.605049172668108 3.7005828822811937 3.5746510876429936
-2.740115033830841 4.3434293134010655 4.488117482591335
-3.240968568342032 4.548388241770999 4.066810786296404
-3.2464211971491066 4.819902605411021 3.5661050060503183
-4.254534820375817 2.326388880360365 3.662006977038478
-3.377192537777958 2.677335188392241 3.749881437883355
-3.5214903162698747 3.6587616643330616 3.6731520454315154
-4.470783927892014 2.549924846737334 3.772474818851189
-3.249581699683998 3.7210067864185445 4.367499409153159
-2.4684745265187216 4.6835621285612055 3.72110920841161
-4.231732578066853 3.2699577992666233 2.761894774729328
-2.9023818545066873 2.926733093322531 4.231262970646465
-3.924533607059376 2.2244951380376468 3.7053899198722715
-4.012383666723462 3.6421739568661873 3.9672318215902873
-4.1488363942931095 3.5176626465655905 3.9440452304788165
-3.8999269623848742 3.12116000804664 3.989226463448806
-3.8445846864293314 3.6221601932643934 3.7056942425630575
-3.3035082963320006 3.2575665958638527 3.031162643830165
-2.4427195032812365 3.9788825846802585 3.610810484107575
-2.6185355239485237 3.247051959639845 3.524554485416662
-3.6305389302668214 2.238429525849003 3.7875564394573136
-4.110504075646433 2.595734607690673 3.437576143243252
-4.083686572828637 3.5957122146949185 3.9443843404641514
-4.019646701561754 3.1867171327056756 4.678642236228515
-2.7906263787399586 4.579590844569379 3.622359870580485
-4.837663139801167 3.9692864388319213 3.6877126690687456
-3.693727112420408 3.7829192634418036 3.65800960508223
-3.9964405532417286 2.998293099192872 4.195747258117637
-4.313021611441239 1.972482677216465 4.184460311468856
-4.305990137659307 2.5692091736023293 4.5972317078863165
-5.139821422986051 1.594403933098864 3.7825611661767633
-4.009121179346599 3.353147078685505 3.7922264924238416
-4.264600791089298 2.6595716833686653 4.327832460781278
-4.332167331489537 2.2902915791981617 4.283221673434998
-2.587543043730742 3.8035255968687007 3.4659588628726734
-3.869171399012065 2.154777853124119 3.296286554895525
-5.509964820776615 2.1176922508708222 3.850905373664568
-4.258493280752604 3.437020684787427 3.775380582072257
-3.5106336208321456 3.801954891233225 3.837977236048173
-4.704270946970533 1.5419405587014456 4.581453934347223
-5.049865685070868 1.811147989772552 3.3264911928501535
-3.3567271958659797 4.189526478869637 3.949233952844107
-4.532394106702112 3.4053976602060696 4.213557359625684
-3.547699084377506 2.9559948532820792 3.4695321071096936
-4.04367187060532 2.6582042714105345 3.320057545137645
-4.026016059876649 0.677957992015406 4.089331788313609
-3.9931024852389236 3.421794907895212 4.055783958288756
-3.788351409840441 2.121528532174491 3.9512620041952378
-2.961403968156633 3.1421670227266016 4.17152817685594
-5.069609159037547 1.2814004345066994 4.176665225695107
-3.9167756628897124 2.631240227685236 4.252324505105663
-4.341978467037711 2.918076920696731 4.472543226973865
-4.54761249715006 2.2231970265485304 4.555832271330593
-5.786085799641718 0.15969262448739174 3.419334152381145
-4.704648464296489 1.7878368454701665 4.1570702704117775
-5.370352631402183 3.209514375674489 4.422437975421796
-4.276138062550894 1.8386907700460062 4.207444908142192
-4.750940173903733 2.7559118765271364 4.2410729282854245
-5.2341884065161235 0.506798773006972 4.012833703019817
-4.217801009514549 3.408107166350003 3.7760376748454076
-4.678261454960655 2.997410990669462 3.550255171646851
-5.438113748299365 1.2565628761989744 4.036898490960817
-3.5735086193626575 1.8977495687413417 3.6824990030050984
-4.72702581551124 3.798877964657826 4.6662276648532925
-5.135429387649104 0.3332038674041063 4.145553615697036
-5.645459186324168 0.3559735885171634 5.345781281394264
-4.940934553670146 1.8301468864017743 4.478065595705691
-3.930443074099003 2.8332646867892275 4.25079940289784
-4.846966480827604 1.0651055863008205 4.138864937650359
-3.560574813410273 1.8504496482767507 3.6267590935617924
-5.706292824660299 1.780384283942869 2.9622248254823553
-3.8379956073103214 3.327449542785751 3.6325163611677733
-4.158605734926902 1.3575596757880652 5.1067334578552455
-4.837528662196408 1.0478574925857882 3.4968307029574612
-4.646520947720417 0.2895847542572204 3.665179795692778
-4.85760266300955 1.0179862959780557 4.681689466794572
-4.754620135609552 2.2965383743201033 4.22405856688056
-4.989540877906387 0.5329907634572306 3.6240175768429075
-5.005643689028863 0.38724910715909816 4.18815507182764
-4.497835411385267 1.6038308187191197 4.2292719886297565
-5.046355067887949 0.935201514239419 4.6834893475418236
-4.850063144431019 1.1848083335600084 4.319253604683713
-5.302360516926031 1.545560724947998 4.493395728958271
-4.360742419780641 0.7697305192418273 4.010536259602878
-5.065032265940064 1.4642804461721506 4.056848877468454
-4.43003585624431 1.7433048324617044 4.266942640919179
-5.15493953901962 0.5438626926563698 5.309707740068789
-4.411439976595633 2.753189605080792 4.909238330733482
-4.548256394001281 2.342341327780998 4.236575751760338
-5.162761708830244 0.5594994710477703 4.5378632732770585
-4.874998278473794 0.23156872083337063 5.913254332387843
-5.124410535240506 1.4359149522297987 4.685500553274521
-4.035700997495384 2.535329458248976 5.375313733924818
-5.131433069546089 1.8817225236872643 4.669861283935377
-4.850084611605767 0.5876197416006029 4.548593034387614
-4.720899315904598 1.9981477597155208 4.512127861944626
-4.804279775153207 1.8656739600641552 4.882084929392241
-4.236953730216281 0.6651701677329096 4.161379801809395
-4.448305256531614 0.6006083867126509 4.44138504049765
-5.163263823674014 0.4195002663338785 3.852620404945183
-4.969574924925483 0.13353182193283458 4.8932619460670885
-5.3503088443852596 -0.5398768629935256 4.88941480656597
-4.756485156894642 2.5407104963765335 4.5594728562244695
-4.57173614377105 0.5926016561015875 5.019238905432562
-4.454567459869964 -0.5564586810493406 4.81663955190744
-4.790167122147457 0.22867093687544218 5.03313323012128
-4.5224219079011405 1.419056892486057 4.239445319742457
-4.255067164344032 0.005122912507171645 4.146570763742238
-5.133191642847193 -0.9812335423956967 4.523640187155739
-4.582995125871046 0.19501113192167246 5.589557681791917
-4.086116489906961 0.697131798622437 5.48900663425992
-4.535390281898911 1.4229691133653541 4.224965687003612
-3.812952100117352 1.9340059229033943 4.598585775719864
-4.143715800913487 -0.3810256614590224 4.5638465100809125
-5.085269817830539 1.02013342034162 4.870400734325655
-3.82305418682336 1.627525368535069 5.066814151911017
-4.967743143911349 0.6194682218884524 5.181209033391907
-4.868661611360774 1.6498346906127448 5.430964847517221
-4.862578990966352 1.9801984293400556 4.570941933931458
-4.4740944335078865 1.1859889945517625 5.460391760843388
-5.037452726322678 0.7244816493715804 5.51950090173031
-4.215024634347599 -1.446601799589916 5.0975880262989595
-4.024817615584922 0.5336379448731133 4.710026008972005
-5.257280226591995 0.5645327998026384 4.375855660079898
-5.2625939566314885 0.5566767019225809 4.697563122854969
-4.5754188596015695 1.0716701205663555 4.802343888158375
-4.6778354744784085 1.7002610903053128 4.1081951031699395
-4.7325213868005 1.1171160851188648 4.915856032166737
-4.707661387000393 1.457126307327895 4.887367631715033
-4.82672007757809 1.759132089179562 4.539203696283453
-4.871459693539171 2.394367580359304 5.66343651832447
-5.183998879749495 -0.5984589585539754 3.9167540681124184
-5.646837656406897 0.46828271279737366 5.221375114978481
-4.210126202221833 -0.5660045714468007 4.894037534047326
-5.24556637949344 0.44071173176121065 4.644959672453649
-4.860723317201857 0.2672374058062821 4.16721326796317
-5.526845851519955 -0.8078827614709801 4.5106765434896205
-5.406562868488379 -2.1951474358586895 5.085889380699871
-4.748859879236661 -0.40352472726706096 4.6154458650343475
-4.470220444160223 -0.0955810384257394 4.551220855693623
-5.6171681158966305 -0.3811920830948134 4.315749648188239
-4.435403969636099 -0.28785433265718374 4.537537458840351
-4.0364407032117935 -1.4999948488769765 4.692707001850492
-5.743616470042202 -0.6469621428533773 4.944056662043688
-5.676314844956033 -0.5507514178304321 4.989293658878253
-4.896165242551243 -0.497325031690508 4.5309205451145615
-4.5873809298373045 -1.1017893396889227 4.784571140264903
-5.483112798456619 0.7823529812681207 5.125572658361982
-5.102235261708228 0.48811806081936865 5.035736054656782
-5.140959508034192 -1.468178499099829 5.0665967083188725
-5.203776693575117 0.025233268928594114 4.3094519287127415
-4.971088652837332 -1.2924124289769958 5.304073881809848
-5.482421029525902 -0.5194635833355886 5.360375671025905
-4.812569539828906 -1.8360643909460856 6.24140942975647
-4.373007930534319 1.0255336972610483 4.743039021417312
-4.414773298732384 -1.5029603313847193 5.358356748498593
-5.220701386903201 -2.2175218414251643 5.190600324627819
-4.213019482407094 -2.931574247016913 5.039676467636398
-4.495318814112111 -1.6502142186537092 5.107187867747761
-5.881356169175195 -0.39555808610198573 4.5340017923708
-4.985415719900873 -1.0142137844873012 5.797118618180912
-3.6620264382773717 -2.0907470966046895 5.166144876742996
-4.964653491387326 -0.15405298625212235 5.670096943090532
-4.8725277186532905 -2.1755001346507106 4.979486035455901
-5.4056343307534895 -0.7160803160223232 5.387821694939312
-4.648917436201053 -0.32771316425516195 5.7853467550582325
-5.317370223052684 -0.5991419523736805 5.11937928582471
-4.757882677385597 -1.1001372464525065 5.474796455376126
-3.9545700603611262 -1.579443904767896 4.670179694582455
-4.623607741496924 -1.7054610555493654 5.297201837967199
-5.11976393572221 0.4292233904978559 6.433243406976278
-4.036590458105291 -2.0757739831961723 6.058896922037026
-5.086087973848133 -1.0249138314718114 5.823702483747173
-4.962627347393617 -0.16502952853284744 4.112468298975
-4.933780674650937 -1.6784547606399929 5.207000044282633
-5.6779289518129366 0.3526175581164113 5.584584848475123
-4.668340099621721 -0.45018637117260146 4.978797575542467
-5.225252078775144 0.31285278385476906 4.610393864749626
-5.387624609507995 -0.01935786590485749 5.088360820668013
-5.12352883731775 0.35329210293437147 5.49276752165834
-5.0715367147774355 0.3999044272055285 4.59361009357843
-5.286924837568389 0.23037168960028154 4.866882341347405
-4.184283913018688 -0.7258850506271285 4.531843531474377
-5.029467282957033 -1.648504492824989 5.56378483069555
-4.383396683139346 -1.4256371600319095 5.068314220392226
-5.099939667773225 -1.5250848121992107 6.671075960312031
-5.034674537633046 -1.8475092409550808 5.855808572442185
-4.568176419154358 -1.124350117646988 4.544055821128186
-4.9401786511288295 -2.267208719272216 5.434781103141253
-4.390702555190858 -1.9784972234393157 5.490440731869697
-5.207636729870326 -2.2880838483696206 5.333745041813948
-3.7224695979701656 -2.1103203060129228 6.183354216266199
-5.249118133359753 -1.6070735640646552 5.726070487232876
-5.466849237685903 -0.7219216278143139 5.1152772451299455
-4.302007965939528 -1.9976673489998005 5.451528923628937
-5.069188008126554 -1.6058988960201928 5.712079736345434
-3.436943231558849 -2.3959451833980445 5.457920340675948
-4.692443427421243 -1.3158752864898622 6.104868834968679
-5.139131091395553 -0.9007072070034678 5.018002459452725
-4.878589651343522 -1.8441429660623105 6.227065750656703
-4.692335101999864 -0.8418054322425824 5.4235172760715535
-5.485582509247755 0.5043252261241082 5.81467460827174
-4.783024238600296 -1.3448705237825473 5.9074946300294675
-5.377672308938782 -2.781903083310333 5.57300423602037
-5.398865510314446 -2.0596372349477203 5.615863354201271
-5.150515228378687 0.307928755038849 6.262570845025816
-3.4711613100781737 -3.1216737814361104 5.9122707347499865
-4.121344336936656 -3.3062332598184963 5.841155033145905
-4.527571152648332 -3.09301823482805 6.1270391548751455
-3.9072706522723677 -3.2359553130216043 6.016353182212245
-4.74856312259747 -1.5124252346052738 6.095679483499126
-4.895412595696846 -1.6877177547547526 6.118973553965836
-4.164738358106457 -1.8522278466569644 5.545073516983027
-5.492157873613993 -0.09418276025066338 5.257799783846545
-3.7601263569155288 -2.9624368508081815 5.50663065961997
-3.3625799985643408 -1.8870727561201517 5.46358539778539
-4.2529121368078515 -2.0558252093088063 6.276439149614302
-4.717629088200126 -2.851882394822536 5.784877090457822
-3.5420691814855627 -1.5662325909129093 5.954188032279655
-4.054679377481043 -1.3157440148481738 5.096694194198059
-5.309082639641437 -2.566553352284274 5.2911109441033215
-4.977049076439003 -3.0964690127147807 5.026905260263444
-4.323989179634409 -1.0725897743071446 5.808750302176666
-4.742722112778799 -2.589168034607847 6.8374364702252075
-4.321707979800835 -2.447662298091379 5.671072390122589
-4.149434891243054 -2.8421141508349645 6.369773413719452
-4.030176887109094 -4.041593498250997 5.153981501251222
-4.874882223548875 -2.5922000102479927 5.485251974408968
-3.4935987130983266 -2.445196588777681 5.144088291753686
-3.929260662639687 -3.6770693912419667 5.86430878773219
-3.3606003813552334 -2.239457342121917 5.380898380563956
-3.3477609285684777 -3.529159213523506 6.153141542038056
-4.222025353609585 -1.6598203897124841 6.1550778166847095
-4.649925647370999 -2.6733136445655736 5.755989069233104
-4.119788193912925 -2.578364346156695 5.899391392093205
-4.795844951564175 -2.0216527560564375 5.525856706690013
-3.900270855008391 -3.206072030863142 6.568094537463123
-4.003556636449718 -2.027941561758724 5.701037457344957
-4.074055707284624 -3.7577269199807506 6.147742564573057
-3.9438806590270974 -2.394573004297844 6.500958751376317
-4.943522468221226 -2.6833728905963747 6.294677114404579
-3.716902537177569 -2.6186836240789972 5.219055209293206
-4.687210350867973 -2.1981760678996447 6.282730960182435
-4.345469475615135 -1.245899060516686 6.93107543395105
-4.697668761797119 -1.533171864481878 5.926216707998098
-3.516430890357418 -2.334111937782003 6.479128375707992
-3.628637108925947 -2.561443782776436 6.356050136258284
-2.769318756575756 -3.7457161089772844 6.059434794982717
-4.221689182970846 -2.4918654041847454 6.024438875315049
-2.694534956739779 -4.560552525489718 6.201612449641767
-4.173773665652263 -1.6878010945456334 5.896770578999752
-2.1216805184433905 -4.052357615986119 6.0293184544274725
-3.4338995547076183 -2.9933658581025497 6.398613040662553
-3.887936493638052 -4.79516640264092 6.750596399101587
-3.957330021014009 -2.883863168287036 6.6496974790604595
-4.2748447693717315 -4.336251768749929 5.975790115433207
-3.7626521371187227 -4.49037935798761 6.637736398528957
-2.4472314504706665 -4.493687294039468 6.060428631540177
-3.588218708709636 -2.854173268159732 5.3060513606328925
-4.779423824809689 -2.9678909345787567 6.761278307023717
-2.3222014829966287 -4.552280687734078 5.630281637289435
-3.0600023156495104 -3.56503421683237 6.239742432884701
-3.0973924230063736 -3.321424435536901 5.861007118209997
-3.312613404576609 -2.8074074288134336 6.779626549131006
-3.5726472598470242 -4.478536130787713 6.45512749274195
-2.8562301528328673 -4.412562945719826 6.224422603006773
-4.608592838679109 -2.8470357458523208 5.818035130996514
-3.0340669793698556 -3.5927255017718163 5.572031459061469
-3.100657704411585 -3.2239271626813966 6.235479163648054
-3.2384404029707383 -3.2981323283171444 6.439570115262985
-3.494419852045378 -3.1862352710850064 6.4680128124581735
-2.7856075096657644 -4.3851691383423805 6.19836922744882
-3.2875536870763646 -4.3404210923449895 6.8572433892538935
-2.866647438856559 -3.837685294311219 5.9447068815799575
-2.5357735175962293 -4.937102071914402 7.360777118957839
-3.1012433527324363 -4.27124970700636 5.717891212034587
-2.716626613468592 -2.911950523374111 6.422423881803104
-4.145274207011602 -3.4828994187133366 6.64417996935601
-3.9182114824060044 -3.6394113343221273 6.011625634982881
-1.9915613291667755 -4.13440780125321 7.614290650613764
-3.55582735591325 -3.89271742187405 5.7467964718701126
-4.773348563603191 -2.691811655337687 6.1488245926163305
-3.0106210140146907 -3.002909567609999 6.088997925920558
-2.305534331060897 -3.3540060924395063 7.243023940520677
-1.5826714947293687 -5.107160013159766 7.006911767115018
-3.1034720431866107 -4.175270105665011 6.925229737464424
-2.4770437754010586 -3.5050826653378393 6.7129589108052015
-1.4430741614769274 -5.232247763560781 5.717840652382795
-2.405240457228774 -4.694295497567625 6.876835726177488
-2.3165759836853685 -4.3025117019226995 5.60750036403171
-3.0373371935805213 -3.093501010613637 6.283476249423673
-2.731442415469025 -5.21089640704156 6.764700961432434
-3.5387645045729155 -3.6025160264688725 6.481128837937711
-2.1303659016867798 -3.6636029258069422 6.658487946864126
-2.6910923685231483 -3.7602286294337337 6.764814845715653
-2.8517141844730243 -4.247348689083636 6.404343362754971
-1.1418949179259503 -5.362675420542395 7.3127290683739705
-2.4720390699186647 -3.8085241278980178 7.3545220178843955
-2.0793564085939145 -4.9176841717946935 6.315057046659505
-1.621830956872672 -4.866794908997433 7.592126487885365
-2.964719201985377 -3.1993714538283395 5.936078210021459
0.19074263712059394 -5.201423602701719 6.5811293571688365
-3.553269578413118 -4.109560159828505 6.321011591615033
-2.8869808361915 -4.427004764103674 6.442335536612665
-1.866580729581291 -5.385335670456344 6.722234240256337
-1.890496151586896 -4.539533116576712 7.435599359191188
-3.196268746092373 -4.400667004415149 6.637157308313021
-2.5416069763011473 -4.509803357466188 6.057810827449745
-2.0874178536133488 -4.997955987234406 7.266302788608181
-1.7781029817725698 -4.56360138871409 6.531480410642232
-2.0139259161792142 -5.279169838574771 7.275990032557121
-2.8888835258399017 -4.278688960053148 8.094412315508663
-2.956229406965578 -3.8324268900949985 6.986439134096154
-1.927291275470629 -4.585261538632139 6.751241348996638
-2.948768521778614 -2.522967313976608 6.469194404423467
-3.3930447183982726 -3.8332939220445055 6.988875790735113
-0.26489824901471853 -5.784907112976703 7.206704355935658
-2.482974610353102 -3.2385516658665985 5.468255269473286
-3.2689875050719674 -3.701922734600352 5.650370162057108
-1.4798397843814663 -3.891818674092181 7.868707099141185
-1.5923174392431598 -4.501936167646119 8.200038353268036
-1.8691801089357152 -3.947790835968693 6.9559346503100725
-1.7964147885288588 -4.820001900994217 6.540300554222873
-2.5145091341307952 -4.00741123189887 6.632823487625019
-1.0835799549262204 -5.000225884713695 6.884661933304973
-2.810438864534866 -4.8504562279102785 7.012088991402925
-2.4232711047017963 -5.103417486752736 6.660246921158338
-0.04528969152254657 -5.321668596762077 6.584258332815254
-1.2377803387678499 -5.05451683971871 7.115875975741466
-1.7712834102365296 -4.1979907175011135 7.04177849103083
-2.2386048394794553 -4.948568532295095 6.1162093905566906
-1.5580741637538382 -4.942968942397402 6.2871934710308945
1.6440928040999068 -5.023643655260089 6.513669901122576
-1.658084801397364 -5.452578094033075 6.8832639937232205
0.2744224387360005 -6.211083455489515 6.461119250739429
-0.47084302631150016 -5.357211111235156 7.203826207421432
0.7423074332669277 -5.120271785860407 7.082936914664069
0.5755112022948435 -4.995106792948608 7.008165223110022
-2.469232392707482 -4.843453660150825 7.507447243137572
0.49802162761320246 -4.5388401818542405 7.2533051798457455
-3.1530222082234247 -3.935600407406381 6.373194884664856
-3.1103771277855654 -4.2922190725029505 6.9885061074585515
-1.7300754220423917 -4.5656510233426095 6.501507346768898
-0.8328877170669456 -5.319994491557554 6.987879190187469
-1.5265393956876794 -4.388382405386226 7.294761079993588
-1.0108590634634291 -5.22848812876434 6.85966196743607
-0.8533854451768097 -4.015724769512853 7.338618396995156
-2.4340485900459696 -3.735638246978052 6.9201896380232695
-1.017906029457375 -4.351906922947465 6.779311254419277
1.260197328869943 -4.880110677249462 6.426490303579803
-0.6741197303373431 -4.8469603152859095 7.481143132154989
-2.1964634278717847 -4.760617901666784 6.248682265822467
-0.56793504417954 -5.09717428640908 6.585443281570871
-1.243143633592204 -4.3888591819321014 7.39220803260518
-2.576861840922066 -4.28370009371215 7.305677912519113
-1.064028143408767 -4.671136046965546 7.596582791699891
-0.5065665237369723 -4.133102976479217 7.268417598606081
-0.29288372173559346 -4.795360926117711 8.272918733805193
-2.1708545684212224 -5.081640086543748 6.341910151371512
-2.345167948370519 -4.397323607268905 7.149956922487532
-0.08522989317361461 -4.6509460142577055 7.010161269823188
0.40131945073737935 -4.784176052816195 6.548963897800349
-1.0383915293123347 -5.129189566020611 6.799455741011298
-0.6485238407312096 -4.402566126495915 7.765282048377056
-0.4204589578708002 -5.0348682856468345 7.636438011796245
-1.233768340993468 -4.314077363615572 6.862918800864528
0.24860597440754925 -5.4152274679762975 6.458300985027817
-0.9314426516994014 -4.833518627085246 7.537389711237293
-1.3397199977496155 -4.942053970042337 6.9551412239714
-0.8455805270007689 -5.037314042925338 7.352281351306781
0.3262880144329484 -4.689356524935827 7.188936036664599
-0.43160994381380635 -4.727093857915578 7.648380810424896
-2.085902381000108 -4.922448223671321 7.265147196544864
-0.7313511905857036 -4.659915036972404 7.001297941420417
-1.1534172133324587 -4.7306019217397015 7.486616507195729
0.8874968517572914 -4.404854760429658 8.040543066705434
0.017170217013575833 -5.127334781423575 7.513527034277084
-0.41910968317656705 -4.199492229043062 7.69671684351141
0.16306455105988252 -5.086387132043776 7.665076274746694
0.41187627499676244 -5.433764924599868 7.5899286097283625
0.6660342135941038 -4.738650254204142 7.248539679838087
0.6902195472534619 -4.26116214589598 7.980745974040664
0.5185700509002847 -4.988689828385805 8.127201674982317
-0.9512051729867046 -4.591299938372209 6.52054588206004
0.6362820029830726 -4.460805317663636 7.152748630551103
-0.3729845201414237 -4.835357117830527 7.157578815652638
-0.3994172330903956 -5.338096161505739 7.381240127604685
-1.003457333540559 -3.693208738736743 6.956500519426723
0.20896576754663387 -4.785003572077696 8.257226241607817
1.1248454037812452 -4.625307227026809 6.816974300771526
-0.4060672180605458 -5.280930143722951 7.5689595216868755
0.26143434030647084 -4.662540902421115 7.178271900437878
-0.14116484959641623 -5.238384476790201 7.853717984000005
0.4494504010503318 -3.629898247384703 7.349882386679492
-0.4633451229016363 -5.644113913059883 7.385083621950772
1.0287917803073423 -4.726688581431265 8.068612808956551
0.4204952444463873 -4.746246625649758 7.6288773746455725
0.6781122961736916 -5.029616589880349 8.199046730666009
0.03120407201772244 -5.171074458809832 7.186326653592138
1.423608481152817 -3.9116174832806534 7.589764742350249
-0.22054805760059318 -5.145009240678418 6.35970765755564
2.4222254370829215 -4.340640903668187 5.928088242884844
1.0973177498141884 -3.732665830294965 7.204371510351899
0.31770538099778206 -5.234236864125702 6.779459025938187
1.9279348884348435 -4.067565055314045 8.08294529682958
-1.0491186022523225 -4.794770258298769 7.6125726380338055
1.0693944962065152 -4.807450596911841 8.441288541102082
1.2183527301378834 -5.017023779628156 7.462534812086975
0.595674156448988 -4.260551989918539 7.968936173606894
0.9669827330140504 -5.696205105240313 7.946566646084473
0.8100921441239346 -4.949249435090453 7.007473113267255
-0.06119986376752906 -3.9644234791573694 7.708958537091008
0.8149243667008412 -5.200419529331087 7.797060092604886
0.2670780769502377 -5.761337369267138 7.743008038921447
1.3382456254762296 -4.9284652229708845 8.043652700608957
-0.22423193904930297 -5.329543699709503 8.541535793085895
2.0426590750514966 -4.675494053107871 7.244178143398291
1.2189730628816133 -4.909619488754537 7.244886574963134
-1.033712047637371 -4.608429647998149 8.023827930021232
0.3332676920479238 -4.744117778275587 6.737786998579631
2.2294523112387132 -4.110250353996951 7.454390256631907
3.4393861204571965 -3.8427827743972176 7.544733983641406
-0.15767724512664721 -5.668021799209061 7.932531671613538
0.6613585798538069 -4.775737604870068 8.610869481939362
-0.7938122157809109 -4.878515602300464 7.704735191992417
0.26899421022449305 -4.678267603599488 7.768775908488563
1.8001709275150157 -3.890401937666797 7.606987175328616
-0.6962868811012546 -4.881560084452478 8.123371792191618
0.8365071205464292 -4.325305252034961 8.605580782641864
2.298034779971902 -3.9435567369378726 7.6430607845930485
1.1227515587028198 -5.744851402967589 7.237310083356267
2.420452671776569 -4.2900764053919165 8.772222385976487
1.3010237613976894 -4.169546951548681 8.157659349388274
1.5453798468666466 -4.36636135578715 8.578528152962452
1.273613223263541 -4.971489520201293 8.490120425399482
2.7899539600806715 -4.89241312076332 8.541065036907261
1.162204388456047 -4.063473538017321 7.633439032315179
1.6702822663856014 -4.663827374009128 7.314030869232945
1.8844332778521289 -5.180729210581856 8.85945666536846
2.4168647202196523 -5.541749330741955 7.0733657801489445
1.670714418400663 -4.678190559260401 8.193430231643788
0.8603642031123043 -3.8366388537429916 8.145352583133528
0.935375336558444 -3.7698505731776204 7.867886246980393
2.8481396202642575 -2.8488318732492632 7.847179928636785
1.6214511504024194 -5.168647331596972 7.434229912926772
2.205534939141169 -4.329104842164497 8.655788468698333
1.9518732937848695 -4.600861724452855 7.827012092841753
2.4101039846485666 -4.209043720569943 7.878616425556183
2.4848291399756492 -4.175315661097449 8.226558167995103
2.831231002571076 -4.414343757310571 8.406161050060035
0.6164957343036155 -5.274913661587562 8.474237909330071
1.8019710722448417 -3.959355950805657 8.232992357399567
2.9453112732258138 -4.80060359496784 9.157305919617203
1.520108625224932 -4.568989452192204 8.09864282998778
2.486952369356367 -3.7448173182944506 7.921401802168358
0.6759784445473503 -5.055806607864692 8.514076475899282
2.567416027896512 -3.747569174886888 8.156642228122424
2.1290171472576263 -4.919264124626529 8.48253446088173
1.5554529049704988 -3.799124354703489 8.353163022033499
2.1367174008024996 -5.040431124149662 8.848827321814474
0.9573165560830886 -4.404721666973233 9.053784604310097
1.5831905810732534 -4.700089931115314 8.543209802153633
1.0633850565186325 -5.4065804389462615 7.5581182637473745
2.877981613394654 -3.5826971558348517 8.133232346787924
3.598865797854664 -4.749881133644472 8.780849487048997
2.4105688124869262 -4.0634668615104355 8.5963701560899
0.315916947913305 -4.461285170338972 7.545262063927487
2.9608157159340687 -3.3985401058089484 8.506076726054427
2.8875633665831404 -3.2699795473263324 8.426399253889505
1.3897444495671285 -5.377593578157393 8.64972098626954
2.2123008823361774 -4.709278720753374 8.93481058520608
2.021674436020529 -3.760809358511534 8.736925161948836
2.6941269004518715 -3.976029494271707 8.652031742032163
2.0266894254670853 -4.023608238512613 8.68908858969267
2.490074916764094 -3.667583865125774 8.659196367729415
3.6554248244674303 -3.3560788958758176 8.8169471254544
2.47742553666113 -5.1755961438585425 8.665473748578789
1.5289618925421884 -4.780694618558729 8.326150355566282
3.3399757389334153 -4.212166880596384 9.399920140668314
3.6536514938919566 -3.524850737514719 8.360338241856388
0.6915942196869371 -4.731561881014282 8.626427165946547
3.2793550804612366 -4.140071983532732 8.90520327001708
2.5592602558891993 -4.251244500246208 9.216131596428927
3.4149198899220425 -3.312806668697658 8.15046981612097
1.8892269734210763 -5.004271898811478 8.681488934536919
1.5275309718684067 -4.100631794540383 8.051067240375382
2.7947039574219454 -3.8639470731085535 8.382496041966915
3.439268792559049 -4.5390890308166725 7.981180918685519
3.0480527702300186 -3.451583618928305 9.430903311696623
2.10760997722418 -5.771428683841124 7.844039517579995
3.0221074703874127 -3.55016876196762 7.263080856175749
3.490818094583565 -4.0376556795322065 9.453587273680057
3.3896312860866433 -4.433267983902977 8.477289924193814
2.8276939004358255 -3.3732424685032085 8.5003765558855
4.06153770738682 -3.6765912598419614 9.238018176961498
1.908183703685328 -4.562059903017151 8.675348294901044
2.4918051494883136 -4.363914953032814 8.865801370540648
3.9716687054953743 -2.0466610413369275 8.557907657618149
4.703473618933603 -2.713617306490611 9.347679422454394
4.05860018965241 -2.9521700710977714 8.343811668607657
4.173458752033574 -2.9102946173986837 9.017595855581376
3.128298438959422 -3.910472061422844 8.367965322304093
2.9142511359065155 -3.123941923104226 9.428593737533975
2.8882152943657364 -3.628396272511074 7.120468353936166
2.314844252348565 -3.6348998350226545 8.441757051219366
3.0546647298458014 -3.9107195036119307 8.454172103931235
3.2496168126084104 -4.027132660388821 8.37208240240476
2.695842118772795 -3.9421697041171138 8.593949347667548
3.4220059064292285 -3.9148584442694676 8.479969731859201
4.748478212434468 -3.54417801713318 9.42388750784673
3.362553285112777 -4.281308317508506 8.941799226750035
2.7721718129834314 -3.9268075245363585 8.642859042125583
2.9721841906802378 -4.261593109394548 9.319335680968184
2.9087137693640206 -3.901286752112093 8.498075152287894
3.7210759992650537 -3.4043619921604447 9.064825291222752
3.3755037276748476 -3.854596910107101 8.649692415431947
3.9358269463302853 -3.306075258895583 9.404481676521197
3.998680758409473 -3.0076464718262765 8.804490794045295
2.3641940775783787 -4.729674781014866 8.267920990950525
2.7783600298669833 -3.6724063178441386 7.819813477622108
2.3680709953224404 -4.520118151067216 8.925206197063954
2.99164894804811 -4.63480540030024 9.23644230745114
3.1266825921661145 -2.7852796078146635 9.213778366560172
3.3878552523422027 -2.1968744024151947 8.876267683861474
2.963685180533056 -3.430693775533118 9.275056659951936
3.464527753333725 -3.476423663115391 9.232227457920036
3.5677597153501623 -3.5319750269549766 9.184758090212771
4.4222589929998986 -1.5038935511587506 8.790077673179331
5.491367819187604 -2.595290782549055 9.784680031132387
3.833199171966894 -2.5321964812761504 8.712621411080523
3.4206602767645786 -3.172111811163335 8.394549258049164
3.178779720418018 -4.2307749722983665 9.7067840600754
2.823960453606685 -3.668521250818063 10.474900053982532
4.49878583808175 -2.0793853633066868 8.729465874225655
3.4833944418549287 -2.708048354994055 9.164633613698353
3.7036727605927133 -3.5942668006850917 8.883448487584278
4.460062762729404 -2.578570905767341 9.487547760733213
4.819310092747217 -3.0092391079662204 9.283798042322033
3.258309054628496 -3.2112131117265843 9.425309151552392
4.41729604073642 -3.2103471973106013 9.538802211355708
4.104987190308344 -3.637136489227502 9.610308897376974
3.9895440692635513 -2.8898183816031464 9.804268849219085
4.188746170171358 -2.896276947222293 9.627405431043405
3.718315624331719 -2.0523576627863886 9.15515061569333
4.259715487764804 -0.1550785731430517 9.721914973959635
3.9118108111821925 -3.969696171839464 9.571819858411828
3.940929032320993 -2.9337590723276965 8.984804360119023
4.18914157193496 -2.4412340970864888 8.65404079514383
5.3075941441472985 -1.9285221573783657 9.83616289139684
4.4310594116934485 -2.3398058418670353 9.242210686951148
4.133715495004004 -3.6788591437939666 8.577758252435878
3.5822499077627272 -2.8287386437013557 8.548198076596933
4.20990355379789 -2.8860586600325107 10.396525307950911
4.519539023667282 -4.516699336289872 9.035272507983745
3.2018851778447237 -3.6098182341515592 10.035400734903988
4.881608513768848 -2.245352985194859 8.645711127794948
4.549776686805615 -3.242562391490234 8.984379251223
4.0492299761112625 -2.910313049391191 10.309087966346652
3.5264067846127904 -3.727321999795746 8.744347756191292
2.827735744034577 -3.2377371528449173 9.712632011746871
3.723556074146065 -1.9452583875144844 9.13873174577475
4.525296188457568 -2.1979873989130905 9.336942876292467
4.577271146158189 -2.6655541795519557 8.902245039253051
4.397754127201349 -1.6368013158862706 8.894746767991812
3.869028060073395 -2.694583352028093 8.28302467714699
4.347380565883485 -2.1256747895181367 9.981504501342275
3.5475018272858425 -0.6956204399407778 9.340372966867811
4.883158338006781 -0.7118101560857484 8.874776974232887
4.130879769499466 -1.7642221595797467 7.953377304088551
4.638073604121862 -2.0800711371247234 10.087405995523351
4.828322339435435 -2.1251424739678213 9.772072889806752
4.228665523559146 -2.580500567358557 9.29674640143665
3.3572844969929245 -3.6155656769023756 10.204382982553128
4.9571324268183865 -1.6385528016815676 10.021763209857589
3.950054051884185 -1.568559983069208 10.344436536348828
5.227159587559672 -0.37821035441054 9.279984063418361
4.2637593293493214 -2.067024975733875 9.024378884492554
4.892157853461957 -1.1852269719596629 9.22535852761208
4.6445874515716605 -2.4259960116340946 8.511028125288558
3.3418168186312123 -2.7189696280273004 9.105888643007749
4.404274438125357 -0.6424517266311525 9.809653732125486
4.0430179193698565 0.2822153172694233 9.008020921175476
5.424223518185254 -0.6859081609319636 9.686530134464387
4.502612990436534 -2.045626822649448 9.981365651557628
4.14981793104704 -1.0146220481100667 9.462218254493001
4.850978866877862 -1.5301128578839274 9.29746672050217
4.683214624320717 -1.2845618058740107 8.733429622260894
4.342349640637442 0.41441805682979177 10.45175153942576
5.430848691216323 -1.326329635831215 10.022000798303354
4.597028471377744 -2.939040891903478 9.581124595220714
3.269407467996023 -1.6453527420156937 9.381497224865244
6.047955082215675 -0.32405712856984376 9.202656860903623
4.3639992654156545 -2.9640039014866817 9.494097773184139
5.1704173093968775 -0.6801539149655689 10.104022984130964
4.815716433073149 0.16164748084922279 9.570012874149388
4.542609620882425 -1.098958724293708 9.001860287497667
4.787088684837606 -0.8982230178135141 10.212171970857346
4.745946433682458 -0.37576194775283933 9.106883900056593
4.165827431411166 -1.9967658964540698 9.38896694656146
4.888747718805035 -1.4639332879917926 9.69703200707384
3.3279404252364233 -1.6244019604438646 9.888392360331997
4.196167551622708 0.7164617754278233 9.488013806190596
4.700587360245575 -0.5193966377453487 10.557047761510427
4.196323451378709 -1.9671556351403428 9.767816754119023
4.073717348382055 -1.0865848318338556 9.29077759364283
4.3574470315669425 0.47115452196197033 9.90622172367584
5.918416569648715 0.03046533421328975 10.73280193463103
4.9570636211884205 -0.3887955318719116 9.92203136148753
4.990715753276093 0.018247407531532287 10.040135011360201
3.6159358651726095 -2.621512698462468 9.650033861856746
4.04838161971679 -4.180296445322639 9.946184077980666
4.997546950541002 -1.4993262421147535 9.13333221514386
5.6164432360368135 -0.5523063351312193 9.379909995460391
5.389584701524623 -2.038647962414586 9.926567419204305
4.6389225137925205 -2.481293229382326 9.496136041169203
6.046941364984663 0.8821072763849527 10.230115231477928
6.125698035069863 1.4110658327676582 9.255963468220077
4.884474833511442 -1.5483622970273603 9.733916596212687
4.209819532937673 -1.7037218533452 8.733932685581214
4.678506503116992 0.7375975826950734 9.553643496117116
5.385720251695485 -2.19300043118987 10.307556934739335
5.084372771160428 -0.056382176714511775 9.870392378924267
4.276812506677082 1.022181085346131 8.845009238045725
4.925262099151247 -0.522976467777482 9.113083289065786
5.317677407424218 -0.4411944422918533 10.399524902282042
5.118515538127219 -0.6939948767941372 10.04067580144732
4.773783621228263 1.5740055021704775 10.18080170300497
5.388376543196151 -1.1122950452292049 9.987526976713044
5.07249895897396 -2.391003062301066 10.164550295862433
5.696334105857336 -0.9511347258634907 9.554550970218502
5.316907419671295 -0.09365806174141558 9.381448399575437
4.752253017702512 0.05480739872155773 9.189743505737658
5.128176652140302 1.638160662980702 9.658273286796845
4.813837266601131 -2.035444368726368 9.615696134519194
4.584903784308155 1.2521168244511194 10.025888009215883
4.705517192468146 -0.2521868528994751 9.870004141726465
4.936350920666535 0.6919808737308834 9.757882057364613
5.142613359836842 -0.18277224568027464 10.479267017792864
