4.923475533508532 -0.3938225880588048 0.35681085584282063
5.0395628316694765 -2.139246028923152 -0.34954020953603077
3.7644753730194314 0.7143742080252168 -0.5302812380984309
5.717208299344183 -0.20092417743488938 -0.17679586286801652
4.806041097962328 0.47470714167283645 -0.13727960998658847
5.154093141325561 0.33466070457604674 0.4742739279818752
4.585494673945449 0.24891124672600623 0.9623232920592857
5.5297965297360046 -0.015477775647089562 0.8463670959427745
5.3657946814294855 1.6078340846087475 0.6607011101019065
4.734143091068188 1.0701271987244245 0.6412608340221727
3.992075521706287 0.5075412075658389 -0.011117294915140533
4.537801954350422 0.6980516884280921 -0.06192062577347415
4.296816171816098 1.7423627412895186 0.24028589040772316
4.739463950065328 1.53129359307403 0.332942822917401
5.053083281674248 1.2874368024961782 0.023371822122636
5.74439624081633 0.596054373999696 -0.18836022211285505
4.826709242590264 -0.1758158363784233 0.4178890782314595
4.200001325789289 1.7308934306851946 0.20596690818536303
5.118837419429305 0.719115523478733 0.2742378126487381
4.88983504609909 0.6833385160400013 0.1642673627034084
4.9651156477251055 -1.072687396562087 0.7111722748229139
4.626346892838657 0.7064470217753803 1.0831899113026056
4.81021794606698 0.032531506450980706 0.15001011845939732
5.587267593918669 -0.722196115780214 -0.33562740906620414
4.246994286395218 0.904779020962065 -0.042783541463200014
4.9576602952032465 1.4494733263439281 -0.18636587131640858
4.4505543324842725 2.1727848143770445 0.6255911361545539
3.9128945738512697 1.1866433383148483 0.18547753162879554
5.068768944867539 0.7966280023339077 0.3838620732202659
4.625311898511852 2.043058219365723 0.26915839335449476
6.167850507058548 -1.2220279352782408 -0.5227217680070593
4.950714213804359 -0.22088739251631667 0.1890141634004873
4.655277712954933 0.08666689708888975 -0.2545761451549465
4.9177866593904564 0.9571659178401465 1.0712315305094602
4.667445035339312 2.635517838990714 1.2205683959978282
5.5959410927265445 1.1294782694995407 0.4573923377474228
5.187703465814826 1.9878812592159423 0.37902080330258514
4.896644722042687 1.0806861157398184 0.44627771529242893
3.7674961057573033 0.9847979912744832 -0.1465585721955185
4.7659578438704155 1.5730409871983293 -0.11795910440038004
4.4690193975127075 1.813981967451239 1.1685364509891798
4.498008907927646 0.5475517173244858 0.4983304909796848
5.1340467097313205 1.3230446031264718 1.5216435882469468
4.426727753089639 1.7052200904499455 0.1984485436244019
4.419990902152315 2.13431610185958 -0.22950267786941048
4.976033615633011 0.647744625794624 1.2924274194363954
5.013753941580018 0.381814231657487 0.9973131529964696
4.691467320164504 0.8080547218335425 0.5985004823692636
5.694078340144028 1.2770092303862137 1.164551129478915
4.742156628643628 0.5878106261979273 0.09152923027862497
4.579733136670861 1.8000413610602115 0.06865803681435406
4.017421674259666 2.451243843411868 0.8826869980830474
3.8412127681758217 3.3114573157071816 0.7853281767611187
4.808030829618456 1.3538605578457918 0.3865347520336003
4.101102941959486 2.7692259376794195 0.5256475157809435
4.864405598420359 0.05549802470830293 0.8694421588251235
5.065323081740514 1.1450576860482697 0.5792077432624035
4.026750450350907 1.5694503147356564 0.9820399849325773
5.41133231245225 1.240902493339775 0.26597430341583966
4.073417425887355 2.5880010718836517 0.35747150378327197
5.169877856965056 1.4880021214119215 0.42738552443689276
4.189000541370676 1.889273164528346 -0.2357003213424469
4.111638062064049 2.598270930943204 0.45815523604537445
4.023782160712775 2.330364429674753 0.44746557896973616
3.9012410434730094 1.4310114062113646 0.9985946254194695
5.1886762753245526 2.625772492458779 0.5641024187121985
4.424335319902619 2.7763883401655853 0.07181838620717851
3.924488406745953 2.5634788859180064 0.8578772056591839
4.535987740400012 2.6181045797289175 1.1968846058740408
3.9336757582328437 1.5057669284975899 0.6622342820601039
4.3740560631121035 2.563864745614496 0.34539711568701686
5.334062843538 1.2000758741638797 1.5860090780544271
5.8073472235572 1.0711561560993237 1.175150862956587
3.781544941654456 4.398794735684257 1.4943436411886715
4.013319963920352 3.0246078905476916 0.6407478596354687
3.9990215884286813 2.703299998973203 0.8821486448892177
3.801258044065158 1.4891365614809662 1.2382411420807258
4.585080257593066 1.5357469637444094 0.7699862813179861
4.248037884937892 2.540667120499652 1.0128280517347625
4.282393779031044 1.8646799733520787 -0.09324431980332326
5.481452197716282 1.1683418261514915 1.3906994398174253
3.5876689263290444 2.585000930533681 1.3542181254357464
4.474578694671441 2.4979297823017723 0.3284751982372587
4.470362916711043 2.017006296052989 0.6027769087132788
4.584909761342313 2.4266028585822457 0.03638888158793585
3.911746317485062 2.564197721192706 0.327255197472915
4.8164530324965575 1.3149971008218355 1.8811504854781067
4.480049288018622 1.5031298473301633 1.0098106190262153
4.892462039568371 1.7561853998893753 0.7180543840757003
5.152524144973587 2.3246551719743436 0.8487473050338852
4.4185799420483525 2.069183668533044 0.8494676415232053
4.013113905981724 3.130554527763822 1.2320784396616848
4.350534491713794 3.2839153047362624 1.2368484870726972
4.327073064147609 2.412962838538058 1.1589675832464226
4.527338315367273 3.359023115303273 0.4806952849735796
4.658204220220319 2.900879118577264 0.7503804740374881
2.966367377703846 2.93342008523871 0.7995337668049726
2.98446657790189 3.2510332091003837 0.3332216056440993
4.902180863723461 1.0238520890925529 0.3365992677493592
3.5038155791799053 3.3763746707343576 1.0798803395143497
4.056480030565202 3.2674336751278017 0.8502346841856115
2.7593865178261856 4.283777062917884 0.6795921839537826
4.761616504941484 2.959151729173012 0.02873531705903065
5.262163364409612 2.2646020842228913 1.020065625343425
4.225248702147848 2.200881672074575 0.804893542356926
2.865498226459206 3.121135412687271 0.3814093356055748
3.946488899808767 3.504554263455616 0.8540867808911956
5.06577153644124 1.7187106064553486 0.39912236380775656
5.08932069557983 1.1813958718276998 0.9164979182925292
4.149766889465105 2.713348294927744 0.8454547169703455
3.1302729317286273 3.3442791270103034 1.0642738791893747
3.580973320492006 3.083154969529772 0.9510017007453061
3.9053792029194345 3.0405264718908276 0.6928155530091414
3.976624516990193 2.8749448043462946 1.0641237823995775
4.25038342321187 2.700810654570578 1.3960926468503234
4.164983669217937 0.6879730001563301 1.9705723770872705
4.0121564056542205 2.610715574481925 1.2256632457783823
4.000319055368227 2.8062671667644166 1.0135148314900964
3.615388470208 2.655490654956847 1.3658948477337047
3.908555655685417 2.356944595710184 0.781487269322872
3.7343572647221044 5.0726185444052225 1.768709019574953
2.9864655616513653 3.4285903747532402 1.3168959836209355
3.080184941943934 3.385761636386552 1.5457636598270061
4.582656829285167 1.9859577567055342 1.187761844583302
3.5910252496059187 3.2446445782196145 1.8060095509146499
2.3589582446964044 4.475057238062932 2.1812572985687764
3.730833322822197 4.210514010965493 1.5614847790430058
4.091870506510576 3.520046669528536 2.3177963990871535
3.4557780919341794 4.234112432271056 1.183239055156192
2.7074467479993296 3.733526545911666 1.1451754182789975
3.8166664456631496 3.3132637993251457 1.4265257544079044
3.2992572339967308 3.643985456529871 2.656957673507122
3.9035160031847655 2.247101649384199 1.5669252021623632
1.753486380694767 4.71222764081447 -0.14652030220616186
4.28230637114645 3.017416390756156 1.9766827184548836
2.959377784507917 3.7168300884490435 1.3441209510035128
3.2326723716220633 4.6168542510979735 1.8103510596887382
3.7070752888766134 2.8231606463586885 0.996338070937832
1.931377434381683 3.0311870607141724 1.9630858326792762
3.9028011045861533 2.7294588363605508 2.125171108951153
3.346791198654809 2.9137968081043355 1.6117410072244605
3.285920561738645 3.9051221060066252 1.095268733242317
3.024002334742599 3.0907673090149776 1.348302415366237
3.4161069730923637 3.4257075605231786 0.9310662817649665
3.282031332817554 4.174644536674946 1.0989355778687764
3.2824348854435907 3.312985872903873 0.6337738277358612
3.15022576716204 3.786237865965812 0.9836062199498534
4.0800056345166 2.9416986664500886 1.4834638692239648
2.228242883414653 4.646447829468405 1.3204270437213113
3.6279291331802197 3.8497810797138676 0.6988424332351437
3.3251279686848227 4.283279071444558 2.256968975640879
4.460557135337935 3.2547831384975696 1.0888380302253418
3.6535279435150954 4.534025528613128 1.6320267384077984
2.0133792490880373 4.890695085424879 2.189266356767706
2.0705831166446944 4.2141142348978 1.8433552299480498
2.5463405062935687 5.309025698982829 1.4206791342020957
2.1185849068967992 4.560173766387348 1.4309906123012655
2.1777765004068126 4.603505954613257 1.6310932587526645
2.515580413909887 4.93108245877732 0.9805551896655532
1.877939956663467 4.919322795283136 1.2609767091160005
2.932759714663641 3.2963443826666623 0.4220362027577975
2.9318827949210187 4.919898306950317 1.6529740696149666
2.9656466960680654 4.02105680532661 1.0619046365460998
2.0721541829369152 4.479506547333288 2.3494466217539447
2.422774171552271 5.4708068250497215 1.9726714068359807
2.8871600179823886 4.093023449881388 1.9446552027616049
1.538410533718938 5.022398077404937 2.122394806934263
3.5501380115798318 4.278474874882509 1.0420462620127477
1.8054431505751964 3.9677203107784105 1.709273137279688
3.0335813753839536 3.206977621244004 1.5009254068700035
2.3291646008739617 3.753150594484494 0.5875110156524359
0.7106499449259339 4.375429796781893 1.6690271296830372
3.4428541635145025 3.4926188478884432 1.7457503082340264
-0.502968873393374 5.663189139272668 2.221926560402312
1.957797109746134 3.740718312049375 0.6271690049317369
2.5470163639712355 4.062200631137243 2.2984035875721114
2.926615345244253 3.128361314998771 2.620876932773632
1.6239999559641172 4.931604482093302 1.4368579378031894
2.6323471005526446 4.438010889192944 2.102083920223371
0.09517901176515157 4.550956703440727 1.3363885129621946
2.8998853669356595 4.144863318329553 2.275395699572761
2.5524834333064503 3.9575595702084074 2.0928918572573747
1.2988644215483938 4.572793685589595 2.263523848888237
2.0441714979092267 4.289753487039394 2.113277174741477
1.8354730563728503 3.9465685548094194 1.2557547657650825
3.6616665956475516 3.0807935592621427 2.184506250602895
1.06511552723658 5.312458439055603 2.7135240950203303
1.851933270165611 5.263418712899161 1.2517762270950983
2.7513459647981544 5.165091763153195 2.738455268223912
0.7777318154844937 4.217378028781379 2.1364254623869314
3.198522990613627 4.887476666395815 0.7685595821761158
0.19074221794046795 5.371020169651041 0.4860246809447377
1.279849848897308 5.681411622993296 1.8707212424863813
1.393103396889814 4.221452901636292 1.8454108924356134
1.653800943884259 4.865671418339493 2.3839422513477233
2.4151950791741923 4.580310561851594 1.3802841095173797
2.8689637585081575 5.194950196683982 1.571835641390972
0.3397049560861347 4.973855675387128 2.2867155992989607
2.596489929485256 3.8378450888279283 2.35690478043873
3.181847319771427 4.13439747514475 1.2745465046030207
2.2801953575216016 3.0764921181878706 2.5104232935308266
1.453841267246627 3.839327640671863 1.7366173674957512
1.5401700206142397 4.302607492329756 2.2889159777142543
2.4800069005291236 4.7781653523484575 2.1978704958086275
1.8127761540812268 4.001026175195297 1.4827730910109005
0.2074651573340934 4.644722185728329 2.360280943465488
1.6711596367820993 4.11393581462533 1.398844765342973
0.7539290970003719 5.921729352651697 2.0011362582903205
1.2991398285523243 5.393614482784709 1.6055296400043169
0.8340118263366612 3.8417991980182267 1.3665587942585997
1.120229790154596 4.867573260423185 1.395666174034119
0.06585227265511373 4.266575043106879 2.804981738791792
2.224165401420879 4.606478005358538 0.9375573275780542
1.4356011869373335 5.434827956809364 2.2025439594573446
0.38523450066032733 5.370876155704238 0.5974027787701577
1.1349608518100405 4.181314162054825 1.0786124479147534
-0.9790778245258708 4.9095585806749105 2.6640670038423107
-0.7031103654904393 4.065944354851495 1.9705261537502443
2.116137571637832 5.207345396294689 1.8468368239645514
2.1407751920945475 4.762559752606636 2.5681733232833506
-0.03986245707073497 5.204551298381253 2.55047647394362
-0.8269316164087426 4.2649910552922785 2.2016349535334787
0.3760074009112044 5.356475586748632 2.7300169581993528
0.4224474915700433 5.377454413057371 1.8133819733593473
-0.4960508597647867 4.865176390048583 2.372045608534009
0.5949818365636733 4.847012921073987 2.9693980582989856
0.9402621371481794 5.060589092875191 1.8132951607925114
1.8891879595006147 4.262832152059941 1.8071700363852052
1.4764427786149754 5.839052220424726 3.023087871421077
-0.5772374015282161 4.88078435992832 2.7437105866575027
0.06622489888832216 5.817268947950264 2.275228177655542
0.28065167530208185 4.3847721927391445 2.67558743764416
1.0583341634799206 5.192522594514942 1.9273001091785016
0.8284059324114447 4.5549225735230445 2.0395149088253044
-0.43930429022070944 5.141919980364698 2.134495551492167
2.0478201490094663 4.900271112243636 1.9560692234958283
-0.18350209892893304 4.896367001254007 2.9140910247108547
0.22934057475112968 5.17371025218285 2.517084397050721
-0.7610508071260196 4.254843833557743 1.8198555261852816
-0.36685494538728136 4.9274327676983445 2.6093214579976673
1.1176757882905728 4.832300213581164 2.4059837864815456
1.3420679797901542 4.328558725260524 2.504460350376386
-0.04453150010449497 5.006674963339534 2.554416920062614
1.0947938411546685 4.156968272388421 2.2190392537041737
2.3861716273994027 5.527683155032172 2.64705877192711
0.9242177319498812 3.826323552273971 2.631736814251347
0.7026570737652101 3.7411958973344652 2.751861979028088
-0.30799298208917847 5.19378496373556 2.3095264684964087
1.4914896001106586 5.463114806055642 2.44685179171713
-0.7492552709185764 4.766763595043592 2.244765266792964
0.49309132558617363 5.056771259105084 2.9618048674490702
1.83430508482673 4.97850959044884 2.8339033704317194
0.7062494074426463 5.396145575209993 1.7403668853600016
1.9616018744856285 5.3167373130858575 2.5972493262088436
0.6414563414931143 4.580382587034905 2.4319479121830554
1.205181411401232 4.752792639761557 2.2086205220618638
0.19007485110161496 4.238105075242195 2.1821943836362507
-0.21020966987641965 4.247704298376253 1.7331560435857138
-0.3104143461196752 4.450854169840972 2.332504394450387
-2.2657863476945486 4.640427903305268 3.3457256844751226
-0.5095957441676524 4.37148854765434 2.776892117898417
-0.45490036523820215 5.231964554934308 2.1424390031163947
-0.08734225679120969 5.041734417830635 3.0096083915745933
0.31598764181617833 5.164667705956722 2.775601439414012
0.9968246687411467 4.591552195914839 3.1643495716715435
-1.5147155277844495 5.0615831770066775 1.9023708456883268
-0.3880259007471724 4.288480329481501 2.602134777392465
-2.1022408223984614 6.126262676688738 2.9046743114984883
0.32726042652922643 4.931400767252097 2.5380901679813688
1.4770292141451844 4.6799939554239725 2.651180972402011
0.8836525956445843 5.36326322396933 2.5708981350530795
-0.9909763860592365 4.513737131907867 2.300359537407236
-0.45404551205181043 5.305107582386813 2.0645532270473517
-0.08593461091165583 4.916333379829279 1.8528683311710725
0.5432330717023485 4.653499277141836 3.551009442387953
0.5768038076238816 5.116482550220985 2.2879187391202045
-0.9281661144410654 4.827945466399522 3.2697885631148464
-0.42918268715112995 5.36374025903811 1.6566061345703549
-1.4353454419450609 4.448283677508374 2.5460574140695575
0.24322095411015382 5.235999184358306 2.5092936851068646
1.7945391507026849 5.327420290382796 2.7144616799686907
-2.330105297006564 4.4346117648121846 3.0629739370962
-1.048295088733803 4.853599561629049 2.6782660108217766
-0.7502325848025563 4.5733756072169465 2.5142684513708096
-0.4963180177800651 4.344725526799718 3.169020351817128
-1.6430323638177948 5.117590509920788 3.2487117730092203
-1.25295560420845 4.842353639543475 3.256064656282967
-0.7238815484277067 4.582408917456614 2.4554244830233
-1.9531250626929353 3.951576403744713 2.68159154315577
-1.2712965531620601 4.531232167237557 2.312928777914083
-2.6587955573804827 5.42021304106968 1.9354366326208123
-0.5420652873196361 5.177211639343919 2.8838905923313702
-1.1620051810679402 5.196583624735292 2.73622692527694
-1.8315790377218404 4.929471614533016 3.578634528805386
-1.513710651041066 4.545359769153031 2.811673707151063
-2.6574863119128036 3.6195410436570388 3.063890074906674
-1.3090242776540482 4.681109210850484 2.955610340823067
-1.3421626829224051 3.7360275303203943 2.9603068485465394
-1.0074074455819744 4.994943094257823 2.4730389468436416
-1.8499473254321182 4.408433651078138 3.1033215206619
-1.7575089372416226 5.004593166211313 3.0825549971360506
-3.086496094690057 4.167118291047468 3.1401666478899224
-1.5187297800769575 4.125366274060286 3.5611112136725627
-1.2815513324950267 4.4756539286125765 2.955144419485237
-2.4759390544428737 4.522509443893115 3.189586294802792
-1.735831851289878 4.467720083839931 3.8060297123988733
-1.0204441187797255 5.5895339378290725 3.5996762624840226
-1.9879738021570943 3.926170107870058 2.611744614740132
-2.068669168746968 5.617396732911739 2.133284600448582
-1.9322577418982207 4.37122783680006 3.1894417042232783
-2.7001723020172874 4.644625098334568 2.8366421076341104
-1.0474478171142594 4.501008884961042 2.8621186980625177
-2.054830123492733 4.518676482810277 3.033987219288856
-1.5237752669046254 5.352613628641153 3.047002187964631
-1.0040265900453378 4.825650734750266 3.5598339555821297
-1.9590090124881963 4.879876193114598 3.0601457640922543
-1.35966568724581 5.02173768140963 3.244977014064462
-2.110708346972655 4.718124558259729 3.9920323974067893
-2.6849917153292355 3.1158385821442356 3.451648466391692
-2.3795289664371966 4.394152474649753 2.7549433019478373
-0.6415231875714362 4.127767987569097 3.2870233458755242
-3.7080794701283333 3.695253115991808 3.8884628551835587
-2.9779548861365908 4.331339023278139 2.7270664468306345
-1.5577686248539169 4.7581946809151345 3.2623046743627486
-1.0530145150300754 5.101657675109633 3.709742197260502
-3.494464213817089 4.042985519264498 3.468211893252953
-1.4989856492258347 4.41673023485708 3.4237584079020214
-3.030499047227634 3.665682053516996 3.4295365680404166
-2.9863529517600824 4.636202764230209 3.6054516820828164
-0.6473243884932747 4.020425224345651 3.644564283313124
-0.7080899652673421 4.518630433844206 2.8251534467782955
-2.615274106236497 3.864205845266836 3.1578397576194726
-2.6684423247663847 4.232781737509154 3.2180388451625532
-2.2848614864544476 4.379342220518035 3.639022961942345
-4.647289809479663 2.085098632963034 3.4074279250290247
-1.9830148617764987 3.9449592543432628 3.0417362639068597
-1.3125377774513287 5.014784603584666 2.808233037286226
-2.283859655656315 4.00525747917882 3.6586985957413494
-2.408416126109496 3.1170605769593944 3.3908586267613763
-1.880669646992676 4.545454227847601 3.3707457347238163
-2.765355932811959 4.01131425066589 3.8716680433999655
-3.9738288485735556 3.6386874737411725 2.907944370647799
-1.1620316635408807 4.340803636339323 3.1424590962039725
-2.1211164824168685 4.132124738520387 4.166179289886456
-3.046003227240468 4.243739392596963 2.9007540148140665
-3.1062053448491964 2.542210119382771 4.081087527424796
-2.928525248836203 3.7899748169524634 2.822585112849964
-3.3227974322506566 3.25092696431884 3.507791404390073
-4.0545755174182645 2.359479529992125 4.280667001479637
-3.280149593963578 3.876508811360423 3.1074097033522112
-3.467794735617065 4.403322133050822 2.918904520668286
-2.669095847962985 3.867556951365281 4.317611158751353
-1.649869963879463 4.797914098708574 3.454494529769892
-2.1433720216221857 3.8563594060365687 3.5350319932414744
-2.5703247740254613 4.132836746947194 4.481080258522512
-3.38620426499799 3.974248837559992 4.088122482963948
-2.2284400244255442 4.812371403388267 3.253337854084849
-4.051252846922807 2.404319974156335 4.043259830690194
-2.57163941812825 3.2188697669460837 3.3556625805108493
-2.7930678045231736 4.056243974706351 3.6024714798840494
-2.8058410189856837 3.972194701566202 3.379440602654456
-2.7269234099633834 4.174452985377707 2.8636195939688007
-2.7183796475498583 3.8801247838302824 3.0423847556047
-3.61049942232463 2.794229957135749 3.838899959872632
-3.696936181992855 3.1599953952013133 3.069825473200135
-3.732275827769922 3.6778361922635234 4.226044667750674
-4.379443084964649 3.9858439898911486 3.4990612169787036
-3.37702265749992 3.4575227058903124 4.095320687381669
-4.0404890413162775 3.2817738514927437 3.0557774659774206
-2.480290579781632 4.413259034636659 4.0150709508395535
-3.6476631501052177 2.2856589313302558 4.093853407496341
-2.529924571070647 4.150749977394122 4.574142179844875
-3.9742655008900356 3.555646310293101 3.1291345806564737
-3.1819289881634343 3.383828311057144 4.042965903723361
-4.101807609407652 1.7922159230164374 3.514540237984287
-4.192603482036399 3.7852647053009068 3.97643410014839
-3.2134647854203062 3.0029490536853154 3.6948287493493313
-2.7511273397135274 2.2352360023663382 3.243868454582822
-4.337257882835551 2.936201783884935 3.6533470117588203
-2.5611580181584266 4.865043468477633 2.650084975928658
-3.701327667511466 2.3469322841443327 4.279854951050312
-3.74013347153359 2.2214259889097003 3.2811061238731547
-4.554537199956533 3.2514638436884358 3.4259292036052025
-3.791962558444462 1.8742077987505568 3.5705867271061145
-3.6180824332056534 4.005120710346598 2.965393500448418
-4.768149631808276 1.5700539156920348 4.3235630040489506
-2.948521634394129 3.1487955404154624 3.593964389047213
-2.2620063343382175 4.619921790299137 3.7137301252820616
-4.050983070341665 3.1907535186609426 3.1979961694333743
-3.8361897241270735 4.138221480216506 3.253182455381517
-3.606290511147399 3.626547689293015 4.062584815793992
-3.294986699848779 2.341652752589926 5.116688828630303
-3.670445258277067 3.708509893788065 3.689512051305038
-3.57940730221015 3.5308580320129677 4.437120213890301
-4.136389363648211 3.145789735547078 4.916342599205327
-4.625423878074196 1.4082801759461332 3.9217079132111134
-3.7653722289953486 3.8959267466273007 4.844297567410626
-5.221760492463361 2.8074024407534157 3.885470381135069
-3.309856957345688 4.869620135572229 4.475458751538308
-4.653288890954625 3.0039427924989677 3.2803468724109583
-4.496732321017685 2.2395851659398036 3.6943714955904094
-3.925582222647086 4.195230935077741 3.8004647493579595
-2.87442995871071 2.5388975718406956 3.2840701780787382
-2.3541220757527004 3.59467599953525 3.7084726069502123
-3.0600783126597264 2.282761474811514 4.166240638976202
-4.312924967253873 2.793572696674206 3.622395116671737
-3.9152594009706947 2.4219993993824036 4.056838638077786
-3.9919569995863218 2.513827382978097 3.9108786613320583
-5.087273185320544 3.2449576264124587 3.6857350974412806
-3.908926979046919 3.2751576611897 3.9005246222102072
-4.485799648951395 2.454049607909538 4.132796447505334
-4.45634095292404 1.9763124698637118 3.9777830780551726
-4.50613850615404 2.214257573312538 4.264699748815131
-5.005299828134934 2.1841415091841396 4.3056199473172025
-5.245977297144845 -0.7609899878141713 4.167494978829864
-5.227728342624875 2.459485208078918 3.6773435430095507
-3.6506384991013636 3.9668368587916287 3.8827215355196283
-3.673519374650007 2.422858437895408 4.502710991515893
-4.476399027735589 1.4822455475658751 3.6797584030176753
-4.809442437652966 1.3954936126187603 4.359973841810862
-4.085528951039931 3.17843792049673 3.5831554183744303
-4.591187961496631 2.525380493052971 4.920130961166813
-4.99504906056009 2.421244743893187 3.9448901507760787
-4.189270346670593 2.4653812154636032 4.347627558421648
-4.36376624572925 2.618978643068866 4.253156202291774
-4.332978244958529 2.316807885157336 4.675157223440131
-4.622744587324801 1.5201394664446333 3.467087554075857
-5.170554095679356 0.530102030673118 3.2894755162299134
-4.084462364291527 1.19199539993338 4.085823078313468
-4.625514788139924 3.0237408925840326 3.5835725438413872
-4.943530662510826 2.13723488364614 4.993830626107929
-3.888912178646356 1.7448730817307798 5.103196657186082
-4.935465826448809 1.6414780099956825 4.149943137892224
-5.102780346262606 1.8750388378668577 4.294165060829455
-4.087411169940371 2.9421309873666215 4.149405768472018
-5.3216859433137715 2.054327446451055 3.5389291876381335
-4.752410015333324 2.330340662046832 4.110008422751924
-4.644637364146231 1.4989536777470858 3.307934603901737
-4.153135952762414 2.6531794686718695 5.159615380700803
-2.879781229331842 3.9157173270329593 4.187627145175302
-3.775394005125264 0.9250023962603677 3.9871003894491106
-3.8311966017100425 1.502067558598173 4.140090851786006
-4.796896712528814 2.606281210158522 3.910188421417205
-4.412907978921323 1.6634416487230363 3.9078724366758353
-3.6466382933968653 1.87970055935176 4.080738414874016
-4.142525026551989 2.0038173845756426 5.090195929082678
-4.542708206908165 2.0645012759786714 4.800033912402602
-5.153116895007712 2.3655537383973324 4.586459553881771
-3.8214934154092397 2.8152638451131233 4.704577461626839
-5.080367815475516 2.668535069200905 4.074426213469974
-4.674314993193763 2.7257751525908156 4.529577384588801
-4.4181645729117935 0.8802126027384789 4.28483536543674
-4.4186974731234905 1.2268962799540717 4.221313967420054
-5.185074934484257 1.7001286501435693 4.65050984069635
-4.595695994651827 1.5440991601995566 4.790310903357342
-4.915191313094412 1.8880308580117324 4.239300424993918
-4.738835983364309 1.7063675626612078 5.032823003705713
-4.886650716594463 1.5278326395255772 4.751073783953087
-5.2113803495009545 0.39566457467572513 4.8760833008390785
-4.434333383434954 1.5341940959040143 4.368399827446037
-5.071576043578737 0.8511809108776672 5.00928333104862
-5.717814833846235 0.5020293418258727 4.107177576177027
-4.758675347037762 0.823349648441767 3.6641804665234954
-5.5197530804317685 1.2182848516011817 4.584690332992091
-5.167269503671824 1.129697111521407 5.162107704077432
-5.338923871890722 1.6483793493943661 4.41145976632426
-4.479865161737206 2.527193519179364 4.474821326979399
-4.770351043833752 1.3625286175356754 5.391396120267085
-4.343560988540794 0.66011254925929 4.493863535298958
-5.402712234200413 0.9592893820390876 5.692341574005872
-4.768437235447102 -0.07828154584748381 3.8314534194852907
-4.820241071052491 0.5776310591253884 4.341414943436793
-5.402211595347347 1.166173032802737 4.732477704124849
-4.663458734638505 1.9227843729061551 4.46554163993995
-5.56328348063854 1.8008606541978442 4.533505632945756
-5.522241069364089 2.2177745757334333 4.349015409588391
-5.224141407994312 0.8097407510942706 4.018223148889009
-4.458813342777773 0.23620833511357137 4.590875467533869
-4.560922391275579 -0.4858530237078572 4.665556636971071
-5.975605514774316 0.15855562571185397 5.391910563639101
-4.641198111461245 -0.5024715053421694 4.928242306594597
-5.392967292226101 0.9450610785362626 3.7944967705431525
-4.64497444838247 -0.1688623951336106 5.544267249334035
-4.456157151616401 0.661241588600821 4.898766530918992
-5.265939195565247 1.6598485103152432 4.594385140044648
-4.59911458510051 0.5854301819679221 4.210535036207502
-4.571678681662382 1.006567605229726 4.672456530931932
-5.10696124001477 1.0290732255629165 4.662663932962219
-3.666520875392076 -0.8129961247849691 3.917648289918674
-5.457853044449144 0.28124544506194404 4.712324837583367
-4.197991004403655 -1.0840818394248062 4.490566080235353
-4.285998420912976 -0.9659931259214976 5.083846312723609
-5.314201613471198 -0.4592753142634555 5.138058898532047
-4.938633972074505 1.729311579449671 5.398753438064047
-4.506945019291977 0.614858006337873 4.570618784339288
-4.510185121106776 0.9711759388455944 4.904330511344564
-5.774250372828647 -0.6144421530028111 4.750295587950176
-4.4975188907238035 -0.6773705501805829 5.656872335066555
-4.712494454473835 1.9802726592241844 4.870406112963548
-4.485514874466352 2.1198048714821387 4.548185276365613
-5.89456559856656 0.2261520912131012 4.396594202893017
-5.176320883653579 -0.42922565486579517 5.148752257526609
-4.87526632002499 1.786059894524566 5.284677149600651
-4.688888880754131 -0.44202490401224304 4.681488295698431
-5.241779906214147 -0.6192030479008814 4.285807842105453
-5.20800989464318 -0.9935717184846973 5.196402392563259
-4.178098215002226 0.4991246129477755 4.752191836722084
-5.026216085172361 -0.5130261439023092 4.879083942254204
-6.143827804718435 -1.0587871104438282 5.3997409964429535
-5.421764325092745 1.4146925134057422 6.213466557106238
-4.840620601907528 0.376481958511583 4.688462012410072
-5.253141016893923 2.8270260446118396 4.940888575500226
-4.856072634085181 1.1444074170694185 6.312196591022312
-4.910713001852164 0.5046006374482874 5.489583346508582
-4.35745813654566 1.3180975634494116 4.644631982705126
-4.999623489641135 -1.4811949747060529 4.721868903924825
-4.940919937821869 0.8664530630476035 5.781111806727767
-4.139372414303742 -0.22879893203379362 5.3611997301762315
-4.079786349884627 -1.1864948948260943 5.304880390058853
-4.814442476368855 -0.3299668838299796 4.734857938632036
-5.013651981212468 0.3776878011494803 4.6630751033405415
-5.146743454672945 -1.4632629356010496 5.599686939623312
-4.6983348697326734 -1.19789426265829 4.899451394730096
-4.506633886517996 0.4112036797589993 5.28384435021237
-4.521262488556115 -0.4256832021221501 5.845302338214613
-4.933687347778387 -1.2202859934775918 4.566141969995127
-5.065998902172097 0.10666842658983608 5.628231724832382
-5.470028563179182 0.6622078836338094 5.6229836596001945
-4.970787994389137 -1.4170660000022692 4.967383393534165
-4.350410995918881 -2.3461188332338967 5.3482770586919095
-5.105863634592314 -1.1867833939791161 5.839365929853769
-5.645197297447435 -1.3103569458276174 5.789902088141865
-4.4289049134277265 -1.048432934873107 3.9139411485610527
-5.198802840950688 -0.23709278500538825 5.317551042450877
-4.75215117434563 -1.4965451545279567 5.676320914361829
-4.3323776287550775 -1.4772360286941404 4.77769404952309
-4.927725127814705 -0.18901212636097575 5.359227007822363
-4.227694314975645 -2.6090599547922353 5.362539253697107
-4.885926929503761 -2.5095041307317496 4.76890437803769
-4.832391817310221 -0.32294289246544167 4.673960815784579
-5.019141243565965 -0.5121718896555061 5.665413441820023
-4.492880057557275 -1.2620956682090168 5.332675629702898
-5.2372233048685715 -0.4356466173318781 5.469141073826093
-4.055408203491052 -2.236379614442337 5.917326247595243
-5.291792504181569 -1.6938988275099982 4.8863622757585325
-5.220478992064025 -0.6503013495597585 5.286260451593409
-4.328543899444873 -1.423979717223651 5.832391967864133
-4.021897377345733 -1.5767332908441156 5.554763604392841
-4.710208133639672 -1.8418618330557632 5.49987529227148
-5.350741547252123 -1.3352618174295374 5.511450000933593
-4.171333767855714 -3.4744501845263422 4.284793601712538
-4.367132062512201 -2.313735233719078 4.619979843964393
-5.335108190636522 -0.8567092567009371 5.616747001043301
-4.84160675234526 -1.8239632836631896 6.2870417235516545
-3.9041209614265333 -1.0968154726287922 5.078209761657518
-4.766434563868786 -1.5352382323298195 5.4552876783657185
-3.7864280656172293 -3.320424792835867 6.053360696613983
-4.643107207642887 -2.4497042321324534 5.875918764102726
-4.6275221852601325 -1.6650764196784935 5.238599215854021
-4.690249596242686 -1.0756801052710345 5.8635506372512145
-4.869149619454757 -0.4793626126121668 5.382497991451166
-5.520011540775633 -1.2293591527959322 6.360161363394998
-5.128739068841684 -1.5663417567101063 6.772363975432024
-4.544012974710932 -2.9282618705709655 6.333460197177739
-3.752060298232192 -2.051800036916765 4.77277836925192
-4.900832197144386 -1.1625825740971347 5.635462179857788
-4.518535748106542 -1.4964997001006184 6.133305399499676
-3.756072893487698 -2.127690429139822 5.261906286228872
-4.701928175151661 -2.8570030711057544 5.537514351955926
-4.9910003146365876 -0.7387993218716612 5.0528630425856145
-4.403391386018072 -2.074185653877654 5.679192415489987
-3.832621736228782 -4.80393019997741 5.838137150563427
-4.524178057389686 -2.0692368100682996 4.577331445603173
-4.3962457466680505 -0.6814232543113475 5.997598386729902
-3.9013521816872765 -3.612475854851763 5.488477801180506
-3.9203720568049807 -2.431567478113775 5.789883595830358
-4.592509423393492 -2.348640880012401 4.99866828138234
-4.565050116419415 -1.8806210940040669 6.050724730207136
-3.048144145320486 -1.9408192520911114 5.833311655798526
-3.8627879141904944 -2.174310387706751 5.829666779963134
-3.8982529610786756 -1.5651469777544378 5.80054481581289
-4.239846663103224 -1.260425551974031 5.83832646790991
-4.151266928349952 -3.206601159251705 5.520875975370023
-4.982081033570915 -2.677427538116614 5.396498824194892
-3.6857650866908673 -2.3741350583862117 6.5094166404053375
-2.929395500113868 -3.411747830330776 5.3640123341746095
-5.175785102325151 -2.6917500185768763 6.198371515480113
-3.9024725794130384 -1.584635122874725 5.669763021150509
-4.68961010093372 -0.8134336237238291 5.403318447999904
-4.308693593369242 -3.2724660098607585 5.360057623092871
-4.257143449212207 -2.3805748705234557 5.621186779486002
-4.915383652953209 -2.3710423371427085 5.937182533919801
-4.006043797447874 -3.9751012768819844 5.622179003144697
-2.87890191319558 -4.956650663397675 6.417980788541816
-4.120303411756386 -2.9782684406237268 6.003495846904828
-4.805119532012482 -1.9075553316442564 6.3599002003494824
-4.625317511477991 -1.2036761200556436 6.793118599722709
-5.184337746873515 -1.9887285329114703 5.917396168514121
-5.2855772874767695 -1.605449772345335 5.525901064521267
-4.000973375209703 -3.270771844000662 6.331197715334822
-3.990978331577607 -2.789726990717325 6.73078495587058
-4.055522791755183 -2.2777132707863434 6.0303536644267695
-4.170051428806471 -2.959131737336046 6.0632109151996145
-3.967150761261462 -2.3744839537829163 6.088256302334511
-5.2434991819314085 -2.6963724777603435 6.496696620749291
-3.442614675992832 -2.9474409405742015 6.11476994692559
-4.569999317477071 -3.218020311904714 6.917335549381691
-3.5178154427601718 -4.684787985766022 6.095589941948692
-3.6447169152017076 -3.98020094929927 5.47637477390594
-3.1807324554507463 -4.5706365958178 6.281239390220788
-4.514878930904328 -3.196585724386314 6.458419474568999
-3.6042890221326243 -2.977992928225238 6.319436326033803
-2.8167358850715685 -3.4093918156242062 5.638439577705071
-4.305367568890972 -3.118402143265884 5.149094177014091
-3.563739788106065 -3.148611136605422 5.998939409371308
-5.116985272827977 -1.9115706190519237 5.995384382710728
-4.927525524839907 -1.5238818499269258 6.244529271069434
-5.281805591323146 -3.2666763031632757 5.299834369701395
-4.640695050788115 -2.3044357185591187 6.0466124602965
-3.150593779619007 -3.479253672785978 6.85185565342501
-4.904341109194102 -2.282777821358252 5.038860001442125
-2.5219834654204134 -4.843529445621748 6.046859468390519
-2.604460367569279 -3.1331567199966064 6.605071623692195
-4.780367231808782 -3.0226358039757364 6.334478441074029
-4.387578211751846 -2.9502565843129522 5.159113648500965
-3.1978755800179712 -5.170922618310518 5.743282757127832
-5.344282282838247 -1.7234847248842562 6.367563188248742
-4.330076259003274 -2.968930371534102 6.5240193270351075
-4.265296999279663 -3.890807990230312 7.319297878941798
-2.595741527639197 -4.811993224695136 6.1908674689380065
-3.760053512869431 -1.333900783776688 5.081541244148741
-4.468725203421217 -3.377029360361183 6.548661558626181
-3.9407319683241426 -3.457581742741253 6.8962572874860655
-2.6029602769104474 -4.966946632259048 6.508382290399193
-4.180586918656249 -4.346467038735874 6.4963422287458865
-2.7222239902376058 -3.6550895443530727 5.365959491088298
-2.8528502080556963 -4.145201169649424 6.856538984923031
-2.750759715474359 -4.274174395547752 6.209258929973522
-3.096903301724707 -3.552077343594279 6.638492725561283
-2.180878634726542 -4.905291965844032 6.942623810063846
-2.5973547783294024 -4.619218941565949 6.197726684722568
-4.1376801071028115 -3.662587578346391 6.219476916348641
-4.760082767222958 -3.576432420378026 6.952561422294542
-2.708938632616662 -4.439193315308522 6.198116447300736
-2.5826161584532685 -4.788321206426972 6.465634107645402
-3.899486477274368 -3.37575432125534 6.568191542078977
-2.932538323376015 -3.792527614628071 7.444573645120329
-2.072597228908102 -4.497564825560075 5.943756876870641
-2.8006871901977335 -3.817770816740432 6.64159603042387
-3.206862681426301 -3.139253632765733 6.888606231182087
-2.452990320090187 -4.222795513110527 7.826241237903693
-2.9029531202140424 -3.9175766757104618 6.595722773777524
-2.9557869559814236 -4.106536572910534 6.788314366556377
-3.0184686844038815 -3.167387061994676 6.817376587409012
-3.082632405636421 -4.34085247640203 5.120196611500218
-3.409912698420295 -3.8772243657918812 6.679411846381489
-2.694079854766417 -3.955573680601862 6.152676644615002
-3.8089297253821046 -4.2839582464309105 5.824152282047094
-1.6315798111231872 -4.124432820546202 6.686152864508198
-1.965119082892112 -4.768181806433266 5.746592596213817
-1.5035776146121693 -3.9250248400611523 6.6565812983298915
-0.12668182743737905 -4.835767864549787 7.380887522613445
-1.0228430285771468 -4.917790637866686 6.86525021061514
-1.4046914399270491 -4.864197625034743 6.5852388723737265
-2.788179019603718 -3.9406154432779656 6.4890629510290045
-1.8956505503436858 -4.112950364970699 7.2325524670632495
-0.7670990160864575 -4.511981278464843 6.663786216362779
-3.0681794702661978 -4.207575553828217 7.256094165222473
-3.3151044833362446 -3.8081837973284354 6.966698547341469
-0.2125703333901941 -4.35825756952229 6.943740896542623
-1.640259328782728 -4.323079529014401 6.137486976910695
-2.446013156694032 -4.646164936029622 7.623765911218607
-2.801012516250047 -4.080007086046548 7.825867928408744
-2.976055661464887 -3.924526736777186 7.059090667938004
-2.523775805928294 -4.974563548830466 7.37277092312283
-2.473830558903008 -5.195556521024029 7.205409439314604
-3.6750789723380164 -3.1023401183642862 7.1992297707272375
-2.4180325829985327 -5.036003131951819 6.243889325114306
-2.984020752969882 -4.0581864775050525 5.725662876530038
-1.8280806704021026 -4.097010573889967 6.880075321783618
-0.9823920869046726 -4.726003916785473 6.528772025536766
-0.908813967982181 -4.346684671774042 6.435148598319651
-0.8260928688137146 -5.470368647641471 7.405455907630039
-1.6786440450719884 -5.248279660080206 6.683059580049456
-2.6180872959763777 -4.214722755508014 6.5148066338334765
-1.6408244958743934 -5.414219369116864 6.8979707118413724
-2.4570970649023103 -4.387951113717088 6.3766945572204845
-0.8649177768336529 -4.520381299814648 6.591895369451743
-3.113808858536962 -3.5636820779449265 6.601686937044819
-1.345038664191852 -4.657115864146342 6.518985121897441
-1.909149668658363 -4.932587156374398 7.081850956054662
-2.920031728674537 -3.9432703531879305 7.300378198902584
-1.0740721159557394 -4.771215957671426 7.278393842288056
-1.7280218787457327 -4.248877168358188 7.5565497325571895
-1.0951960635870943 -4.370453715743319 7.560773781393137
-0.9999751045324059 -5.249827390530494 6.87648241789375
-0.013674216614150223 -5.08935860893228 7.121870643430657
-4.100411736378804 -4.154096780488586 7.389408864038059
-1.88396511416229 -5.1273597155621164 6.747674137114221
-1.8195237281393906 -4.464216139061252 6.263155279582643
0.13307314981081522 -4.800056281789755 6.33284256995324
0.3901809113543306 -4.974967538140908 6.608602704064015
-1.7697197488984526 -4.828379643297121 7.3937838240489775
-0.4885485109048969 -5.218650647789114 7.121290855133735
-0.15447547988214405 -5.194999028920364 7.5628939832503725
-1.7221979507739027 -4.106450428464302 7.932901203576358
-0.35752707803731176 -5.003345371916866 7.776429973368906
-1.0743762190200012 -4.616419116601814 7.375666543473549
-2.3613639105585076 -3.1498660871859503 6.839578349256426
-1.9241821546659674 -4.639328420355308 7.629330229764904
-1.1951709071174605 -4.739736509617566 7.905245398377984
0.432582959698126 -5.102368422381016 7.156526574727447
-1.9744816844180102 -4.693833297957422 6.630432089544162
-1.8820862252126356 -4.776502605628918 6.179593258828956
-1.615731161138502 -4.394770466881127 6.33589171849465
0.025242168715264558 -5.337134266254837 6.8565043575375215
-1.7866652527562594 -4.607798480086643 7.70228313211376
-1.2813002077002307 -4.270860962858061 7.181034868738929
-2.279260674289432 -4.008627725562755 6.970358008699697
-2.068959143586865 -5.776459279111133 7.488836023512633
-1.3463084701114294 -4.804401974332142 7.124718073612891
-2.2376233924536617 -5.012790127646174 8.258520857853567
0.8878737250224569 -4.823685495577997 7.022234403625504
0.8894358350558135 -5.146974046027963 7.634484335104832
-2.069091449949279 -4.477339389138612 7.382146275122972
0.4221068736850559 -4.810713214881179 8.197419523400326
-0.567553329665539 -4.292028329163694 6.745768255244168
-1.578681217813885 -4.47754405533392 7.513758802387771
-0.32626180968805585 -5.380896934061929 7.757008554919105
-1.8475400025500959 -4.515329562413514 7.991634252387796
0.8495288603225292 -4.918743704314011 7.382845573914926
0.2663235019500883 -4.244439080812044 6.6360289263788195
-1.162566132588161 -4.365867942750519 6.848341510262615
-0.7475316275205325 -4.699392606158828 7.662400397679408
0.6975413437201069 -4.641767523959616 7.4669111581959555
-0.12855022625550788 -5.085352957811628 7.678010178567842
0.015293571589114796 -5.130350939507118 7.4509109333668055
-0.08414594927590228 -4.170848979013091 6.970052274907031
-2.0898074381705842 -4.573726401744316 7.496711577984352
-0.6883122266190829 -4.748530008077684 7.56917048220288
-0.7162251525632959 -4.683924089124844 7.3112268784673615
0.0666429862774595 -5.4417867150029595 7.54313929769216
0.6988354273336687 -4.302276400112536 7.912208752488302
-1.1771874475392679 -5.263313435862237 7.6014816774564995
-1.8693327051321638 -4.623518173765282 6.9615964785750535
0.44415901078845327 -5.6302568473342545 7.269539341627703
-1.484317799473086 -4.824429195834559 7.583014190899158
0.14344599257149962 -4.0070000959808825 7.2499816788199345
-0.9260705542483101 -4.758559775140567 7.996272066858078
0.42078461711996556 -5.075933861363691 6.839064655549644
0.3361170724374857 -4.395923080135252 7.7498377783426555
-0.8756305008593318 -4.826040944310167 6.6980574090711995
-0.18767291892880397 -4.256297419887356 8.134962768376102
1.060713818158518 -5.4744464423411054 7.207954558225448
-0.09161919361013392 -5.57719824014788 7.017193627596982
-1.0397342126564062 -4.73386396167424 7.801435648162025
-0.7229072575143769 -4.648203864460393 7.139412180370358
-0.9380104318619379 -4.4490854803628235 8.184789256774435
-2.1396692330341223 -4.257653435486764 8.70971019244961
-0.7714309145835407 -4.996552860397982 7.341769115837016
-0.5611741243556848 -5.574568865103133 7.645423256843828
0.35911772067006753 -5.838171081226742 8.023255513877602
-1.5581971044139762 -4.705098476344612 6.761573060025598
-3.0132722701547525 -5.180192694815668 6.775362345722645
0.9511893690029238 -5.08397250226753 7.496678185559588
1.557936957236567 -4.3554848991381325 8.140554647115895
1.734028283051938 -4.794667423956616 6.641976677295642
-0.3730473533553698 -4.827471583702495 7.698669904662737
-0.6448337606541317 -5.815349822142373 7.851897533076531
0.6103395095553739 -4.7314413393285015 8.493275568051056
0.425030963604739 -5.203460065491531 7.113372570991634
1.3831553144968334 -4.699668954380235 6.909956231651152
0.374894757760247 -4.405288459168895 7.665228105174677
0.19257758695973426 -5.221292477838849 8.079026879111728
0.5187009093806878 -4.744728069555383 7.946342671847765
0.44898258646331307 -3.961589087242567 7.812064760622915
1.5189259656905505 -4.235782578112017 7.605976702929186
1.6387403191097571 -4.22663932346593 8.471507640029364
1.1885895287035364 -4.156941374323079 8.878915618366289
1.514530327957452 -4.674875160597886 7.708586665785645
-0.16360812764605887 -4.6992862717102035 7.301208533211188
-0.36390264776236514 -4.52231139650351 8.214340932379756
0.11959118371318787 -5.202431544483189 7.206436847864814
-1.1733036377107704 -5.54496277564277 7.6441455242471195
0.8911681017447292 -4.603209780118163 8.050582274216392
2.8057880050245507 -4.137706793891617 7.7962094390902825
2.4509309040790295 -4.459457784465647 7.553538365998656
1.5262630117387679 -5.103007068046657 8.040555098057927
1.476881458596563 -4.380734490755331 8.344937316346368
-0.03598427891058939 -5.037090309352659 7.7894647980701714
2.4880954192129976 -3.5261894214066243 7.689279410221579
1.8975012511524172 -4.882893945353908 8.284144949106969
1.602579194777897 -5.103194746253688 7.99072323874848
0.028362071115636687 -5.046178793526449 7.241910114067325
0.7358215024110261 -4.048033047646332 7.894881690146903
1.067974823055622 -5.14511599045468 8.299712083224954
1.5385415169582437 -5.69272246850908 8.199053578215679
1.0734992482290744 -5.107167414499186 7.125901478849591
1.850869102212889 -5.248397598229605 6.903934105129293
1.1105029002784605 -4.732117561296753 7.765309642629103
3.008602133619403 -4.028040243431303 8.13683863520078
2.041472185987929 -4.677538751503965 7.304323762684366
0.7187601622931814 -5.678172196953925 7.223416188843452
1.176709644349175 -4.988625867601318 8.304750336733221
2.1882418891317785 -4.2242055631683595 8.781587363488848
3.8448570440944905 -3.1914116254006974 8.065142071001878
3.4134376544362137 -3.5985883166363792 8.552286143510182
2.1809425835169693 -3.176191233380439 8.201495286115936
1.8680619999225316 -5.106916398475349 8.398551388473523
1.038468994383606 -5.025907718026113 8.053176750012534
-1.6708460807803014 -5.0019066218863735 8.227918192702836
1.8027883056359322 -3.898834562672325 7.40859072235632
2.461197842369489 -4.440087747714431 7.567857262910894
1.813525908170145 -4.733102008229894 7.751702053961896
2.046113054384495 -4.528311305972898 7.9718683219613435
2.5338060477913245 -4.679848670437097 7.661411907538801
2.7453530897993317 -3.9343044740036883 8.850419855886534
1.2892046027799078 -5.354493212708442 8.26564607490613
2.244265543669685 -4.279480658143959 8.371914000931948
2.3112551930944285 -4.642645101214675 8.270157131004698
2.476895917650196 -4.583861310903283 8.00400059127633
0.252096357197414 -4.300903120581217 8.210849850967355
2.7515689693838805 -3.806433071774981 8.568408583808992
2.7755572928074703 -4.320636482871303 8.121531197750672
0.9158931413051834 -4.978893610563312 8.130723990457348
2.846988371876561 -3.7931642636014207 9.151041564699637
1.1708592281709522 -5.000077305336604 7.916481831840915
2.5139196410162263 -4.590362316655167 8.001978985019015
3.0052361070717084 -3.884649319180083 7.998899656464478
2.34532451568555 -4.282944118965965 7.962584575976767
1.4293022660493584 -4.99174037976939 8.138022315667266
2.5540375202338397 -4.4831291862294025 8.131690836164465
1.8175129479065328 -5.580489594432178 8.324330763586078
3.391542218946834 -3.4093254541350637 8.489660030678811
2.9261664510346854 -4.316232391045552 7.84946928256679
2.4923290280223074 -3.857419610323357 8.442450750903438
1.9498538052601975 -5.317326609444639 8.533418389426892
2.4421179206071066 -4.506861773751306 9.193224208082766
1.9989681543845155 -4.472206430937353 8.890339155352075
2.7112309068710965 -4.476921849075822 8.22021378139097
3.28148281106056 -4.871136975677583 9.108271457457983
1.8053894074429735 -2.720826783011108 9.662720744230219
2.929143307056052 -4.863640506218238 8.815126555884573
2.0945622608115615 -3.434849759344282 8.383487929857047
2.9965237214261045 -4.191364980160253 8.20779196271492
2.94323312894558 -5.183938371750746 9.233326151989889
2.521345232337341 -3.2679881038032845 7.92568423411234
0.7549862508830731 -5.252703591943986 7.991278947921694
1.6580220112467439 -4.082263847539193 8.129517098030592
2.758143355719146 -4.590026663924614 8.106234959997654
2.548859206452084 -4.988278019510216 8.20468853775866
3.8394075423023835 -4.201795262128965 8.704043867080049
2.7518783946068064 -4.461958337144757 8.532631945986877
4.062219696399779 -3.661733301943969 7.950260932205978
1.853813061103379 -3.2720149271503756 8.253687183269676
4.435930471013518 -3.142035254056763 8.994714283838734
3.0261900403992117 -4.312526720069663 8.604719235277583
3.4954656979509395 -3.79886359101986 7.90376874391063
3.150303006726634 -2.7795466552869983 8.434601245345211
3.902927272967137 -2.633604695267993 9.130220970511425
3.5458670733152076 -3.6238758754315117 8.36198441079962
2.417166830867882 -3.2685272375577807 9.198008713188981
3.4996783318088043 -3.225680390233092 8.578707849060475
2.8783393148072642 -3.6817437587263315 8.693991519496306
3.0429798569449082 -2.85680660147753 9.197454614673262
5.330075035750993 -2.64036597632625 8.652497248379794
3.4592104626164035 -4.713312615840716 7.538634972357228
4.332905735298563 -2.374173516653848 8.600007644194962
4.039149297149586 -3.1445356316364905 8.88432995049874
2.8592591425187432 -3.24467193849172 8.30746773373253
2.9429425715461823 -4.591379107138579 9.287740832776237
3.164762758374542 -4.310188795213871 9.291512274318936
4.31566021495618 -3.317474065499405 8.482346935137615
3.8776538737011155 -2.7412519070290324 9.012625073398993
3.4388764207163214 -3.0978751115153127 8.313819191789278
4.281092535951116 -3.097014485678717 9.387874563199688
3.540472436642391 -4.713127042503233 8.090563254518953
2.533910751298731 -4.2324289601753815 7.129326847480168
2.6377285230853804 -4.601228148191429 8.05616602838989
3.5129474346322365 -2.9179062993846934 9.48222244864005
2.116843655748007 -4.454268841907994 8.813316032274217
3.584993498679269 -3.4445533486589657 9.148334319696263
2.1226918205141074 -3.185764769051351 8.82436029720024
3.9818016810540433 -3.4459532787796974 8.910164119437768
3.531444107261645 -2.8373390832568424 8.86330286123143
3.139605221626626 -3.812865479706559 9.811056269339877
2.5936550167024843 -3.6562167022703593 8.088395216998334
2.5179666244166725 -3.800033531668087 9.079342319634549
2.981846478795068 -3.5326436454508547 8.488182897148212
4.392182449127289 -2.92951551277679 9.218224926646691
2.617674311896519 -5.040140427955381 8.997983760802756
3.050745061940992 -3.660473402489644 9.439618761263835
3.7438714203025945 -3.104509636571165 8.384901908902268
5.124086224511759 -2.513599073339877 9.498926851932739
2.9678826537774254 -3.7797406880393156 8.40737542215283
3.229119123794774 -3.503150033134199 8.1521097067834
3.8303449253127253 -3.599427407811907 7.804591110250451
3.3970919093593155 -2.691273427440461 9.158637249300721
2.970122785717239 -3.6577531900236595 8.0540419344174
4.217245392544413 -2.8602422792397113 9.20897144536931
4.956008645827229 -2.2530833793378933 9.060508404783523
3.9145057626122153 -3.005694936730197 8.384512794945307
3.307720811668651 -3.4087409347190367 8.799024446731558
3.6069636365904185 -2.6275995842398694 8.38505600167455
5.022359845788917 -2.8122077671297556 8.430344162463072
3.3012002972441086 -3.9452188227326412 8.890050981428713
4.336940097806763 -3.0670936374886506 8.277186177876533
3.804382552483714 -3.1268086519571137 8.83903820593306
4.679590255111611 -2.9667770724728304 8.765841704794045
4.7817328555035274 -1.6794042684804702 9.702194922369484
4.1710193223872745 -1.6788525840410493 9.301640521279635
3.693148286890416 -2.6586276311369255 8.342765130877448
4.230266791138007 -3.260666124288367 8.66547630294496
4.6076711736905525 -3.008510326907555 8.63349382776461
2.569150899701605 -3.6411856684329633 8.515437909300593
5.00960689098602 -2.1842878747807686 9.173348103936904
2.746986268574971 -2.267549887961351 9.435595169536917
4.515522800843585 -2.2321524489646802 8.965944520748286
4.619015169055553 -2.3426176507048098 9.549477441416188
5.016267814340715 -0.4679866321384254 9.450377612268962
3.8163557937249566 -3.08153553403722 9.628040182076138
4.655492840532681 -2.700665997516059 9.48823624391673
4.268630424004687 -3.7815748057395657 8.955852032191508
3.8898154676929773 -1.9268722105897402 9.09546291201005
3.9015200214521544 -2.5086808437377734 9.352626273955002
2.9171080463820993 -2.960329923031032 8.866858599415604
3.917239285751346 -1.591260396789927 8.773769003580977
3.8010041827334096 -2.7707581767407867 9.88279072734355
4.182603098213545 -1.831759805301918 9.666555425680313
3.617095015310601 -1.5832447569929589 9.460770908503447
4.087246790862117 -2.6645693287877976 9.965382409523828
4.76854138698641 -1.8825274621236718 8.430166136203065
4.89028753196718 -2.58405836915732 9.734316383306632
5.003242395723938 -2.3577393404632874 9.464528443039141
5.1535929641400395 -1.6431654418953927 9.11100445089732
5.059100003540483 -2.8561464841725552 9.616968534643613
5.298000774201902 -1.206707094265136 8.945255220789095
4.723097061067072 -1.2122849858847256 8.788819315373747
4.252657064969941 -1.2182723228729526 9.832170647493859
4.463644482632558 -0.4434117055791544 9.12057950919289
5.075121233403966 -2.153405961850274 10.065994490403465
4.838110913190338 -1.0836001596558649 10.216477659496427
4.973998312455328 -1.9869779755655623 8.820506475910959
5.563587800241738 -1.2432013918890104 9.888654999106361
4.460105215438017 -2.0290275178475556 9.088941997024428
4.415276183962449 -3.3684322764252608 9.227333657795276
5.685741599790687 -0.43267691365629474 9.756048436217034
2.5412190273232564 -3.5317467947285652 9.281566901471693
4.512829915239056 0.20620278823797894 10.454102568172042
4.329098433933722 -1.1256533249574876 9.17560619351826
4.549722833203717 -1.826056447607262 8.951886427634768
5.326259787273002 -0.6358409065148022 9.32566890945982
5.264527470286369 -1.8450334625167846 9.535455422189997
4.324344035366167 -2.6478620665913315 9.666009977943784
4.137165896012996 -2.3070552411262764 9.789452594670959
4.019414326807446 -1.8095626053874707 9.509658799839848
4.082849347803722 -2.0834910220897718 9.676379328779703
4.953505235330854 -0.3131425837943119 9.186084713712148
4.409412453454964 -2.4075126484958194 10.667481367860136
3.634808786667953 -0.33075942585159873 9.606820162859123
4.851330235801788 -0.6072205804539855 9.514283038927058
5.317157177459048 0.10876186309451796 9.327480905057664
5.8758547605409515 -0.8599498806918592 10.00908256088802
5.039361694619419 -0.3033180772919223 10.440118119815628
4.4639635101317 0.10548632768452249 8.676420929961877
4.236011977338106 -1.8878617918411105 10.079162521659478
5.107460547257132 -1.0931498287812973 10.095232345956877
5.868454701629365 -0.2195704711016709 10.296825592713747
4.911685222486379 -2.8515462524590567 10.103776646305779
3.510241898178716 -2.8596212391242792 10.331694473605491
4.826165638791935 -1.02089348712317 9.790756200534945
4.915987420040928 -1.3351042606657715 10.361322981296567
5.116887772191134 -0.967515947916761 9.94377745582047
4.9208181118971055 -1.5468824448359828 10.522328569448655
4.102078126257722 -0.7056375697165741 8.987614117948693
3.9326727410489424 0.03967017194739259 9.615813521923974
4.859141578033548 -1.6842504164197416 9.102312869153952
4.423507955589039 -1.240917499860717 8.924235437295158
4.863555460907598 0.6772402995897888 9.621140845569515
4.682910123017185 -0.3250484731456109 10.406035292746004
4.512992668343855 -1.1609780901620173 9.936737340358711
4.187973802230787 -0.7443348339212774 9.7149608603779
5.009231174903806 -0.9514207422766798 10.279586062402768
3.7450458486634903 0.13356484365610824 10.275675130415555
4.732841720045801 -0.3668121879718417 9.52849468610531
4.297988100044281 0.3759625454654725 9.802832998039323
5.097395771448766 -0.02119552016479011 9.60600383574338
3.7689842510593543 -1.2639562003606837 10.429518939179038
4.988038276081006 0.9950400536432227 9.892302290164555
4.736040138551294 -0.048370520312239894 9.26872870044711
4.380810450020256 -1.4989958250440594 10.405105190504923
4.3373997084717635 -0.8986830729873037 10.267551726617368
5.503622524832161 -2.155844016537614 9.516753984493905
3.8431923108430106 -1.3145542303501132 10.857631505852327
5.454874156644104 -1.1599457583284019 10.636089116778388
5.118757331160597 -0.536196607819666 10.837347849497803
5.5480674317226555 0.6139142906858315 10.269167856801985
4.510106304269346 -0.8935823677484777 9.670626653353073
5.6595003132122885 0.5863139656126607 10.12622081145773
5.091486513739546 -0.21042056689008476 9.92160236695476
