4.615492807289215 1.1647872638721553 0.4551124212912391
4.357054629830907 0.915594807619367 -0.05092152756660888
5.4807029267589185 0.5775168715078308 -0.27397022914246155
4.751030766358929 -0.14889443081797643 -0.4468165919993181
4.6582948543640255 0.33201264832246036 0.03893409893707887
4.818727169953372 0.04525982095925314 0.019671411542527713
5.557308787416805 0.10545467228569014 0.5184070314748662
5.129510149384711 1.5632671286386952 0.035219503219933876
4.618908625818454 0.08196183335628106 -0.1582854673291358
5.605912953252263 -1.3444537520719932 0.13899145653344225
5.21370754692978 0.18345751816067443 -0.8669709380771656
5.161546423450837 0.08728114475056527 0.25558165162434476
4.883503381015164 1.3481945292434918 0.28897163776990825
4.408973555469057 0.5498014860493314 -0.43645082535354396
5.276890342199736 0.9236828730426023 0.9256695751039374
5.639552947048856 -0.03349956142557965 0.10042173032975538
4.878272117596536 -0.13922439745421336 0.29985847477886307
5.0184841797294535 -0.02908687730947584 0.22702979854534586
4.633705820403571 1.5105203909641307 0.8129089057523671
3.3663813348648297 1.0790898625581617 1.0088262127009868
5.002852855066075 -0.20981357191051955 -0.20562082529707998
5.514368789674528 -0.500367708922381 0.040152588451989046
4.486983530569344 -0.32914300734406254 0.28690697643900703
4.815656193287227 3.1400736225375496 0.7767008763500084
4.778484868432895 0.9135377320587923 0.5199635790457737
4.992116940244523 1.416022607730291 0.23127352917001542
4.832378030471749 1.1759480410007805 0.982212481453011
5.385499533264047 -0.3362632080823218 0.5267460882589293
5.456276903894335 0.9235539835910467 -0.10158629285706816
3.9835634130485533 -0.9043509947225656 0.41060575399866484
5.490896312480819 -0.16161476450624104 0.8348698444599323
5.160726779094983 -0.2060531898483152 0.8646298969755188
4.434688714355803 2.611026014418995 -0.3869711175594022
4.399887908068306 1.6789730602381514 0.02827224910019971
5.468875126988066 1.8656300629891043 0.3334892841209836
4.7239413902910155 0.8363360392650832 0.7702335618015259
5.871040086653359 0.06701528758966754 0.20811281003382598
6.044094899478033 0.7630957537843422 0.6367380678969701
4.571610405165871 1.6742933277772816 0.10028426394351841
4.116325530067841 1.8362549707580857 0.9712789005285203
4.324830345609162 1.7912261057053838 0.9005234311785725
3.8497787798736693 2.2381084059932608 0.5305389570421899
5.144461121217531 1.0207047536730023 0.109747980364587
4.29975713617631 2.180292435444136 0.8262191844614656
5.185370116434098 2.1983948011588206 0.4642066345580732
4.629865601698462 1.8771474591522233 0.7020086947497856
3.7491245981132755 1.8312298331973589 0.7046712160082402
4.4830374379581235 2.7195060768055943 0.7162535215435548
4.652385102191478 0.9067674231744909 1.4240240800118946
4.897099867616798 1.207953079706977 0.14515903736729097
4.324352368166986 0.6872822436244072 0.9750437083513916
3.9977819470929976 2.5056646179789808 0.4772666334997667
4.538930449956316 0.662216489028045 0.33387002102930674
4.610426060325436 1.0218875656051305 0.3970653606663181
5.38734811208036 1.485805177619256 0.20740241086974082
4.800042916180516 0.5931333145303622 0.5210679730732896
4.21361230708039 1.45265159858266 0.49672837605415526
5.313906386776641 1.0738279112574647 -0.033765323258733715
4.834344606214488 -0.8243777675943891 1.0514336400195248
4.724254066841837 1.7529922554017099 0.5443276540858039
4.108932462980529 0.036482895244379664 0.46199851986780405
4.461094458784792 1.1177253977835062 -0.05755693695349229
4.146896850073028 2.9321122968719866 0.6248143097006218
4.313790870702515 2.9850620889588844 0.7367206011068796
5.05864531893417 1.8300038646697037 0.12231937475527044
4.607660730420275 1.97896184091371 0.507824866470337
4.67858394520626 1.3797669589303254 0.6165221350643272
4.685100438827824 3.098829244764314 -0.40423884895442186
4.571539525920138 1.8906026361604038 0.5371259469287896
4.551373615416209 2.357518623961272 1.4697273154826154
5.308543568713434 0.3386960630856568 0.6934254024492073
3.9607056197711055 1.7260066954490427 0.9697104137452515
4.664035316098303 2.158531399762655 1.243208981399261
4.8248122625411 2.8423632236925536 0.1016515475256613
4.397943219657108 1.9341623885702177 0.3718283204546602
4.870703959611933 1.8294301317272326 0.6823503650821728
4.168611818124705 2.6021197374426968 1.351155747427815
3.0794379140299637 2.46907795247675 1.1898849353980125
4.17323797813627 2.954726752255147 1.3542642890894765
4.805844247620875 1.4001068083934105 0.6053685573645008
4.313723060383441 2.468948843563123 0.09535146246942372
4.864044353704702 0.9403061363423616 0.18376090551574542
3.8625802798659596 3.052200233139969 0.3450157346628763
3.9770006852481057 2.0336268886799744 1.6844617615025168
2.8822743175613157 4.419192772623372 0.427308490763243
4.488091022143939 1.2306141338722458 1.1734653800869839
3.374681658198257 1.7659755880703816 1.1025095090754986
4.716481503400899 2.5388423663306807 1.0032453598309137
4.442459157447334 1.2181601317740072 1.4614044602001157
3.945132101300396 2.2244200677414283 0.7922658314287772
3.946568761813559 2.3430181290192587 0.049423245514761294
1.7999370625308206 4.539383780587061 1.6219221947222544
4.113084521521709 2.166141888911137 0.7019534965255072
3.6865889407361245 2.7430122776812453 1.0579014821014892
3.3226875189215184 2.3572658612423414 0.6138662379760189
3.742203354794579 2.1146947963109017 -0.27865179636203363
4.117377624740941 2.138688478590116 1.1510133394247564
5.176048684139114 2.9156891780922747 0.9240655351419438
3.5899791264671155 3.9249325312513785 1.2054145514038088
4.195300815059918 2.7958828752713067 0.8219139625654776
3.6926592228302644 2.5081615538451483 0.8028445964669576
4.573876511872867 2.0506249639915097 0.7502418701138589
4.392915415871297 2.89339182926839 0.9241599130048027
3.863762258083187 4.137078973386018 0.8191124046340705
3.176956170154585 2.2158209628229892 1.1649947743977471
4.411841849346545 2.9722161720680083 0.9261053762280643
4.246289398770428 1.4420765976981762 0.34390740126743413
3.5323040968323918 2.748576647549638 1.9255989566508358
2.913407271090634 3.579567591513844 0.5692672920564855
2.8521067925113632 3.639969273580571 1.7592619554574793
2.5476301206282996 4.170081089093821 0.8316967478983399
4.305219953535801 3.793369461735359 1.658748608805245
4.430463101225095 2.360173084873624 1.035285509799399
4.172367360720311 4.430054691157455 1.3871860563414304
2.51715862009954 3.899461641962896 1.947230941529053
2.440585006844772 4.314920656764286 1.6994729807457825
3.3615198952469325 1.7475765641807988 0.704809360633962
3.5090413637728686 3.5403432189961155 0.5008656610469857
3.0042070637798246 3.0239723171392545 0.9865222412265755
3.096719413440527 3.7630911339953355 1.0411783187775394
3.82363158655305 3.3181764591481304 1.3599563430675747
4.182881445898487 2.8133087091938784 1.8793645902357543
4.82397246550973 2.139815558636698 1.6444073670470258
2.965893663158183 3.2998031308986584 1.4765349377458565
4.460211315794485 2.5379153540069592 0.8582752297973122
3.719104033460451 2.2409393024502418 1.0967586549939676
3.7692692487515007 2.7871344648823255 1.7024383407541253
3.8662397820432224 2.678625208282933 2.0533946995686225
2.6483404241970003 3.7912968848356887 2.08550948692519
3.1892040890022026 4.042638845393991 1.2782158741963778
4.162789296189038 2.488610518738713 2.32046542497975
2.26891806415629 4.468262067248518 0.00024985655335818535
3.2560900077796964 2.757008372148677 1.3128576146919346
3.3861928969680632 4.722834058449014 1.1347318559695099
2.916056055746646 3.461408894397922 1.5092608143100468
2.897260107579494 3.5534931739978513 1.4590508063934091
2.909710746039879 3.6898196848052134 1.1574680970197941
2.5549784881115802 3.238634511237359 0.8037146813185878
5.266524673312214 2.911966614970938 2.0150481597456165
2.5960664065348182 4.00696205514483 1.5883549275525537
3.373018095611074 4.3377840920556245 1.652201192910287
3.466441615221771 4.121428884058001 1.5774643525792058
3.0686347476723714 4.278358308876881 0.5838371378497695
3.0923704021307783 4.380961740232195 1.2219887965152911
2.5997363268042353 4.498257567187991 1.7632991499123623
3.296269854644375 3.328797803580425 1.2088885128699258
4.279276607697079 3.644198109636082 1.5685928222475005
2.78303533357542 3.128941990044056 0.46230189965897206
3.094310991988503 4.716539219738577 0.5129306833016944
2.7865008883718874 3.086067427999943 1.744844803851457
3.870241144063057 2.8165776560355145 2.1784658862986386
2.2714167306802286 3.6969197257890625 1.8637829921807993
3.4448780903947167 3.448383525158224 1.7877229767441616
1.9664453976584337 4.2969709747559985 0.9486184751750673
3.3354948392466075 3.283434209489776 2.0184148341386736
1.853102302413819 4.724035713830906 1.816578697488993
1.6553054175931257 4.403453764080996 1.614977102797141
1.664563228152888 4.446362869655041 1.3214276709344421
1.4275614327290993 5.176612814354999 1.1296919371973326
3.1598582379161946 3.839176187779128 1.683183135514839
1.9092874216416431 4.210424278402275 1.3013616054664274
2.459062535036313 4.29205044525545 1.4545114000768895
0.7460527623855101 5.507444667740265 2.0295087563130565
3.506280995267395 3.6003360965686655 1.086660167520081
2.84052305903725 5.389739098216979 1.8063932410512722
2.5144227507967543 4.70846724775853 1.4352945477543766
2.0793782066336886 4.825819347035263 2.4358432414907663
3.1266360008327356 3.748108340477334 1.91663139499679
2.0669339261971054 4.40033850992244 2.888737834220633
0.8475594653903873 3.8397457970737583 2.086068812313882
3.251254528578534 4.126119038237146 2.031170050385398
2.773889473122712 3.5381657102640545 2.2747083021944627
2.777781923239263 4.818623062089191 2.1425923882299376
2.5836820240777563 3.1837160105430367 2.100194048689379
2.6811470195239355 3.5146702911087906 2.2697133715073106
1.7210197327757313 4.589300113402396 1.4661056602033646
3.5606089818923157 4.4133769803102485 2.0057557091801628
-0.9795702956446629 4.075618586529451 1.0498746270936454
2.673868871053785 3.966315692898765 0.8653878632840994
2.1302748906978297 4.733236509704244 1.1831372002031704
1.081923269488266 5.130708645325642 1.4384949878851656
1.6815020576596809 4.320399404434917 1.9242893532216725
0.9878635372380626 4.852527905078465 2.2779447813231157
3.5611809722323873 3.40506271273023 2.3504062126138883
3.0958049373850147 4.624721218144517 2.137528334407712
0.16707164937531294 4.951124869625085 2.100403136116024
3.4114663204498856 3.998218960678845 2.1257031280505845
2.151128472993498 4.046535353960506 2.4047786180858948
2.096117059526066 4.7087868750217305 2.7706701560658074
2.765544669591817 4.566389559117901 3.08323825117654
2.5915112248444903 4.0926075794211325 2.1432680903893413
0.3248775307860545 5.734771076383572 1.656960924759363
2.7410918722499846 4.32922791880464 1.7654110943644667
1.878686962004778 4.678862033780732 1.6110154024875252
0.5085690782836947 4.742726171586493 1.6194173333458688
0.7968745658529659 5.639953805108329 2.8111240464632044
2.909275011269689 4.8837357575355975 1.2525784777718294
1.3527687863454498 4.755846062330822 2.308112915121511
1.8646223629889755 5.086972637437281 1.8462564835303157
0.7967474948232953 4.824381857002711 1.5352584920685732
1.3472497076746226 4.81480865256195 1.2484501254532299
1.9174161923142508 5.634439645012877 2.2598098978962833
1.7718510969037558 4.484104395602431 0.7554692381208294
2.243574599983191 5.00836957737772 1.64600354356972
2.03080138988339 4.268365453329278 1.8868585935901143
2.349494311722878 4.869644981292496 1.473957081479798
2.405108544045049 4.317303576816591 1.181033277610117
-0.6010035825469261 4.87707340297532 1.329765568234657
1.5520482497032964 4.965704953343033 2.417398414310265
1.3997258073350485 5.182577320960823 1.5007984728900527
1.9572225846797775 4.863572776772745 2.5876562142971955
0.23232011157995824 4.687872233206284 1.308874309557935
-1.008864584958704 5.914557414844565 2.7411670374097623
1.2162114205382633 4.382624369543667 2.035414056210696
1.470516592976891 4.338548929692329 1.9695270620187317
0.6956039656280826 3.9587726009529813 2.848632376375229
0.09126392650130466 5.072367715778856 2.15417589966017
1.4293762669825583 5.2512812195115295 1.2926276168693525
0.47904062934328806 4.368921658716475 1.5361416936775258
0.3036053330303894 4.606083408491679 1.8785598612957353
0.8527374775799053 5.169207244503364 2.5481786400015705
1.0471737874426805 4.578629352765606 2.881511258016703
0.9171812207164601 4.3291449610132 0.9144687147225794
2.3387796782618815 4.1830920856928175 2.403803937576976
-0.7261620611739452 4.606999244537888 2.684995303117513
1.98419277156145 4.705032289866711 2.581701296172058
1.6529336563730483 4.62218941305708 3.250060502497559
1.0739412164292275 5.245297285484277 1.8541579095011298
-0.6087839091630922 5.111082304212663 1.4960299116230047
0.35769909149487084 5.234814132112035 1.806431322835112
2.3265628540233787 5.158469706987719 2.226306102792201
2.3073964605717197 4.12227360253818 2.468124104012117
0.6004481743062443 4.813730846638763 3.3732601511367406
0.26548682997578127 5.041427240332489 2.241897173273868
2.467311301818102 4.15296044454048 2.5154194135275247
0.6981606955983638 5.420404770013289 1.9617004153973845
-1.498889077576935 4.258414497364932 2.8147251562141165
2.060576136316386 5.055797097592167 1.9125886440652353
-0.08785368913158714 5.926948526342573 2.2740009282559708
-0.0043492522554278 5.755491323821406 1.251737708495892
-0.037583688923086576 4.7243530455071845 2.2785570831906536
2.395362584636847 5.040416745161223 2.146227674922885
1.05032359084874 4.411723750827067 3.220191597920727
-0.5188314479338345 5.373983322346591 2.1808312151467186
0.5891691304472672 5.009690285110217 2.6886409568395386
0.8102951060652529 6.115579713165767 2.6292833275677006
2.0759743166213207 4.573128307522523 2.4626093588486304
0.032289563641298036 4.836578802498881 3.3962713784044922
0.3107551236010528 5.112475018258235 2.7441727090482697
0.2743052529095151 4.842058434400489 2.330238762213336
0.2917506350817117 5.114402267351364 1.3691909738676398
0.18992525344225586 4.410543315364913 2.248266847154743
0.8723864481210064 5.028474854563529 3.484306745607003
0.06527696570965973 5.338977540135451 2.633182006661828
1.2095380490438583 5.062509386554037 2.513109252031253
-2.2785426890401004 4.774274112665438 2.4120012339488808
-1.4421984476916192 5.309911109505627 1.75803766591387
-1.3657088008321152 5.6712833463037775 2.5496313192435625
-0.9295566599560284 5.187281243422112 3.5274600283623796
0.30034959481462364 4.4845650626711775 3.102914899288651
-0.016448977367648936 5.351107421177519 2.7937197426467066
0.16498154658362388 4.781193968465241 2.348184527842197
-0.5479148405396123 5.262705671703116 2.275673613198904
-2.0965588250992244 3.778564306820479 2.7444018092964972
-0.13819732471166463 5.34464126830609 2.8287957775781507
-1.504569904462352 4.065007410001977 2.4503090757927994
-0.7281979573287924 5.262656451134915 2.774380372967879
-2.453901575540255 4.359121975019676 2.1428697470587457
-0.4497040211950504 3.773222793778238 2.782254541256522
-0.7755458562800496 4.731420181924024 2.6390110558388375
0.8694202977342234 5.618746446607825 2.547392749228291
0.6053360116479222 4.026126100902171 3.433762878745163
-1.025002472551951 4.513709355009434 3.8841464979464453
-0.14392349009039543 4.820200940940025 2.84165595477796
-0.17547985660778964 5.683851691205019 2.1046436110235978
-1.233907752553768 5.084283346581663 1.8972685338762787
-1.5790883814135201 5.077111164183586 2.7632727474467607
-0.1924642544327649 4.895064413819207 2.2595837526845974
1.1013393719952969 4.8326425104912305 2.3038430138619512
1.165246756369036 3.8341975498840357 3.163705313121852
-0.7583431184272446 5.778445854835651 2.8331556208355257
-1.5182167214321052 5.8157486456183145 2.9895156405330083
1.0653819479284246 4.704484199512738 3.1843507874731833
-0.037094042645759356 5.209383462806855 3.159480363038027
-1.4054093130019893 4.574803208396872 3.1957850073871548
-1.6401571902528147 4.035596355633479 3.3363460879910978
-0.6117038245146272 5.632984352910994 2.9494157252557613
-1.7005668254812425 4.957029587143079 3.679341311618082
-1.8228283627191553 4.551223837638949 3.4130779011219152
-0.11219038027432433 5.050356523772943 3.3262805147968475
-1.3828750328473047 4.70370488600858 3.1591170616616187
0.09616379477710542 5.1468372056805345 2.6268314087674898
-0.2948398053832841 5.37881553945562 3.613329842740939
-1.4491791163725347 4.853851835369458 2.864565678137704
-1.8246972679383215 4.3613942046231635 2.575341703118798
-2.3800686765377255 3.9072311209803727 3.040156147910806
-1.9280813385903555 4.521837265721696 3.407585772709328
-0.10977350013582349 5.468402108519498 2.720570462119493
-2.874762166678857 4.238194653292852 1.713514665251041
-1.3610459893710627 5.5925955239121015 2.6358738396241836
-1.1492446772219542 5.119728944591382 3.095623035017642
-1.8440658795267593 4.334695506830639 3.3073646001549775
-1.7494850239546096 4.450512683012907 2.7257605204596222
-2.358135777653887 4.324280359956747 2.6825210740212513
-0.47538524847165553 5.507525157286858 3.008229556391875
-2.128118544519684 5.146593005401087 3.1997584022349765
-2.1171974306341768 5.964501058860272 4.005172366581698
-0.6855871142368414 5.677145605055869 2.1587634912868183
-2.938481368349402 4.58064496652287 2.865152150048754
-0.2686704758718225 4.761969716027902 2.578764631130729
-1.0434246473246007 5.31950064949562 2.5587203021762317
-0.6468694167057683 5.247368424119351 2.6581604060245434
-1.184514559232558 4.426884933926717 2.34379890606474
-2.686900982583295 4.979008664515084 2.454841773190793
-1.6103006602436325 4.8150251963587625 3.6638326778576316
-0.5921706646626863 5.067406245952334 3.4646018779735264
-1.5095473012840992 3.875553608709134 2.9784440972611526
-2.837008560333966 5.026877858284274 3.3055810730992268
-2.318959819949898 4.315953594553126 3.5753412108106706
-4.013726747643449 2.725635703759941 2.874284876052089
-2.1728836798076823 3.5937981324947947 2.936656867068372
-3.548541724051033 3.398862156387499 3.310397324675279
-2.503136468814068 4.967459095188731 3.3132294684602814
-2.067307864099955 4.164883369414118 2.9997807344414467
-0.8058303974524206 3.8770087166119427 3.5189510883428903
-1.5883200929476224 4.412013206345939 4.47425695919488
-2.079735138740229 5.074947507998436 3.233374920528598
-1.6497426455342379 4.427610344567523 3.269745598868545
-1.9774446882895935 5.820765497495394 2.3265214618341705
-1.8364739183236674 4.923802302852776 3.2755919452077786
-3.2526897305267712 3.882353161002439 3.2870393973517893
-2.3082377121377142 4.098443091650211 3.3974288137189004
-2.217820288976021 5.521773189514319 4.683912632071614
-3.3622378443485923 4.168200913506578 3.5021238172395535
-4.146103087005194 3.1616277319745754 3.1551018196596217
-1.7054253541517572 5.481825084895263 4.333143655432117
-2.438560879720585 4.200557689509257 2.7942064597297973
-3.0819287331950993 3.830740721477264 4.141659594822189
-2.2966929437679915 4.2674067003793565 2.884026438856643
-1.6275290583990978 4.393424976252071 2.2823379528761185
0.3044385214685304 4.857441891901812 4.036162519851344
-3.40761803031913 3.880217525739397 2.7752536591360455
-3.8320469496411724 3.3833685397381315 3.0007188892525534
-2.96397469539419 3.926310447856678 3.533873961233931
-3.808792039247288 4.418778215449106 3.477188464055094
-2.45216700310984 3.5683528256703307 3.2533993982901612
-2.6364024909178423 3.3422865486037066 2.6054961281137614
-3.925734622979857 4.427997604227045 3.5253500351738203
-3.735995036086054 3.9845813990743464 3.717552330184785
-3.0178500303697557 4.6250127370088565 3.4457475750313336
-2.621342158082902 4.117424653932223 3.527232852800711
-2.2404454461279304 3.952714382002303 3.5835234107170737
-3.797114068912074 3.483751307031074 3.7215240413784776
-2.964333471704621 4.131376850375382 3.7792139155121935
-2.1817070617660033 4.728662700974746 4.296583179903782
-3.9616874317247515 2.657419507207817 3.5454504006283507
-2.6116360586831964 4.341812119286558 4.441654945364597
-3.914127098546428 3.7361300850901515 3.433619373874967
-3.338869803994598 4.33150750979007 3.1888716845058096
-0.9782181201318946 5.122818718427768 3.736557471597649
-2.6835834385042956 4.40029547437054 3.3443121189152425
-4.081507199114975 3.7424187828668583 3.831930029158016
-3.6235541284247197 3.5298083473398534 3.7483266591039768
-3.1884467698012733 3.6724604852980582 4.937869306792952
-3.3462831591527777 3.288272223947147 3.680074977198003
-2.8058093271841296 3.737985834276666 3.595067337577289
-3.600877601267642 4.209675109467749 4.1235104199167605
-3.053383848851262 3.143405232854247 3.5729293290322754
-1.4990517912269539 4.7562705098922375 3.8556474503894616
-3.3318091595407426 3.1150155659151118 2.9760066405716756
-4.126793653423454 2.8968427154605716 3.332659386044654
-2.1202486660640862 5.0375777537058575 3.9788707641837067
-3.3450555521953764 4.542159612494903 3.907848945296885
-3.138496876090999 4.1159249315579025 3.7127870616812153
-4.230720093533447 2.441824770560595 3.7072241120848664
-2.3688637257692142 4.552533192561747 3.035860324891443
-2.78834337990665 4.440830421939698 3.8803127088768847
-4.4015804736098465 2.7861621002934633 4.455837090935748
-4.275738583593771 2.897165836512017 3.5869984245486872
-3.897392832458072 3.598619727283129 3.694552055156686
-4.521372570294822 1.6610389701895951 3.4237664836746564
-3.547064179143308 3.578459924630934 4.014564508704525
-2.7185665229393576 4.275276659481658 4.369694623176888
-4.442784343642484 2.226270489656272 4.399653502986451
-4.175160666245642 3.200187460931574 3.769094011723094
-5.127489422725215 2.2501462465068918 2.9132116513417277
-4.827271306252573 2.2260828400888784 3.2457331388095745
-4.8518773757399725 2.855657790057724 3.0034446200629263
-4.28392938847098 3.425949336255479 3.995687130164181
-3.4833431182494397 3.712684012868077 4.618754249321648
-3.5532326018406617 3.8087718021131383 3.4290897630717376
-1.7650663396252642 3.625515993687976 2.756239454159734
-4.0138489523882015 3.532106074512788 4.336932250045041
-3.8289421009721676 2.935253017994882 4.040755220907705
-3.9089138234522194 3.099249358460795 4.022580946027816
-4.893943632772065 2.5169359016108084 4.16545673468301
-4.271967976110137 1.537224367544348 3.0710037847430582
-5.41018282007589 3.3447555235534523 3.857804862591592
-3.863330128324061 3.841794979356109 4.1283099518320014
-3.469438383658396 3.8603437147343374 3.6682300301911908
-3.637138962064136 3.1782682355800405 2.7604251719049637
-4.037578795575758 3.0672712184233215 4.847426676148464
-4.146280598549293 2.4015891569322645 4.713132533277964
-3.557910685738715 3.6811361082728413 4.593297095633215
-3.1402356698343032 3.7423904178423015 4.539300297972643
-4.838513629288569 2.0671885479924414 3.267571982489708
-4.034681735743426 3.212701869589521 4.651719938635799
-5.106088394929685 2.9016043996653664 4.197429282408081
-4.711718861238765 2.2729061937876995 3.7092306668485024
-4.646672348191605 2.3949181917056817 3.923240087948007
-3.181666735382949 2.985571218390681 3.389549230362051
-3.412513662794418 2.6271089459318815 4.640018415548608
-4.572705647748051 1.6781250421125058 4.987166943473314
-5.049926579430097 1.4735496397994818 4.447830448478857
-3.9262327859009543 1.8840064417209696 4.236933318796405
-3.7478733066347263 3.6259108623221885 5.060972703133009
-4.278566318799564 2.5005467166135755 4.6383467320518506
-4.587445935331174 2.7031087963078395 3.5412946861268346
-4.550458848666874 1.316403671854146 4.700746301340144
-3.504029232933455 3.031116661241243 2.898440118554576
-4.04453886261142 2.7118846435397344 5.038592188146005
-3.058270420000556 3.405795756049204 4.907870622150054
-4.738855048808894 1.6116338859626913 4.001819585293545
-3.6300462631267427 1.920295086053463 4.276671116402734
-4.123982969458538 3.4716977793530805 4.014900035558297
-3.8067763306069677 2.7013825646497303 4.441954522013522
-3.847884633276841 1.3474901209526071 3.989168176782693
-4.407368003726793 2.818744955823551 3.9541058201085932
-4.645418241740515 2.6627640420529706 4.004379839285349
-3.2448772387713527 2.790073769403446 4.615726452273275
-3.8814604637949297 2.970303748606615 4.576959745400687
-4.711325807814523 0.713445445904858 5.39198941473994
-5.670340279692799 1.222339899125661 3.627469102572379
-3.8761562354252312 2.0038604531723334 3.852030860180057
-4.710958469938311 1.5424751964806953 3.397981728930705
-4.636693922697791 3.875100036883913 4.1063665138595775
-5.179878110335234 2.397338501503165 4.723029234008972
-4.717626846439637 1.1623349881156608 4.408878243772493
-5.2788012087099965 1.1036939602361153 3.7515899528125414
-5.153502800442868 1.1006924175974533 4.239243728040613
-5.739569656653833 0.7904325526120921 3.941981972549847
-4.517097472568515 3.2526922750714435 5.18709697364628
-5.68491113868601 1.2971518862048377 4.632583979725953
-3.7322584748091825 2.6462312299598225 5.368438041405382
-4.524117961397099 2.236937439690318 4.7911697678738125
-5.009217788761759 2.369604712569648 4.537086206551256
-5.520049207356082 2.3860615219736787 5.158709993142231
-4.11747296874372 3.5090694075440916 4.087914530349242
-4.227336776013102 3.4526843302444963 4.924211653081209
-4.405327352292017 0.5761181700412645 4.826499937697807
-6.003265256886579 1.274853965404813 4.808725587607263
-5.078059871534973 2.8948554908432986 4.489854147839808
-5.021110310122939 1.128281327300073 4.2939477781969355
-4.0625679526978695 2.882304405264893 4.550067107691104
-5.158934888268559 0.6668078644930505 5.027059429608505
-4.104666930219277 1.2014150225215952 4.184032117598539
-3.9876598855144065 1.394621448006687 3.6008118951902617
-3.648179959597114 1.5761487744451843 4.401919706122382
-5.0493184756745855 2.9193683823989374 4.084150964753968
-4.517030732446283 2.4566073509529063 4.45594780330877
-4.234235765246302 2.686866093407134 4.116622335887981
-4.071221197893566 0.9325324993652788 4.57957587318165
-6.4079386570751335 0.39861669146018214 5.058148022860683
-4.084921416100194 0.10466681470983825 4.737100494191831
-4.958719454365142 1.4153130051269138 5.184140952672565
-4.441389374278587 3.5133769907130885 4.2284915802059775
-3.6595744218941513 0.7737979945889296 3.618607576249984
-5.23203625214358 2.261399623413465 4.407463174619723
-5.478046833791522 0.13948342360904917 4.751175154314421
-5.250379004111111 1.1205195513729782 4.29687232367516
-3.754600936386582 1.082496590131331 4.79434900036773
-5.059060440020978 2.284978383932989 4.330981391162838
-5.4387423214748365 0.29204082643983426 4.1531493729454985
-4.545942253635172 0.5760865937696241 4.766853360378804
-4.885672998821659 -1.6103810186598269 4.8811196175952976
-4.760450438144504 -0.3755304442130256 4.522857921446856
-5.769236289525346 0.8499923871566062 4.964097536034638
-4.353172564983998 1.865721585512845 5.653336445239581
-5.586272609736367 1.1471973014867196 5.127664925320778
-4.9288612368885 0.14797268226860755 3.7324249188782135
-4.807551980891969 -0.31129711379835867 4.557884269081134
-4.022939272789999 1.8260897987826263 5.13222913476088
-4.99299159974796 -1.0882427943780006 4.570049001121203
-5.231567912266648 1.1281095122015072 4.2053413493560425
-4.761659747185624 0.535992458334099 5.931282155040996
-5.360398313698969 -0.4419245432744047 5.109383712335143
-4.2855839703520395 1.748451325813451 4.833242807412271
-4.430157840468907 1.3468996990281459 4.886832700399941
-6.057502559969159 -0.579839242247246 5.038707119538023
-4.648101351332531 -1.4471361071498599 5.6713453475102105
-5.38704442407427 0.5970214657796828 4.896755134092767
-4.639378820445059 -0.01152041525229812 4.658922401123718
-4.542988423301669 0.8091753103424849 4.490618975379131
-5.852093568999968 1.1300866512944299 4.432670453622646
-5.305355898828196 1.3928965068225956 4.25049024085835
-5.213291508615425 -1.0474108564569438 4.983005348794474
-5.584007371801386 1.2224763325712722 4.525435396597069
-5.136021005055364 2.729636366621933 5.055970564377189
-4.786559085016566 -2.119508937809754 3.9527137956753577
-4.623678027409352 1.1700187328824516 4.555856660751006
-5.608796578064095 -1.5344201464706697 4.761823486468048
-5.713080817297626 0.06944689672351508 4.206422582909396
-4.8828847018339605 -0.4945032340172353 4.6860927693304415
-4.287153016685557 -0.8979743866128551 4.0924059969064235
-4.374752673279655 0.5560592764182685 5.792605459081952
-5.365648966902963 -1.68791475599304 5.237903094486903
-4.9257350507343425 -0.40193920885822576 4.4833751901172185
-4.930772917499748 -0.4482300334187959 5.301878181205585
-5.125747245923035 0.3865196394238185 4.8038873588685105
-5.304191774109401 -0.10122907061458326 5.351328470534119
-4.5049414731071415 0.9327394643078165 5.055038936717851
-4.775102807691881 -1.3116757257432374 5.040667619218692
-4.946353744159913 -1.7008759460274399 5.727312672238778
-4.067290730453625 -1.5878120665495923 4.713011052227979
-5.3931145016592135 -0.4980668981088396 4.804394330803294
-5.4765096627076275 -0.18991147326262067 4.405059151303877
-5.060058541672807 -0.7729408630344247 4.9808058730330265
-4.729990571108167 0.12185475727979202 5.155480551612994
-4.9334332956474825 0.038938000324797446 4.922795970215143
-5.174717824463174 0.051557693762630676 5.235129935815862
-4.6225192750446995 0.8850601214835035 4.5529140539827395
-5.288271406836725 -1.0433873926563721 4.931354644244756
-4.209731722717843 -1.585515740672609 5.606244223001164
-4.720371286579317 -1.7150269562490157 5.829336414926404
-3.8588057177836808 0.1490096911525777 5.687884138975322
-4.852318134088463 0.534846268718648 5.121158772319224
-4.195898749398853 0.01026336101712494 6.102379759718621
-4.829856358671165 -2.413182519609216 5.622507168462579
-5.113330967677957 -0.02510612259634781 5.103837385425175
-5.774354358885561 -0.3450697055639559 5.495869479588942
-4.603892672235597 0.36997231431107874 4.2589467323021575
-5.229620086478453 -2.0027639572666573 5.332188616079296
-5.126064928514919 -0.8579666156558292 4.6648709463524405
-5.545828026146565 -0.1822594766166253 5.666969831519718
-4.797079801465699 -1.168066542953048 5.46226153157269
-4.492174546469674 -1.0207904023297574 5.051560670207778
-4.1952460975228645 -1.6870759890673426 5.464763538543771
-4.602562905969805 -1.0359647264609217 4.94406224277097
-4.002810574609455 -1.9063832584688523 5.188636095035082
-4.830357172558923 -0.6551297895713611 4.352187729635327
-4.248932357583986 -1.6742910093523233 4.713290203235992
-5.105381102834835 -0.8091692934294153 6.015835189251771
-5.067349004597897 -1.1367539329706824 5.473895345327762
-4.883185696214764 -2.4541618811098265 5.921538205896984
-5.004317978831676 -1.354937788393858 4.992667196125883
-4.092992616061788 -2.736634096386864 5.588250811691735
-4.330943586342547 -1.8682574632342095 4.351946674269542
-5.132153039693846 -1.4785877512176797 5.252575667910924
-5.093998557027473 -0.24744402906219096 4.506256966390507
-4.132834619058709 -1.6930866605119443 6.1987189587698595
-4.506709625495649 -1.7759866126938044 6.133403942595584
-4.908157123039607 -1.4233411973563668 5.817438280807145
-4.417108715563402 -1.2706860460221303 5.233083317950194
-4.429114768100076 0.17651236496765238 5.502075346045337
-5.455542809317542 0.06747619209779862 6.466552150046858
-5.174502283750848 -0.479492411869042 5.267597923224637
-4.013436726621521 -1.5810717126578668 5.448002533819757
-4.5655558375901615 -0.96346649297916 5.184051994503582
-4.298873227032404 -2.1604099754016373 6.002851789952944
-4.345359340004045 -2.107695203218538 6.352209634481677
-2.7798249233956587 -3.4543748324402115 5.141408254143442
-4.861744035451136 -3.0395124608620696 5.3945825532005856
-4.445318811290517 -1.162597999359341 5.717322115226448
-5.884529444350664 -0.8223333523317163 5.763022003283894
-5.134622017567623 -1.7447081681822503 5.475217628687402
-4.924568486885429 -3.241216021603843 5.932622815444592
-4.620930123751573 -2.5434943266357353 5.538246957060885
-4.813497865706599 -2.3739345649496055 5.536175528375025
-5.511722746229712 -0.9821010816833432 5.39235508328651
-4.308305132004627 -1.7188832923029715 5.352326701599907
-4.800015883778919 -2.0844194067764197 4.695656670865199
-5.455165898038314 -1.4449234283206136 5.160764407735945
-3.6930689324186554 -2.9871091679755915 6.030562340965952
-4.911040871212875 -1.4041904682984938 6.578228910454367
-3.9379460863114026 -0.3571444812481007 6.260015514241475
-5.666393132592595 -1.4520296854564667 6.150386267633403
-4.020287942281992 -2.040473643252329 5.9420432580902425
-4.184389917436426 -1.5268419337047583 6.253915572990699
-5.164227552490386 -1.468015549825103 6.978991093399563
-3.955703966652638 -0.9945287754177664 6.780993010474106
-4.667879892646546 -1.6130056061227653 5.348985278232696
-4.468346919697548 -2.6667363465771112 5.1659378648243575
-4.059092104929734 -2.44831598974751 5.640563728550653
-4.057114275476337 -2.1806822916246027 6.168606585984983
-4.838562796116397 -1.5206395999421078 5.697765725862122
-4.175252926072596 -1.9287995843620938 5.591174526398092
-4.886073379871874 -0.3551075885796068 5.539674196880784
-4.747968488395181 -2.999276383050292 5.43508184585244
-4.011713151959819 -2.535648295271167 6.528098347325304
-4.297804782344558 -1.468751611267264 5.7855297097382925
-4.770689055608321 -1.6584931523191202 5.812402983230035
-3.3085397996756627 -2.9869180894062866 5.894942511893395
-4.701801781965754 -1.6498565578773254 6.668037658051492
-6.759228574754127 -0.4582245684393664 6.264596944382022
-4.723427473841478 -2.9112533509458505 5.706872178815401
-3.3734704614349904 -2.693176629492054 5.996165539323853
-4.266305939225466 -2.6468101640296124 6.294277859607107
-2.886568112818789 -3.3329428552112907 5.700949418322482
-4.029403425742829 -3.4514442957826943 6.282955657910636
-3.1994434173680726 -3.083086773789051 5.235427516998031
-2.9715572076931327 -2.761759733323614 5.261224596716644
-2.24843255018589 -4.159748788202282 6.1097852158437345
-4.062898307236011 -3.1844037212603404 6.502401461483227
-3.9855199263968046 -3.294442860796833 5.617843600732535
-3.930050636902511 -2.374167832897655 5.675392702273734
-4.160354455377158 -2.946795232920826 6.318239657474118
-3.3985260545923066 -3.1199359128056474 5.661099524341267
-3.169115309507241 -3.4194474517575535 5.402055182228301
-4.31848945006733 -3.306358529925613 6.335731191368871
-5.365048079538973 -3.1704076771010805 5.59001543203184
-4.577179274760868 -3.073081179700317 5.683185421058649
-4.263487847232462 -2.700013233270191 6.0050880452730855
-4.503102002872163 -2.924148426484684 6.232006195078695
-3.5068958673803277 -4.293247211855953 5.9472244057871695
-2.915227272545774 -3.2596714564844342 6.473692293544739
-3.201439587623372 -4.343637879726035 6.150801347037844
-4.64547271474612 -3.1977923416579723 5.584401992003507
-4.359185765820749 -2.4454551201249664 5.688647320018567
-3.4456676648642555 -3.0822744811624765 6.062351527736891
-3.902758979363741 -3.097640125519723 6.451600272319012
-4.162508192796044 -3.3906233136034736 7.248041594512081
-2.552826082188688 -3.606217199491405 5.719116336363349
-4.286006820108402 -3.697473693843764 6.409798128469847
-3.086635397181704 -4.016150370014629 7.143722584100884
-4.576188974539802 -1.0703819081981627 7.296973632743157
-2.330462619170032 -5.049796533057935 7.283524155710566
-3.6777047110901 -3.0206778786650395 5.507348371449881
-4.473203270651567 -3.5711244089623824 6.300579704770747
-3.5366333974207307 -3.8141562782534253 5.400131613301189
-3.698275993150242 -2.882409099063266 5.848540165097528
-4.669646302723063 -0.9441085163734478 6.563140635325021
-4.041051439947522 -3.1956077568819663 6.361600732431269
-4.1230930174583165 -2.9315516751237647 6.812492419491413
-3.0125747875332114 -3.209953837156318 7.2706233955053
-4.004678029255555 -4.269151202788813 6.214106372862534
-3.1056947975464215 -3.5337478395297195 5.819026489948554
-4.477542740125441 -2.3046876817408153 6.21774702349271
-4.546581222447717 -3.938764271465459 6.682461542408702
-2.2903188228611913 -5.24281195117057 6.17712483502109
-2.2918531614067508 -3.7811165523493884 6.347576188773031
-1.7065220086096675 -4.099431065240263 6.266715345478766
-3.0298197339768693 -4.15461072456448 5.9144235588147
-4.247710490205433 -2.9467465233463477 5.9752201728098715
-2.7149637848795067 -4.038660744618873 6.6186481457101
-3.3298007314012485 -4.191054611305842 6.762407719530828
-3.5470686849024 -4.023530688345929 6.498842324580737
-2.866705658632044 -5.358469545854589 6.750101328715312
-2.725844352567816 -3.920397764931101 6.300125983906831
-3.6921228754219033 -4.029467198002626 5.805659360184965
-3.4480292335908214 -3.6377049320200876 6.115215253523597
-1.9945595099530042 -4.323370911163808 6.889223142091663
-3.33593438919521 -3.9886047426069013 6.689423362970082
-3.513444574463094 -2.965427847943442 6.307127419023424
-3.032271817244569 -4.074620929194746 7.097035172172937
-3.106201214195595 -3.141561566313721 6.940011812518071
-3.954726376190496 -4.3351842985728 6.278271344852248
-3.120633057404852 -5.065586682431175 6.497900035915274
-2.7758185525222863 -3.338670131141289 6.978891824505499
-2.718501656567321 -3.153220137065108 5.965254493223722
-2.045014565911308 -4.032200411952292 6.275727027348925
-2.0526591126159577 -3.8315134437766756 7.007067619067027
-2.6183695042189306 -4.755047870379591 7.373646486528529
-1.5441965468010943 -4.568581170068795 6.038298811329208
-3.978066060824948 -4.396563545191846 6.883216212495791
-1.1847518275403646 -4.716852910824503 6.724282475925124
-3.5843912740021424 -3.6877799348962657 6.3995583148875
-1.3711572272451131 -4.46424070968353 6.281316463931927
-1.7006674055136846 -4.181036164488785 6.70158399295841
-2.461385434227278 -3.8642320415111016 6.078498743070977
-1.1749104698677335 -4.731658249614556 6.945808514572149
-1.8721723654390912 -4.2857369736976345 7.5387268698999055
-2.141903870288432 -4.710303821114472 6.701660956288695
-1.1334174060992765 -5.30951164023234 6.416471950182613
-2.4085359982035963 -3.1382930655648664 7.493557954710325
-1.6411869879869125 -4.859815135573051 7.858716252775224
-2.3376324505952795 -4.781792230641577 6.492086556937649
-2.3095710889453356 -3.3137404944649766 6.546700173009976
-1.8158565940034874 -4.92682259643447 6.61593494227026
-2.379382889664451 -4.359407674536191 6.782702539013223
-1.3950934318555581 -4.818198553798131 5.849133346467568
-2.6291150465925717 -4.73675082415317 6.930866613992862
-1.3582331450510206 -5.434025559191723 6.533705241024127
-2.702864712173542 -4.732351113210465 6.732302367368582
-1.8500900390617057 -4.948833276414512 6.76897658505912
-0.6922414629479804 -4.117708995337295 6.833390720395932
-2.006203262427412 -4.784028390583896 7.8562294308050316
-2.5121290349074807 -4.485805178499117 6.788738870021314
-2.945316619973869 -4.582424976928116 7.187299294119916
-2.1700575568252356 -4.594253737968824 7.156991385751889
-2.290873173487945 -4.941564705926519 6.423245429013666
-0.8685373056061501 -4.862146754800147 6.85899232003449
-0.17893158783530516 -4.49986320266833 6.344395802195571
-2.4114894851709794 -5.233394345145611 6.577238280737503
0.28825765826210537 -4.412165105607441 6.836444123544883
-2.45907203492756 -4.361943712758069 6.145048594369108
-1.0312794775908178 -5.180185338967484 5.49155869388675
-2.181989186586081 -6.0291846469106645 7.224513670626355
-2.38440660846507 -3.6376272777873258 6.112791330004187
-2.925301655299283 -4.809174211563596 7.085042857528508
0.09386855352651376 -5.169537180521466 6.721947001120121
-1.012186136022625 -5.042307244000645 7.104670991137219
-1.9492300358765995 -5.547753281181104 7.637697426653097
-2.147438883727613 -3.999540952688642 6.461021889570205
0.22100792134385097 -4.832931020378678 6.868821222153834
-0.7470189071301833 -5.804688790814464 6.7772006057324
-0.1500179323664146 -4.842333022450971 6.397518901390364
0.3164280113207373 -4.931943171088144 6.620681324803096
-0.21833542345173543 -4.9910438717477525 7.060233794172932
-1.6135634374827095 -4.495624503258806 6.741693215906938
-1.0927181927092848 -5.231678449452821 7.154291575316978
-2.4944249170024673 -4.117773323936539 7.1533214441814845
-1.0936892348776897 -5.404102680439982 6.673823677518526
-1.310412635620543 -4.935480289707749 7.8319449198482385
-1.9951962070179141 -4.761913106614052 6.531117707253486
-0.19925099895600568 -4.177418233228788 6.894258218863027
-0.21798466674028447 -5.9249496772334735 7.504249301752205
-2.457988085976863 -4.304927406137688 6.422745808005842
-0.6979325951767178 -5.099031371785508 7.174410595337592
0.003024128117196788 -5.197548441955934 6.231727079385361
-1.9286563061565387 -4.386321103366568 7.599217176723123
-0.12805819891058937 -4.954726505850718 7.1727540365605575
0.09599567736491087 -4.576908310378657 7.024482766340886
-0.846517966320431 -4.264617344043378 7.0869899862990104
-1.3322543628564316 -4.350933321620538 7.860389805303258
-1.934506647251081 -4.9216511684852335 6.968540114753271
-0.6405727146659098 -4.86867767629499 7.172056881894646
-1.6584642791786957 -4.795763707079638 6.906452734653174
-0.6568057612976123 -5.527794614400052 7.152802706628247
-3.8942376887972263 -4.036997938693676 7.810144269018274
-0.13102806004541587 -5.425724912172263 7.013747066976587
1.0974033116708883 -4.750291562577773 7.699855818344145
-1.1638143008785666 -5.319443579006068 6.638312136677225
-1.6957223474534373 -5.269561830271524 6.802572093563008
-0.9975538486165848 -5.040253209785928 6.502673761810545
0.3817146975270522 -4.552769681149016 7.284126774642418
-1.7520022580116872 -4.084611955879709 6.873364144571289
0.029630579088594844 -4.318727171857575 7.304902520541261
-0.5840483574709862 -4.685961638192293 8.343849615451987
2.3126124341055188 -3.987533976819198 7.066358584644211
-0.012888239044704626 -5.517637566440816 7.756406877531125
-0.11867329132066834 -4.92160532022378 7.557092323254073
-0.25843633543108113 -3.8850733986969295 7.943283420791623
-0.7120419125596166 -4.6598625142722305 8.015362138025228
0.9168597389259852 -5.427332208976791 7.223475024878619
-0.3461539210348566 -5.047892614044134 7.153433503103771
-1.6415614905149511 -5.197595770355815 6.8948993162595436
-0.985594719342472 -4.621243573032095 7.132829955748287
-1.689051278200327 -5.439307266207841 7.395248923655015
-0.024379946256938064 -5.520517938388169 7.93220705948732
0.2905625041792754 -4.423308573987047 7.097803781070035
-0.7598282131631686 -4.7926426364362245 6.269234760502906
0.21972458838887904 -4.659519053800564 8.193761197077025
0.25198617505236165 -4.385012324264589 7.577973824228099
-0.3364502873607783 -5.412336916526696 7.921356413677776
1.2864749965277182 -5.092436839855505 7.862609612861901
-0.23710055990965237 -4.352152194956137 7.750331677522441
-1.5467115955030217 -5.392141691835701 7.089202190518441
-1.6735282791455202 -5.516148379923337 7.288955959496943
-0.8614535592313385 -4.0511936307361465 8.285120115022002
1.394802922946755 -4.637923832066105 6.573242060956007
-0.38513904134702426 -4.475962543637088 7.489163097586573
0.034418480771327344 -4.405841947961263 7.783903233340251
-0.49219233614688385 -5.07086410756447 7.811874579183651
0.5243825484252748 -4.335729692857744 7.917164513518502
-0.7833792031565653 -4.2908888787518 7.136022330719517
2.7672114236591 -4.101525472885222 7.478602470717212
0.06818527102738403 -4.656754831123331 7.324458287467406
1.1847782072979918 -4.785310833472977 8.243245861245567
1.4254586111365153 -5.248034240970777 7.9293031182976845
1.4146697846507694 -5.354068342757501 8.320307451953907
-0.4873181556592895 -4.604491820395678 8.435978918058144
0.8539670475651223 -4.682147305334117 7.404345262856455
0.8830820329208106 -5.311265661365167 7.350883496951193
0.056129270161888865 -4.49734231212122 7.233372759552621
-0.17464639100888443 -4.926525081500251 7.790901598565084
0.7906204775812907 -5.272107318347093 6.480414555527467
1.5928882876974426 -5.056962277734598 7.965158452724002
0.8266383301062243 -5.477139509961733 7.509575432003075
1.5219738751998657 -4.686484405728445 7.8292689245992015
0.848258948579504 -4.88404358679137 6.993041918093248
0.22109026831329165 -4.566665979241764 6.824571655200346
1.4876844615852376 -4.463159563210142 8.059075111077702
0.30767413613432887 -3.8860201681048903 7.674567671228458
0.07701958154535304 -5.001510587523555 7.735097499210408
0.3203244369217459 -5.4410964355480145 7.868410758544862
1.419793416414264 -4.428499924930129 7.527979264854671
0.7425202400485235 -5.407395945991936 8.527289874576248
2.2240432172088274 -4.2995370367723185 7.953896340386519
0.8654509677339548 -4.710360023773802 7.328238608398845
3.657412940855787 -4.616685553891712 7.557106865538971
-0.08393712417234618 -4.071587409535884 8.352631854300617
2.145376356609521 -3.9165994655756906 8.158004014871176
2.3935905331505594 -4.844275461402991 7.531790465041055
2.033648104943478 -4.734341255690826 8.521938686349271
1.0145714702659878 -5.598339977620658 7.7075802348380815
0.05917967880534784 -4.0883902845680336 8.145031428619498
1.519949772522419 -4.619511456844624 8.196992929285916
1.446910741148917 -4.437192675524203 7.983391920319538
1.375155434278281 -4.841750526069835 7.717083834258666
2.023573907381623 -4.516077964911655 7.920179707499277
2.774919612240349 -4.287984987240203 8.697519351741317
3.9942274691593713 -3.8232123776083635 7.943983269146757
-0.052369164385076376 -5.566393918051526 7.998159138962095
3.5199668416614895 -4.707462315278393 8.383678649442418
-0.6032334844147952 -4.250203075901413 7.9936628515051575
1.4892658388652524 -4.139589204132185 8.269811302932753
2.8003667696776318 -5.2266742778125295 7.792917087354734
0.45551495425196326 -5.406967480889593 8.225377503063838
1.6913003042128096 -4.446326324353515 7.823198528301571
0.4667998732944557 -4.5775934123902795 8.160980059925693
0.8202326071824453 -4.440319374085973 7.865974351244595
0.829051499677779 -4.476139686181491 8.518627353237283
2.253253114936855 -4.4608376186992045 7.971755977125374
2.10790557431839 -4.584562514571198 8.437481899810255
1.668050378464616 -4.43140863355766 8.57398310863711
0.8069787579592322 -6.104795307141199 8.130991868957027
2.6956344088100384 -4.083094755287416 8.399964698942105
1.0756173514000498 -4.126918612523996 7.871217602984484
1.2816495096026033 -4.733191177098529 8.318250678962364
2.826419846927289 -4.100871459623878 8.979047534967101
1.859786497625957 -3.380007870240187 7.823131045673291
1.05632132370637 -4.786862907360543 8.340329097475962
2.158920365979106 -4.646302194618549 8.315609139801259
3.192248217661467 -4.548939361285682 8.80923892214982
0.735028580801644 -5.861233280509228 8.747678511935113
1.6955458463963 -4.429004192737919 8.203467527461092
2.676125546979548 -3.9113537127217093 8.63847789457142
2.903693795825966 -3.8895589853118877 8.233979859718627
2.597811433088302 -3.787453069199875 8.33001720731165
2.242288168725723 -4.893216948893377 8.827267143479034
2.1230031507678406 -4.881695284181891 8.882303509586178
3.1036120463935446 -4.161028245309352 7.425703034965372
2.205555841815202 -4.063975113065416 8.355753506839852
2.177661629263921 -3.9989995095553694 8.097093453532006
2.448017722986547 -4.295251836563807 7.850262352273058
1.5150692133832875 -4.68465845733327 8.656712266084744
1.8279404748102996 -3.9642092133346867 7.575799233923526
2.395334760801965 -4.587152420318049 7.64049842570719
2.9130980874548698 -3.8389766933921248 8.503280095594539
3.3477610650554577 -3.809372778672304 7.861649753685046
2.7457994208321463 -4.042112603947457 8.78979140616841
2.368918157370645 -4.333500569528629 7.97324217783485
2.7669437215535546 -3.850622482540519 9.184069917676272
3.3555411482275064 -3.258545375252495 9.170914222760484
2.2071673566612318 -4.110532601653037 9.184756762947433
5.050475137596554 -2.512042283119298 8.865921622700492
3.7142986289728817 -3.677666122066876 8.746051491282847
2.7556136358370646 -3.2735894590658363 8.050358917672815
3.3784300801438905 -3.373053512321766 9.019214099178088
1.578693627226886 -5.087728753344181 8.741482519678023
2.2368716289253316 -3.565425976079185 7.706246394810983
1.8709222118315068 -3.9517206649874677 9.291761739002
1.6894760419910386 -5.501149959159476 8.905075629326602
3.147953742883523 -3.435604420014498 8.35769960408591
2.615026258103777 -4.776685511169091 8.649909999499295
2.4976725733140177 -4.879927931094853 7.32387288935072
3.1036514341463866 -3.68819162879252 8.593882227392648
1.4148340041627012 -5.155804259676273 7.929322704771329
5.080004526850415 -2.938044506632788 8.641765058739969
1.9069623719118072 -4.842183658586921 8.132351538472413
3.065039080296307 -4.1614300993856554 9.159611126566585
2.383553386616115 -3.579852274195416 7.875163908119425
2.0918204079768192 -4.142160336244779 8.357606656309985
2.817218937683131 -2.9732485326222564 9.929350060796482
3.251261983828256 -2.941307400418582 8.434777051566233
3.951825687352636 -2.448279299413643 9.130795636588163
2.872476426339094 -4.1459744522205595 8.976261340551186
3.229707366540296 -4.554949648980134 9.037130136059583
4.786213465824788 -2.7050440861738423 8.67870365497568
1.8318341411938954 -3.5623594082908636 9.491028342621435
3.4338894798078874 -3.806903805433901 9.198372064947497
2.5438390614869157 -4.4350230907976185 7.853065479530382
2.642257824316927 -4.604051922077971 8.28123215637941
3.396131748826496 -2.213204693188026 8.782551380489279
3.075378483865746 -2.1062804178222985 8.928180283334218
3.5136382425007504 -3.932917191906015 9.262156869056916
4.221219922168926 -3.187554326730097 9.02819905169437
3.4387043096652365 -4.620386465590897 8.248615094448608
4.034215623344367 -3.403781628476191 9.434766508935061
3.763359441936756 -3.4828206505380193 8.017661626456189
4.336474925425241 -3.1098621098487116 9.387291199903276
4.260327378311387 -1.4696148494901138 9.157310360431612
4.476248024318176 -3.3127998048244254 8.447888672588483
2.6768964513614812 -3.5272235178932605 8.675635444731517
3.782794025913685 -3.4500385835795173 9.28900265351624
4.119399419419734 -3.010633882881754 8.016146676178831
2.740875045742724 -4.350921481841697 10.039427906712897
4.512171161714129 -1.9086930520912533 9.135806680490003
2.687064030346548 -3.1549596305355694 8.645730465085046
3.543643937431477 -3.8267153589967697 8.764735991747143
2.813177875481768 -3.144080114581628 8.643088860255933
4.534905594947489 -2.590042787378569 8.867904558100733
3.7544199300116587 -3.8251806990502315 9.346759271778318
4.9885164891457565 -2.1622932350950936 9.29636767499276
4.620215058971842 -2.6474603409170254 9.24072470474536
3.6284977609862907 -3.2917683273245095 8.749098316352146
3.634911513531934 -3.5034120702779923 8.995975807938057
5.304611641761869 -3.1211841898771677 9.419175169438482
3.3812176452840523 -2.8694633917304055 8.663229386977843
3.6200382852667996 -3.281338945584432 9.491347333029262
2.6109547415609624 -2.720718183010948 9.487398910911217
3.8124749377040343 -2.330884279843801 8.393405059482735
3.3178191714888294 -2.5191120377893594 8.343629734002564
4.44597960080182 -1.024467627181422 7.765812247187338
3.576305068873509 -3.4619869192447377 9.297968919368927
3.887276477394134 -2.4916539810543967 9.058209129598897
4.17327659078057 -2.481527145738705 9.309221708488343
3.78272595521143 -2.4724873310110707 9.24388838860111
2.922413629285543 -3.9871605941153367 9.936502319442763
4.2240771296373305 -1.6051607080989931 9.074823062456646
5.23589165272436 -2.540984643695672 10.172044945365995
4.297086460845422 -3.354441905635978 9.271768868774432
4.6930954380408325 -1.174510723281344 9.767397409207792
4.517927304448387 -2.1869008570175126 9.417159849594313
4.536607535883284 -1.5449639466387335 9.345700325030064
3.9942803934602154 -0.8624633544096271 9.666609911544048
4.494774381455241 -1.9227920020917129 9.517841115842957
5.050485061021265 -0.8375258324540755 8.998035193202735
4.612680247046899 -1.9050855920965344 9.203103311434578
5.119196781904079 -0.7058574687990776 8.846165610474465
4.682633332891353 -2.103498209615736 8.571226980033412
5.586811511673987 -0.7043286090541054 8.919862658428128
3.665987450439809 -3.375080203596012 8.426723474281825
4.339617637189406 -2.7618208551462846 9.17866961966816
3.6132952178532873 -2.398333570734488 9.417374719192107
5.384891468618715 -3.1166674073109175 8.909595370481554
3.510790279837546 -2.8253197849007314 9.267251179739715
4.348615012310465 -2.723167656242145 9.020326766671264
4.503452458572708 -1.1505868857984323 9.279117640214668
4.766337557266776 -2.4479826469376365 9.145821947294838
3.9869787002601966 -2.6188719358665065 8.461432994428462
4.818899870292753 -2.9359355365551463 9.001441321420975
4.284500919034396 -2.4803796210035802 9.565098165639656
4.706860106959226 -1.088464576219598 9.168749264026387
4.426438236804246 -2.8687302291042265 9.757555253520085
4.989666529997236 -1.8204405437452553 10.584887862288252
4.7133875111907395 -2.1118058525663783 10.305970345310119
4.916459266721168 -0.8471141180677102 9.675555834244703
4.452656668910119 -0.6028707774656059 9.646620637966233
5.254867916001714 -1.1893973409225997 8.776929931104087
3.996785820475469 -4.171567709536988 9.944092884728502
4.586897245473782 -1.7949865831472287 9.9096632698139
4.967123488873203 -0.26178998841517725 9.47635069657835
4.303117324136603 -0.8968950491259257 9.954565689402566
3.81199612055803 -1.9000285317016667 9.26317771956498
5.879395381033827 -0.659141339498968 8.954958298443602
3.903879616130746 -3.4561823856776384 9.324933435708056
4.6395196930673785 -1.1263261085770013 8.569137877674017
4.373620163169167 -2.147635718601453 9.116656121919396
4.851898043851692 -1.618031150428177 9.205708595770536
4.806327710387291 -1.718384659933754 9.006486407533215
4.6142861979874725 -1.635971724411914 10.317126244632092
5.233948248767139 -1.1862713365473048 9.944168602741394
5.471895648434857 0.4601049437050206 10.367174830519767
4.771212309353711 -2.452419545480325 8.338846926427058
4.496952470592128 -2.0416816262486175 9.162351812190861
4.710005890329667 -0.06780183568690862 10.25916897857902
5.325979297499769 -0.6139000862997951 9.285917112992083
4.422310907457352 -2.6875892054853527 10.43739320008239
4.93831834255338 -1.5834744737507154 9.843794165183013
4.846608411458093 -2.3262073772393657 8.788905773333342
5.287577035692628 0.5131036633925218 9.856992817210308
4.632318904595065 -0.6837660491117944 9.36571266755627
5.331789500421332 -0.30962048189289887 8.759694937441814
5.02899451708926 -1.2308902814368334 8.772875945474679
4.484718915770106 -1.452847244277402 9.784847761282197
4.536982669998071 0.07271077990396826 8.439688842839727
4.7474714313718565 -2.1087857305471527 9.178511083285962
5.15432831098002 -2.1766965290326574 9.892464721968462
4.545547126632469 -1.647376145425233 9.576932394572312
4.6533292808543765 -1.1631317206504064 9.214532030787739
6.074564921832283 -0.509290901511755 9.828924344946097
4.5679079081345835 -1.7762814106009828 9.717019036796732
4.712672803784761 0.1128049824089453 9.177682465078774
4.598063509084284 -0.454932146216014 9.727141704242083
4.17313383818991 -0.8699284966778215 9.691958329354845
5.717767156218096 0.07860028955223379 9.3153225321197
5.521824922248303 -1.4138612071550245 9.616934162267487
5.3197755555186905 -0.24492034533855267 9.272076454054982
4.676685305686514 1.8338093091969059 9.686284865418898
4.485915694540042 -1.9550216498786634 9.8918752679907
5.47040207635377 -1.7854079560062774 9.382262704337913
5.082973894886214 -0.05502522500987513 10.688904845330939
4.519257699514205 -1.8629315563517872 9.600155926567169
4.6661166128064675 -2.0102520852682026 9.959923351364916
4.967899907959454 0.9597048698277915 10.485664415398016
4.855754727289138 -1.1275602012191361 10.103919915362509
5.228934563767495 1.3684122648851105 9.557548407628062
4.384680897288083 -1.5519779049583908 10.459578001042656
5.150006138951437 0.5220046419959823 10.370466495069765
4.2531919511078575 0.3390102149222846 9.954250332728279
4.48129975824799 0.0014992734626583127 9.740874987632036
5.366470456451274 -0.37632253766662216 10.332889415189651
4.869058773552335 -1.2335861995891053 9.294173497165879
4.899085289164709 0.658520434246524 9.576723262387327
5.362339634452125 -0.3062923651697422 9.727514738713896
5.233430611878713 -1.7791776102569041 9.559318220130274
4.858631100321838 0.10674537662476802 9.900661184692009
5.117470458163268 0.7814711429279743 9.94834332536248
5.487084502955058 -0.7010947484286597 9.680603653600848
