5.609025530207635 1.3689272628123306 -0.4998672805090303
4.682685988387629 -0.13056675440518153 -0.8384545747115741
5.118703273540238 -0.6678844611710445 0.501376029210836
4.618507775982082 0.7762354159778031 -0.6010050291672853
4.926664961717886 0.2238300747097435 0.15351130171838323
4.550158792611425 0.14442006062056736 -0.49367477158726075
5.247610147947579 2.064430774816592 0.3453531482850051
5.199752386324032 -0.11741432155171176 -0.8388126541248593
5.0687185068623055 -0.7685500218477896 0.0910859657474911
5.1224584654634135 1.0125357934015693 0.03446192834601244
5.5080750107434 1.981776449387413 -0.3331540726385661
5.9014738423749025 0.6920060947331754 0.06553319482880623
4.572481972468787 1.8743528267518148 -0.576742399390974
4.997381427258463 -1.7229146716052368 -0.24063126293436032
6.240755253019005 -0.45682251589162987 0.11607399676149796
5.118947803173159 -0.8614904865226828 -0.5451818480605928
5.440503007689895 1.4489811104397172 0.18962593814104392
5.312639447930406 -0.5849051223750309 0.5474623599418726
5.128810279188612 1.216677513496949 0.4073333189656275
4.25011960107071 2.6654796599767936 0.20258027837704107
4.731886094666931 1.527616931275373 0.27702557074976536
4.153209930540172 0.8801269246429143 0.2897990081174304
4.794540554251519 0.20184354125817686 0.14212219995886954
4.856692438862051 -0.5495007662069084 -0.40705596807827904
4.914802795530504 -0.6313126387076892 0.07299196942951977
4.884341748657311 3.0759317503894668 0.5111691302729335
4.358398097983163 1.0209302247160523 -0.123854102105037
4.189554125679679 2.354335256681688 1.1212233508355902
4.127999006404747 0.7991320804509704 -0.009339833942936693
5.953786906709052 1.478685376271809 0.2517620925753621
4.669841811900713 0.995007445665532 0.6190369348403593
4.74552482768596 1.506861358901613 1.5547692321644364
5.697816146736678 1.4401784500058554 0.594749500366283
4.638201163421006 -0.6175507433686847 0.37579726339092695
4.9980716825862554 0.7946618565662737 1.4469014269221347
4.2626826984285 1.4560177814980906 1.3727894847582585
4.828671043604189 1.220420892407605 0.36738310668895097
3.3034990863969274 2.0303453647641425 0.6559684169508726
4.49177667406217 -0.1505806177436199 0.04188115461931663
5.1343171227596525 1.1918163851044792 0.4426957825943307
4.282616416079515 1.9935165110049 0.04005249664110061
4.6739325781495875 2.5555108559530195 0.5807550093829645
4.399728515196556 -0.2959056203986907 1.050554146543667
4.735227232781816 1.8490350420107535 0.8390965376266561
4.962676775870969 1.5444395953024166 0.9277758240349688
3.7250416294859514 3.376775092291033 -0.5958588382028107
5.069059637381541 1.6865607692612512 0.14265503819863634
4.599216408494282 1.8609396772159374 0.5377195558312649
4.773972729851396 3.0849420621756627 1.1004104898478793
5.026274441290283 2.1304198121351714 -0.220415901489868
4.538844180567927 1.662508167370628 0.8039173220771155
5.050894756959275 2.284958242228095 0.4018008151058048
4.201365508493451 2.4651401228385534 0.5950698535170361
4.349643831506164 2.0509279367266684 0.2927101140784324
4.14814004530986 1.9200032236870672 0.6915162773869888
5.327086365497196 1.3447350478071345 1.466381747656866
2.8205882730284797 3.1078767419053324 1.1442176903006742
4.585340524971555 0.11592655371221508 0.8203075579785063
3.868533301194846 3.546828593058629 0.44526715450830956
4.934238223079939 0.8164059904438349 0.09170879122113323
4.599371716325617 -0.38859501234073374 0.3139962202339605
3.8704482576229657 3.6277822972813105 0.9184791906049441
4.200758685299959 1.9130595750503918 0.6262723733507959
4.914832320742682 0.7146760129924099 0.8884891170031346
4.373564791340556 2.6873199670176042 0.7554156012509613
4.136139774934786 4.022148297145815 0.6167651218505098
5.333056261703458 0.3216835451739089 0.6642624287427834
3.8054499094037477 2.7956122963866674 -0.05850886459616156
4.525802860336994 0.8575640226330654 0.4436284695462437
4.223315309704966 3.1204504374413546 0.5381387012868952
4.388044315207177 1.737274002828054 1.2336248024926413
4.899467994981689 1.7745814290835988 0.5209851618007947
5.258969413721492 1.6103258130426268 0.8283582166348904
4.541426709937095 1.7747522360662982 1.765768712113181
5.059388567953024 0.06324476785480486 1.0465370888831145
4.803170373784125 1.2907869578542037 1.7641921427890357
4.388752269638899 1.2789076433755435 0.804575341964344
4.416310879107266 3.704242164961331 0.5558801838818912
4.009604959468471 1.9160314987170344 1.5494740740233819
3.7142250890852524 3.11948466821273 0.8994382516325352
3.8865199954136966 0.6439847253833688 0.2862464576317547
3.472220978750839 1.7241202664011241 0.9726740642567407
4.948694890042689 1.456427419816839 0.5295187732444253
4.439260055035224 2.114110272995836 1.6218850625762913
3.448233166240567 3.8383670795390596 0.8779979618001501
3.5346293966520586 2.4769038873829476 0.4651756274575219
4.666045983231658 1.870454194793232 1.2922534291075656
3.420153108227722 2.8775947634961097 1.1085821110117644
3.8745320220782764 4.1542140269420145 1.3755083303390858
4.691134338417711 1.3481228950959825 0.7582507196902828
4.796058684682379 2.837906878519232 0.11452225326075338
3.5592383283995095 3.317357772767691 1.3815547364100682
3.7578375634941965 2.4580074387566073 1.4183173604445485
4.11779969456005 3.2283092843667545 1.9039633243023464
5.05204811235217 2.2356075443269656 0.4353982346800175
3.388056980721133 3.696965874949796 0.5799632703131412
4.428088276968461 3.4264496406612146 0.8853137727493319
5.2696345679884065 2.7511323942781027 0.5629524868848905
3.3898258534241217 2.309077174328649 0.7220476418651325
4.467610377601187 3.234870808849419 0.4904059107396621
3.4134789657672218 3.1255694589444722 1.03288797283801
4.236497775318589 3.008264164352704 1.1323238394504105
3.9120004578579413 1.8911234280900806 1.303401294416345
3.5292550021769036 4.318624344419715 1.26852513241825
4.1024656718011325 2.6105096283719598 0.8471544888877844
4.13271223724264 3.836879765652733 0.25514745308452413
3.757774307900822 3.7947636008871246 0.8218359754225775
2.1070603729128528 5.285798207894812 0.675581110436317
3.8156504130984894 2.656549804229499 1.341310026754369
4.575793292037563 0.8316367727940982 0.6958589603758771
4.153104841279869 1.7528675714269772 1.3241565027667108
3.107200666775986 3.504265996897631 1.4233631278460421
3.900187708935321 2.8719357236826006 0.5349596438432895
3.1475099605717873 3.616026182360128 0.6645900205521982
2.351083792089966 5.014672569847995 0.5496283244631127
3.5824710751643773 3.4193249334365983 1.1201072643556853
3.09687422027497 3.8524050773645375 1.8605338436914192
1.7530454515152034 5.017478391161773 1.2914926013248098
4.15255859642278 1.8507358410569839 1.183272952392915
2.861182242568391 2.912522192956983 1.3753872032127628
2.419008668498134 3.6196630887885806 0.48045774384274254
4.208480521959392 3.120255872171951 1.3958043516129706
3.7939117651291756 4.04528320021285 1.2612572588471065
2.60061490223263 2.4084375696280333 1.1637441992731012
4.292299584332227 3.3917551923562717 1.6428041846503807
4.247710956411521 3.489676858064952 1.1186911486872682
2.4145014755919862 3.8185026896306065 1.7552084000023327
2.7806672402514616 5.035336736463593 1.3632651855375806
3.5465648635851212 3.0442779867577427 1.597194307627514
1.7838481653531517 4.368753550352992 2.212537591322478
2.6983840801480787 3.973966054358505 1.2025068291785082
2.2335568488405206 4.329186853774439 0.8010774919651967
3.0423092997474295 4.237722453392083 1.1145444436935916
3.9354047682063005 2.4491811008851 2.6728090953935597
2.6243646714909286 4.151045450634615 1.0244389767931652
3.7653236873480718 2.6096089997451655 1.37732883466025
3.5120616349272855 3.4556528481248714 0.5590878004603935
4.396991732973813 2.832067021833385 1.6222574984312437
2.2484039940932234 4.75153733771231 1.315421490370092
2.518520137012882 5.018503579561746 0.9085010128003173
2.2336449647382617 4.33421064506613 1.0822865608067123
4.375838166982457 3.076746176214218 2.6412049662077637
1.6675056067293346 4.685946769126178 1.5514724788623493
2.357803147078574 3.7147801225311956 1.3238343515476032
3.900669294677543 3.4082959780952686 1.2430778167513739
3.566219809985935 4.354943459850046 1.6226566618143585
2.810661997677305 3.7554044079545834 2.2635212953646566
3.2716093328036955 3.591012843789577 2.0455425240044245
3.2557164051681253 3.9578532019746966 1.9404691716986677
2.918915783799026 4.073924098913392 0.8818627090302175
5.0784249764615055 3.7805154107878747 1.3823612685222146
2.8769933149218825 2.574866599272785 1.3642337393686772
2.9659453210507145 4.286035638164258 2.455480487887644
3.6230292538274163 3.0695612189017987 1.1558705827746343
2.838365757438085 4.049482165370655 1.6184469009309947
3.0709182009503686 3.0575883980494662 1.235038348434333
1.74657782058454 4.817623687944772 2.0235108618921718
2.7686003076899723 3.83413343766697 2.655708627394076
2.7350321120735863 4.707283979590188 1.487836378352141
2.6654036531959364 4.721867990929294 1.6693560923514077
1.8839382572405101 4.3205897840240475 2.460712901753727
3.335303886747865 4.650170455543273 1.6299618382787997
2.148930641818461 3.7586438732686256 1.775192356957224
1.6099584992534934 4.932575488018144 2.07484580799074
1.9396819711553257 4.632900118483606 1.334974464259662
2.4908750241237256 3.464038698246366 1.1681884940562046
2.0913431699607337 4.946240717486759 1.7273437758955017
2.9971071371171476 3.2766259840827914 1.600141532220873
2.1965079624688038 4.617447120536299 1.401550223881829
1.941548331315701 4.284066867978911 1.668323221079493
1.65760336087219 5.081674314686966 1.663215822770783
0.8152155187095552 4.976546213607831 1.5528256987470908
1.9518778453481322 4.290784568078644 2.1141806009563435
2.570766806926363 4.48696033192214 1.843939402646135
2.375792009864432 4.52109844082271 2.2879092478652856
1.639253985223502 4.238014333841082 1.998450863859591
3.2238276903485024 4.395003997056549 1.0534298939684845
0.01248285658721089 4.974772689969029 2.3649194133194857
1.335883968864552 4.232638180611621 2.4617242452689494
3.0353308330187656 4.237578558062061 1.9800518145894168
1.4837808460396988 4.021641041285522 1.9487713884859619
2.009423233591815 4.589237228392404 1.2404565047945293
0.4558056520348051 5.040447090851638 2.8088403995529827
1.9459036492800366 5.250788659856401 1.5343348599219664
2.93224926776226 3.621155651646997 2.287248108662107
1.6045843389187937 4.146324447036065 1.8781299069456003
0.5423363890528494 4.591913807430283 1.781457041521896
0.6772772452410032 5.032292811066263 1.7416109290194062
1.435275963007187 4.923636360357703 2.0911747983354685
1.3298244958126133 4.703540253246733 1.4836830651855653
1.5671653289677503 3.962836583622038 1.7135797835548703
0.9652387803961862 4.783385683136328 1.5067246176540234
1.417137862156506 4.757367434662652 2.094637291581458
1.7276086755879774 4.803968708469382 1.2462262303944893
1.662396179125848 3.9346975838463596 1.4824912553525338
1.3756641622284573 5.5294177975247045 2.6308828581583903
2.697743909629783 4.859328830494402 2.3737874044924707
1.0459539603188421 4.513754066104502 2.02911956823441
3.547529921612909 3.724060957078908 2.0643801359510094
2.424736409806752 4.723295120285138 1.8218539448941085
1.2150629594292557 4.431862883809645 1.5918400047663215
0.8586506393402453 5.308016361254537 1.5546975616237053
1.4679371086218498 5.493913274420836 2.078548084909082
2.454151374131193 5.040938677076062 1.9841512946946906
0.6047034978553869 4.52938926157939 2.203007037417667
2.7359055103689767 4.3306784622496695 2.5980559353205663
1.9860301201985961 5.031261184473057 2.3639000600402307
0.6452760683319166 3.862873877530328 2.604914186253427
-0.20886924558381523 4.101079429043518 1.2261997003948775
2.2881490127472564 4.261271118225539 2.4980079268089255
0.3035521815230977 4.47217631365984 1.5782928031304055
1.444178460116638 4.776134132586137 2.4473501791583905
3.3079615850363338 3.7219425557548527 1.8672261745313965
0.3562451070120102 5.304123189747715 1.318374549394727
0.9959453325395359 4.6610149578985975 2.8860895185339177
2.2386538884372915 5.412360737148701 1.1272152631313892
1.9540938487789685 4.564109636402006 2.021185853149479
1.022148665329457 4.709690989014476 2.4084045372669527
-1.3130968800919736 5.761376015755936 2.2956329363949806
-0.8126327731502015 4.068169011895728 2.1468452379233582
0.9116068869453435 4.838864579650615 2.57220666777227
-0.21579278081444947 5.125877227285782 1.860223353447266
-1.009559627212523 5.312135210093981 1.3127883136743943
1.201187684967645 5.699104255230256 2.0398894533107086
1.34517156228642 3.820244238528503 3.07957359746455
1.431686050526592 4.981152817008566 1.5380955831155672
1.9846482458875916 5.676700287596198 2.325754655929148
2.160830784786253 5.414266106701547 2.990155546402631
-0.0790609222178163 4.791930452976528 2.6332602341748244
-0.48337213516766575 3.749894327641236 2.5882323699840835
1.0927625217016528 4.1872737741716515 1.368174001367565
0.9460962593379069 4.636792091989486 2.832851075932025
0.9490103440750035 4.944537064967346 2.2986777350066983
0.3608991900188591 4.976532325069772 1.8435462990937475
-0.05348599956174064 4.962118630378996 1.2430285535465366
0.32733238221006966 5.03179557362576 3.2530742849459244
0.45518348559022154 5.160659148913868 1.931033767338601
1.0940955464666169 5.722959038142028 3.2976966543732296
-0.18503103146293 4.777251083159558 3.05054727316417
1.1955635842492651 5.084615714537398 1.0680629188792996
0.6154973184144488 4.629028637521632 1.7715327483106287
0.1386146589899513 4.311970204283751 1.7760506789142798
0.8656850042414996 5.516255075121773 2.4300478124070666
-0.7620597705959137 5.432366768729397 2.534207580724116
0.24096187346010506 4.12521852772835 1.9892400285582468
0.6564321052077563 5.2919024749534405 1.4779668184717845
-1.3508140533342938 4.274610802912224 1.97953868511875
1.008190423868832 5.100036342729973 2.4683605070561754
0.46879646553987026 5.085769575215115 2.302531924881789
-0.23101242772796474 4.731290131614041 2.1150375407634945
1.2649416539539766 5.4129983293131865 2.0350676583486433
0.8318189645765829 4.162042215406852 2.930555191574981
0.5181277527832077 4.739403820130497 2.518245947827259
-0.7803431997991469 4.344504305246127 2.0999073408732323
-2.5441539128408457 4.953153901286606 2.5262290367821323
-0.20044685926009595 4.92693898226368 2.70307760312355
0.048994624519591946 4.570024312295791 2.0266313892389354
-0.5906725740489709 4.9548847544350485 1.8057227676628669
-0.6700033753426932 5.3779589866769015 3.325183505480915
0.4930269544719775 5.260937108476384 2.6490469783972697
-0.52380865241348 5.00603862577461 2.105325004844907
1.0856438615843256 5.311566131262083 3.1205257723625612
-0.9740595034467413 4.982646013399072 2.9895461268918826
-1.4304170932590816 4.345583441627279 3.1684145756902353
0.38491226448082866 4.152987690116295 2.7294558463147287
-0.41816642300445866 5.323317073133838 2.544371374585971
-0.6958724071740988 3.964182110090748 2.7801543181556583
-1.4789255638857206 4.623223854902537 3.0161711287879527
-0.6521507551995798 4.979124612401643 1.8537579002728712
-1.9450447942769744 4.0236840775125735 2.3885861832731643
-1.9130388148657873 4.912536554625944 2.54834385136943
-1.7671053589546557 5.222428714518537 2.8985807732649977
-1.4019184533933116 4.419137491023345 2.099235468693877
-0.7340518380349289 5.57307982509993 2.5502049089727823
-0.8646907174240227 5.352455628239104 2.5398574756107384
-0.9126019809779835 4.929769909836072 3.2512792897381226
-1.2492830270054136 5.29683036752109 2.735558063377221
0.34788519766253917 4.7941135654880735 2.6668012936498187
0.2924597535316305 4.8490809680615685 2.7167619380065244
0.9238138188466205 4.322604967531138 2.695582449715206
-1.2801556901976754 4.979634454521921 2.9075110799824797
-3.4317800140320416 3.858751114096574 3.3205878251707106
-0.546900007669696 5.163095797174266 2.7610883682340734
-0.8091071402478174 5.496222267173058 2.8612025959518514
-1.3018681975590802 4.860857371794601 3.169829476364136
-1.929946469360612 4.0248978703754705 2.6542472320161883
-1.9012000781156848 4.979718380278465 2.521859481529776
-0.3218126110128433 4.6021527881738775 2.5449617772199375
-1.9761946899020575 4.43591624168443 2.6704037009685857
-2.7756886372564233 3.968991776027901 3.5244381577690973
-1.7798170514668106 4.458851347208452 3.1370992956120114
-1.7040842153231845 4.753978996280561 2.1085400233186564
-1.9651120985505084 4.657226719117174 2.844862061524097
-1.6087028866646005 5.297226774363418 2.2610817051385252
-0.5180886317532669 4.117990640160846 2.709630717659452
-1.916575888694516 5.077885417235186 2.7949738557091663
-0.6733306870244917 4.7317168715824085 2.615292063445079
-1.0930163799114423 4.9143484879436246 2.6088519224892615
-1.6283881382197583 5.263583207667105 2.5935618981268647
-1.1056466413908472 5.508151310428502 2.3604174043868036
-0.8163514409588349 5.901119929855626 3.035093479700851
-0.5879319322494071 5.6983691171955675 2.156086938799701
-2.1358348404542373 4.315691024922755 2.830648168421751
-1.4353398498951775 5.1634598713298105 3.3780654653539166
-3.187410492803351 5.133643669522401 3.6098844267930046
-0.8252730391974679 4.801759234499967 3.1273141367443675
-2.5551027359155545 4.019491040997189 2.8636331642988813
-1.9772458043495427 5.268218010479947 3.399309360000336
-1.350284347989993 4.541175564858037 2.246162635054458
-1.0405807916039025 5.342255013759723 2.4057881759147994
-2.3538449265727146 3.394856791510332 3.5981337440918564
-0.8993829874686441 4.086210482465616 3.669268904033787
-2.479016759107988 4.554055455702617 2.767765157538109
-3.11386039769664 3.2399391647773395 1.9658157566846204
-1.007280385087619 4.630107283843857 3.3445881198562604
-1.7225234304726957 4.058907457356044 3.0733852511334887
-3.2269898181391143 4.979818792830886 3.639890268952423
-2.6978601212653013 3.387943817588499 2.890001505809413
-3.080963895770798 3.7080737374396247 3.9883951265389013
-1.7295150256595904 4.562486491720535 2.667565189335095
-0.99441419226105 4.197388372687713 4.069968797676777
-2.7109949747401423 5.09089548058885 3.05324497208907
-2.815455634117755 4.347951855268723 1.8620347628442517
-3.5017173878935934 3.975008962663186 3.468638689901196
-2.3510231309113854 4.230589920906265 3.7921658866271857
-3.7051929165702706 3.7513367430118416 3.5442330959184387
-3.0868319309859578 4.37087103505112 2.7936367781707
-3.287874748525696 3.8262762067286205 3.340408017741405
-3.2647196168697916 4.559324001777439 2.6226385298577357
-2.021199202376141 5.401210708712453 3.2214783665110027
-1.838444820590219 4.866075307590449 3.241281222610524
-3.883696113084399 3.5702596334801213 2.980009094754521
0.20231586343086339 4.327459747107674 3.3210953833026244
-2.4142550912418868 3.2644461302819785 3.1349321998162676
-1.7547454177537227 4.603457486175372 3.32834153792855
-3.7594072420841087 3.458075900135772 4.241228282110695
-2.1990546046872796 5.207780721643239 2.9987082610050435
-2.613573330329611 3.8579998084252463 3.6783068166529427
-2.4571740781916653 5.268957396969591 3.2664024303726853
-1.2722557611478489 4.286618430700465 4.000721178350595
-2.214851857293984 3.316715354970434 3.8358630067177426
-3.9433485853362433 3.4719342717852935 3.591119596852451
-2.322497648816697 6.051502059583389 3.777122353612541
-1.58288132519779 3.0521677187413965 3.4661887346799585
-1.2784678573973682 3.945258815323185 3.4000186299255084
-1.7637230036464753 5.116665968482713 3.0338118919715016
-3.9301099322893385 3.7286789262871785 3.7716409782235543
-2.9015759770894114 3.8237110844718165 2.99973654765255
-2.166625034392189 3.732240354684763 2.844356380749744
-2.33943779473552 4.278653045067104 3.236090622359811
-3.1407132776218702 3.3023281305264898 3.9810280326492684
-2.0388698663283797 5.012436271871519 3.205978745537567
-3.2306941824551254 4.115687171246524 3.0534518109349675
-1.9823420351801821 5.4022714181166105 3.414466476696804
-2.044387601899808 4.460712881776809 3.1059618805887728
-1.9603655533678912 4.121010771854995 2.782641065590953
-3.270160141047549 4.954262809692828 4.0578712228968925
-3.9560945952067517 3.6776692472895722 2.735961520749136
-2.7546947937059625 3.7524867271021467 4.280917937108713
-3.1284198326938832 4.24927019257174 4.044559457652259
-2.74388793502263 4.770718427087182 3.7513596505061306
-1.9468876138853541 3.534169034246525 4.09958843089835
-4.608150062515541 3.403778716726774 3.668246963904711
-2.907440135493834 4.244875511529212 3.720269375521129
-3.8384195113521193 3.9505144950628504 3.6653835040637954
-4.031620608398661 4.045040948276477 4.079185146991083
-3.3598416794149775 3.6624920196982003 3.5587858019467284
-2.8760290695161954 3.883600974981498 3.563013140794046
-2.9707713715854034 4.022703662465567 3.817419432261363
-4.986846709790117 3.450776326264204 4.077913363404592
-3.4380887918594274 2.1226764864998278 4.1268896633046355
-4.149063718329049 2.9842333716159364 4.736712970277255
-3.952982406050336 3.6871345434109544 3.797478711702949
-3.3545820542627 3.4809782016704554 3.2896670008596876
-3.07483579203033 4.076096946241126 4.249424691692763
-3.658411389324994 2.2073345462330574 3.9617623142871916
-3.824240533921942 3.564325601639949 4.54207452496943
-4.327183824980892 2.892887811768287 3.2982549480785117
-4.433431014914949 3.48886497214081 3.4552418495926642
-3.8926904359324443 3.287467312318774 3.461992876290222
-3.668447697993225 3.6525714320772975 3.8502438173971223
-3.1687526677637603 3.4100380281696108 3.6239170541239223
-2.9237276303800406 3.6830534907486308 3.952563746910222
-3.6791892453257105 3.9542844782089106 3.6769038814681894
-4.353052676052562 2.3438593740418083 4.406821910763994
-3.650298509671113 2.8465507963030636 4.011399066509508
-3.233823112532474 3.0245784170296943 4.093074494463956
-3.190003908621125 3.907744953349469 2.9003352569638103
-3.8747588150034904 2.2576231731987804 4.182732552807812
-3.650468985764927 3.3523574750662646 3.343923557305194
-3.6469279527858505 4.471058650971874 3.0450256939146247
-4.189744036222005 2.8546826066310076 4.126035192050134
-3.680800084291688 2.354899962659857 4.363703677125191
-3.411241140936239 2.2726940283195325 4.109343437341346
-3.327141069547219 2.7842680063351968 4.528773313748834
-3.647427899963487 2.6072702543360617 3.725272909134285
-2.613286746539241 3.3164720714648754 4.595487085828552
-4.652125252330068 3.315446402554662 4.124277029353481
-4.614472735075587 2.1855506789555132 4.103202180541087
-3.407864828943376 2.286055684184471 3.8691006451282917
-3.912283930343639 2.9159148232296617 4.142851086067489
-4.585460945880725 2.602131668121594 3.997087997748165
-3.372873865671652 2.2307208244217045 3.863985283465611
-3.770705184928027 3.310638218224056 4.186637902535025
-3.5720701024470687 3.564290162322777 3.593515924651059
-4.054279583495399 0.35104519476057067 4.038720825701693
-2.9419181614534735 3.8214238219197525 4.035513754683178
-3.4686994695253346 3.6573947434834246 4.660574757477059
-3.864892661068179 2.8335846777788523 3.452797924560758
-4.468493999127885 1.3630973955187875 4.7180863263129105
-4.941364196220663 2.123519918120284 4.006682229737554
-5.060639953481477 1.3970341568686533 3.6674265126746537
-3.5443956562046752 3.995953233040741 4.581426495823539
-3.823607115686336 1.9064214765918432 4.120535474295305
-4.986537578747993 1.2698921361521083 3.514449228087514
-4.44971650636734 2.3563101047498485 3.5618772231562965
-4.94027215802536 0.7224029142832956 4.484837572595777
-4.451361283667703 1.5771205111593083 3.6219164100491743
-3.986020208875197 2.5816611042237363 3.7351362588234194
-5.555653236544855 1.8779806158221697 4.084216742130031
-5.567178160968589 2.3355629865822958 4.316989238743133
-4.524935361946183 2.9355919955148204 4.697828056348648
-4.860834354192564 2.69052572433933 4.675264013870415
-4.8261492643690325 1.807339811326045 4.331384523862305
-4.076061088792975 2.3236028541677136 3.4087107744570613
-4.4193662947156 2.947512736970982 3.021933392819331
-5.233872913232347 1.7110742075365075 4.1429989209905935
-4.677830303576245 2.2688737692904484 5.020304652753555
-3.4818614138992308 2.6666481064496232 4.570285891396388
-4.420852352318935 3.3275709028638127 4.285341422332168
-4.846873153148004 1.6259568156763005 4.306091599507473
-5.206213849327721 2.1519050436719467 3.7640784347245355
-4.869486768312919 2.7209143576845585 4.366590596096924
-3.8655694357950803 3.4718474286179903 3.591805152635235
-4.845884107680983 0.982239721211496 4.14441376314709
-4.756155851975909 1.7734248568492321 5.119455416990207
-3.779951634343961 3.6809885143037437 4.5521665052489695
-4.749280254198298 1.2531338272471928 4.5112528449744556
-4.834024618508787 -0.32945633136434893 3.7807337315864267
-5.473627767456543 0.9896263224745664 4.421156485966075
-3.6872144987401114 2.4142680398247967 4.165217548596129
-4.87411210302976 -0.15775778326458267 4.0164068446227645
-4.355570601966799 1.658186294417428 4.435071071194753
-4.403211214356406 1.4074407464522076 4.927592629474417
-5.291290368801226 1.4782521454166182 4.71564443535757
-4.988847799595759 0.6931268809507735 3.6620602290619733
-4.8990939570732674 1.5337869559262152 4.14427646795031
-5.427732340894959 1.0641920066647514 4.360596853816694
-4.287139730465863 2.35210514904898 3.7911342544182833
-3.885667512313363 2.794522589992505 4.501789188726309
-5.300424567872714 2.339927764857764 4.7818245784036355
-5.342269934410449 0.8166822384208001 4.5079124656342975
-5.1806390036087295 1.0427278126994481 3.9009981919024312
-4.302066561582829 2.1173341870628493 4.701274286885251
-3.5463547110615474 3.6799212220427164 3.8712262391299945
-4.856469590553119 3.3586228317059525 4.009487115029959
-4.68242506805628 -0.5949477617116123 4.461672823733338
-4.89332420422035 0.2524512529765855 4.230800127166969
-4.151167900787191 2.450106785135431 4.841690902833695
-5.014426495740598 1.3825201070151445 3.9497608290089214
-4.69616703382836 0.22469030140911475 4.540494017770245
-4.353658085476209 1.9202057422301864 5.466337198749698
-4.615031668314952 1.4753400547108138 4.744985390710059
-4.560933369408452 -1.031131183589484 4.75302080579362
-3.9563048384906976 -0.1679460850325721 3.9737666149775395
-5.492970019309231 1.2893411353553632 4.167621031793406
-4.428874711530424 2.726456161737835 4.596295715196023
-4.536420296174492 0.7447209184467282 4.279447368033583
-4.315385443220248 0.5030666046835602 4.81425805342983
-4.370033881108409 0.303974419817811 4.981869565613141
-4.354762757826875 1.7696807572309112 5.006347711198347
-5.3600483626883735 0.5513632551609498 4.465243569837821
-4.777977224047894 0.36962567310935723 4.457359851185255
-4.428701255128494 2.6239015309995253 4.5822798710733785
-4.909140799264186 1.3314925706864338 4.210249279603747
-4.150587705818755 2.2832006064462655 4.756516833296259
-3.8688354357967363 1.109180741943648 4.743284485228789
-3.718062231218468 2.779499475959779 4.933203303833127
-5.459571050237456 1.2717889218932938 5.648061797432087
-4.666672344519641 1.999348537021304 5.707760324259434
-5.018431495082687 0.2639197553428022 5.195846070875975
-5.455303809100903 -0.15465534195145902 4.724444488892615
-4.794503268420123 0.3423804218299907 4.926620935447287
-4.33562866083299 0.79846367198067 4.412515734796152
-4.1756826903312305 0.9870589193126565 4.821635406479736
-4.92805038689814 -0.8142332366351268 4.586696315331997
-4.177442086192406 0.8915075142552058 4.220577617641149
-4.761924820981934 -0.9132597865237684 4.81050143075022
-5.437579238942383 0.38137591979178076 5.169768912439295
-5.00465978154902 1.3630398760003164 5.434196246825949
-4.830993453871593 0.002497546895838447 5.514256694966447
-4.573748369914609 -0.978179014110033 4.533806481387844
-4.496963668341939 -0.9285481080843275 5.049343623074586
-4.45050946405654 1.8548490608785628 5.446074216670663
-4.473546893139855 -0.6696339764169852 4.826784774168041
-3.9935623285037507 -1.0109207003531484 5.197933199321078
-4.805988035114953 0.9077326937176287 5.202663704467689
-4.632313682270766 -0.5684918441228154 5.404283897806743
-5.256403402893697 0.4118970855724404 5.275643938349101
-5.173864283536496 -0.8561224500114394 4.601230002079677
-4.7127071190458905 -0.1310477603767183 5.470302318059792
-4.936877118524441 -0.46072811320760876 5.865783202134219
-4.564503061834511 0.19792339144328164 4.513199820065601
-5.7354150284486245 0.8551932809914867 5.2582843792748415
-4.222946645944215 -0.3092851361217466 4.684149832282951
-4.064890828702009 1.514176018769611 5.302591623020083
-4.624759357563047 -1.77643147151525 5.014471106749675
-4.854091303382357 -0.3572534342411468 5.088872560438165
-5.440093058192844 -0.9227679749443987 4.82896574411837
-5.4449327764337845 -0.5966058514498201 3.8181015858478746
-4.86407570933061 -0.7155693064268686 4.6954587008290085
-4.720090445144132 0.42411979860269294 4.900148967551519
-5.201824684440043 -0.07419142906319469 4.914721838417679
-4.6135564325965825 -3.0017158424524957 5.4231294257752305
-4.012740502816677 -1.9618105779067425 5.5700403018484606
-4.721989164782459 0.20540879945750223 5.39640002022354
-4.836107784399075 -0.15782233277437693 5.684596338850786
-4.868592240582088 0.6203066436639303 4.918605919473964
-4.645594708750864 -2.855091152784775 5.6196407784910125
-4.521723622610183 0.04452105868668735 5.747259728630446
-6.037787628629733 0.8372463691312929 5.457839724818132
-3.566587792678155 -0.8374959692091157 4.533861903174815
-5.397818381678734 -0.3598229181379145 5.146979978214172
-4.770990093017038 0.06637390352971838 5.188597572098212
-5.032324943738646 -1.5617323646867853 4.718741390135054
-4.660170943042913 -1.6320319917866488 4.914438435264719
-4.80696373177123 -2.0954355551247166 5.23542277411705
-4.95094126172965 0.5219752135648495 5.415983379997137
-5.308671853703077 -0.5288701264300888 6.11756300389739
-4.462565409289848 0.5752329586468143 5.253055819179035
-5.222203865939157 0.43747901300632674 5.300122421899485
-4.7866828737650025 -1.023295254317573 5.457969220637985
-6.353112179592789 -0.16907999400562462 5.066976422045785
-5.137331055556545 -0.5852173677091959 5.172818757747296
-4.897959014803251 -1.9024571724173263 6.12025703783914
-3.1858316147651897 -1.6633953672637596 5.533138856770654
-4.711666376582418 -0.5722123782197395 5.626815811818688
-5.769280930353654 -0.31155108718671054 5.2142222764393695
-6.0328135861495795 -1.4524524269638623 5.630006548318537
-5.34757304335318 -2.078398197456763 6.013572505544841
-4.200736334504555 -0.7448418949259971 5.086631398250473
-4.625833679364593 0.6226066218485162 6.003223106923685
-5.8497318118814565 -1.3354292065359585 5.079507291370488
-4.0805799830924725 -1.8784192577799037 5.166577795227769
-4.49079825333219 -1.7046951837683084 5.112960838608171
-4.536192292887699 -1.090823109258864 5.326457903868034
-4.256389490025757 -3.1183623799831457 5.8474626548727135
-5.494992494876649 1.184786292114871 5.36887710483809
-5.108168189698055 -0.8503843826765589 5.05754657305857
-5.016010733349707 -0.5835297894743953 5.026159935512615
-4.924876124584931 -1.300370288505344 4.570152405614001
-5.053726697838957 -1.7754235507049676 5.57243259316495
-3.4646055786779146 -2.6010173324272636 5.919409784691032
-3.9874203663993075 -0.18925446377548832 5.568871502341557
-4.123831855999085 -3.2324425290615686 6.316444326376471
-5.106474589223629 -1.8696657650288322 4.5573890376379165
-4.233767216699388 -1.3624689484783412 5.4175119922656885
-4.079818236363788 -1.4363352452406233 5.721986580525088
-3.7643601244608287 -2.185415214848583 5.944794339229046
-4.852939704447609 -2.674316040889754 5.264144884633449
-5.380571234085261 -2.625742760438858 6.397925009563588
-4.777339832136564 -0.7069842078468793 5.332720841171133
-4.498024230938963 -1.0015890245758579 5.5747305984266395
-3.7360910204256124 -3.333647128907533 5.068119289395036
-3.596816856675635 -0.6322454518157232 6.512833364470604
-4.5095649332344925 -2.265133465084119 5.515928293461049
-5.041395419215218 -0.5518507983232942 5.755813643296461
-4.977352359874592 -0.8127519124802 5.383438817470313
-4.6351274689683 -2.6805441139040815 5.387633698165126
-3.874000457633524 -2.3040403096673745 5.606620853384663
-5.471143554446767 -0.5761118972536896 5.441882755619828
-4.9487215930949136 -2.3165663348506444 6.482059252842883
-4.279877529258445 -1.0651510942608093 4.819550873965486
-4.256233129324414 -3.222485739153113 5.9444538303337975
-3.8440612920826105 -2.714724257085133 5.771254238027434
-4.22676979487034 -2.363998051198944 5.943086368327975
-4.333451313265036 -1.425105107282092 6.686876392755681
-3.9277059561793677 -3.3598747065441295 6.146125516876876
-3.8544694352999955 -2.1269483511790463 6.131404295137844
-4.919675162945115 -2.1874974605168416 6.051159365426982
-3.977114177019443 -2.0656366001441637 6.023298598606427
-4.529506346557014 -2.4693877835757156 5.149662231878026
-4.939355844296493 -1.6024608818993342 6.497257492455757
-3.935535994215474 -2.4348043560954644 6.295277098813006
-3.9556359435412043 -2.4421002168918973 5.934998807008587
-4.7068190078000836 -2.207440443849641 5.715941040830392
-4.52578887555571 -2.0929517950640473 6.829422749800389
-3.412890604611566 -3.6819535607830396 5.7153741300032515
-4.800070808022616 -2.2961318938906894 5.391775824689337
-5.104750159308157 -2.1445246558506943 6.755586946874548
-4.8574045023468155 -1.6698215491975097 7.188436805300986
-4.054987194901819 -3.2661935106486157 6.359415438568568
-3.3282173784711517 -2.8277809789336597 6.9142943666178445
-3.2171871361527966 -3.9793497233670316 5.966828708905125
-2.529424593340163 -3.7892977912251666 5.61400909091425
-4.718704454912928 -1.5072752822716984 7.170041967196603
-3.2849059887992804 -3.7391584034509324 5.938074776144911
-4.375886209908366 -3.064211822655522 5.9171810011221915
-3.254908315442573 -4.744566414153509 6.758910937869208
-3.81703862485449 -4.306762834475034 6.359648794174511
-4.722031134298455 -2.557894946542286 6.246002757857164
-3.2210575967116166 -2.597685641498316 5.595684816177164
-4.460794852731908 -4.527300679633457 6.599120279523307
-3.3835983427948264 -4.030202391905208 6.193624057072831
-4.386135727940291 -3.0032517286010094 6.303186720522698
-3.0071307237857217 -3.9443490088939512 5.75552479454308
-2.849789154983736 -3.8912717912602526 6.055020616373321
-3.1845090284370845 -3.527341594209338 5.983832707932243
-4.729435906867271 -1.9410784151917442 7.33364331381825
-3.6352503523384927 -2.840720874917825 6.016550275810141
-2.641586178760965 -3.601556245090267 6.200043976723429
-4.424590346487555 -1.6222022403545877 6.040568815250537
-3.6092640644194245 -3.217671713748455 6.386365533026038
-4.704978937552981 -3.5311351024036153 6.697318058852658
-5.215710276445994 -2.2106986890472653 5.661718167503815
-3.923976104347282 -2.6116589498364036 5.641825785117376
-2.934655729061958 -2.988341929278028 7.064097626444162
-4.2306211876654 -1.5279072239929787 6.088232725512674
-3.1447920083508354 -3.734146518452945 7.007523627162936
-2.7902615292686024 -3.9887036448502076 6.765020608211598
-3.4686114654332205 -3.80512073734994 6.811355045647531
-3.1283305492535236 -3.4800552529775244 6.1848561870802605
-3.9986201728885598 -3.0224288937033172 5.499751504589309
-4.177231555722192 -1.3376907800423716 6.523821727536017
-4.025289058712163 -3.4836787504511357 5.423723812762565
-3.872945790161024 -2.692149352619258 6.165853037271646
-3.3707823129498258 -3.9898244278574966 6.057721312947143
-4.420348054097333 -2.7899188582511725 5.9790346864848125
-3.598852118159014 -4.072573424422672 6.261425114332824
-3.5050655768629015 -3.225894830397877 5.237969429432025
-2.357799568948508 -4.081982466509705 6.703746541028844
-3.1579288125995935 -2.641277383729918 5.790024405939304
-3.317087740348015 -3.9756603662103056 6.595388257907124
-4.812639222147119 -3.599127111654199 6.388412185932757
-3.192168152674408 -4.879115197830085 6.792665554873996
-3.4527081363894463 -3.8960212138641337 6.336138696368302
-2.5848806430739155 -3.4884945225555284 6.397416709039976
-0.7494725362763878 -5.823660445470714 5.2778164254201805
-3.4295414382414693 -3.6617692493696086 6.499877898403788
-2.356434254663912 -3.6710586231715725 5.95236311777143
-2.540595501622964 -4.50842943964162 6.780518801994798
-3.353780867986017 -3.820796074947396 7.081477704339428
-3.0997587451669264 -3.6394274458394675 7.897791362195809
-2.8226202456977965 -3.841795256401336 6.900263079925462
-3.2599560037004744 -3.545877123592375 6.940841245488434
-2.520966764833735 -4.162566741489829 6.911650187755935
-2.2843295277447666 -4.920549338458556 6.09252363552584
-3.9391343948088116 -2.9986642084655837 7.114310196092934
-3.774854032820072 -2.762156220784948 6.539323143451688
-1.2392977308231419 -4.438186961015932 5.826541587051199
-3.0514847533846643 -3.8601929829207444 6.215882043992004
-3.5379486481667226 -4.5163153553282305 6.302209107070826
-2.793086622130966 -3.1557388264766426 5.902715905914406
-1.4512363374338968 -4.4123160295860675 6.086117800046308
-3.1021340466759866 -3.3454513615052837 6.589680757443962
-4.749642285583244 -2.920260025828093 6.143187625748633
-1.8091639848760854 -4.80950656606455 5.9382501543504125
-3.5803900250484393 -4.049540938306102 6.614293190610794
-1.0264487273739362 -4.975449522569015 6.256904767649437
-3.2431327743707423 -4.360248583315116 6.8258426137728705
-2.4646108613393283 -4.734726276984492 6.703479089171887
-3.577018103700279 -3.982828436606237 6.288226681127021
-1.4150795785395456 -3.8461186339268405 5.827462248916584
-2.1991197608969992 -4.868391510301427 7.139703162782028
-2.8881313628052068 -4.314932636617192 6.039433665173915
-3.4596622721951893 -4.209939384948652 6.957920952203575
-2.0085874145431046 -4.191882178910261 5.8167475440956835
-2.680040409358161 -4.437750051849424 6.383494857980999
-2.713608990654531 -4.215165236280778 6.100018895575098
-2.564316570705376 -3.817711086680929 6.491640771792394
-3.161054033584779 -4.274087467142474 7.727218784944415
-3.9580370082469196 -3.2425190594170332 6.403667109771195
-3.4367283505750508 -4.174570341574577 6.63691435889418
-1.6383082692862214 -4.3273426265309345 6.343824246133968
-1.8799714863720216 -3.7202371901217606 6.657534502560931
-3.4457509313268373 -4.3227753087734175 7.149489488888906
-3.277004560719173 -3.9041049351844914 6.60781017315535
-1.4153670480505136 -5.711234049657997 6.0617539392464135
-2.5264323470518955 -4.450028508417296 5.820293747796587
-2.177299027817744 -3.9430778074121533 6.914975782152969
-1.9098821441460037 -5.6038047786831005 6.740179926682819
-2.834601884319015 -4.125813840638304 7.067079196841278
-2.21029596879403 -4.619180926229776 7.395008023140197
-2.0965145667081755 -4.505904707497762 6.774668949185568
-1.3972420355270614 -3.9383993799810697 7.053572085572435
-1.6921353869876568 -4.085363436642864 7.733144793965369
-1.183857555407246 -3.8484796927301357 6.28817949540741
-1.603986331362044 -3.5662973450962547 8.128565877419339
-3.4505631025545083 -3.783657564751904 6.521874572282346
-2.5464402604489655 -4.5059153635858245 6.741970938137841
-3.3465454486542017 -3.5514803426395285 7.054832825996532
-0.8715333221371411 -5.325832576517361 5.9195017921318485
-0.7094833335960754 -4.392690174252508 7.964118103990806
-0.6852733515084853 -5.461854914120509 6.738940624675345
-0.6818141808876554 -4.923024281753484 7.6962357591051465
-2.4609944810277797 -5.594377414347968 6.58621850122696
-3.162497117795943 -3.7035030998397223 7.184002959424576
-1.1180050284615959 -5.421499576927252 6.688966046376132
-1.8768601212794203 -5.384610160666606 6.581696594720711
-2.3817921411491447 -3.945862277594986 5.455519279992306
-0.8955923458629012 -3.729799687085995 7.490841832629413
-1.8711469190721162 -4.391542864143122 8.2924791442225
-2.3238326279390167 -4.389992227896216 7.053655787042919
-2.2639696619910916 -5.0089274487853475 7.402478053403015
-3.509230275564066 -5.035467438657165 7.449794384920359
-0.6113633814101327 -5.193395191385943 6.6170402860423865
1.378294971960909 -5.211696794993479 6.268591920701106
-0.44592565896925296 -5.479077181518261 7.219856231131946
-2.3674564421580584 -4.878978664575816 6.83901951205813
-1.585958674692179 -4.427894003754285 6.638901912355273
-1.9723940496283632 -3.8973065651480314 7.138987400138995
-1.087326854673352 -5.757694561948509 7.883266018389057
-0.8960734165785992 -3.851679953522244 6.668117544492484
-2.266389519200904 -5.7224099315231065 7.204694981807683
-1.3927912944478347 -4.984820984491678 7.341696303819555
-0.19664919567983882 -5.410511051199229 7.071428666433931
0.18790297969850606 -4.887768811553389 7.939627453075955
-0.7480821348916501 -5.455616287680703 6.835050084114597
0.5459433292212316 -6.009223870046156 6.9162058885309365
-2.583780801923548 -4.885372455408977 7.317799984132456
0.6875915249618622 -4.946135684720355 6.880388714604257
0.5703616799233713 -5.463667941543438 7.045950425273067
-1.0694041897627788 -4.413961906690663 7.4900234237961
-1.2661347349032483 -4.2629417346000595 7.826360531706042
-1.2416818947467827 -4.630081323215338 7.681413887847588
-0.9592729141435685 -5.174757996398358 7.359907684437355
-0.002761224147249821 -5.161892809306968 7.110785743958115
-0.9448166521261971 -4.72901971497644 7.714674696625874
-0.0628935914788022 -5.211743126172792 7.438426385922255
-1.9683480095228254 -4.355346364443876 7.096534976767326
0.16351389231291932 -6.0768803209921805 7.1132894695359745
-0.038278263029813395 -4.636313450359151 7.275673905176294
0.7267613328882259 -5.295628805649289 7.289248074228079
-0.809845734701746 -4.515183705408135 7.101535947543022
0.9262933432703446 -5.45134309345113 6.893573771686264
0.5821354552234456 -5.407447784365871 7.174815384320127
0.15751302999076947 -4.723166101229423 6.933773358982414
0.3439190738522163 -4.84405989399597 6.920557012026347
-0.7223644133034292 -5.370808135905715 7.011875936400354
-1.8365071830029938 -3.888321966771633 7.488083517467754
-1.1919705307734891 -5.1232811436259205 7.4322330717189
-0.49936584262415634 -4.819915480318761 7.65601032660851
1.318962819770073 -4.147959041471799 7.972460923740352
0.2776143055086998 -5.207914151825156 7.436179111084928
-0.44893317014624917 -4.1396049591414235 7.650749052350759
-1.9768622763519281 -4.780525572517428 7.236093142565254
0.20123639279118125 -4.5635220069585944 7.028056386583266
-0.7826552368910286 -4.464511154132943 7.127423007624934
-1.711456663382528 -4.739567699381849 7.253673502233999
0.5538326582019708 -5.179720516241851 7.510636380632046
-0.8543742884887343 -5.049831353923392 6.573264159324854
0.7338413891225447 -5.790692160672902 7.014570592199613
-0.03698233240312283 -4.792082837061019 8.395381350719367
-0.6297220754939277 -4.740813289012101 6.966863353724897
1.9286750742578729 -4.657098329877226 7.507700404284501
0.5045409932512406 -5.563569468790528 6.849195856457219
-0.6762698629297882 -4.832488464928572 7.388529225126749
-0.1409584536085559 -5.845665639282651 7.222846307674985
-0.548895418104923 -4.275849442361936 7.9210560796272915
-0.30594250561958397 -3.962605190439317 7.536116921027296
-0.650992413350049 -4.670940559173091 7.796946713586265
1.242058523364428 -4.899549720207988 7.721720291632672
-0.8688735115383055 -6.081986985682231 8.381619596856908
1.1407383931068245 -4.978920580059295 7.0147070459959995
-0.12525613935436686 -5.212562826054214 7.574054196777542
1.042523774049912 -4.933482720678103 8.154131325070331
-0.6387411042951572 -4.879985551556422 7.285540179943798
-0.903016068854053 -3.708644405869633 7.431162570048192
0.9395892778727531 -5.034060522792359 8.031809728977894
0.6341775155507561 -5.935610641706851 7.040010242278394
-0.07774176458911151 -4.520861612757305 7.818750753116495
0.9503304094244407 -4.770903167805162 7.382763168265028
-0.46548881014389604 -4.602405321726734 8.427346522082251
1.7690054142823424 -4.581700116699532 7.372315988721857
2.7521122782985374 -3.7314223345288697 7.345776798851819
-0.07172150238839999 -3.490834092040284 7.894791644345847
-0.18612755750431448 -5.118325659003603 7.883557008063681
0.05830157621578319 -4.94916929078549 8.226423154312508
0.4168498807573052 -4.562518776635697 7.933184801583797
1.1830986395115437 -4.90191696804322 8.679621424061473
2.175490897695636 -4.880403056662253 7.974761445233035
1.160679467403197 -4.214367453549779 7.903835717128034
2.647868992161102 -4.8953957517328694 7.873132908176681
0.38335439596656923 -4.792142159873426 7.785124652474551
0.1893851428216545 -5.374730214431697 8.832636078692325
1.12073260872636 -4.513049805166242 7.499970823949705
1.1750646186540055 -5.73219017709605 7.354317554348876
2.084000984994842 -4.45814615681133 7.61819493775133
1.9800562382990698 -4.4097542618331165 7.470027788052221
0.5520094067202723 -5.4119352978722315 7.890356575362685
0.5669855822078607 -5.679849936666829 7.969354415114714
1.2501789958559815 -4.736695319084255 7.974728876436487
0.4496484398619476 -4.385554093544217 6.588181068142165
-0.26067872259130037 -5.742927453353769 8.844332552706042
0.11767360699314552 -4.871878886404881 7.678463903285586
1.3623468825001541 -4.401863064093384 7.3123090765318945
2.9732597201374937 -4.246032539260399 8.08364635373991
2.408157658018373 -4.6858857824010425 7.190488355544863
2.0764175952102155 -4.72751799635635 7.5207579737335175
1.4714382216431556 -4.995385364639163 7.814715855617514
1.8924442154398644 -4.283543186366854 8.875469728147728
2.0152171347679237 -4.253120380579824 6.96366887429392
1.4666314078941858 -4.687240976589404 7.970235957705381
1.549369622785734 -4.754492356359976 8.411853338404697
0.723517544628174 -3.9685592357551966 8.223423637760794
1.8241767464452205 -4.91880128797994 8.343467651881847
2.397767869336475 -4.398509384367822 8.879717849935478
0.4936822799156623 -4.789421634044692 7.922426260872792
2.5156210493368865 -4.312649449543073 8.255668137368328
2.903450034550156 -4.335233980009171 8.01999044448627
1.5582427070309508 -4.542002507945571 8.91660793944199
0.300957339351452 -5.226124172979449 7.354111183758469
1.4387962433703032 -4.919893151007954 7.197348246485049
2.4193460070671517 -4.701697413163451 7.484942536419727
2.6776955560504487 -4.2962936886677765 8.155217458853246
2.704017538662964 -4.5262115583955 8.49367327618251
1.9069730142651669 -4.247232823768853 8.06558940401013
1.6081678430660098 -4.321242450144635 9.047469006109313
2.5769071385303057 -4.7985472126696775 7.848287747431446
2.132907265997733 -4.664792567266533 8.049082726417401
1.727471736641385 -4.511875947892961 7.838540426358362
1.4749032415433083 -4.526792529325044 7.557813486675503
2.47786329192956 -4.107874934654657 8.269811842747202
1.944010526301058 -4.587506227892296 8.459497913959014
3.484176465634184 -4.469529926816798 8.105763135480746
3.694987957261978 -4.379644742915643 7.329121628527009
3.1318067589335215 -2.926221792456202 7.680008628775972
2.2421200853394563 -3.670446507108161 8.242369627713446
2.5576985515228534 -4.608394507871424 7.934732460585704
4.186745477529483 -3.732615683680133 8.917915716261778
1.4288505358913468 -4.727755602854627 8.36529069995789
1.8162524607451676 -3.1147169587654706 8.664950426991554
3.656077403099591 -4.127720902090681 7.998212941109921
2.3378897040390934 -4.200499306702329 7.890872477942543
2.722216145579412 -4.940129584782405 8.16244107856213
1.2555947170714092 -5.359270365361162 8.54238600787939
2.8520360641484506 -4.773284466058431 8.841506108477027
2.23315359540427 -5.296897600685693 9.885367335234442
3.228294639107084 -4.969226302843417 8.509559385930665
3.7632748836742675 -3.474562374683593 7.883606923635151
2.844266527707668 -3.6606656434948706 8.550368509721586
1.9184417513032037 -4.517568969948271 8.818887656805096
2.39654001316823 -4.895162443746162 8.696922929413153
4.095068314471003 -3.131337889618863 8.247922294352248
4.610704315010861 -3.251588923335965 8.53661268297078
4.689009139139477 -3.95799965161885 7.933757489755393
1.1122429350787075 -4.330065221594149 7.788359148231609
3.7778847944883336 -4.166576476527032 7.8370664921162065
3.6239927272813857 -3.9124667746173176 8.887368117199589
3.2553010047118844 -4.239675090084138 7.818473293027455
2.294177117997789 -4.774894440388664 9.294316777525257
3.224380454282981 -4.294744911502264 7.812833492340553
2.925772410521536 -4.067403239293432 8.241904925934959
2.939770115669399 -2.6703164338263683 9.123360070880706
3.098188125913438 -5.017354520707346 8.682143771996296
3.5338870243126066 -3.2552366913551207 9.199543682243132
3.161483771338342 -3.6337661380551274 8.7642262036437
3.346640742364025 -3.700185031850258 8.96072849890993
2.4638828530750123 -4.369597732033508 7.63638015230372
2.606100791605487 -3.5455449825104766 8.255282484746338
3.30092834969343 -3.791319172450627 8.310619162212495
3.7390588606417934 -4.250819439088477 8.823664993510974
3.6049020420965228 -3.9244251812198825 8.702809104406482
3.571959465626749 -2.0965686308471434 9.526697485635403
3.4432482657769143 -3.423234879656654 7.947281501423579
3.45713405689192 -3.981651895430135 9.033151287018683
1.9260757390946721 -3.9745704354199174 8.388109487904998
3.6387101848067727 -3.079641866174726 8.17948464395935
4.341688793328795 -3.3895560217278486 9.258315264292102
2.969761420535142 -2.9486220948446333 8.366530946152329
3.5487896687208953 -2.4523699309457916 9.745445108468706
3.537157764358229 -4.034051058508582 9.29628227207135
4.656635707452509 -3.002764507078412 8.308137026180717
3.9678365115440495 -2.99218248364344 8.953568437674598
4.877126965211047 -3.665414916794756 8.914514943705301
2.8212334731272475 -4.502031079343035 8.465914593283378
2.6158107283968337 -3.81604227787195 9.330974998384853
4.199593219921105 -3.482809386012316 8.858519604376356
2.946999987335623 -3.402758528161768 8.443948993833255
3.940806291483928 -3.538193303778652 8.639097332407104
3.5585769753175702 -3.584796259085944 9.388538753057462
3.73878658799872 -3.270368979057518 9.250930055367498
3.9617111461375645 -3.946517209753122 9.346714126705319
4.047368057756065 -2.6786222481915543 8.361048919109543
2.731344016369327 -3.966881757813118 8.428681104230423
2.2138718405117315 -3.835708601352133 8.42969064124755
4.4547006641241085 -2.0563615108952504 8.773094587957154
4.614109964441025 -2.6319981536621517 9.117026952873815
2.8729497509499518 -3.7783965298479703 8.887903659135883
3.0010378701633362 -3.46409872832449 8.807803678794738
3.8428211977906708 -3.386958036136286 8.636450964066873
4.99260309393785 -2.5248994977749333 9.645350935044819
3.0367439217162207 -3.52645470061083 9.726736928459495
4.4732178754414536 -1.5831094942539432 9.05699840012755
3.0200251281230606 -4.169664831739535 9.116779265856021
3.9484541825361155 -3.5171485757295193 9.24855849930876
3.459790921034588 -2.0071509255589066 9.174840151497028
4.494176703705365 -3.4478485183885748 8.643063977230534
4.175952327840035 -3.5906033020569494 9.095797621843813
4.07288017312846 -2.4654711610165867 8.77462826531595
3.475089547695375 -3.089466010711144 8.078671618605544
4.7830015778442965 -2.670442298668348 8.796531547287387
4.565825968707508 -2.59026994317052 9.054739022851392
4.282349158040342 -2.1471358056788703 9.919846824739587
4.485019108548584 -2.348566768596232 9.576411702493765
3.633995901351031 -1.8804644961892716 8.83912636011775
4.728749035333618 -2.1790928988191065 8.385435680101956
4.078177368099594 -3.4758657979162733 9.597147375676032
4.657966609365035 -1.9447743861941045 8.853191998106508
4.172292933328124 -0.7106795010546302 8.947236144787137
4.164219945803272 -3.210628919891862 9.601104247099364
1.8691937825624023 -3.815430018752056 8.199829927798968
4.153366986707396 -3.1644357814744346 8.181166025203007
4.257686634634154 -2.598061456429242 9.425270041857466
3.2013209437125676 -2.627798295039376 8.900572356192471
4.121424066711914 -1.4958756549540708 8.374769285811762
3.1197666625709126 -2.035927603489652 8.551919396312579
5.0563228462794685 -2.2945218301072434 9.018188431248307
5.280204955275182 -1.6984899218901692 8.84324616759715
5.070438043882677 -2.1658990378703216 9.20253231042506
3.4994487407763586 -2.91425241005408 9.299621511087077
4.752817804285979 -2.1370776599691195 8.8600271137877
4.990192846424046 -1.1631842539762558 9.525721872591873
3.7753588132620406 -0.9246553302529726 8.482123054469506
3.6521692246734414 -3.103912447006618 9.019774581945708
4.489478294843055 -1.4156314286138323 8.69599891962888
5.935655375404017 -1.117761691326488 9.634494859060222
5.174694295246224 -0.9204394719223817 9.53702885766753
4.057561281110859 -2.2338233715512446 8.587051243398214
4.396415615190739 -2.305000924145251 9.632923417751789
4.272802287345699 -1.847857069920514 9.745966944147062
3.096902820781091 -3.0641947940447833 9.396583656750328
4.125371305033233 -1.8718835051252005 9.415573558857632
4.599687704792391 -1.7373750179077447 9.258928507624443
4.0620628550175875 -3.319023980319694 8.730169055941113
4.910229626122377 -2.0158643939519343 10.175672840737878
5.754917378038617 -2.1116639404629116 9.28712655946315
4.695813150078356 0.33728652672890275 9.463960473555286
4.138374000326272 -3.2180610623485277 9.628000763112778
4.6218807575246 -2.5490958194661757 9.398419493925834
3.759994080280696 -2.8464436939950937 9.548315051426167
3.8094096987749455 -1.9208102880295057 9.96475173773813
4.734531161658996 -1.906739764582309 9.223796942008086
4.387375801314802 -1.958562868005255 9.331542576768582
3.296202478545646 -2.207652613260865 9.758091796524358
5.153252303570735 -2.479593012524906 9.378289278948959
5.282301493079703 -2.407336558107257 9.77341578291878
5.060387020491207 -1.2735624173969078 9.905174467542105
5.148563490130758 -1.5127395153941532 9.360166842134225
4.804208713179783 -0.664430108579234 9.75645767834924
4.499048627673693 0.7248374301477626 9.426090633318939
4.50736030279478 -0.9426960641709874 9.061796073339076
4.04506185736369 -0.7134375249021546 9.048174688059984
4.505442321424593 -1.058537941377561 8.501984624465255
4.933718241594871 -1.2759643486165748 10.103089162259579
4.112756876984241 -0.6247067366603319 10.56741796083474
4.37715601562309 -2.167287718600821 9.326910462817084
4.430301004626187 -2.4775914722791588 9.794392902558869
4.242240327496088 -2.064945398533198 9.331449932898007
5.612547207517168 0.4876003125242058 9.088670046434855
5.48368301799102 0.20579623145607734 9.54984457134787
4.769207694543971 -1.4639834710436377 9.729066986077093
5.965546878118936 -0.42590193189174397 9.602324494326272
4.785578548675899 -0.3963448114933473 9.092683472899479
4.668742316556171 -1.8302917157400425 9.4563119147266
5.067101834424871 -0.9733310803918074 9.683343920852913
4.348802518239272 -0.8125482570191339 10.092233859143011
4.9510371277571625 -0.8411582608933159 8.547860108974234
4.796814506230216 -2.0225597601118297 10.286662310823782
4.2278757816775085 -2.726899249676373 9.8141083755716
4.5548201777664055 -1.009097666334846 10.115938836839652
4.661971608069166 0.902978989363063 10.199169259269286
4.596283279569224 -1.5644612861774283 10.451582686417186
5.415432504781954 -0.1630667359749476 9.857212564478608
4.191771294135169 0.6395782615500825 9.245205393943992
4.527353596768794 1.927241574386065 10.575867153343996
4.518019168979795 -1.7868656610088074 10.701847917044528
5.124505774242512 1.3955255017215222 9.886531177005244
5.623005419595764 -2.122960075200307 9.81685591708994
4.5401599969453 -0.34367286967726496 10.258320856279298
5.114201280749658 -1.5288564160230522 10.088962906656066
4.945206261456075 0.0113476577525286 8.977973906160619
4.911579829597476 0.800666761019812 9.983599579880634
4.494262665588621 -1.0088809159186511 10.925133908112581
4.998896175149856 -1.5624489942418431 8.967315026792715
4.501891007773957 0.45340527924930435 10.340664280791861
5.593599527105594 -1.1190908074153998 10.394614960521722
5.374255443394426 0.17032340520767184 10.113783500728754
5.256301229269528 -0.3620125069786351 9.377197073914777
4.745878216359178 -0.9704559275898693 9.171385463091498
5.323022897991097 0.10946781862805541 10.023181237323678
4.5572334609183605 -1.9079258957009315 9.532749700944821
4.742343951604573 0.10241113841415789 8.628703504613553
4.204091956463637 -0.03729270208591384 10.311205405027149
5.501422260477357 0.1164466732416445 10.427239941058112
5.102995112808895 -0.005327238112552377 10.491205633826143
5.062167080877596 1.8418140115460533 10.299771809552148
4.982438815086845 0.091798591458016 10.380527049118255
5.5333398808861665 -0.9771726213013296 10.311211172282999
4.916323668285439 0.6834512123821982 10.732412828853661
