4.619467038867873 0.3728515686929831 0.6433738145897319
5.512882148321061 -0.26681028052893657 0.7506380966925406
4.596069420596547 -1.8399299622191574 0.21464300946104548
4.770674837125117 -0.5782742997229948 -0.05702496238604675
4.310277883765396 -1.541949979652562 -0.5219272191413934
4.921800583989157 -0.15949502721801662 -0.18513702580805536
4.720298059199103 0.9832928382587349 0.3764823775629921
5.286472490065083 -0.23313617826666488 1.0768047536755305
5.474747186148232 -0.8444559777334368 -1.3396030376657995
6.166825302287262 -0.41659321918903597 -0.7504305393571489
5.936715964189396 -0.017890301893069838 -0.4964430067220479
5.373721649656665 1.596036890851288 0.534025089598295
5.530415597982649 -0.13909491095921947 -0.6291832717102682
4.721025746011112 0.1318156634133135 0.7630635336363938
5.712009435973996 0.5821089850947755 -0.3961014874157408
4.771362253037852 0.6639796411119472 0.617846832270413
4.267183652961646 -0.5132580560373637 -0.6218907615452848
5.591542972301623 1.5677888670506965 -0.7829851624366749
5.082137204613245 -0.5799977401063848 0.42840941908231917
4.2042353485568755 0.5117386654310996 0.6897764625569207
3.9866735825262047 1.358393335068264 0.42605259065154416
4.8862458547212215 0.8701362308754772 0.7295710505261599
4.529775770960999 1.6649566113695593 0.6328693399993761
4.656996763893332 -0.1403175456753582 0.4898512861416299
4.485312342077955 -0.2717572037373428 -0.10963976082669874
4.1703944751562725 3.3670751042547304 0.7951186657063796
5.3370196341920195 -0.04550718556890356 1.1930151429167903
4.886057938971783 0.8892171235661551 -0.47378529606966147
4.662413002764757 0.8506403053135134 -0.654835506180553
3.8517643593039037 2.293714406280195 0.2039913254834414
5.440961508350858 1.5861388160703724 0.9829172546659071
5.329977414745222 0.7205206268746841 0.11450032647697234
4.374013255286262 1.3185942836392797 0.20554750413552264
4.856676645231925 -0.33080946619465107 0.6191545660294273
4.81984630355383 0.9687402351472244 0.13982089657704974
5.227841702711174 0.2756633839592922 0.9059933634091719
5.689454636611042 -0.025139897634105315 0.08645992220863474
5.739265241410702 1.2700974161056995 -0.06398214607325131
4.2755451132606295 1.9542225362212002 0.20734813184156195
4.833723094274045 -0.49884588189991014 0.16539169067989845
4.406850946819924 1.3192006066396467 0.5410537782965019
4.385848398203804 1.1533699847356136 0.38277189238099024
4.496322404999546 1.7969243697054362 0.37999105080008505
4.613178661763915 1.9982281803346666 0.9146139587310407
4.276949376428178 2.703930409167261 -0.06056508763168089
4.454011414621279 1.2381190685321988 0.658031051958776
5.501134050637666 1.6521203636433186 0.791946706943029
5.06651696610925 1.6872241206450505 0.2802536660693822
5.307296853261938 1.0858061846586269 0.4626608662010646
5.018513143476389 2.5585377696951292 -0.06369012122031914
4.493581980223367 2.1978729295091957 0.774764804632621
4.991806853720997 0.9392470633952246 1.4603774795766373
3.6411839749976433 2.0090153037674487 0.3544956238235356
4.206349656428379 -0.5148751943600149 -0.07094168437992654
5.374673728190093 0.8048043790959689 0.7072439915872153
4.799093237566804 2.6197644722902886 0.8736564141264039
4.502854313771642 1.8448063027794346 1.2455278900164513
3.7822470887982464 1.6027911945348583 0.5015259684226894
4.441564981798732 0.868976173479613 0.6186858592186179
5.5237646885928395 1.6605769207831012 0.32027965115953116
4.312778490838355 1.400190906177441 0.7582774242961317
4.27244027464418 2.3610912482197115 0.3914533271413553
3.719539384770656 1.4174479960974513 -0.30442846652654654
4.8387310349824375 1.3038697995726862 1.9381179434435114
5.277176123912653 1.0911617995577787 0.4851523170205733
3.884264621685278 1.9368125274995969 0.6660974311270359
4.59466400088425 1.0958346178936698 0.7414056494373156
4.434799262544757 2.242692528777903 0.48933208918088955
4.274147739392751 2.7477603508165056 1.0916215087521366
3.9773876077472403 1.3403239137854652 0.9701613488282657
2.6077604437222095 3.192456667527061 1.0972222768704214
3.6606165782482614 2.691022673815607 0.03239604484420944
4.197555614574191 2.7693941970342615 0.0796231154158884
3.7564175083598936 3.1942614414051853 0.7085249017616644
4.583219459721716 1.7885579619033443 1.2559666460735688
5.004682125979111 1.4555024002963513 0.865422554966442
4.085383718866668 3.2988141537134363 1.1109807742566442
4.666556289538356 0.8626994853594887 0.7080278492396919
4.345988567907481 3.394585651875301 0.9061138358642886
4.645616331339537 1.3057371356756529 1.2821717312816132
4.068634593645244 0.31257563952243367 1.1053547718989472
4.696849860592285 1.4236230661701927 0.6050662929652295
3.1231265373600894 3.042712502515639 0.19020034500615335
3.4104098927120106 3.3068182516714697 0.6253413904985788
3.922501901905433 0.16081503623246465 -0.215749231101519
4.529116734857186 1.851061411610287 1.0847992871116015
4.456082185535577 1.0334638136724916 1.1570593167125638
3.8510688445851304 2.2729963744244217 1.645568121474627
4.221258435490027 2.1323822590242476 1.5996031452267045
4.823248849460336 2.550550447227681 1.5646530178041471
3.7353334065429453 4.897516778353999 1.3656397603841626
4.301109539775732 2.841453047455068 0.8845000113874321
2.9639299522547606 4.058394528880758 0.41788736345309696
2.917354620353339 3.294187332863848 1.6874926911618524
4.879159540947092 1.9068075557739324 0.8715356512567266
4.10262575341828 2.8098177301798986 1.1771109468445669
5.473274945257712 1.6096264020396274 1.34030995963744
4.058860074323885 3.4824138123815227 1.5428776737426324
3.2930045136025625 3.6428936794492555 1.08413239118306
3.839564782042409 2.608065620932352 1.295590003968112
4.301276652857649 2.2671049364406453 0.7878036551665739
3.71317231527349 2.8759976990533174 0.6335293414978145
2.7605820414113147 4.280467553696548 0.969562789492417
4.485316261819136 0.12040938444486023 0.7756027421369696
4.170960626765008 2.294933224706417 0.7655550340764381
2.385350928206107 3.3423724371907624 1.067520898764206
2.461628067221039 2.9378721581594234 0.6675780148474793
4.104445275668482 2.5905285988324454 1.2005920229004867
2.582483368732866 3.794272506410864 1.1325396430974846
4.046441866820917 2.101439704544299 0.6448641695555556
2.8415039899132792 4.032938148550875 1.3711709909797272
4.518245233057415 1.0149223755108174 1.8123508599091838
3.85111901130074 2.861900190345387 1.199707347046152
3.665140308152262 3.329795490778761 1.7456642003593101
3.369879014859569 2.196087912052373 1.569570274295335
3.730178135780502 3.9481334514857562 0.22304455095821507
4.643108542599868 2.7032543871578554 0.3957104732095392
3.9486447628306593 1.9449714620981295 1.5799243119037083
3.793874902845578 3.1714209545744105 1.4796346717507192
3.483538792358074 3.579874470699552 0.377988227769561
4.394640106076819 3.6599221415930776 1.1457006507862764
4.7854864747493 2.6255953979854367 0.9243256761950338
3.264586792875326 3.8506758546673017 1.353081270518232
4.389754846043723 2.980214482235371 2.431618512323312
3.6577623840347795 2.184523137279279 0.920626328740314
3.892227210944283 3.3273945328421477 0.8232280717109312
4.27793154015265 3.0029829598554874 1.5160643479733769
3.7654654678786312 3.3856645775230865 1.765217353546186
2.973230840779666 3.4385309470705594 1.4296593133322044
4.0917330986608995 2.13261860272684 1.874506327639739
4.045388029751297 2.8277564105949384 1.7165572845756674
2.914365911386989 1.2029313558550305 1.077463334844945
2.9742984261553556 4.251254653260131 1.4924368095557534
2.9099700321636286 4.778527301731891 1.2302062342070332
3.6812835769031134 4.428461722412673 1.6247924364495976
3.14418458197297 4.608382110763883 1.0033075263293303
3.0965452304574916 3.1845582935075423 1.0154724359313354
2.138240037185118 5.224466915363275 1.011966642989879
1.967197862623651 4.438321411292095 2.423009594739489
4.072713950561589 3.833664285590704 0.7766870129690704
3.192908044022068 2.901235004989997 2.222989321532272
2.177690534865123 4.1299251152101295 0.933609099550238
2.6623289388443734 3.7330261619082306 2.206086443272186
3.2943257859112927 4.305568573621462 1.0458739289973018
2.963304557819386 3.7234535035373066 1.03219037844685
2.838043359220697 4.063449024652929 1.3855278665482311
3.4232734123462287 3.5433559201024245 2.2665300618998128
1.8271431713742239 5.006040543296335 1.2949071100977494
2.1581198117244913 4.861695072963513 1.1157085540168474
1.1988393958898398 5.271266959459959 0.9863470841472621
3.0948008185968665 4.144487502045696 1.7024134812832077
3.3978814474458416 4.3540805778285625 1.9238882485271427
3.557547234261501 4.425682398154308 1.3353437896233358
4.432603653868454 4.6507950382583285 1.8025958119032346
0.6217323758671843 5.452834928985211 2.300021189515103
1.1515011158389532 4.486635730331212 1.8401436585124025
3.3688489250497744 3.2927280946728494 1.1452139537550237
2.419269268879047 3.8813961716650645 1.60135070720924
1.4285430458324333 5.050056719323202 2.2441749474834265
2.824923042388265 4.170847166203283 1.4618710411017484
2.669235709399523 4.197990633519588 1.856415582923848
0.4562366328683738 4.628233173567276 2.241076495123918
3.4113870973977973 2.786863921686172 2.4366969729623422
1.6557665874480345 5.305220613092253 1.3424817164258798
2.206311554097932 4.551108195915457 1.6970568142901374
3.4184004094696196 4.2186861684426225 1.6423691208334135
4.39916270498157 2.9173153371459386 2.1442868745585657
2.3906543411309014 3.071795613206725 1.7058655238315565
2.400610330452978 4.057278808575412 1.9465556988115595
2.4391939767217754 4.153895804288392 2.166648834957748
2.1293865930192313 4.374213817001998 1.0375680294049685
1.7030785614659685 4.161525361038363 1.8249930556645562
1.333453994159368 4.9910899777573166 1.8950343008131925
1.8120979485802713 5.231702403842919 2.143266891169569
1.7917834711992464 4.212949243674917 0.7067836305953288
2.6193562003946056 3.1109630749626764 1.6600729265033842
0.9304489279346743 4.5564079922933205 2.5433564639157034
3.150687944355781 4.336631305157792 1.596877976063623
2.8861773465705625 4.057962221940326 1.6688511207328354
3.0506147955179332 4.30167184747953 2.4353468465652877
2.6133861749407226 2.82190123323683 2.3397552060806577
2.108977438200486 5.129068191165308 2.268492046574881
3.8184570101254707 4.367920033450952 1.7722189358733749
2.3699938902707123 4.509749927625395 2.444911688371211
2.91431660758998 5.468267187010965 2.388921667161086
1.8795078500292701 4.6299040051066545 1.6347861822738001
1.356366126473648 5.370319284827677 2.1041377970897406
0.5743994043361418 5.790626814111413 2.1957195916167205
2.9003503336521854 4.365141997318467 2.5163476590309917
2.573551036318955 3.7792097803753357 2.052933059539307
1.547511378264164 4.549641020403987 1.3612895470475315
2.202262858284276 4.428246779856845 2.051708195667654
1.4815526272541444 4.089689683388701 1.766067291122285
1.9116643299882852 5.170716995806305 3.2642435263256475
2.9170026996789638 3.9628170916040903 1.3548266233119577
3.1072793576512656 4.370384716014802 1.5468573383845305
2.4733692470202433 4.073523539537049 2.147478323165772
1.9867438031185385 3.7658122985544993 2.7003914302064054
2.2104481296568395 4.220062628823396 1.3121043224679878
1.552789199486048 4.01760267229711 1.2523658522817107
2.4374435621329336 3.622231564497478 2.343846795867834
-0.253806266783696 4.754204697153107 2.5900920600872883
-0.03789534792700052 4.626749342067397 2.3686146323457713
1.2874806904390217 5.251371869526728 1.6582267773128074
2.7981035713862847 4.630203556952915 3.024306636094998
0.9286623638011718 5.006362821835557 1.7492526180531458
1.831402942347476 5.219407892828686 2.9400485127664853
0.6744402602437721 5.049762008044012 1.481668720967131
1.5648532871815934 5.310457036549636 2.309875230726331
2.2489288663968314 3.8773084805492615 2.507368658263989
-0.25643310981966366 4.672087972747849 2.1905332155732955
2.4215075434005193 4.266557575931253 1.7375581999086696
0.9293679760773751 4.68669403140577 1.9630473728297668
-0.9198295298106262 4.868556728530173 2.4495997810791543
2.728059476934251 4.758809494763842 1.1077715229747556
0.4158620541587978 4.935067758515382 2.221413223897387
1.2894040437959713 5.3899702237131235 1.5851799093798564
0.7762376298471708 4.8061752140649325 1.9414376720670377
0.9482510180571257 5.159797423031041 2.8530316015548283
0.4328794870097392 4.7995882249366435 2.8823629443605197
0.44896826891312963 4.7118161299743955 2.3648933335962536
2.804139654508014 4.453847034676291 1.4577617933950786
0.7310059394503294 5.50113709064774 2.066391189179974
1.239111403398294 4.961530379064681 1.6954643125769848
-0.26215999012060653 5.504894556579672 2.5150825249825535
2.029549747866543 4.715687826548508 2.3669661704380536
-0.04075535690315614 5.2321801531184775 2.231723102013631
-1.3534793710160702 4.883636239732377 2.924734527382867
1.1586154739353416 5.069502025447452 2.3863489811429206
1.0581605290702576 4.9593210120539615 2.144409738421042
1.6328528172383143 4.862300527770476 2.5963269864080027
2.394859181243947 4.820095885917116 1.809297175312262
0.4300981450095346 5.001446156300237 2.2790022751132244
0.5536943051873717 5.256454919666131 3.310579398000874
0.46693653223959086 4.44152063240799 3.3821422624836908
2.9434569348762474 4.422991706254091 2.0615565442577877
0.3240099367126975 4.819458873022004 1.7408106005910713
0.46895165948924916 4.2669415237279935 2.317141222051072
1.003187331499447 4.0542578627450085 1.9131276522563305
-0.3518899685893699 5.988900265837863 2.0394978940364057
0.7150068813126865 5.197435250079637 2.1422089524236245
1.266108347688183 4.678742854880578 2.143102946476852
0.5224443536178595 4.719693447281151 2.480552490806876
-0.5229506590356422 5.22232707826749 2.8090521932487262
0.3940861270945601 5.600332862937267 1.7480747834857564
1.5818914949899965 5.2977090102031825 2.06103890040949
0.8439580494369912 4.9712403326755945 2.944643491306746
0.11247299920640597 4.628867580831536 2.825746574717292
-1.4444309804867548 4.819371486748668 2.4307481958887505
-1.0788426562928068 4.994717662312474 3.218064744180519
-0.3195648577916189 5.124024687391373 1.9288671418729215
0.9612447686855744 4.623471782159578 2.5410978081177373
0.23899959498819204 5.811273476016506 2.2649981194119073
-0.5725902840689311 5.628599838539529 1.8338901149245928
-0.09908919055387913 4.951493641642597 2.4949850554586632
-0.4648926946229357 4.35053974185127 2.304207186275123
-0.5547600264997125 5.122762341460895 2.173011706156107
0.43126033711149236 6.0871154454947245 1.9691706719431874
-1.3443929563097492 5.355235696694964 2.698899796467946
-2.561759289056438 4.341505453183785 2.9936938413355665
0.014664853708040337 4.781714800077989 2.5906915777307713
0.5581518509716805 5.832659182554645 2.277874464456814
-0.9017613328495927 4.7048913549285505 2.771941623106117
-0.5393899143025218 4.772041345709376 4.20241873904204
-2.8079994801596864 4.683464903240564 3.050591427222863
0.025984903045265535 5.099194883465957 1.9588835317008502
-0.3722380687746443 5.0773922654473305 3.252377922391192
-1.4083705730527756 4.820527604727653 2.988457668860498
-1.1548163350268859 5.457392423925228 2.141420087348499
-1.6598043750873144 5.743502548889961 3.369356526367825
-0.17664396419781833 4.284214820338212 2.855303100765285
-0.5169892277894877 4.589870495361941 2.6589140341247135
-0.014686652543220267 5.5230359252582595 3.463869123204538
-1.695373973914608 4.300742248233368 2.74999566396189
-1.8702595665596966 3.8792648195185913 2.8985538973336937
-1.0264195822024855 4.813486866643409 2.100429193655839
-0.46632232096533716 5.125772763859287 2.780642585929262
-1.2389594904889727 4.6477218218639695 3.00535337901075
0.6195543548688461 5.608889549397253 2.5690801745004976
0.29299086845418704 4.965848762555548 2.845908304673872
-0.35734946926241423 5.445800592182735 2.141451719419595
-0.7102506963319517 5.009231312420472 3.5182409449616694
-0.5708597330363562 4.59510515621907 2.8393527302239616
-1.3581126041977216 5.7702417298587125 2.597307224945656
-2.2326178303522477 4.006969143282609 1.973910478973794
-1.010419105349775 4.572179078958808 2.2732157809305713
-0.4318065808061921 5.7568070776232805 3.454928944056225
0.13946441968988194 5.517677665095037 2.547600414496789
-0.030077231108118163 5.031627618012613 2.7863832532240864
-1.6343764649094983 4.071697505297255 2.125670633803946
-1.156149961657931 5.045955373536959 1.6330155285831278
-1.6776110310404804 3.962954583488021 2.5547282231856068
-0.9827194985659845 5.506750419433036 3.1261528164806562
0.9729892146589577 5.424118696728772 2.9340185494448434
-1.244799482128062 5.328134594242782 3.254438591241193
-1.7950671789923265 4.624580936673444 2.9846481125560342
-1.0172223252237313 4.5676203802619835 2.0913901129941497
-2.0269172457059224 4.977962655686697 3.5959542168613234
-2.8378987772896878 3.8908675766556695 3.512397507645664
-1.0447574616395876 4.41528155503338 2.469407766354413
-1.251873173577623 4.982065993113815 2.8246295456351995
0.6388583849543068 5.295480113064211 2.508533923744509
-1.124049635111128 5.612079165590031 3.09868727993614
-2.0369091486075206 4.8910190915798175 2.605145649038343
0.054487223703104104 4.858527544587067 3.110522420707411
-0.9816970538496719 5.1608011555650455 2.872882342042928
-1.3052274201859702 4.682232800655454 3.452201805256337
0.27854933939332455 4.388774768706654 2.858681241855361
-1.7457776624114605 3.500211081952238 3.2821991111991498
-1.2120078947081123 4.734386693954978 2.8376904725971355
-3.1962352498138666 3.666908046788286 2.7772867006855195
-2.8510349796542167 4.798802129288612 2.8650998581331857
-1.8810764455965558 4.667851850022716 2.9240691012942457
-2.3343314893858262 5.816161511610536 3.0786450433044354
-3.8236614790294916 4.814511047515714 2.730126588150969
-1.9808647969171989 4.593500525285424 3.373612199463462
-2.5272330329433443 4.693428190672138 3.3397798609296943
-1.4070523059681062 4.95031980624331 2.6805938722989504
-1.787638984983482 4.633073927374445 4.257990735821604
-2.180263943301477 3.4426198026866475 2.8341451814530405
-1.8617881299919032 3.338359482753865 2.513512689297316
-2.6132724010518147 5.285170121374421 3.3482074762795864
-1.234790896132617 4.675809516966949 2.996369866331654
-1.2741154391235578 4.40797237845071 3.5070953738549635
-1.1726771868257533 5.089505401528349 3.1339914211794784
-2.6039340947280607 4.407366830961033 3.8164323047039055
-0.9527869261801141 4.539872680198737 4.230004679319788
-2.683151999568592 4.059230462783345 2.8241670350589256
-0.7690471575448389 5.084630491093348 2.965298530108532
-1.0505938351588873 4.3843259911939985 3.222277837498804
-2.0847336168399675 3.5943909854176206 3.139359964736132
-3.7817855689106796 3.4602766848926123 3.945343375977011
-2.2115427316123935 4.445524985856877 3.467447696126544
-1.851895717948548 4.287317845484303 3.0819062068020084
-2.76610687066401 4.611127634675208 3.8281278679401565
-2.1288687995610442 4.277243707861836 2.7180170357768216
-2.5819302768864683 3.9176888784712323 2.59723747615617
-1.9680302931191596 4.139072894891617 4.0459269958072674
-2.1089541455549865 5.094068052361805 3.4567537363819083
-1.6630438797149902 4.495737853776414 4.144289705801824
-2.7071640026519557 4.598125150093694 3.6289676630667804
-1.7381987957005816 3.7687588144089297 2.930908646744062
-1.4836503453358314 4.486203536139619 4.13543040589622
-1.1609333872039478 4.621643788460024 4.416969169507588
-3.1132602874035507 5.7837700648509776 4.78461146199164
-2.1393446057371426 4.781765043185545 3.703999700686817
-3.6764972763497425 3.0069425595185346 4.070100044542672
-0.04415571286289808 4.665237379637849 3.89788066405436
-2.7188232964973142 3.2100474522199067 3.3997443789435486
-2.2061108523192137 4.625487509664998 3.6637667162799925
-1.9770071904211413 5.380080229763571 3.6297771836309263
-1.1679251492678409 3.9855757932358373 3.661482898239518
-2.193694255830956 4.196017251620328 2.911002098237735
-2.667692681925921 4.016404964446336 3.5962703567337604
-4.350552398633976 4.089111098232801 3.259278877820963
-2.3093590325831372 3.4514115140042727 3.8548434138295207
-3.362275965916633 5.307141512127718 2.79757935620676
-3.940558999595589 3.4598601740242123 3.678699401625125
-2.4498318562129215 4.679973222296317 3.4730353260561064
-4.032784737001934 3.259000696921753 4.418284727644724
-3.2383950837779154 3.950953867712601 4.1548687409860445
-3.2133433202464206 2.7972058052586877 3.901380478638768
-3.203282549476821 4.285580106501395 4.163697672030959
-3.9660310023585237 3.1255250372671206 3.2781643231367688
-4.111562195387449 3.903493986954301 3.7714831626193392
-2.648290622133543 3.2180150765345554 3.26750259994345
-2.660721974873543 4.33094057756247 4.7190724212746655
-4.180810915290562 4.227019419404155 4.498550697240218
-4.265316709094686 3.3447501551558463 2.891293575466523
-3.519128807987651 3.8873870369788746 3.937965542105421
-1.7026427777249558 5.451613951309189 3.523990707058952
-3.3229522411376635 4.097286322265712 3.027384446003177
-2.4151721423883323 4.290813473847211 3.35767090449217
-4.2242898510853415 3.5563136993100013 2.8653711087612423
-3.809274635895999 3.539863975708376 3.919889020742489
-2.5540728929190033 3.842098173799114 2.9233599815018403
-3.6444354795541427 4.043210793151326 3.7140750647170853
-1.689831111947691 4.783168618004169 4.024121480747825
-2.9886680858959633 3.8084396802295597 4.759389835939266
-3.4133268201448046 3.1894641300513844 3.5272437506381573
-3.557899913941222 2.3438005173437393 4.501454077893859
-3.6438790049734684 4.234147229412028 4.163036591141451
-3.4689245806170326 3.9595573413003926 3.133884893495368
-3.173058232644254 3.1050290166221086 3.6172283142986066
-3.873043976041914 1.8056125700869934 4.286697862936941
-3.8371272649573127 4.129039040202898 4.812798994829788
-2.090689954008592 4.601505778046987 4.321883589165407
-4.329030783116886 1.7906781252690647 3.4236596327828552
-3.3105378252213273 2.604109540553227 4.021149101157156
-4.345550680654157 3.0059768352641756 2.8100547053134757
-3.960259630086489 2.7966144214377375 4.137957571635723
-4.447640842096364 3.879860930408243 3.599589565428152
-3.723049448099035 2.6022828438051016 4.170051775259274
-3.4930730335220734 2.835868628335852 4.060119308147553
-3.892388976546001 3.5452122725151294 4.037763079073326
-3.8398265453236444 2.8702392007357123 4.558452736407694
-4.085623139890094 2.5685463226396106 4.6391831510349615
-2.810618192097561 3.2851141389293677 3.818039863353775
-4.283506342950965 3.0088164752369675 3.499108157051539
-3.8098322230632746 2.7713866570231667 3.8546789379034156
-2.4364846361291024 3.71538983795116 4.699394102375528
-2.983123717601349 3.011777851258795 4.247438053257728
-4.098062318880175 3.8875703921408395 3.175854051289127
-3.475601554215321 3.147722990987001 3.90030884506386
-3.589662021939599 2.6848282999105217 4.520390647580522
-4.333363091500078 3.1369230520910567 4.737835380738447
-4.545535919979249 2.9234204603815455 4.287940343346584
-4.514347431940687 2.003221411410839 4.096452401127908
-3.204445619736574 3.2411943739057816 4.375192301495241
-4.833484804665015 1.3928351729508754 3.770473220430135
-3.899229627909138 2.768628454315052 3.6641491091941933
-3.019363459909141 2.7702994235534044 4.470559182124734
-4.501996488693381 1.957190635557645 4.034739808147046
-3.1669126555712004 3.6448908479250735 4.304375962121824
-4.82696183358137 2.22801409430453 3.812672655966195
-3.977665592550569 3.9632054566846286 3.9835320011843285
-4.146910109058188 2.262951028753341 3.1530559912838365
-4.0466209749653075 2.5011085202417442 4.912178872446842
-2.862459268558685 3.6666933795854293 4.888230978133699
-3.764460985724757 2.4903984677069855 4.79921236990198
-5.037785713283335 1.3924879530215923 3.804420027512316
-3.641221417055418 2.663956848962977 4.47394138823618
-4.311952687920355 2.702129875941906 4.078689449817129
-4.668335718021032 1.348107855726164 4.68981720785085
-4.795381162423229 0.10582680812944528 3.3726203818435474
-4.487773710371793 1.932072763927746 4.011199125230554
-5.122646771607592 1.6151619578357643 4.4287430517182855
-4.8007018759566575 2.1047433956217234 4.767982097123089
-3.4297322069342 2.2223991882225205 3.445077923568205
-4.383487575848339 1.8764096663661156 4.470243439556936
-4.5593041390273585 1.9033697789754385 4.191845040648661
-3.5375205067813495 2.3760809280634487 4.122593329323568
-4.14464297255592 2.500980535473306 4.343986443149223
-3.903047666678256 4.686617262919879 3.3362405294852575
-3.454460733802105 1.9435843882825934 4.552231967211112
-4.374665698412227 2.808392036244782 4.523433181871753
-5.509480106783365 1.6054814893420377 4.069558432447822
-4.6449742452328655 3.1565755102563964 4.019828877331557
-5.539285718321139 1.5596954536437986 4.70444761671338
-3.8535697136944873 2.437808969905185 3.885251762640274
-4.506047748498747 2.6088260944771915 4.385313424833962
-3.4119945630834887 3.020362433650467 5.324119022350663
-3.9848647981467296 2.3827766867719844 4.947919917926956
-4.76212966034458 2.550993595915322 4.718895363540194
-5.017302173052219 2.0865800519483075 3.855781523236334
-4.403869745306139 1.4280732723643463 4.491192321539442
-5.317199369568555 0.8526683949076763 3.8850773063590216
-4.873542442603852 1.4983902116792154 4.266434857435574
-3.858018191158361 1.6620814521445817 5.088442847392026
-4.739361768951279 1.7866570503275998 4.824175686448422
-5.268914702576848 2.1273491549183388 4.423845685274996
-3.992147659500281 2.0269010615458676 4.837522032375574
-5.527644250680453 2.141937323487323 3.6727959793464366
-5.101000788826045 2.135089337852154 5.155836496790087
-5.8829875229522965 0.8794377808139081 4.486421992696308
-4.8872384003501255 0.30122253305774643 5.003291309331505
-4.85359410169256 2.224872121684336 4.479626523010295
-4.167340097138388 2.045719402531067 4.550873288014276
-4.476044392936616 1.896051960571958 4.226748647708364
-3.411055643591204 1.4770003282021202 3.9553717520672995
-5.259342700294042 -0.04096591210438622 4.80901979145219
-5.062607099955557 0.06630500622097805 4.624237526419196
-5.40721881876453 0.474041199300354 3.8561995506627893
-4.042641714272742 0.7320242050841502 5.202964790341314
-4.1903842604124275 -0.09944692938498008 3.641910320709738
-5.723602127715725 0.7957293691093205 3.979643094214427
-4.3389142469204085 0.5284537858504057 4.050929738711786
-3.936213536536043 0.6806305280271566 5.530697901452549
-4.974076333690702 1.789753958472624 4.2997978242289525
-5.24457343540083 0.6988110768736815 3.975888902128628
-5.01315029361587 1.8493023464452074 3.999337718860429
-5.400356867252651 2.3099574153324802 4.120733926943719
-4.443525469089243 1.8171894131230943 5.067199366410663
-4.784679572964773 -0.9405288223133147 5.043345905117643
-5.400331673501579 0.7357420935662717 5.276861703692777
-4.433346675520266 -0.015424423918812559 4.695665000046005
-5.139314203103917 1.7358276928251082 5.043956450204249
-4.835696337247259 0.12456612376145261 4.613006825219998
-4.458677589288714 1.3940101115233754 5.195799481507792
-5.511791185298276 0.005251406195735137 4.686471566477685
-4.927477893779778 0.8564420000425907 4.792147713262967
-4.670469712566228 1.3463101481914506 4.573964020784051
-4.526260686785936 0.8059898506524299 5.3626107881523275
-5.326350798288036 -0.11261518685850089 4.631594043448305
-3.996170417467243 1.7460961782069497 5.374721378545536
-5.425307848102722 0.539460895112102 3.5672872145506775
-4.734874401954893 -0.24065219353434666 5.870734527509688
-4.612512808314631 1.0324217948119725 4.458053695321265
-4.990290170836926 0.9047376769370964 5.5536469638410315
-4.107717259094599 -0.14040655673164523 5.000674249794325
-5.591132137200798 0.422294039395191 3.7343901912048385
-4.565141559678869 -0.8112807447654791 4.849959701334821
-4.838897458693838 0.28519263336041006 3.938572757863586
-4.948184178123014 -0.2457749471337192 5.352332560026783
-5.244217259981535 1.1803760490460926 5.161989262159176
-5.264574007340397 -0.3895629495365957 5.013210981692888
-5.151547167701442 0.5317924888794515 4.760442301623921
-4.872596194733487 1.3124022421941506 5.251661948306493
-4.456544743865 0.6573985649718938 4.418150379557655
-5.028377151124287 -1.1345937626340379 4.248988916753691
-4.491180628859635 -0.23262526657780647 4.646098088662884
-5.387830191463902 -1.7608523365910078 3.7109568367733754
-4.638641354115419 -0.9186565775239824 5.037283430521162
-5.558742673239597 -0.2371933991433106 4.374342647127249
-3.5304977132611897 -0.3904397676083078 5.137414479364923
-5.040448510720276 -0.8912237456925456 4.4666828249229775
-4.51847324068953 -0.14877186171441628 5.33040516451351
-4.325585005627724 -0.2301454934275544 4.8005091412235945
-4.9710616635121285 -1.2259219214925774 5.399935637702173
-4.939935702404212 0.36648988106370844 4.920288110302775
-4.68301900037037 -0.3436256230096435 5.679100674106497
-5.048454848262328 -1.0155286598851117 3.533254844857509
-4.93358782152407 -2.2346394302508577 5.077059404919967
-5.041647599608928 -0.9289143215213449 4.714219658608916
-4.624813298771209 -1.8199953868852004 5.144986878256443
-4.894162694980141 -0.7048964955571937 5.468714231010938
-5.076064925947202 -0.0510128903366206 5.416878043305999
-4.915236890021102 -0.6125521027585079 4.473030954213602
-4.401915028215735 -1.2766014859793422 5.520204680723382
-5.320093403804385 0.7020206249779298 5.651170164245758
-5.343185737532477 1.51881034830973 5.200154010670312
-4.732011856675178 0.13659936360708072 5.824007671455531
-6.124776708653647 -0.5283641233508042 4.734754447142847
-4.460714629013065 -0.22232769437987568 5.10993323087555
-5.766422829743899 -0.5194259638380538 6.52557155294943
-4.715202871125075 -1.430657536085336 4.990246223183901
-5.355746265450362 -1.1584527316059112 4.7997589369905
-4.743952732896245 -0.7579419302548352 5.391481580885188
-4.827638633447732 -0.17763438222269023 4.380050430483667
-4.6146565817130245 -1.928495304463876 5.926961326954432
-4.979112999790649 -1.1809731996062964 5.983634713395039
-4.711126663891738 -1.8131214372527202 5.28616887432847
-4.460745891675909 -3.1468880411751754 5.5388456948148
-4.451641461284656 -0.0743039616828601 4.416778226305965
-3.9470622259155177 -1.1058557488882523 5.358893015467745
-5.161773741501566 -0.2880651232880361 5.696684111628829
-5.420306575934045 -0.3889500058642847 4.458972418580961
-4.4441470142085375 -0.9324135382710292 5.897933150014925
-4.889066574927532 -1.328900420650745 5.3802907397479585
-4.4243240901990575 -1.0828002859908519 6.257254539620586
-5.408661760231243 -2.4795341776044877 5.366741948312618
-3.9101636704963596 -2.1486648430639006 4.999033023056676
-5.703853594714845 -1.1707964680775047 4.708128252983206
-5.28816699934942 -2.5775074727893803 5.077480068234172
-5.954973993290707 -1.8050594095975574 5.1604108261726385
-4.235655835427553 -0.3504372122126864 5.401842350336638
-4.614017614611953 -1.428575852202779 5.439044747106278
-5.051373462745744 0.02243071504073527 6.058626446287575
-4.793824179637202 -1.3164401003136128 6.458490746756146
-4.656516850469127 -2.7583446559533082 5.800230927719717
-4.682063149710325 -1.8741837645496668 5.875393609510409
-5.28459140906346 -2.4783476905625275 4.9337651605178205
-4.845991220031924 -0.7312068066613039 5.424967461763269
-3.958219461320018 -0.9462956207565307 6.442818842460042
-3.6361563668213743 -1.311835431972985 6.078897767245429
-4.728866320727884 -2.097559792607381 6.2606690265300795
-3.4547319444679214 -4.153329015632641 5.545889628646768
-5.1569704604338895 -1.1207012450366733 4.9478943446115675
-5.344913493640467 -0.06351987945707846 4.928822858022938
-4.706908991887523 -0.17688335248200404 5.148432850552314
-5.252246494410549 -0.1955870377937361 5.191499064704058
-5.479403831187999 -0.4900790255809792 5.744341507553494
-4.485180304557661 -2.613557153403138 5.713537548532717
-4.1567135748009685 -2.716509324563744 5.287571849250028
-3.9393890898349317 -3.4344213888071713 5.5046260715279
-4.2277860227887105 -3.4133023437404058 5.656131730417223
-5.396586523945885 -0.00984487425741295 6.317785792393795
-3.09712680844274 -3.316502772373341 4.593456108276945
-3.221549787484768 -2.59390636994845 5.300074255877336
-4.120265772345424 -2.737472655548502 5.306998595392823
-4.422617065001455 -1.2493607775111846 5.967088933377119
-4.764697699119705 -1.4189822844997355 5.358335577788658
-3.7435592597513336 -2.110465094482738 5.42029600785472
-4.5999052598141335 -2.419350217092114 6.389471429406384
-4.244657550465233 -3.0367698630461004 4.520367941917421
-3.7111923679482026 -2.5062508884930597 5.691366405289412
-5.578339759325887 -1.366309428430847 5.55579307879918
-4.281708501143435 -1.034036679871306 6.241746399131783
-3.2965680903302372 -2.8524145488612853 5.832249543887805
-4.209854948940052 -1.632691758997023 4.906556972414746
-3.6588710761742376 -2.831984176884679 6.087684100581016
-3.7842913720334277 -2.0338858822083616 5.863408648883759
-4.975039443472058 -2.5144203185760197 6.220812165787316
-4.981615091930717 -2.3166313056942887 5.545357511433082
-5.039038618579989 -1.360147594743186 5.690874287293078
-5.149108417003976 -1.4333874074284518 6.5355623382900285
-4.558016201794953 -2.070724306908475 5.287822688589433
-4.369978345530098 -3.749605070834994 5.64458770427686
-4.2201126337547645 -2.503347753084398 5.348178320591322
-3.8072493115469723 -2.6726422948424142 5.777859594198736
-4.661082261596217 -1.7894051331220389 6.07232722998845
-3.6127571909186735 -3.4369411036644815 6.348057030665489
-5.205617133613861 -1.6582913056416706 5.19905467423465
-3.5050403457610533 -3.58981418746939 5.887620099609503
-3.599950724890242 -2.546767185520863 5.546146249156288
-4.280085235863065 -2.5668324166357332 6.225282811476947
-4.240435570573288 -2.3200738323321244 5.751571580853124
-3.352001627107844 -3.160338666715066 6.298724024316863
-3.994788106935405 -2.347466069915276 6.195636062178456
-1.8295187774111723 -4.15111861101671 6.176652473008421
-3.892445139110193 -3.4901927892890776 5.869299876401094
-3.3697093383481675 -3.2808123234297866 5.678745300548975
-4.156886285363622 -3.7388714790151396 5.880501399226687
-2.8756267765744683 -2.4570366960293866 5.924640669910703
-3.2234860211135365 -3.516885619665959 6.1386085229679885
-3.517585535832102 -1.4813090550166323 5.638844719136069
-4.474770084569377 -2.1492044671898 6.894835486638872
-2.665470423839571 -3.3599092694153554 6.803280799044435
-4.128348565714279 -2.7404142074033255 6.219043196851423
-4.295673048537552 -3.0454270601409443 6.4979753317786
-3.215151826633508 -3.431530356351356 5.944747670423187
-2.10766168022085 -4.010313671657295 7.135296469684937
-4.860231164318284 -2.6693134721687835 7.132425244716871
-4.370246061915486 -2.663810351084465 6.327080041111702
-2.8478644532397 -4.279683870059655 5.588471803618345
-3.6273744902007534 -3.258706543284463 6.159345068378764
-1.8864386831574353 -4.624825127399901 6.630317441685454
-4.254996950862934 -2.721183884021366 6.270988768046103
-3.069515192666736 -2.8967833763693194 5.724551308951215
-4.762196860748945 -2.6383310570344816 5.599643511640608
-3.4343301024741435 -2.9738289868921206 5.4173006176055
-4.375879190445137 -4.175482526692603 6.5211975694694955
-2.081774090171734 -5.067617691238402 6.4626397049777395
-3.4791937288074455 -3.6355656755564865 6.201984800500636
-3.9376098963387696 -3.1514488044197018 7.06666599955029
-2.472600547274755 -5.161169747508293 6.910099751641442
-3.737675973753018 -3.370242285307394 5.964216417492713
-3.7579106195653607 -3.414551665153145 7.091179505981255
-2.4649531244443494 -4.424423907161045 6.951778369761303
-3.4886509463428657 -2.36267390538707 6.216086253083716
-4.402514233283839 -3.478919811792169 5.143280251633579
-3.5756501106687866 -2.983917121303352 5.978414238732683
-5.103935980739429 -3.1180449731097357 5.892240306319898
-1.9754492541880813 -4.508298009027629 6.554088861755961
-3.8986077995944135 -4.005821618777306 6.247484484884224
-3.1223354181038987 -4.817965949736431 5.125445326845763
-3.0928748743757013 -3.511166941398141 5.828275720835781
-2.887306532211192 -3.7574528059156176 6.491964951283562
-2.381604382090939 -4.059941140689029 5.840282909084686
-3.1414541713176747 -3.8861429448671307 6.241596127335657
-3.7802597540984606 -3.5550655916689102 5.957918515606604
-2.8900864709213954 -3.9990648849492887 5.834293038394856
-4.987199451848406 -3.172414585519628 6.467764565390506
-1.9388908969475909 -4.459438666045924 5.394563430691203
-3.6400108557335695 -3.458850890481612 6.69564691345284
-3.846829207011733 -3.793896751942979 6.112734742535419
-2.457133938462635 -4.4734501331741106 6.510107681692647
-2.8548541855705927 -4.082740393103643 6.823376204275768
-2.912360479115232 -3.7515500388045635 6.22425830890417
-3.0863817282550134 -4.538013130338164 6.110638313862177
-0.8776463493055184 -4.4750388735453575 7.08459866859607
-2.014114382477692 -4.122290457925282 5.930045841156909
-3.5049062767379198 -3.629971940389026 7.050439425433256
-2.812070380933555 -4.031287462633482 6.1597692282597825
-3.3658982876898857 -3.342448705093698 6.259992604637817
-2.48364306379857 -3.938705894786536 7.447105666664812
-3.409060658764984 -2.366132884739115 6.942235684845141
-2.07888152112305 -4.633998519912468 6.852702685121329
-3.462186008398576 -3.7753730320303456 6.618735363093666
-2.012136050864536 -3.949514214288627 6.2849734412605365
-1.3090241845331716 -4.918291463141613 5.955621490650414
-1.4742165636612863 -5.081004791363164 6.037344601580626
-2.395806243171736 -3.4673535389784376 6.27445597845829
-2.324744114930485 -4.32460247420388 6.773862123598107
-3.5052809592014618 -3.5848096016430433 7.665828943046295
-1.699634028885173 -4.049871805090936 6.42795500379583
-2.1245266599340367 -3.5071250532638554 7.27032241191757
-2.450865317140484 -3.934466349410366 7.457074344050529
-2.1458273604432656 -4.576117035228603 6.708487751383032
-2.7382459366576195 -4.297111347085831 7.0018956609246565
-3.196726887829821 -4.228676260191498 6.376856514794014
-2.1265095336815425 -3.750973551141863 5.774180418981781
-2.088190017509495 -4.061410450444779 7.336957967238821
-3.207111917953586 -3.0261841263433706 6.39481527648684
-3.2450611379068053 -4.077101992084108 6.414521510487375
-4.2990517259177725 -3.2330310163612968 6.8994634840930935
-1.8923929455606328 -3.131040179334942 6.948276606308601
-3.1730385061383033 -3.8067429455929593 6.602661163936488
-2.8775681686760457 -3.6384695938982903 6.363164926719606
-3.0240729733855014 -4.171947090160445 6.811964813015962
-3.3167101266086063 -5.1387153367694705 7.11244389783307
-2.5160357368145148 -4.538449745146248 7.36308259455122
-1.0054319247801535 -4.602897596074057 7.2546165909169185
0.2580411648784526 -5.401351954207854 7.501226968545136
-0.19328656462086583 -5.002165056874321 6.0385822931949
-1.451154643809392 -4.330613866681074 6.444916891993045
-0.3304690266904483 -5.133072136537722 7.0192255338605225
-1.8973123784454744 -5.030785746298455 6.4140877832481396
-3.3122969806955216 -3.5292698700559666 6.835814422836014
-0.10365147305358267 -5.061435295264768 6.266494222964173
-1.6140756579406772 -4.564142716158151 6.658130869775885
-0.9934037248386021 -5.1096193613185195 7.888813088864456
-1.639275830919338 -5.2282203577753075 6.520544307698926
-1.6543614501395836 -4.411812785809162 6.9193579691277485
-3.099867151376551 -4.801906778231028 6.520113022785075
-2.3164930313186782 -4.076819578919314 7.173621068099898
-2.3720110616076453 -4.308526069597163 6.694725720481154
-1.4282007279867837 -5.1095512072332285 7.082150843281591
-1.200012383351764 -4.170071467023058 7.442732239997505
-2.6908972237087725 -4.540705662098798 7.289828162337437
-1.5879282127525245 -4.25479732770133 6.400208888242747
-1.0789335144507148 -4.687044245199792 7.014427129522812
-1.5082444294082997 -3.649532143730272 7.650194892544445
-1.5172611841216512 -4.392682578655431 7.618815366146053
0.21736110411312184 -4.582085553294053 6.84044720964695
2.1570328013665727 -4.455589588835919 6.649517973709004
-1.24031322059819 -4.8147223917788144 6.981778319835179
-0.8826553494778865 -5.422568017437372 6.542468929720567
-1.5391791333569593 -4.440893016713834 7.228709930074431
-1.054182650756893 -4.815946608514187 6.731442270956476
-0.8913920254586661 -5.744017780629613 7.118361489463598
-2.852499215137384 -3.7453783208073954 7.4328296554371915
-0.38133261902478327 -5.21645763782091 7.547846840980348
-1.1374401912081278 -4.951106768918179 7.419614010436828
1.1722306005550882 -5.073682976822192 7.158041306961666
-0.974518610717568 -5.525787602287281 7.344885481779468
0.3835375081203749 -4.20190164251468 6.599945170205005
-3.0617432554379973 -4.6550756116713154 7.793788961623343
-2.1116335944048426 -5.743048543706598 7.869517168111917
-1.2278011967593572 -4.822887736642221 6.726151849508118
-1.8803449454790424 -5.093272994623414 7.105464716598635
0.6588655543841859 -5.239063956474408 8.484827808476183
-0.49146352204553156 -5.512141768839971 6.279791865628456
0.4044829187412258 -5.061755165644527 7.363412386125109
-1.2020279658963768 -5.53387924794944 6.920623415900495
0.39562621104744367 -4.68577054035848 6.9264046166721585
-0.8117866686573939 -4.46011082290526 7.40478990838667
1.3296289648791733 -5.764993085825056 7.806458591555444
-0.08719508094546213 -5.149871215322905 6.796745861849496
0.4035667721985066 -5.073769643131139 8.133679189725248
-0.6336565965318195 -4.868284214736386 6.530730028941283
-1.5858778085830263 -4.313402005040038 7.318367332857277
-0.13332657529559655 -5.325256216467111 6.791601525141767
-3.282841808317893 -3.9442248984520116 7.748103425678325
-0.19670572142857615 -4.857265087093796 7.545195298646151
-1.4594627620466507 -5.408396916761659 7.6616803720032145
-0.029826480434075507 -5.104809608076757 6.689257456033592
-0.19330848906197207 -4.047937210835006 7.598764629807512
0.8530845352943262 -4.755665887028923 6.828158341577473
0.7386555312139675 -4.960337753254645 7.2831061125718355
-0.021506177617274545 -4.774706805057527 7.349351258276379
-0.2832326734557777 -4.830885455744922 7.702722278292598
-0.20062723300477114 -4.764982994917777 7.018839906682015
-0.257507415209082 -5.052560960552768 7.040443961830632
0.558888755037388 -5.210195945251969 7.909545349839327
-0.0596177753915899 -4.961976879750405 7.55487370559032
-0.08930777670636385 -5.915275899323995 8.002496681706598
-1.1832449456871357 -4.546352136246133 7.109331271836438
-0.8796806147382272 -5.0503925860175505 8.12600601262006
-0.7531101349387486 -5.748267585786576 7.946795786966364
-0.28563388232080883 -4.944946535205851 7.393252126303614
-0.976875282820787 -4.748801527098289 7.129812594011353
1.6677387255331884 -5.152469267834999 6.784801395249561
-0.06673559345901815 -4.885645893668423 7.341047237288428
0.6859781735967451 -4.819847372771555 7.3477748465414
0.2069461548120033 -5.383347256026289 8.185545933891431
0.7256840408135206 -5.775717289888008 7.0229713369342095
0.11951916503158648 -4.279075926498903 7.4911876954401775
-0.7653611165904926 -4.700587499288969 7.563401157870843
-0.5667240841750777 -5.355635972304954 7.06045789636824
0.7969295660307496 -5.243113487791669 6.8847150107891135
1.6077195991334294 -4.233465917170083 7.390331352961275
-0.07457316370318415 -4.600966980468084 8.298572311361735
-0.08838035808199057 -4.493984040361683 7.594134439704015
0.4306876823948786 -4.669520632376152 7.037253840933463
-1.25660401457351 -5.3937293274958895 7.431368360185138
-0.4336481768335391 -4.539581106866304 7.82152418643577
-0.8814441324415798 -4.822425863213753 8.132685457785342
2.0395224055734973 -3.5385001587503755 7.422000257116329
-1.2952420845831585 -4.090541306287129 6.566095897732465
0.4235546164535684 -4.4807668578334825 7.443493721735099
0.7656146264981419 -5.005887552572323 7.711434056301741
-0.5179631328152682 -4.669653184933008 8.104814878269787
-0.1307524323571786 -5.1117333440215695 7.336025942505205
-0.17242761727984682 -4.938320052663328 8.130818351756037
-0.23833817443258465 -5.017457466997057 8.060506102485704
0.6608492798962439 -5.037548062380769 7.156229515665999
2.9419034956848433 -4.147855853879933 7.292583513395129
0.46424237771557864 -4.992994435338948 7.427010896980754
0.9196548424967091 -4.787300681449112 8.027807756981828
-0.6141740527385094 -5.247888261123204 8.269679639186137
2.41850783102286 -4.438654489056192 7.0258028235786885
0.004715683825188462 -5.345534605800276 7.79359033657416
2.049244326334442 -4.824017654885074 8.082784956767364
1.1071146746960283 -4.043907208407606 8.328326318956647
0.9691194399999454 -4.878518580095941 8.116278896603795
1.244737481619498 -5.025267294446329 7.048424409042276
2.055706590060354 -5.14496612433716 7.746669468956235
0.4364425162946105 -4.503433857524119 7.563947117475131
2.888403959045417 -4.828157584377856 7.161364713006999
-0.24105337751023082 -5.624935023215123 6.937360303375592
3.3933870825867847 -4.720865137945756 8.395310703004007
1.8864686331855627 -5.053161947822212 7.608237179874239
0.5007929827816335 -5.516010342042546 7.547146863085919
0.8757286008617472 -4.485838064880608 8.947069670480824
2.1781955889504094 -4.169044262472771 7.231029162929308
0.3964955859054652 -5.428047807502332 7.539254941718158
1.3733914801146125 -4.931452127036326 7.361371533231073
1.8773065268766653 -4.351863626872529 8.478792152981992
2.410088811373305 -3.6202500942073326 8.20638310842475
2.900791650844453 -4.163699559529946 7.9239352655144275
1.2438361868983703 -5.658498590236331 8.109214058533148
0.36973040296626863 -4.958285219504852 8.032692890581144
0.08207685376967437 -4.918279148468131 7.891168535854701
1.0805978111864756 -4.409376493162326 7.750877136220369
1.074997042186625 -4.1622866855156495 8.172206343724083
2.968804823377542 -4.394005021981093 8.924025997655068
2.2548881363073785 -4.187539585494077 9.280573162110004
3.2441020031145875 -4.610012017950404 8.257828526473205
2.358893444759724 -3.954023385728894 8.445228814646264
2.8428461707421935 -4.396967191126542 8.537981470482741
1.2707607731225068 -4.173682153775668 8.368167064613502
2.834534508439606 -4.449261727892738 9.253284934818387
0.6375889475028742 -4.311826792683512 8.235222961100902
2.0930203692879776 -4.687390131430611 8.45575019450435
1.73199634352735 -4.412218034785893 8.214682469354699
-0.023385062170615107 -5.425023720597337 9.423300591038464
1.7391700266374424 -5.211750796849793 7.984559578434302
2.6824800003058558 -4.521654690027669 8.496239108794228
2.49640186767095 -3.8978636450538575 8.442733430454396
2.4183641561976756 -3.436395167632868 8.591603062788568
3.8247320078147937 -4.214215070145811 7.940829282400361
0.9558797845213424 -5.106179032371812 8.338470832084935
2.638856555093144 -3.9408929988019312 8.399796034964158
2.3542273545079393 -5.356146898039801 8.032425375068762
2.5344279671904806 -3.354826685685779 8.023693264231463
3.035193310457317 -3.9891830828831587 9.043132342018085
3.2487446627941936 -4.226927941685929 8.83729989246367
2.774170983721133 -3.9305205462624633 8.742049215778389
3.6173933860116847 -4.718076093301239 8.449360391539397
3.036415712721714 -4.079079529176959 8.541108641573949
2.9951231444045154 -3.9221732830038327 7.946323526946084
3.4706215118872974 -3.8056317223580316 8.527466322608419
2.4471558047983413 -3.6306416022380086 7.970394145332547
1.8936698945100343 -4.610504280183022 9.010961445263012
2.104375528516789 -4.180177986662721 8.097871667006347
2.4361810662665193 -4.7572111711910505 9.026969608057126
2.0714435762653514 -4.314004705180221 8.800093002393565
3.6745578413178457 -3.7763838322044117 7.558689697331844
3.961905599021486 -3.769616448189617 8.88849446171132
3.198934843105192 -3.505557515145693 8.294285581891797
3.759769114602244 -3.471425275448042 8.551734059034757
0.8330125180550624 -4.730318745723261 8.62109431072296
1.892951359125063 -3.8184253110563504 8.325134732497293
2.5832579186205678 -4.375014051743762 8.215768888879584
2.2525095013825704 -5.074351353632781 8.36973229133287
2.6072828626736375 -4.120740714552468 8.230886832137596
3.5874176145740972 -2.740615498576066 7.566613610368336
2.832501814476725 -3.029509832194329 9.055640350021287
1.2221514920483432 -4.823572299017981 8.938760911089531
3.8899501127463045 -3.741704049985869 8.450857840086874
0.7170010512861785 -4.870246434819564 9.065246568900545
2.389629633287028 -4.349841492566507 8.55171343019785
3.8358396672917134 -2.5194195270929547 8.345598340830449
5.127112494465434 -3.444678390699851 8.104280493212977
2.93411836095668 -4.750951834206544 9.140435841744017
2.292277770193531 -4.522954490398853 7.661608719545323
1.6354039967852332 -3.7852275055370312 9.105044249214092
4.893538158791862 -2.269849234162706 8.36328062135765
3.0513555009865314 -2.975513731496501 8.06286564595857
4.060709590573119 -3.698984077743021 9.813447826561713
3.3455615084233217 -4.842617705512443 8.31223549424839
2.0215198126533402 -3.8550873429169425 8.404128278941016
1.995409794681534 -4.013676268983347 8.810150777374856
2.8207620237810507 -5.234594904060599 8.697941077386393
3.4047235616377862 -4.024206963821075 8.434844219596778
4.580423720467675 -4.293071658620295 8.835979448621954
3.3481887828185424 -3.8986702854234627 9.05861001491095
3.828113245399662 -2.6341530259194688 8.695128689583258
3.398015198255933 -3.8807789058822264 9.171775320442634
1.6072528299369164 -4.7318347918933314 8.506199390095118
2.294458756450113 -4.295510615743181 7.251175637663384
4.780432954942988 -3.5041082733656657 8.385126246557363
5.088916992603255 -1.730073393638534 8.433256145198389
4.3505077940204275 -2.988087694948297 9.289097962449594
3.5562966772105287 -3.570686819761059 9.093593114213373
2.2540279697032664 -4.001039150204703 8.284094083776122
2.931743872554499 -4.719071089134723 8.720919702966942
4.358782161851765 -2.0900263013053864 8.411004710275385
3.0736248121287644 -4.321295999897316 7.039702909770804
3.3018140127850275 -3.7515976825901505 8.623493494324183
4.170833477358792 -2.8616548861273587 8.117949042762573
3.205670057636829 -3.1190006653802875 9.187295954437595
3.6705112223386425 -3.5031560814637563 8.451360312428275
4.082233778703329 -3.662400026760326 8.990878736533245
3.892051189418961 -3.5060238012279656 9.372378985907536
4.342007043529985 -1.8887513305317905 9.309770961261355
3.908288986209448 -3.504930848081076 8.761743446014057
3.9438740111346315 -2.997298829125728 9.511719703178949
3.5167527732209694 -3.659379161745414 9.345444810967326
3.564689363630738 -3.566666478653609 8.586713418459674
4.823433001362893 -1.8562290738861198 8.021604039799978
3.8275458404646714 -4.349325200979826 9.472420307105008
4.3642152540130725 -4.192023581754818 9.152634271342691
3.580891763740475 -1.8187710366682464 9.56095090746971
4.709000993818414 -1.532439822189273 8.875484157021557
4.31407208829569 -3.302025182803211 9.194597633806827
2.4501350648091407 -3.5870294028499794 9.241661300761145
3.4787257693028946 -2.7724872351304186 9.392482635081835
4.176463938448383 -3.1127984591482147 7.8090957660989035
3.5189966676203523 -2.830263040711904 8.778200568712654
3.8398563081199897 -3.8957828499155824 8.960641524706881
4.600381731995085 -1.9872546621120182 8.447379556905483
3.7472932413508935 -1.9761037461930662 8.965952110087231
3.63197244159864 -2.9598752272873172 9.03856178429603
4.153422213941159 -2.3699312525461056 8.767434997400409
4.494066840645875 -3.4408642667851814 9.263256811815648
4.6802395568823645 -3.52386192783965 9.758061944899355
4.498009704941401 -1.3956573625844497 9.1032105975491
4.873729406867683 -2.0513010382453944 9.103947702094771
3.744351966975446 -2.678675136822558 8.79245703679758
3.378188766930503 -2.7695421982603055 8.508098401470232
4.746305887582982 0.5993452469757529 9.372132188190767
4.044394718827068 -4.00153428797878 8.325259324387705
3.6865984202282975 -1.8779185186883829 9.543635652883683
4.186031175089455 -2.039257439310953 8.970425928857578
3.8769259828837996 -2.7130271438322486 9.130321043319173
3.446943855934672 -3.858273771469112 9.192521306996552
4.587150902048287 -1.6288621258588507 8.593899122849463
5.255621206177872 -2.278045995690901 8.822134043818869
3.3432288656206173 -2.1549329690313366 8.58795056770738
4.870396369091483 -1.5832728733388661 8.879488590937374
4.1429148164947005 -1.1330142875978413 8.60927557103725
4.1406253230454855 -3.1924747373784097 9.811560900289827
4.389729831205851 -2.332912559674841 9.200367363782348
4.503442524010981 -0.8392954983585427 9.257255521617191
3.4529300508623773 -4.1427903892320455 8.761768243289106
4.710697702255122 -1.6909338376789496 9.667439253583522
3.298685957005241 -4.410750546364265 10.294593864684867
4.603947169567095 -3.172662057948156 9.344663764987652
4.016229318007956 -2.7634039008842355 8.81912303939283
3.6249081261700997 -1.897861982858647 9.45359341763751
5.063811335425496 -2.3710970995768013 8.834894408453101
5.219415708757904 -1.3845503036807354 9.25986564668832
5.089836005122179 -1.911361235235516 9.631457963935391
5.2479809892006966 -3.041106125709214 9.9877432826324
4.853439858782909 -2.4096819251274315 9.001432189305618
4.969089701202234 -0.6950279835326373 9.988662779780652
4.606608700596764 -1.3892435537769272 9.615920467947223
3.6040399950364215 -2.6034576283728685 8.906730622126604
4.301234698613062 -2.3246496603401714 9.580574246146329
5.350799532717451 -0.8532715397828292 9.851997463766873
3.1440397884578744 -3.4972533861470514 9.431968701774442
4.950045798631225 -1.2194925162855672 9.973281022315803
4.183633699078315 -1.9634706351876465 8.733089943062263
5.263973471593035 -0.6160719843893565 9.386608784585947
4.670142055903235 -0.823601084382675 10.117041708943907
5.270125580824647 -1.1760620698623074 9.86896476691658
4.515398006279576 -2.929836146130305 9.979849133228939
4.541250633519005 -2.2425201579832055 8.814641998638765
4.357579377478192 -1.0274007888543066 9.201918444228893
4.264117071546265 -1.7476825070039528 8.89887513036729
4.329282181600884 -1.1766424375010534 9.2144060526544
4.30952323229216 -0.4990822157584525 9.205466523903146
5.101140775687716 -1.8566763329240492 9.406558706496085
5.248412087280671 -0.3570703968589189 10.030253122927071
5.699334980173165 -0.5784160440505923 10.007590162981202
4.442439519142004 -1.1134069386274035 9.465811164233086
4.451184053294566 -0.741933720946278 9.850220551892685
4.24322905728335 -1.9682394252953894 9.630994638527708
4.716407784465802 -1.3154255284100191 8.924851122992175
4.836189425112274 -1.8885715609912017 8.705152009068573
4.555215957503779 -1.0462852584278721 8.889690780829756
4.920490385281789 -0.3948974300764439 9.402248647525301
4.977191792568066 -1.1571633593466657 9.510771905360931
4.163379971618386 -1.1325745696712355 9.27346249952397
5.109564881171839 -1.023160505121549 10.166805339288365
5.018980266929953 -0.040055181278597064 9.92122564750038
5.167462027587407 -1.5559582619124586 9.334858557523798
5.2349571563820225 -0.6555561170839698 9.092618954502933
5.204293195826929 -0.3837248562285216 10.706417509150198
4.414860437797135 2.8172220332287483 9.28699378726124
5.050132709096224 -0.4509153406991965 10.11034512677258
4.386714565313396 -0.3090055929848941 9.083089320507845
4.896384362802712 -1.401014632206526 10.358913828760885
4.57828703530893 -2.200219963817269 10.121348680617718
4.400823548373385 0.7800247138150637 10.089052589526474
4.413320918766824 -2.8046981451532336 9.81997993867999
4.568558797459992 -1.38153722262536 9.5978542860063
5.977628708201312 0.620427131976605 10.121293477072493
4.453308973416694 -2.400696096887309 11.051704846207054
4.862081542847438 -0.2091485979886231 9.563828761239447
5.308624716756766 -1.2837156944511898 10.082548323812238
4.683636289161376 -0.8503077025127608 9.630863898416482
3.954610907539524 -1.4490718847228194 10.19993640141309
4.512624304369914 -0.15990042284742628 9.259455062111977
4.592526449498686 -0.9109814499737736 9.790244381836214
5.230890754096418 -0.04889075046506263 10.474372713207808
4.989007255534023 -0.5043080620573723 9.575337795988814
4.361496962887797 -1.1482183122993328 9.917078496989648
3.568640300703727 -0.31151978790703244 9.737064730453108
5.469468695832962 -0.32710658110102375 10.326166641710115
4.630764532250839 -0.5310624916746782 10.556264122592456
3.8082569773627633 -0.29585593392612913 9.745076777253281
5.2222563518016 0.5136881641300746 10.195376269762686
4.51803763543892 -1.7396155481111564 9.267043105066241
5.15369540055652 0.6864752105966669 9.784949481598492
4.981702601042622 -0.557611029872036 11.052465216435984
4.1776065084757175 -0.21029658723703054 9.901373684348778
5.629394838952095 -0.8964653012213333 10.405985431766617
