4.710572785920396 -0.7495739520384883 -0.030885705834971196
4.892770730628912 -2.511336499518619 -0.7572088576546697
4.543439252318083 1.836579963537525 -0.05718859291960955
4.104980348811245 1.2250401104762911 -0.12803635041472786
4.825881645357112 -1.144959274897211 0.40351361181493023
5.00674163208597 -0.4688786579089594 -0.42983710816563325
5.176094761471272 -0.28901374784631495 -0.27110353362904355
4.832551797214184 1.975343461930926 -0.07029549256478457
4.27546663679153 -0.5503299799317861 -0.061107419726233306
4.286216820254555 -0.7425264320181956 -0.1936059443506322
4.503170501911838 0.6739512188319003 0.3774031861590954
4.472049358681637 1.1614422190992173 -0.32020961405583126
4.182676186732255 1.4137594705881638 -0.12489656771876739
4.447059307109209 0.45636016319365114 -1.265998206784917
4.73920095774307 0.8836923394246959 0.07769339359782099
5.494379110743432 1.0407133037048788 -0.4319325213784815
4.89293645832879 -1.2078574925356258 -0.20090961100284913
5.57716660418341 1.277844285410775 0.6674149462689124
5.190733603608484 -1.0424644485930872 0.6442955450715834
3.704007026134079 0.8128624013943261 -0.38514285636964235
4.979437931888144 0.7101841611683213 -0.47810682239610675
5.730738563073774 0.16980069771913264 0.6282620102264063
4.694101495170955 1.0122390783404782 -0.15905605798285832
5.015369115060393 0.12328450735244247 -0.9014604654294902
4.533507785876715 2.395316447261096 0.26192754289847553
4.939298244660701 0.4040818068151073 -0.20843848703060752
4.845711159070634 0.8108717341146081 0.5381248963248781
4.432234459653083 1.1928857614206025 0.23554480124645438
5.01118749821393 0.5364206762484558 -0.10847564950279437
4.110332241554416 2.0437353137690044 0.9856026593400732
5.098815687967346 0.95515400661678 0.312123904571633
4.406673356545342 -0.3461968676663628 0.17244409748589012
5.149413483232355 1.352876447192378 0.18963364865171156
5.637242301728056 -0.49005080854398425 1.232634150390479
5.210122505018296 1.576000827294494 0.07074567613962385
5.138063061326003 0.017716384531038316 0.933641117515579
4.072306126953923 1.6000301764095228 -0.6366247042958547
4.79829360977857 1.3303682650855713 -0.29500419062162986
4.935196784143912 -0.1984269425450788 0.9005748253094157
4.588705543369122 0.9258722114767718 -1.3288200138109145
4.425428930817156 0.9991332921543257 -0.41849140534767926
5.367591244156428 0.3061995726122056 0.6992155065276155
3.8365498186553086 2.5276663001481587 0.828547771510076
4.983757271516285 0.9033188106610658 0.7076242346608244
4.389596530859488 3.023540033093531 0.4681926423041535
5.629533409189531 0.49362401226255026 0.44598960515344716
6.0410811941491875 1.5548474966406376 -0.38892829316151567
5.998366472760085 1.3183708915490218 0.865088006692575
5.8366725102381825 1.8249992520013 0.14395639125135068
5.945431138113236 1.9237865548653548 0.7863272322620543
4.387871165264434 0.11481417131223072 2.1509401945302082
5.178909217671753 1.5932095051714612 0.9848542946528345
4.585553346844095 2.3602633185676383 0.9223464826722518
4.898884728421684 2.4013393933374787 0.8900134060549507
4.984944303531065 1.0187191276023735 0.553514257035585
5.165926265985547 0.808064757040459 0.3490718720239998
5.257368649848527 1.031351915487089 0.15934443303645374
5.25975334675779 0.3657942527518616 0.3022812243950529
3.779124967648568 2.052381133521559 1.8430079732068512
3.14423933554723 3.5500382249628424 0.6317073491434884
5.009391423006472 1.7877255913503451 1.3647840810383336
4.83370162670496 1.0284579086522159 0.2863218481155153
3.98201580221532 3.395927459655034 0.7621351428273392
4.631372042981851 1.9466007451625356 0.9331676879210622
3.046918307508891 3.974770268645099 0.3418606390127785
4.918808863061114 1.6736257180209813 1.5015474230381987
3.447049786507093 2.017389076114212 0.6429879720086665
4.478456253135495 1.142952994458421 0.9515555634711133
4.517051191846129 2.764092994526703 0.7960249675702318
5.026137742967436 0.7216418894152475 1.5289135576885988
4.623272454760262 0.9081891562465938 0.11782950475649179
4.821803208432945 2.09006991404782 1.4871124362684105
3.899076199902595 0.8320718931388096 1.1276375633966622
5.615732551669132 0.24784400024874212 0.8104366595961894
4.095735803358176 2.0601762644887125 -0.13388233882851364
4.500957901889266 1.4173297764766242 0.48361373108580546
4.314054352029527 3.125000102247079 0.9769725403707312
3.868761825435804 1.9730364727106335 0.6250796588636801
3.4656332898182822 3.2154037746552175 1.0802028007305764
3.745795147197486 3.022684343865963 1.3093613994821145
4.291465333093306 1.853304342961788 1.3457178821047973
4.850864192054603 2.2316996870073478 1.2206798872314235
4.092620506258319 1.4340828426259933 0.12353074242114948
4.714226313180863 2.0117613046728278 1.55129750454013
3.6946830318934007 2.6745055880957778 0.6788211357529423
4.262867469507203 2.4262352515243095 1.125848391931255
5.504313022623838 2.4609662621811794 0.41799261089046025
3.8748930527881598 2.469409964187877 1.214544685557748
2.736627004405526 3.4808987923607835 0.6208898724200518
4.948584674849469 0.31519857233360404 0.35499995110465254
3.652699354696054 1.9289203656543463 0.7484323906570791
4.374778349622932 3.6342633542573664 0.7469519551861019
3.631937989153392 1.934187291349767 0.8609280812371474
3.3692761344446986 3.085831869577057 0.587787080640958
4.112847076838202 3.7709287795889934 1.2706327572386813
4.599098810661697 2.454775033398663 1.1271352712128218
4.755585023374224 2.7237079355230467 0.34269308119852293
3.6217247899052993 2.997882240643634 1.113878556832112
3.3181704144857913 2.8872349423865327 1.4537016968040728
4.28287737546825 3.3633907041861235 1.9998831285759349
4.090104182851677 2.8932958119023744 0.3246517959542137
4.436390166892557 3.17237887099158 1.7144056061383188
3.943376639763456 3.6520499254604175 0.4694718067777195
4.029940518267055 2.434834983225934 1.3039180886452084
4.102023175701349 2.9715508003415416 1.4056412569201453
4.435436529532345 1.1403961849641826 1.3930793618161377
3.8938766495597243 2.472226439193748 1.1031435066945832
3.4808583273435567 3.2067170409286683 0.6246506624775318
4.4505369329100875 3.964584739157176 0.4013076048285945
5.180860449969483 1.9872669477267837 1.719558529630271
3.5971301118574566 4.12251183319285 1.369935401770701
4.046713481594935 3.52455830724598 1.4475420522030689
2.984517760407724 2.872588623054206 0.7674818543562445
3.349117963860943 3.391688207645703 2.1562139067909802
4.007156311376497 3.271705080676833 1.3542142259822132
3.0743416103611985 3.325895491915252 1.3443297704628918
4.1898132927201654 2.3199516941654763 1.4766530613257287
3.033065017659259 3.631224342481039 1.941346817385798
3.2006597045240572 3.42692111535257 0.30746114247475975
3.51551563720852 3.522067150605983 1.5346570756909679
1.590175027019587 5.160322548004575 0.7758367118321075
3.3772875033728718 2.758385393756959 1.743324986052477
3.1740415921732126 3.5897596026672995 0.9682646486557982
2.4782428751120165 4.025505343720092 1.9576746436316679
4.072855901435391 3.0988942648391378 0.7801815743189137
3.2376772700958756 3.028764432372879 1.3327946716486552
3.5002954504066017 2.4780418301128107 0.8384919393348793
4.313068061524033 3.869290376966566 1.6761670551872825
2.791126216005759 3.754351838420261 1.3686455292072763
4.349449707035837 2.5143106396742385 0.4230187634611047
3.04697766247187 4.974448392366843 1.428931490231256
3.8537563986179695 3.2497079514425473 2.163991455709974
3.109227997966659 3.371334692167267 0.5112349619338735
3.052137033354571 3.6449311690973025 1.7239616586975175
4.604944925851687 3.8079725000939426 1.068233125281777
3.6911139622142057 3.622337530312648 1.8903919655157355
2.8286268903679996 3.8339130807365183 1.1743012493739826
2.1712373750686447 4.894639557003337 2.1414032511568055
3.7456401523770766 4.019281475193182 0.9303213059147117
3.768351897466159 3.517098614982215 1.0470950035879991
3.563086200030957 3.2530343823590573 0.5830131167365651
2.910601108231503 5.1973292472728065 1.6029550210182557
3.5612396197841325 3.9962997566786034 1.4011001009342017
3.65945172058889 2.391512849602092 0.9476950254732616
2.935260770398193 2.9254136976828047 1.4924984627532973
3.852836444063435 4.2137989890684615 0.54490193370068
3.3568160090683477 2.986790095573841 1.4402628024682507
3.5272358815537745 3.652637817953857 1.3863714427944778
1.3854922233221674 4.982439667290862 0.2532847796595068
2.9757699615094557 4.545019455917917 1.8601185934063116
2.7472619336704525 3.285025488158733 1.693442690721642
2.627154078571209 2.966893297329966 1.9096441903536912
2.2971213613078243 4.452875595850742 2.8565290258611773
3.484389266764992 3.842008578058083 1.5683747772975611
2.075573083681274 4.504114810562969 1.3896757625787008
3.130575140205285 4.0699131868668 2.37654314656517
3.8823409222667364 3.463639331492394 1.685535617063853
3.8940888728419214 3.689699172138379 1.0144780485347686
2.7729975838718683 3.214471072553715 1.1611380344742057
1.7308459431508691 4.611471349674585 0.7980634713814148
1.6636119058149867 4.312694673553372 1.3874767731670223
2.949841415372914 4.047430305202134 2.235738901852004
2.621320630923565 3.031298336266994 1.0192965243003145
2.4568792727176136 3.5611690066245427 2.1861830284127253
2.0621998029399915 4.146816810742506 1.279820241989064
1.3682356011466201 3.8468598231345923 1.6587899651425413
2.773634409659601 4.284788809159766 2.105862711023835
2.276765025478522 4.02714147383685 1.8056901892604456
1.3088669145137448 4.912229535083202 1.628091853834814
1.2654552527590115 4.444797212220971 1.7923257251826945
2.883023142170274 3.585746567605879 1.2314141673678292
2.6898996069216956 3.9752661282906048 1.4804373649966938
3.5924890746090976 4.002405227483196 0.9951806609177951
2.1462621141330183 4.648958623382032 1.9203231169783135
1.9177337483454087 4.446871236040318 1.1447351448219407
2.529553333044216 3.885099373676533 1.5329853981612465
3.2830692768950467 4.084645528370729 1.5721679330564946
3.3519018520908497 4.389294865373628 1.6364425180593756
3.24421079086008 4.176647401925228 1.6919288569675976
3.276628430826037 5.208395163723907 1.2362665674124118
3.0574818813410687 3.931006948667344 1.813861152934908
3.0114205760255555 3.441291119743988 2.0805042276407524
3.3180257315007644 3.9266490421693794 1.5394045364848483
3.7301774440281643 4.518245392738454 2.2364678052500055
2.801596799737145 4.676006686945765 2.364125376871967
-1.0779849370526278 4.3650664278451625 2.1777230471685884
2.2060796881089915 4.75237228452278 1.1455392871135248
2.637439638378349 3.593655963515409 0.8906030631469405
2.3161236350732324 4.7442770338901585 2.547274537703009
3.1952745467280135 4.414682348234722 1.534839918085651
2.410125457236944 4.809213702982371 1.8677099760641949
1.1279812326639256 5.2434115189093955 1.5689980805313783
0.6354475293882347 4.854019646769087 2.1427490162415537
0.6776219772282004 5.090005976052488 1.976263778798275
1.0390468776257105 5.371374331021166 1.7466350614369281
2.34716311095769 4.452136010058771 1.6068903756588377
-0.8354341770578824 4.122942569923456 1.6440368091019892
0.8846526347428199 5.223066063077817 1.6249365158212874
1.9876421766283223 4.376694327424859 2.7985878773650383
1.6499253890264607 4.372578617949402 1.7448133754861974
2.9689251936796124 4.956947404890691 1.1964436731245036
1.510841226537933 4.4880547061721 1.8075640480247992
2.2960770700348023 3.907418661887561 2.5089956273595195
1.393487038580769 5.3463830872245435 1.8765890965631444
0.5113756644385156 4.6095464693705575 1.515013337913575
2.691705353756947 4.924836781538476 0.9554793836038677
0.7803507463425328 4.331964760348515 1.2475159862014595
1.9490234482281865 4.212198727750658 1.3356349161458607
1.6267807866781092 4.69481558273692 1.626109808952173
0.3966264944710751 4.953477532855363 1.5501527225412333
0.3975331448825179 4.294669667355448 2.469287553000683
2.8218720428535238 3.6357326815320463 1.803144007708683
1.7047956658974017 4.5795201408265855 2.3144537186829077
0.1726922846388443 4.707405551885314 2.1891033578702515
2.599971489354324 3.9173512886484705 2.6312888209424012
-0.043543260182568204 5.9357616939957 2.5035495839245248
1.274445919462732 4.851171149917419 3.3287982730914942
1.167671664909156 4.583542606837807 2.7096644956793345
0.8798964186144079 4.733861941124673 2.151524591856637
1.9417315601327003 4.077643814455493 2.607301746716188
1.557888554098018 4.594480285299627 2.0338732601024154
-0.0283126929942845 5.327778513269069 2.6727531202160835
0.9239524085477356 4.898814143515416 2.3700580493063694
1.5103422874675196 4.548980490779212 2.9844188849393394
2.2637458876950434 4.69169923358456 3.466312866015862
1.9249153468708444 4.627135181442509 2.061526052650832
-0.42696049275435705 4.75414007788288 1.5542236813879267
0.08962505249187212 4.869506831454677 1.355747564622821
0.9614558172461303 5.350027695512298 1.6927040905502382
-0.16148672542529757 5.11467392657709 1.433891911922164
0.4952056731049153 4.566973535700176 2.179227043382201
-1.5668565328430737 4.732408713541668 2.5117263543446833
0.24011241198018873 4.7693310102727455 2.3264997571293335
-1.1701293557540782 4.397637692741566 1.489494687099433
1.5054004213148078 3.9165077848323007 2.335126139694112
1.6292702788570623 4.508616552242457 3.0230153054284963
0.8313997961378576 4.709434419636554 2.370650417808121
0.773468466998455 4.950410854624325 2.062210562537923
-0.14083011252264094 5.156430399711822 2.4671166591117912
0.5173022341784578 5.610476119757327 1.9975867275602324
1.3196920297434445 4.373097313218214 2.0004567352524094
0.7043068028496294 4.213486126168073 3.1307134368980205
0.1553769130705365 4.759882488029335 2.8912168264924207
-0.960865222171306 5.037861658852589 2.3895808987836813
-0.7145131877985154 4.672083978398103 2.181796441796183
-0.2813848380929752 4.72595654315486 2.8132817957075327
-0.1823579137333586 5.20271932720007 2.450702267644523
-0.3429290839372431 5.438984299782196 1.9849745038875726
0.8839460561910005 5.127176346744764 3.2974035879565764
0.038766342664220646 4.550920581451608 2.41020126559533
-0.07407797370670476 5.959155378814485 2.689354521928373
0.934617548390564 5.044943122382704 2.7128516388951898
0.21618434108357362 5.7007640186255095 2.8632643206558526
-0.198705385992917 5.3028429916679185 3.1968371034309784
0.29247389471002105 4.30561401936606 2.5787608740776617
-0.3607450455297509 4.951853345647522 3.1137744040038413
0.46329600944731486 5.097918833716297 3.052834067652816
1.0541647833462653 4.679569268435623 3.0573192960908635
1.9785831815322563 4.524723741586658 2.5796236130941206
-0.59926311003662 4.906662252882115 2.463574264010241
-0.627497885066444 5.183141290602418 3.1472631924289045
-1.1702338450518677 4.262972855151525 3.368848962938944
-1.2544369766104575 5.14900887173845 2.1872661059092438
-0.5169961209313058 5.067276144685063 3.0314973173396615
-1.2643587467292001 4.868248624517569 3.125881975580043
-0.4040221016851697 5.296240795945354 2.9685562426872822
0.3843050576309514 6.4620115290823925 2.9784214871279158
-0.059327989097160305 5.017851392611586 2.567461227660442
0.5933301264466049 4.745155592870799 2.5591945395938134
-0.9017836990392529 3.388802586649357 2.4463216862591173
0.4252361023316075 4.659291670962594 2.4123961278680115
0.4403415701886421 5.345030704986887 2.5426220016396996
-0.9252776148341635 4.657190354685452 2.139683753090373
-1.1623017437483187 3.841798815069825 3.292204295002165
-1.107758224476583 4.902220354166454 2.2164061482133266
-0.6630084989817112 5.168943587528576 3.216466743571068
0.6566119324014116 5.616206604379164 2.1476620704134497
-0.664856402634476 5.562003532303044 3.103049061264832
0.20458570504810572 5.348317978463783 3.5472879222930156
-1.2534608376357295 5.396131517511233 2.6532352101160264
-2.5696041108636214 4.495408888260044 3.3002573585514594
-0.40571610129745783 5.203262247184541 3.97397668768021
-2.5873884075255376 4.561398576143031 2.200158871887108
-1.362451504767427 4.8374949943169305 2.4506464702353155
-2.133632681176988 5.146431992024786 1.905572374974235
-1.3333898956891153 5.141617080624169 2.1985049890923727
-2.3424774441690888 4.089206459865955 2.7114863893038694
-0.150797256659967 4.879873333909437 3.6258361826511636
-2.2064004464963975 5.1594581781896895 1.7234745784393848
0.1344497931194373 4.504705784148546 3.2192580494321508
-1.9933546222690017 3.9781983204453835 3.2061602144035657
-0.8860566498867579 4.803388986172627 2.6329852529383726
-0.8308812051306605 5.483217267745568 2.9859052415121314
-1.9591323795710005 4.819794873332942 2.596610811236357
-1.2911008558118573 5.468252800962987 2.756029802569535
-1.8763693913598252 5.234774694943361 2.447225133808055
-2.519724351231124 4.54813458014495 3.4251394078177686
-0.9660369388414085 4.204181563808052 3.7214586902046443
-1.6931894544806785 5.936752064364791 2.3198142808507147
-2.911204841300377 4.333564522613905 3.754172295002515
-1.3562782213855362 4.9921213620085725 2.835067720815875
-0.1375968331391852 5.013693860762789 3.2385751583199256
-1.8289879313109194 3.6783662632316334 3.434115612219552
-2.131466557528558 4.528359330163069 2.2906503789250623
-1.1094305660375088 5.019368774085509 3.1106013040198643
0.13752355807986893 4.6912261153795916 2.5602499703182477
0.24394887289320677 5.49112572289745 3.0393432665372435
-1.8339352223141243 3.362875883529872 3.2370880649602585
-2.807876733778753 3.9895743500248244 3.7473863368006786
0.5623334691889235 4.501921260860602 3.598003427243434
-2.5509607916123618 5.222065847500906 2.894196657506541
-0.351532074418818 5.971815934095231 2.7006047788689256
-2.6802376995517334 3.8702443308015506 3.0278025727064777
-2.3853609879753908 4.408918293765495 2.4402081646856333
-2.0707297043496475 4.245194524897851 3.4729843679002834
-2.1353436113967748 4.264672346976528 2.4825329276064183
-1.5274508811759135 4.408023605981189 3.0260947503444955
-2.538351630193254 4.340844048904452 3.6413977331736143
-0.873043212262266 4.833403004348003 3.9310579878620913
-2.8798758075166995 4.767480173096687 3.14797890769541
-2.064482376006885 4.819788779198926 3.206040163164188
-2.5138989712726123 3.7776156345107337 3.147955301084454
-0.5954459167769293 4.658234758340254 3.2655411173042865
-2.2779404290215326 4.94593833255988 2.4025777257901497
-2.4257107095268866 3.618474229307916 2.5948947230886534
-3.6370793916054756 2.7792214945980196 3.1973321653074867
-1.7894322577862134 4.400963022271036 2.221504766802901
-1.9397821857988236 5.117565559143011 3.0431153753479427
-2.865864694425982 3.817348679922001 4.096141045584387
-2.8201652503437318 3.784582031862248 2.617530687378498
-0.9413871110881223 5.005262004180864 3.1060662960908485
-1.0513262279930378 4.7271996599603865 2.5579217973828774
-2.3809606825226095 4.510448689621407 3.049083084218601
-3.6749262465134684 3.612138638550767 4.045233077293727
-1.8198591903824426 4.954617747843198 3.8055521592986294
-2.154050781503913 3.9411110167746233 3.3660671630245806
-1.4275637300425592 5.393305010969907 2.929633856080961
-3.8003911982558107 3.4015300832611275 3.300303583317949
-2.7344956845563027 2.1383763818001356 2.9805482168625876
-2.2777100314210976 4.832509812726478 2.410553890640549
-2.741299659301072 4.215827217720586 3.1545241278953053
-1.602537763558152 4.136912501323479 3.213090509367187
-2.8681668406798897 3.758977869979087 3.2482513584985164
-2.930817870487856 3.379887485534664 4.270899578318425
-1.8615278834457107 4.512052870341751 3.4341093632627495
-2.0251303932872293 4.965896696057257 3.899933389781574
-2.9653353568966896 4.887247056928714 4.28439055437772
-1.9285825102142222 4.748373743206205 4.053816185790237
-1.5878553651749547 4.571902616360935 3.6504172101799783
-1.585487623056596 4.166334101112739 3.2500456469410888
-3.8911808463835706 2.642233297057726 3.895388053430136
-2.9263533414569634 4.667943191968136 2.8531010731033395
-2.1542253236354574 4.332365580003434 2.89815377562176
-4.317433073373818 3.3811482661740615 3.6250733726502276
-3.255627537977287 4.6174347629875045 3.662010897965941
-4.77710592640746 4.4691915570307215 3.654752698586739
-2.34748878306532 4.171631429198265 3.846246125057136
-1.60884938604879 4.7326866360164805 4.168475968813227
-3.1611513205454385 4.551172065214876 3.368496169364786
-2.947980767450781 3.5011913135168546 3.768459876345655
-3.552861709737117 3.2664130486427196 2.7345359719666273
-2.2648372375945685 3.5358293494468027 3.1251399059712273
-3.445352861591222 2.611170199183177 3.291500208637467
-4.282494258496903 2.9094794278174465 4.294565764023839
-2.69797896873852 3.9028223106917075 3.426884995231293
-3.2292777478559174 3.8930755033027147 3.4839790096062764
-2.7430448445177715 4.980790511844529 3.5892122522514467
-2.5041393185679635 4.059782781994373 3.380229167998586
-5.078296751659328 3.6309028619152786 2.792394293796092
-2.654264909180016 5.141475653310637 3.7521047278263318
-3.6582985034085582 2.523981869194143 4.171731760710222
-3.322002014574829 3.9141163728525123 3.7902302834118715
-3.8363154757785787 3.6966833915798225 3.3547818488549557
-4.270754264025162 3.242202293211223 3.7766353977128935
-2.746799335522161 4.948212672083979 4.193359076156526
-2.9406307504139853 3.924140996935805 3.5329649794590128
-1.1068216081983626 4.05611827227916 4.461090077572566
-2.8219191290117602 3.161843083114989 4.295746988121207
-2.983226907518863 4.075061076129458 4.49915704511941
-2.6791369623966954 5.530235082600748 3.4127213566089
-3.6420761515965197 2.973966056399792 3.2716224301120387
-2.584808714450722 4.015171056313259 4.377435615725226
-4.158171195726367 3.1093615607870664 4.005736259519087
-3.920186262502898 2.3753052908816876 3.443670085016255
-3.5806108051104353 2.7080482076136527 3.4050571917202803
-3.313510126851402 3.121500480920602 3.330127167780565
-4.693128489485347 1.3714615601801055 4.034955894889348
-3.985291210326601 2.3550343151941266 3.548644436714277
-4.394776879852718 3.394825164541056 3.8312991231751012
-2.2521525231437454 4.2005908121330435 2.820557962967146
-3.4889552734915132 3.768326758257826 4.615065227567729
-3.9192730299107703 2.609788163607058 3.9201751823294697
-3.9674117186108044 2.78882442761173 3.488545841442827
-3.3930927807672195 3.570952559761495 3.850128549844756
-3.159758017142766 3.2366126983872103 3.5236062235021395
-4.091168372643713 3.0297748608351704 3.453275600535827
-4.6878143642881716 3.966575575267214 3.2730523277088497
-4.756406840334243 3.5337811934670835 3.572600440997028
-4.144955786657613 4.008881436934055 4.231708016792147
-4.853183927901278 2.607671713889103 4.8230056217848745
-4.066009332689969 1.7729161132954034 3.736940050093403
-2.3041385195017092 3.189623098525788 3.78768677674746
-2.931923271948866 3.361463214592922 3.9327725918460428
-3.4472880282603318 2.4320287192666923 4.445808728738868
-4.396641923270282 1.532856246665376 4.01017404139535
-4.040368078275761 4.500091210011815 4.35227850677322
-3.627103965756762 4.336540812233494 4.195916266357273
-3.0665979445391196 4.000146125170122 3.449726039350237
-3.871709732014787 2.4062682903669432 4.6614390778329176
-3.1904178737200444 3.6377354948157263 3.361265456302786
-2.683210090466585 4.845899932997704 3.127051152075522
-4.177203949080042 3.006737599303489 3.990532868420326
-4.226997180125317 2.940758321914665 4.241577643541863
-2.6923819124279578 3.4482218244031304 3.372366277267973
-4.279999953493377 1.2582621916774055 4.028011567709362
-5.064084276902715 1.4860121155224675 4.383368673213031
-3.6160125533886487 3.0690886477379657 4.993381988738847
-4.270248287542172 2.772037587041404 3.9737126124065676
-4.711576390742321 2.1351486864518967 4.625439972809144
-4.380258323127528 0.9809906915257394 4.781266249887242
-4.171237840303777 1.5437407687780074 4.744852012868911
-4.329561094668082 3.6396269094863714 3.7239542397591197
-4.512217864369247 0.5291971025410035 4.422035018361436
-3.52765768576147 1.6857372937862787 4.737395015684989
-4.047655765771137 2.552249962467549 4.70899832558445
-4.015739178714237 3.64156507865694 4.156394005882641
-4.9110340177052505 2.7557389648940553 4.6441117295097705
-4.335445800849261 1.7776795759201114 4.755875607624388
-4.735886934867107 1.9472167623871472 4.520792154988998
-3.428553975417612 2.2710194067462917 3.7529626555420768
-4.850660007461632 1.5406315104939314 4.3540375568340295
-4.3496640730975145 0.4739015417944645 4.808221547597218
-4.703037786484793 2.387652452603023 4.574019533532291
-4.216703550465802 1.7157074403931647 4.004687561997463
-4.899552782974035 1.321917219343814 4.425516480085575
-5.030072803185892 1.349452835366581 5.047618558936095
-4.507108078518395 0.9666829325439833 4.351270156951167
-4.355262825321864 2.667844923865979 4.260294879451391
-4.347186892909136 1.263549828027755 3.791817411744125
-5.114571725601611 1.7941774514189157 2.923225345696368
-4.522620758391691 2.2193501729792944 4.331211640730622
-5.4656431401337375 2.113960022959335 4.354808923099244
-4.244332663379727 2.5788988869036245 4.8633841865370755
-3.762528399555632 2.0503002487759434 4.255133072129752
-4.612748054931401 0.7830726980701214 4.602223833180353
-5.194810992366047 1.337320766039518 5.218480961557847
-4.5447274999573075 0.8798146725078884 4.306197929332964
-4.403043006813075 1.5117530583085061 4.2216906529004214
-4.216511252885354 2.4488947903759155 4.775388980992091
-5.024434517244561 1.3010715580597665 3.4128559789535924
-3.651038189820966 1.2328687024254492 5.084432062051308
-4.185271486229372 3.036666281334809 3.6837682919708685
-3.7787814403970277 3.635815250613142 4.511945376689048
-5.278318501298693 2.2354405338466528 2.9768530834354863
-5.282068194274372 1.4557211572051003 4.492518149023395
-4.417265685857792 1.7889004481874446 5.344813980572803
-5.209791602809292 2.1597501331379503 4.858324440506277
-3.8095981035848205 2.0771215487121975 5.124103471735451
-5.381788292053621 0.7153653717801334 4.259586074129279
-4.306029102790842 2.154236191590784 4.706222429970278
-4.218649233171214 1.341412343885137 4.07772296441524
-5.410303699167541 3.1800749162243713 4.944162887122292
-4.021952048567824 0.7306708451232664 5.179067273840668
-4.435459449158428 -0.21192978679623928 4.044460696053658
-4.9057368223169275 0.42198698354833303 5.780044937869586
-4.803773192855218 2.2316897376857736 4.731202921081882
-6.079617064791041 1.243019490919848 5.572767504163122
-4.653888962963111 1.079826770129061 5.573655842179081
-5.235824090608775 0.9554157709188954 4.970393528432698
-5.005893386961181 1.2124914999555663 5.057324009887681
-5.2214628957668765 -0.22586365512937934 4.551513022850612
-5.088305080044106 -0.09836561607632788 3.9775825252092134
-5.685784720367833 0.7195830279873523 5.177704993095166
-5.128196488019968 0.3435712070459759 4.775631506342139
-4.414064475014527 1.4502567458620834 5.022172930678792
-4.560346445851859 -0.06294826437334565 5.362269011585022
-4.62317521345081 1.0678510484223207 5.5385393095659925
-4.798227559182302 0.8056960749476246 4.949788831123976
-4.454029803232765 2.798355598073691 4.724626963444591
-4.866044066816637 0.45427956015956633 4.793991573351513
-5.556983664275392 0.4270445178217111 5.398110856012191
-4.162337121029111 0.04003629726529571 4.7027352021015965
-4.484583199037465 0.30850020259800826 5.2536321854603365
-5.846865046372587 -0.8672603555058096 5.458515197218189
-5.327300566185437 -1.3452677561205109 3.922156378074433
-5.114499684111095 -0.4133771729933761 4.860079224237144
-5.4907008356237945 0.08385422164995911 5.019856969847954
-5.26365008181257 -0.08780735784322242 5.384842310086595
-4.726350250104295 0.7390585474877727 5.193623703360723
-4.106626322751187 -2.3954744313351273 5.100999319239885
-5.17006163659825 -0.21222420876393838 5.75843165193823
-5.64254180152391 -0.9830620551755674 5.065651238509557
-5.386971976752709 -0.7004304252388907 5.480868755823217
-4.8524597398275695 1.7034962715892397 4.314418165014601
-5.23906421396777 0.2185092439227083 4.90814793188086
-5.805411446752902 0.8958234037334736 5.344905839484897
-4.404104441148201 -0.6702874135812957 3.9071244943138472
-5.277532177850038 -0.3090192388024706 5.6620365205144685
-5.018268435795839 0.39070791616990536 4.9150934389200485
-3.999640940634347 2.418955977188219 4.831094156941853
-5.919164876353347 0.4466879950372726 4.797724605899257
-5.5471769514177085 0.3086322854189523 4.556879268312809
-5.447222722075657 0.7646297076158509 5.25133331872385
-4.709663714404204 -1.0274058462522393 4.320082647194957
-4.691366004766473 -1.510789085054957 5.5593637483016805
-5.2540670416603446 1.3338900910146028 5.4168078414537355
-5.282124687403241 -1.0195227899261936 5.284217437223277
-5.0576509531369 0.346022093195578 4.686812768710482
-5.498715557663881 0.950915542729095 4.655329606040543
-4.368608125416116 0.8060907090354523 4.579466431756431
-4.430893913423279 1.3965065526415354 4.785291440286627
-4.747365847256009 -0.9607809938820512 4.825099398199033
-5.120427918516875 -1.525975446088677 5.350813491993101
-4.996701520219833 -0.6650351382505236 6.02524027120093
-5.189375792808266 -0.2504351630014217 5.488974546140943
-4.680902540386959 -0.4917870278199309 4.787918527872487
-4.2704084393864115 -0.22954121236139127 4.567370343477711
-5.50873811663182 -0.08320614241833425 5.424622690784733
-4.765721829840737 -0.24257538994497221 5.2767089921620505
-4.764441804538788 -0.7654416562066787 5.0868946894972575
-5.722333751221826 0.32132481253674816 5.75530982927504
-4.856721161206191 -1.0535486407693413 6.2963442679372275
-4.349183714569749 -0.2592286078463672 5.070513543451407
-5.184684824507195 0.35182441323854724 4.997422110442087
-5.501095772649839 -1.5199363159778336 5.5149773565472575
-4.709709774239909 -2.2270533421068155 4.556219932686535
-4.651946701027545 -0.6090071216934174 4.460589241298028
-4.399888080590254 0.002239401088033187 5.201413060627053
-3.9977069619601138 -1.5881602813609605 5.729695610699075
-5.601122290865428 0.09555100167797642 5.47742887242507
-4.596525492842818 -2.6312499882271356 4.893136669221006
-4.109293313903215 -1.3769158533453125 4.890856668534361
-4.539965198728864 -2.0085746697949753 5.722155464810764
-5.283074238438885 0.033034263397998066 5.054204222902047
-4.683289399498028 -2.6110250268498634 5.986093577403973
-4.940625867776151 -1.5046748085765091 5.483255745869482
-5.970427929170194 -0.1325796540681858 5.688850485813022
-4.948912847547462 -0.8164360193713853 4.740948276672327
-5.507887982449811 -1.7103771176528582 5.683351353233761
-5.0676335923748805 -2.8337574490736714 5.196060338941455
-4.6368974019272775 -0.7565084526486406 5.23675144418501
-4.129217371862432 -1.3076977074529437 4.850475219185223
-5.29706162059252 -0.24375480934696853 5.195316768124337
-4.666059717669167 -1.81162195750107 4.542634957119303
-5.392035292092647 0.1396504601110208 5.57377485971759
-5.081433707133577 -1.3751568848130706 5.374138921980124
-4.68689567750305 -0.9666185313765142 5.640192124346961
-5.53325328446756 -2.660027041423292 5.444628423343082
-4.718701931737196 0.24950132355951077 5.145792743711647
-4.111213258847525 -0.9567998009880356 5.770573456101914
-4.528266647507317 -0.8607275818057072 5.107120749430312
-4.921950951319429 -1.835415242958387 4.7127311072063325
-4.794954691892629 -1.380189088090245 5.260954937563557
-5.43342134316848 -1.3546468501872064 4.690385910168994
-5.234868357166102 -1.425877091611307 5.115432246138834
-4.934224211092258 -0.911050506970771 6.174194737477853
-4.552186554202469 -2.6833678692839733 5.562075020907837
-5.097383991741618 -1.473992607278762 5.138249993986634
-3.77746354661667 -1.538160303647049 4.510877534728892
-5.346809589943053 -1.1644663154294717 5.271874937820445
-4.911448114432282 -3.0137012128230074 5.775836591275737
-4.991773395067438 -1.8138823564527133 5.149129877157658
-4.221751306983422 -2.318467593143769 5.61146658095266
-4.909186380299569 -1.111623127161359 6.070366384770204
-4.29587305576637 -1.878621604894586 5.672990666719198
-3.9400947778498367 -3.240618465776119 6.076985959088556
-3.8934195871583492 -1.8063975406008665 6.096441222673208
-4.938962408156999 -2.1732915260046557 5.286690627295497
-4.368654322298486 -2.9573523256228036 5.25842328489581
-4.4744659685873005 -4.320870079663089 5.670928330710846
-4.339181863316798 -4.321811963197509 5.7279072175243
-3.735489740714107 -2.9420080103079163 5.848133973484703
-5.062209474135687 -1.9682115565606593 5.5892548407858555
-3.48467546111543 -2.5210897889251367 5.604453785939262
-5.30208416197323 -1.1389327790810992 5.871207259425414
-4.021465295189019 -1.6904564633756751 5.855904084519721
-4.357195835178071 -1.1048180043162323 5.42422693608824
-4.771292862708626 -1.087547301256013 6.133669614049163
-3.577282741740165 -2.4709902727344337 5.7745841813292085
-4.292457610502258 -2.67089966672078 5.024474290017983
-4.469393411206696 -1.173923963548221 6.520005286059044
-4.546981578043736 -2.436100378952341 6.304704238268631
-5.145251166181696 -2.123378364193225 6.390853217504417
-3.273051928178083 -2.0484573624579596 5.413180430900734
-3.790214406124234 -2.346406644319251 6.735335167925961
-3.6674532104238295 -2.2271247446681044 5.984220062422512
-3.1813247554946993 -3.574400550208532 5.902763339605025
-4.133857292202582 -2.358643761897951 6.024912872152674
-3.5056100732752564 -3.5696744964020914 6.012666644985597
-3.683542744032914 -2.006702706800935 6.096677483418408
-4.107396611174377 -2.473426041147237 5.933845833157336
-5.120009747821892 -0.3652935041989515 6.424125657926258
-3.6964956854386237 -1.334984104742091 4.782565648469725
-2.894926977505305 -4.621467325732885 5.630389247461871
-3.89553280563003 -3.0336339589611714 5.40423249574032
-4.425940911409235 -2.7468702095083954 5.990247419845173
-3.9899009968418184 -3.1341425004820356 6.177683021506006
-3.7405836580431364 -2.584475250276029 5.70085001600943
-4.697580573099151 -2.8417459359137323 6.581199318541947
-3.8232348271409116 -2.7083296188435932 5.616900578656359
-4.25689148027894 -2.9046409663589845 5.886367240472974
-3.435427621713826 -4.341968947894468 5.83329839729557
-4.029595221288599 -3.8509938572246876 7.156927350223904
-4.284045720425932 -4.046885588806832 6.370284198242237
-2.393516872348293 -5.350768398064491 5.214104241519972
-3.327277497238779 -3.2967237494651855 5.729334840818905
-4.825313257244556 -1.390764188741904 6.291112815372445
-3.453377837506534 -3.2394017822586965 6.244734465964021
-3.591822279875645 -3.1293906398470206 6.376933123870006
-3.65648967734578 -2.9241467958605165 6.131845647667623
-3.4446274400693633 -3.964103714759683 6.227378565963977
-3.6409691899231116 -2.884048328171117 5.8348930559486245
-2.286034568977485 -4.425120898126917 6.512935223061085
-4.070274081446027 -1.8576386812043844 6.833092244132873
-4.357100982866787 -1.6320036372723778 5.058137290835129
-4.013084156997943 -3.173946670747504 6.592102152031911
-4.18490473916151 -2.133064067387231 6.664498585236505
-4.566329281724486 -1.4756156381628325 5.6515202115998004
-4.378146194644563 -2.18571585678611 5.67913761118248
-2.089248311703046 -4.390027805434937 6.158451197495078
-2.0031321513322946 -3.710287596583048 6.8756047138721295
-3.262677014394456 -3.5079637816357323 5.8513775051053765
-4.376729508193027 -3.201744319911606 6.2113657821083965
-4.782488832603657 -2.0441894249091748 5.638662013426002
-2.89835991387652 -2.3588942978474132 5.86442976547289
-4.101996346853294 -4.118586259516533 6.737421957723054
-3.429859675445887 -3.8596188629660277 6.470763938601181
-4.634705078888132 -3.409756507906905 5.735923130353455
-3.946830634601256 -3.937657128175224 6.968979964679891
-3.708968998851624 -2.095974573524396 5.810448853598059
-3.1544362467877 -3.0200895804512444 5.918119259560038
-2.566743512592439 -3.263955853919442 6.507088189871524
-2.728689802404475 -4.6970632977725115 6.357955571258278
-4.195761923046124 -4.802342790303644 5.961392428726462
-3.862305131341356 -3.1113296548477276 7.338364733495514
-3.3482357222332864 -3.0315160626147906 5.890247499141285
-4.157193671670383 -2.899624905767174 6.941009961926187
-3.7320431715806577 -4.473902343502193 6.058713767201625
-3.595408334407339 -4.19728968039748 6.615068479053818
-2.4970840306593205 -3.7949590285532784 6.299782380849824
-3.344465490618073 -3.54043015327462 5.193833115860961
-2.661977859066198 -3.517735688416716 6.275877211722147
-2.5865105882799044 -5.48096373200899 6.756048992514726
-3.2735098566542584 -4.304711938740912 6.687409770875208
-0.9877889498934515 -4.260911047081179 6.182836054875873
-2.0789908378640516 -5.140899937508235 7.211594998725015
-3.6154005245890204 -4.010628185653179 5.69367412964085
-2.7938056729473244 -3.5593909612272236 5.666180919932786
-3.4769112476375454 -3.731050031277175 6.605915228919432
-3.013404511239106 -3.413345327041795 7.239622479314474
-2.5785079824699233 -4.799425439655789 6.666191922414244
-4.058812634406718 -2.29677831003187 6.226749965377019
-2.5111949658211135 -4.423037130165994 6.029820239856897
-2.8783706833404783 -4.6598684357852775 6.986513093800704
-3.600155956774905 -3.5782912331387293 6.700218991079126
-2.5498613971463158 -4.403202648239105 6.096476926493687
-3.1028810730910323 -4.074741522289917 5.956818941474714
-1.4633986178818486 -4.029764002949536 7.641078354918274
-4.307895254578959 -3.946191684315093 5.175762462879017
-2.464370125806112 -4.471138792389186 7.407494395666262
-3.042556748212696 -4.215516983777039 6.4965147164201325
-0.9767086651419881 -4.973738024181574 7.270505684232374
-3.2533135621390312 -4.686262221863893 5.279902099784056
-3.41433085898896 -2.8914747768554974 6.703290386900866
-2.198904262991799 -4.395408659050523 7.121880256032441
-2.800664737676102 -4.355052680340691 6.743007488719032
-2.000206592720051 -4.063311209004388 5.956149341241376
-2.766317306438742 -4.299109826667829 7.138607518673688
-2.214011617262256 -4.509002575216568 6.660225442733659
-2.1366210751059675 -4.53095407937732 6.358647925715849
-1.7692723102700578 -4.5534500764023 6.288527993521767
-3.413332615835186 -4.799604359571181 7.144689842501917
-4.196783393145081 -4.005934143741112 6.803795259560064
-1.619753506094883 -4.352833285311178 6.492292881623565
-1.0091415225409464 -4.901925075939881 6.48216462196652
-2.0269182274776587 -4.808313147616427 6.671219720518034
-2.0051546243121052 -4.922705876324928 6.908184891804332
-2.3223882903371633 -4.374130237561862 6.681773123642656
-2.0218574802152767 -4.7044083675733726 6.948181857904811
-0.15364416450464197 -3.48263233762861 7.072727486881076
-1.4946920556250085 -4.917305892109077 6.803152290002118
-1.285847790594388 -4.287251305908809 6.306837381256741
-1.7323118998239893 -4.486594901176357 6.885362321256478
-1.8233033765810591 -4.230160279853607 6.70073193566578
-2.2508597074864225 -4.421085499892764 7.529755069600099
-0.8774932131038324 -4.813273956350367 6.9046200457306615
-2.5839097323716653 -4.295364491021158 6.107838015154701
-2.1798665208917916 -4.203300139480313 6.163273306895238
-3.291313611421184 -4.256368986100675 7.534730265743571
-2.2877280023083753 -4.730699319851061 7.678588940714382
-3.6969706255812778 -3.8018974215075736 5.772706326513485
0.29836943862614407 -5.097417694101295 7.183576056010407
-1.7688922116584285 -4.7495157684559715 7.3347138786365855
-1.0787662862347611 -5.863755085745496 7.325498798403101
-1.7536771625954954 -4.7483842155388984 7.47567626642477
-2.445184852187639 -5.640593862227818 7.716872436988469
-2.3419653641268647 -4.95129073033743 6.611031918081112
-1.3909472266210956 -4.48180201368392 6.9677266432569045
-1.5103827691423741 -4.800218802359849 5.7701654371758
-2.5681327860707523 -4.654322199618621 6.887007739013567
-4.094116285308087 -4.41076194782301 6.341248189905234
0.3774751881663971 -4.31806825568506 6.569504689900198
-2.8838668920271298 -4.204021138211949 6.449350001134712
-3.632004684432524 -5.178211031143977 7.220398852399974
-2.269258389471026 -4.949161826855729 6.566537956221002
-1.1330538406874742 -6.243072562490733 6.76289263565852
-2.900034153867104 -3.735474374570351 6.700912640661663
-2.0508368394044103 -4.144675851610636 7.026827516294896
-0.9029157042492326 -4.784372724143623 7.146005741807473
-2.894589032920075 -5.006789381281682 7.48282194439605
-0.16229501436273322 -5.754425359014999 7.819767058203913
-1.6535252070686028 -4.699853789594252 7.047887935880413
0.2260215784708853 -4.60739567330402 6.752121520628605
-0.7600546879135403 -4.868461236354509 7.857724132162153
-1.1805766325836753 -4.431486586887685 7.184420898563092
-0.02757111842120888 -4.372523245656839 6.530393504512443
-0.42298862180683244 -4.182487927604544 6.2712125336275415
-1.5980397599510363 -4.565311636548518 7.165651163381291
-0.4832039637272925 -5.333158339056761 7.537206916565158
-1.051582976180339 -5.659937702199624 7.627788562641607
-0.990887160803078 -4.405141133635115 7.160166906525461
-2.748114077158403 -3.8947778372189394 7.075160133945948
-1.4279505708763827 -4.990108719730031 7.271311507867888
-0.38791888654646545 -5.449729142291913 7.258558395715244
-1.5827387856640356 -4.8840976047907 6.759140531129012
-0.7243694780499363 -3.7824154421049725 7.836817105178055
-0.7518786389090945 -5.01480128696554 6.574658141010843
1.7845105098147325 -5.105941827716235 6.463031909024249
-0.8910508854996655 -5.566025714865421 7.2366622343785725
-1.4886454804221223 -4.1525613816890194 7.611748826524428
-1.1795669049463677 -3.608653774581514 7.6155246847959095
-0.7986316581237636 -3.8036098483911114 8.065651363258262
-2.2886123707789414 -4.979507080353332 7.140076486973708
0.04083609859937595 -5.175978414598272 7.121582593991343
-0.36584846533458343 -4.379043003009099 7.489431460738614
-0.6051201875999233 -5.089311076239482 6.9904541408371985
-0.03539506136352741 -4.195215458165842 7.851557715034353
-1.6736231773863401 -4.315058643737242 6.8129131697630445
0.20607588663931528 -5.2939155601581485 6.379213411996787
-0.9032592147280151 -5.243242982615038 6.780622712564167
0.5930684590715759 -5.781558258193509 5.96923990705249
-2.311821815141892 -4.645720670786161 7.646594435322701
0.7044874968631613 -6.003782572522311 7.8681098828926395
-0.14307906829225003 -5.2201584850831395 6.538004796489554
-1.1679226749346208 -5.116151185383741 8.144449125055935
0.3838779387571648 -5.291531464079913 7.410347822206879
1.0118025514406694 -4.6131151510543456 6.452077453192671
0.9672231685524454 -4.815350746085525 6.855031063769938
-1.47105006509121 -4.01359408774374 8.247007136868689
-0.9416983921324944 -4.138513939454731 6.9574146115472
0.5290030982285916 -5.736833950134296 7.685920678201077
0.07157453341574734 -5.332900781265018 8.264646881164945
0.05316814938404943 -4.710552189778176 7.5675991012755395
1.3797304157537131 -4.220963732862703 7.612179735316869
0.3784433624356917 -4.954097234257551 7.718872122308791
0.16533610720920713 -4.778745088515138 8.162814984751112
-0.5101125390407333 -5.532863003905147 7.532419190614386
0.12068823493208326 -5.305008231290338 8.992548559009379
0.25482583165875883 -4.532241970575687 7.574945163681968
-0.2421220275632026 -4.7422583413270925 6.414779867761121
0.18050766769344306 -6.313182075898131 7.931836769475287
-0.7209596006856438 -5.119957350053844 7.424862641959987
-0.08019051722805955 -4.94873362129506 8.075119991452056
-0.4227424571146195 -4.843279778437285 8.022189733608345
-0.39301951135850866 -5.190394251630523 7.747980135247905
-0.027440210024913887 -5.4114655492899075 7.176673975881363
-1.0656595721761117 -4.713273918988522 7.829975580040582
0.7390879071932384 -4.514351779327025 7.181443214760726
-0.022660083904366624 -4.732667465640291 8.096451001315254
2.217167586914474 -5.314829667142586 7.533928328201362
-0.8226845504943859 -5.634437724750803 7.725707717084329
0.016905184913485753 -4.321555141689733 7.780606255709491
1.7502782159538217 -4.945429159494292 7.2203590441877905
1.3321314540006335 -4.852078856141251 7.907555471874907
-0.9132467573045827 -5.048726473320704 7.220058943400975
0.9845622451020467 -4.797715646976999 8.117395262115117
0.7906247897963194 -4.874111848647908 7.547901877717863
2.6691123597004305 -4.124419562406879 7.588304403649966
-0.17888593078661352 -5.084814493605161 7.618306707534722
1.6034319408942763 -4.861033512500871 7.440794073252354
2.2228164989626418 -5.204953196248753 7.487014288247318
1.3116562676692105 -3.724447046092278 8.261980960864994
2.145749471894812 -4.060394473775775 7.617827553985277
1.5647649847352951 -6.391983547389642 7.937404451841043
-0.5614774696172735 -4.550551224213319 8.1625999086143
0.15712392257715882 -4.9475285354888054 8.233395776792076
2.3184454661602096 -4.941978240074276 8.124795479781787
1.5786205070749135 -5.487773849222009 7.3966244453187935
0.6193323448787686 -5.517346179049362 8.228214476408485
2.4620143180722165 -4.564865650603494 8.748296859555635
2.402681440378744 -4.302318399844006 8.471770987740628
0.6511503388247758 -5.2874824669932226 8.064911621777533
1.058516665499639 -4.097275335199983 7.492982956156921
2.6674871612128843 -4.285948104255453 7.681001015417267
1.2807904543619086 -4.667360085759758 7.952899191795485
-0.24382824868390127 -5.106658627885349 7.553692999951382
0.22716494107550372 -4.729585642001039 8.618580145273866
2.145952897478082 -4.311102775490674 6.732624979139259
0.8890938318000667 -4.504205147302332 8.185458352703408
2.2504899809421106 -3.9425702534747082 8.008885759862585
1.6624071297209357 -4.6206688064855514 8.956027251693746
0.6729451657253339 -5.216974463009201 7.733515904474549
0.7584347138138026 -4.53625143469023 8.068321931014548
1.9885743181913582 -5.269633156938002 8.690389602869713
2.4773851323741622 -3.7812856878978054 8.50625473851839
0.792465939483932 -4.812794936154164 8.474637405295944
2.9718019824055735 -4.1357737369465255 7.783083936732547
2.3152667491154277 -4.472963394726307 7.239510156311264
1.7550845250514548 -4.229746772338833 7.614338919643209
0.14271678549297728 -4.24459468451619 7.6969238521986085
3.4139372577317633 -3.819119868219183 9.014326172810854
2.0200830413498037 -4.346246233010101 8.23142765248755
3.45197230135842 -3.275534017147934 7.955825898701272
3.4648518914465924 -3.230556419721269 7.3231636065454895
1.7928051404176688 -4.952651238746319 8.093892722790361
1.232142301354076 -4.796795467816132 7.877335503431654
0.6068721656932247 -4.255211024292163 8.152187459396076
2.9526672208412093 -3.571072452476753 8.867032578840295
1.4354664521712723 -5.25365993510566 8.816509312108106
2.4333286098573823 -4.580655940289668 8.562570154286304
2.34414058786771 -5.010014530866077 8.307133395101143
3.027496439213976 -4.063742255866555 8.62695935856305
1.221924464049735 -4.517060497681862 8.014978484707914
2.2927478607809415 -4.742225407088712 7.630466440785995
2.26142831264335 -4.970520710288419 8.088422486784221
0.747723797099595 -3.827837466667916 8.224422200076843
0.8259753653026932 -4.584378813692086 8.432529098708622
2.838962283449778 -5.381778980991208 8.372661102371254
2.3467727374427745 -4.853558282066733 7.522787527399877
1.3977368564012238 -4.234924335950207 8.307103370933284
3.256050568734189 -3.6548363438661604 7.698152134629197
1.6915236305054182 -5.771613503328799 8.807715355211991
3.783898374268048 -3.8261795763310746 8.863727108715354
2.865935635489396 -3.4014122845471864 8.1437378761573
2.6321561853565334 -3.918502279040146 7.8725358535265295
1.9601356192580583 -4.4932994182478305 8.273493788990047
2.317316733253887 -5.2669827233161834 8.359882024245309
3.5018116590250066 -2.6683468768670333 7.9302227464121735
2.3427794745855754 -4.306812536759009 8.754844346446157
2.447668925132397 -5.634356116827413 8.091940419990415
1.9593189202427583 -5.3100101168228155 8.650995919003359
2.596914672106403 -4.230870761795826 8.489992536866543
2.1767294450588928 -3.57307472641808 8.715367543670956
3.0220773942981998 -4.01493948854222 7.550721028436181
3.8082749782548855 -4.336433448904433 7.619269860752303
2.2121889010714506 -4.21455373944168 8.230028762556392
0.7825199248012342 -4.585429588129696 7.767637333891585
2.545241209225186 -5.962240019726647 8.714652179030772
1.6094913442260654 -4.342144274595071 9.423253572352753
2.485772812379462 -3.3851216702178943 8.381296100853245
3.1816365523837455 -4.265681624491553 7.649375327650435
2.9401945044479216 -4.448991529381732 8.042911096935326
1.470158924042022 -4.526758694695595 8.663882373913296
3.638470559542936 -3.3331010566045602 7.9892476119631555
3.722535368839236 -3.7590186006303306 7.372755992357077
4.511217477233862 -1.5528457740922843 9.03478278959719
2.99102632385593 -5.362247803540629 9.098869541315377
1.9682909685131964 -4.041267739491386 8.94474364828214
2.267209208065244 -2.7061296941107393 9.177500548501351
2.7444840175038054 -4.2587925614411715 8.696095573886224
4.422435484105661 -3.4199621447718025 8.467480025486244
2.5514955628095897 -3.930936700714599 8.567120091563464
3.0078482009730876 -4.789015529656523 8.843041817844721
2.4275249371584464 -4.097777276895951 8.250057450462503
3.7152414937036675 -3.8251380675556006 9.022235268588235
3.5410221563242916 -2.8008184366525306 8.95588570998439
2.160953167391875 -4.7617185575382175 9.214567239528389
3.617483775784101 -4.013941030360488 7.93660999388704
3.4958122518153862 -4.0719727420811465 8.903284241157904
4.017081250634602 -3.249697279967953 7.4638293705454934
3.2089938938414604 -4.405584345827561 8.88688768514043
2.7873289876412177 -2.4273116054906647 8.282629254436104
3.997644579453791 -2.0832552931918813 9.789770954008397
2.5294240212973627 -3.7649339145620235 8.354191360723313
1.9238454933218947 -4.573368481218435 8.745508306635305
4.481629106393839 -3.928508587221007 8.670629713957005
2.198702699685441 -4.616779852107068 9.401175986647992
4.181173273842843 -4.509112853366842 8.126234136017903
3.9071511640487406 -3.2544643222073617 9.061749969258033
3.988710424072766 -3.61888555608746 8.677392187375844
3.9439808845106326 -2.16746669882082 9.054246579479754
4.484145509996127 -2.7264173070259914 8.893922052369362
3.191966772574921 -2.542962391449462 9.157268163187783
3.1918855474753327 -3.902532488437909 9.955211278188054
5.082084831029474 -2.038948908534873 8.948377714011674
4.690956306783224 -2.263042197013381 9.641258854244507
3.341716576478631 -3.7915351871686 9.294344123229502
4.940259297915382 -1.8779553667676774 8.452403401654994
3.052308251611132 -3.2859443716578762 8.550554453657126
2.2194585784571297 -4.49364949169627 9.029804353929313
3.9147492706799625 -3.239649262662976 9.52833281082568
2.7929103998833034 -3.1033733411449753 9.503587799175387
4.222009399469057 -3.410357207258702 9.232797077350861
3.966844194193621 -3.8917181477425706 8.991050563412717
2.955565379598374 -4.09623791431786 9.869582666552759
4.594503744166615 -2.4330563104729195 9.021440976470693
3.9099679209635765 -2.712605973672887 9.193156592038278
3.86775370266972 -3.1817447026431656 9.462082974331212
3.8683357862493457 -3.2933741393055045 8.570894079494822
5.072857522065819 -2.421980351711699 8.866711899120494
4.933791651449721 -2.1868083021568645 8.7602442916608
2.933247459126439 -4.128273359200484 9.570834258815792
3.0124130446544806 -4.030044885609573 8.653000764833207
4.417509542147635 -2.911491825727506 8.892113345932758
4.56562636094271 -2.432706676060711 8.015231712676655
4.771915268431607 -2.0825172324301358 9.038406531716554
3.891673942766801 -4.404303289838758 8.365304624952747
4.661159446983325 -2.107150992661306 8.421345371143238
4.957604753552471 -2.990615307949081 9.329560582021871
3.2214182549727055 -2.9973309743175633 8.391050107379412
4.888579662589435 -3.380487699576452 9.194058926628804
4.18280834636697 -3.6145105732628537 9.524544694261628
4.676903771482376 -2.4455910187835554 9.301074166821259
4.335641850643873 -3.1101950108983796 9.4018163370854
3.0536302377473215 -4.110901876697572 8.749101604686455
3.6729787586079765 -3.311668698151591 9.046613211864752
2.751286035038347 -2.163589453582208 8.021914986956249
4.191294421707244 -2.8100986389683493 9.063434232337627
4.497889783832547 -2.8193049183569907 8.631239123671685
5.362847593683994 -1.7900895984304044 8.869207707600504
5.751927739823685 -1.145802438462748 8.765835006710875
4.292937200806363 -2.6099179910186057 9.21208017030831
4.254119765189961 -3.193484671400379 9.263002954083143
3.974497144596483 -2.0629849759178147 8.642607189094333
3.982169831430846 -2.8151613361218715 8.808386385562844
4.311726516374085 -4.351873048339939 9.699665348253571
3.788144810689053 -2.478275394414973 9.618853613461404
4.2066523367156226 -2.3757706187221483 9.511345967383095
5.007845960289819 -1.8965810068346927 9.38333852492548
4.4564333240556335 -3.1817641355457584 8.495775572957841
4.703534935710496 -2.2181593577982355 10.155003585021902
4.904822540777459 -1.93706772580878 9.982300120074836
4.297341614754801 -1.964561938618462 9.006408647773416
5.535281201795956 -1.467064796418154 10.112833311166215
4.915276937298202 -2.7433821761789168 9.792780256241802
4.392806042182334 -2.071678452168875 10.087214811779052
4.310748551824235 -2.318545562272777 8.943229070574668
5.004985637066178 -1.9746613085391258 9.333087279290634
4.151174087909104 -0.23262939868928903 9.89766749849677
4.479409473027514 -1.6432483315963067 9.888572610678942
5.322825547235311 -1.6230097850790497 8.85791895706736
5.016471073032447 -2.825496291346761 8.725202940993466
3.9602192750614984 -2.0574858256272073 9.490684729639394
5.429720548338291 -0.8501966248169336 8.850492217288581
5.561548521165276 -0.45279984549216895 8.908191852229018
4.607779776321458 -0.7347641494142443 9.87154766698896
4.260685173778093 -2.9072199040081537 8.779964245053856
3.98050874687118 -1.2435632179637817 8.991382138980866
4.92667369162834 -0.3757036564834233 9.634284394341131
4.4287196732585805 -1.9847862884156664 8.891739220861215
4.78095130336832 -1.1971134814466506 9.526617630409108
4.8033832933274105 -1.350413939351637 8.468149561049513
4.854719690584238 -1.226815714913806 9.16376578083856
5.206628000215328 -1.0257580585996342 10.39784139622186
5.086903705238997 0.1361073363081178 10.285059507589
4.79356018664067 -2.298351960348976 9.85835140647197
5.308839158018545 -2.3493071139938175 8.438877545997169
4.348267124956209 -2.0303680211355073 8.626547597795682
5.460301038356424 -1.6396819284998512 9.019812690511486
5.155506059445021 0.5634495803882844 8.612072739393351
4.6385526980805745 -2.8816426363551813 10.974147938386775
4.947580833185895 -0.14359890382375354 10.070010833540477
5.4812618320175135 -0.5792789969457101 9.342514480960823
4.040762463398615 -1.2043154385911807 10.12394200963681
4.74737220612733 0.3660744047147354 9.224700401971537
4.986180317374982 -1.154231363544555 9.780022645692132
5.538468330469067 -0.4959944961345632 9.921854604082755
4.572955446124172 -1.7939644290525965 9.560685056253185
4.621009365148948 0.833987552712831 9.797619023941104
4.515553862345895 -1.14388615115107 9.910425864525813
4.296058546240285 -2.0845878874845187 10.09318414910121
4.803093897448746 0.5827183106330074 9.264286294956838
4.096147310544685 -0.7372709599503009 9.813035183738117
4.3936023238621 -0.5460635766873084 9.902208882434156
5.168710490618156 -0.7013472436175301 9.651519242061577
4.783009504686916 -0.9919447213002723 9.186673492507769
4.518193321487278 -1.8094529145015974 9.18769408661629
5.152871666989806 0.39863758931768806 9.715358527418173
4.229496698623863 -0.5013988703076965 9.841708286778596
5.337234393208182 -1.2237962361721486 10.202117218990503
4.065038900918287 -0.329869042751546 9.665920745392427
4.847166130204886 -0.2307824223262413 9.12952629565077
5.036791080008994 -1.494924085673069 8.792242848170384
5.149243790805031 -0.3913459766400842 10.868368391655906
4.278151402721513 0.460651090327728 10.07683193068443
4.624632661448111 -1.2018621360979322 10.028668428269393
4.901271392978534 -0.8398764121387889 9.436722456077488
4.856694065957071 -0.8402792757667047 10.181598729977829
6.431584747404907 -0.8787900569731706 10.069169210114515
4.917113476852839 -0.6920470573009885 10.207310131930923
4.219869470293214 -0.003549860289249917 10.826254534357183
4.898936112486107 -0.568041494190153 10.4144173107545
4.81124161990509 -0.4023177599231733 9.079291438569037
4.932556859530741 -0.2073037003804996 9.441516727877284
4.8697370084922955 0.19396978196134954 10.249140086453565
6.10817912678473 -0.40722118898624 9.936787098002613
4.884228231641541 -1.2056937142138358 10.129535266533676
4.948757176621237 0.7415608832583068 8.634582919779064
3.927321560043548 1.8446717561020554 10.280176301902792
4.635375081113042 -0.16824758847374913 9.609985657535518
