5.543265680562119 0.21893527700745094 0.6020640128026633
4.586967420463767 0.9493836311860329 -0.6461524824866436
5.11992406409826 1.2806380660035699 0.05423551396409439
4.7399263554386994 -0.5746843744467264 -0.8488088517163271
4.426132401268153 -0.036409518258478824 0.5021020961495045
4.660466017181915 1.5991820578897717 -0.04591487017247567
5.752459520174081 0.24257394630217674 -0.045583409256181595
5.377773907884458 0.9699560761914306 -0.3216253699700179
4.993423933773999 0.2660838645096208 -0.10049022581856255
4.147532028010426 -0.3612682616821271 -0.3816303187960819
4.673640517896375 -0.45004034428704676 -0.09875195423063138
4.800818270623117 1.2053942005063225 -0.1422027460161745
5.01597676173513 -0.5349756527952256 0.21989022372581796
5.689954823030641 1.5207414283978264 0.11637799748977977
4.498781371362316 -0.2560623261408755 0.30796874627269744
4.8919467608109 0.7130908725135574 1.0070509354481783
4.345654077453617 1.9624241629077606 0.44633061970100696
3.8262953446910957 -0.08580126141405693 0.36328025035141975
4.281230788102189 2.352444911293484 -0.3910227633084316
4.679912488897952 0.49866707759033635 0.3285316943137599
5.501072918244007 0.15704700842621458 0.7670738679903446
4.695856105038416 1.152426040742702 0.25373949302341714
4.683945012471172 0.7115605091343048 0.4304058876031125
4.377427124132345 0.7798908035726082 0.36783430664256567
5.135990044784143 2.64334170540106 -0.20022849295600598
5.194069072156764 0.1321467997800966 0.37567645029848334
5.108653815906268 1.0403471980614836 -0.16320872015079818
4.819436246202919 0.3896549088526081 0.36436675576090716
4.919558072963949 1.3883250812382084 0.8075463450711181
5.0216475249859815 1.4746021241294478 0.46193870224936573
4.917244963765337 1.5791043871837283 0.47440481844450055
5.9187246505986355 -0.2840623481775746 -0.2897156729268388
5.108796808947697 0.6718283497156009 1.4188852831022902
5.344145483173261 1.008421016703648 -0.3275459979159932
4.743228079871422 0.5348268138847119 0.4560907784313687
4.396432560847937 0.3982514509827315 -0.5913721147823012
4.885614643301578 1.2342099069767656 0.3293193372876117
3.41984435899242 2.761619102131568 0.08433160859374461
4.321106030669235 1.4457898485092227 0.3260931349747321
4.660917692103194 1.3921044921125183 0.35757876762474106
5.839233007765695 0.6558438492357366 0.3501445559156069
3.513695094139257 1.3423687338724453 0.731350194073126
4.396254714062285 0.39453468581285267 1.058485282727266
3.9325723514971265 1.7846872696131475 0.5532095595381912
5.242084783754429 0.3703676822892611 -0.06789687262789268
4.718738668504994 2.1541025192989753 -0.16411642661378079
4.096078576900586 -0.12963629584088562 0.7982017545949809
4.454659301966011 1.0534523532074345 -0.7425932989806507
5.079677854971123 0.39793844454308697 0.3075287092349561
5.449511201099019 -0.2797569241551067 0.9502883754668303
3.8434217143919516 1.705636818860681 0.7654787446401607
4.259636760912717 1.649112151101864 1.1703529050372925
4.624371618528342 2.2660966163743694 -0.20655100254851844
4.9724898330958265 2.540644977899092 0.9716734621740093
4.325258229676966 2.507792122861328 0.49543026337845686
4.139762016553816 2.4295277868793743 0.4576898679870554
5.333346656594341 -0.44132315811833966 0.17910987131097578
4.654172404794003 2.3865775990088642 0.490752577433878
3.856741808947817 2.8364888911730812 0.16206232597651526
3.817514410454757 3.442834573124253 0.9247558388178285
4.973139996874381 1.3216985953886038 0.14632023510552472
4.485843489016232 2.5872061094604084 -0.13421983024717798
3.6027002280506273 2.6740637513290713 0.41194219272731214
5.108283132344322 1.792475760948008 1.0712151138963715
5.124450486626223 0.3808115716298977 0.7057830496304337
4.458026803180541 1.694607594166119 -0.009954170318457023
5.196298017516395 0.8613280507537785 0.6286178221247523
4.27190779151961 2.583698463150908 1.322843568344287
4.093028851194396 2.8552937803623633 0.33369423001159093
5.261345792714335 1.4693176934374097 0.48904401716849155
5.249893753575346 2.239118263664333 0.6173405249234867
4.095351141772729 4.212592909473871 0.7004638324557835
4.702379586354386 1.0235615503799558 -0.2592521216044331
3.641294428961541 3.2295655192426853 0.8508869612084404
4.589035872022399 2.785954373981753 0.3345994515291289
4.954323731676512 2.6832423134778565 0.5980898973969118
4.00899613487878 3.4392979248964357 1.4201239175472453
3.865491020273448 2.7874544225986235 0.20089426707855962
3.676327949878215 2.6447580020070958 0.6058494882859071
4.4384669643949195 2.4565120615809835 0.11304503582831216
3.85323834179426 3.919330712408058 0.5949483039592217
4.6833216903503985 2.316083750505181 0.8149193167153348
3.7086532718413405 2.3737785502021276 1.067132650141187
4.422114974906023 3.2273761103619307 0.2945929702249447
3.546031718513908 2.856345315129039 1.117491113187693
4.6365856809941715 0.7401904181340191 0.5467646372098355
2.9875861517281543 3.628797401017809 1.2653578298214079
5.514059118197207 0.8185585747577153 1.03904356960584
4.398586913631901 1.5824448899143955 0.5903719698621623
5.168484634856015 1.3376903944397307 0.8483560778265361
2.7978538285587025 4.677955101519436 1.3432944026050473
4.527936211963511 2.335278256035251 1.2831894116714664
2.9381834080120512 3.8642853839805085 0.7134673315149581
5.174581463112092 3.3925368258225608 1.1424076126130782
4.041474799567496 0.8824992082867409 0.8562513514976723
3.8220923008614864 1.9776779055269038 2.2245943935479158
3.2424722929344494 2.413355936004015 1.438504087115798
3.893049551100409 1.891892790148434 1.39941349130163
5.1302007814234205 1.9831189347540255 1.5295507682094232
4.923053817096442 1.670052597036761 1.5817416470156433
4.93802063359639 3.2343117280503293 0.723155925497035
4.839678863592081 3.0303441600438696 2.200996544056781
3.8112068393006355 2.937262519064089 1.1620514895023923
2.9347962149415228 4.26191230826244 0.5074869926330673
4.099486654853302 2.9783951220493274 0.6245684955490154
2.6764766317130597 3.7673368693232354 1.044243748621424
3.984409550667379 2.1846216267399856 1.1897347811854573
4.700345265132248 1.355932831311483 0.563356513715206
4.565740409904859 3.181911858477868 0.5039032384279902
4.671529973762249 2.56672824005448 0.7625942861752955
2.9084464680707405 3.879705216099751 1.540786096439468
1.9520719943755007 3.9585627004053263 1.8682429490625871
4.694914285151805 2.263278526407944 0.005628975780171075
4.243295110376905 2.854651130780775 0.6293793848826368
3.688895909471027 1.7758498331431363 1.1355507210240168
4.804773464726123 2.488043948872974 1.2243346117188028
4.420170552473546 2.7248235551915934 1.4057002266861076
3.5244626910294468 3.9741554571437017 1.6115792077863555
2.4969962055207136 3.412001499073482 1.1652536205143877
2.0571785908732916 3.413366057285125 0.5848364686018701
3.391884584485563 3.028146665924599 1.5608390590795842
3.9579196578306566 2.395191046955077 1.6749003942349
3.0209884477103786 3.6854459154239314 1.0761624269159025
3.6025016949694337 3.0750850793457625 0.870126182072483
4.322756794399697 3.863866947203758 1.4014050414218189
4.238265474685887 3.496668715979258 1.4779199746004321
4.244258968496946 2.671166336996649 1.725168190264739
4.083622392455275 2.8207668188630555 0.6660294121258604
3.3806460350139913 2.945362368405759 1.996816875647113
3.4372624051738145 2.455117069260159 1.7929426886568796
2.0937700014649545 4.580989564903317 0.8818270830782533
3.6012619984600778 3.857470243915067 0.6746626813416916
3.9571858436416423 2.924720218618416 2.0179118994617036
3.9232930039077627 3.0041381330740666 0.8423076430372798
2.1000817048643574 3.1440517200638762 0.5645386858865931
3.780331316018071 3.1262359260201245 0.7175614017372498
4.319298998800394 3.331879766132277 1.552115436074269
3.5992427829247022 2.9054716342752127 0.8012760338335823
2.6557897347964556 4.139115651238129 0.893981637395957
2.146853082163312 4.112675117891035 0.6997515046233995
2.1736259073738817 4.344616757936756 1.3179434389251532
2.7169301242576163 5.176521225702949 1.5088823841813392
2.609198542053283 3.5781577983196224 1.5880976185740516
3.943307893922623 1.9689021896506453 1.2209417050496705
1.9887745382432007 4.140792124982082 1.3114443528300004
4.055522699791073 3.990379365196749 1.6105732235186443
1.8094112984451505 4.391691325118542 1.7352629629334715
4.067129798585543 3.5584953450633225 2.328492658481993
3.367918733205606 4.446391604037867 1.5681937608433876
4.259306890439134 2.8944591114747067 1.1347595147165663
3.9181760958661878 3.1416965007027957 1.0129158158135785
2.701593690950597 4.142448830335395 1.4920525801814084
3.303733397626773 4.352506122826864 1.7879963528131269
4.371628389972086 3.650562152964973 0.8918359580914779
1.6536744234151335 4.967500866072505 0.978028177632024
2.0863873344004165 3.716527888485933 0.8210862629738489
4.626380139547745 3.874168137848766 0.8912241648165412
4.089189203065733 3.9406881924879826 2.0572139248902914
2.589610226644874 3.4482258608855627 1.9470517649071923
2.1420224371719647 4.222021021996772 2.2258479371951645
2.839819474190059 4.488339207162442 0.8716631764069815
2.775859257223013 4.254545856897596 1.6155536016028855
2.4356776392440214 4.1825993496315075 1.2291553753346809
3.4463404510901166 4.0696897089683155 2.1932372714845267
1.046504329055518 4.656799066941038 1.7049925718984307
2.7183798642450743 3.511262500218464 2.258354159277758
3.629039928483799 3.7649280558185185 1.226106986731621
2.453058961044623 5.290451518780591 1.9522636135100455
1.5267516403776193 4.912807732217179 1.3895541908314077
2.5166005412142436 4.100087248139064 1.974400991759653
3.523586925380342 4.073126102416739 2.187908569704465
2.436549100745069 4.564987084861486 1.9938845376412424
2.4683202431131934 4.084690960209523 1.873071619277821
0.5145076955742626 5.305862422186417 1.9893772980220898
1.5832429522660907 4.332058855371076 2.166348562638861
1.7695920019308353 5.588911569324147 0.8806666575076058
2.6061530882189166 4.15439121129429 1.5762248784071877
1.9332344670053414 4.147804467755738 2.395549894086498
2.8004382317970484 5.0074185873955415 1.9885695170085533
2.048346135321384 4.532667803910694 1.881122672802929
0.8197432054522978 4.654944961649668 2.1344407868609294
1.3054065589410486 4.8677736068624196 1.7167824297156675
2.867939626812853 3.661370738462097 1.326674682751549
1.0477367040819499 4.570647421182745 2.001930637421777
1.6281206692219654 4.729025689636029 1.7173171905229767
1.2940507968315613 4.710964092714459 1.7480174263089594
0.3341731684938392 4.628871006160458 2.5484442428490497
-0.15590717969906748 3.996772787557597 1.6175803625590157
3.9426541553295156 3.424315037446192 1.806984043567023
1.6804311885933965 5.23647840106675 1.6974347355127213
3.265990097536444 3.9309864476515926 1.5324832512660134
1.6579789527749575 4.853488085123214 1.99017882116386
1.637000575155945 3.324691335227747 2.06323100206167
0.8445107420568129 4.8387162944235556 2.3820390219119276
1.9416649120398866 4.810245679523416 2.184632791623619
1.3763837429926258 5.073860601857314 1.9642197959088754
0.9716484257110939 4.282890694959086 2.164837398525891
1.5834023601751368 5.498112818614747 1.7584325456490175
2.0411758615841094 4.908285133648665 1.7235468824807472
1.7953489193215293 4.406318218735725 2.1327518436587454
-0.005630198724742879 4.67796690133985 1.352779434683693
-0.030339373238034355 5.318521091273086 1.9942112852849043
0.7167070810850628 4.773102643896423 2.6048237727207555
1.9342240011185625 4.636875000736553 2.469606210182096
1.1262948102808141 5.573532748410679 0.9489751375731996
0.9049928548021962 5.578260554789583 1.4886726362716267
0.43284385855621016 4.383075690810709 2.6055127508444786
0.48302233752314083 5.211925585993292 2.1304087682893234
1.4631744861556164 4.597280464198573 1.9342439914459475
1.1115615527634668 4.1418566786718465 2.847597862246893
0.4550284206160137 5.178050869612854 2.2828152155492965
2.6126124960281025 4.861956147751774 1.7472962698706451
2.6309225961874363 4.206007803608769 2.353801562643489
0.5274524648641138 4.588750536424272 2.714018923453073
-0.012408201374619465 4.547826247743882 1.7472986245188493
2.8302989551646625 3.584364859857653 2.108883475838157
2.007788592784728 4.527906674253321 1.6531267713569373
0.21053268545240364 5.203014523084366 1.0268367841006438
0.2120325153027 4.273128554225976 2.4235423425610167
-0.21048448467081657 5.461079784579082 1.5659446368524423
1.415513456174176 4.589270931968159 2.209860941167344
1.2637717319495883 5.241376543259972 2.2367681735260114
0.36844863751293994 4.64623492965005 2.644348440591153
0.8556314166220836 5.148159532329706 2.5184940304533523
0.9987638227192501 4.12213909096118 2.0709443294906493
1.4233082181062948 3.935599504836491 2.4494283289206313
0.640748533213491 4.323819519625672 2.17860918866906
1.2471208657297734 4.709327307546404 3.047573050609414
2.9222572214698044 3.475041722277847 2.2698701539198862
-1.0051963212444741 4.896047409338138 1.9497013019995646
0.2055032731230433 4.205036228075472 2.949925496611615
0.2908568735912218 5.621850733958308 2.3397569605277972
0.6278920155547357 5.067870038135215 3.3999394927199105
0.8858396538073399 4.541666526910283 1.9895975409799789
2.458720022260505 4.78129377801321 2.1186458591076383
0.35686674423140624 4.407904307291163 2.642755449044129
0.4083311136882491 5.329033756016932 1.522173409557872
-1.0345877112233297 5.059969698096774 1.9776806605289798
-0.9934437545762446 4.658801544105529 3.0531577562288206
-0.07081230649053334 5.084432679367722 1.8421160616387535
-0.8971360656528905 4.175276859545386 1.770528025172192
1.105583354849921 5.766492276948928 2.169088690578221
0.0241637330840322 6.006259539890221 2.4125022111129297
-0.8257658430282658 4.348065949946673 1.635222216220893
0.0995580892528388 5.235054825508741 3.1190596213620023
0.7727863991601456 4.517395448513021 1.7796468248707398
0.7994041781238003 4.998273217009262 2.7650833966264443
-0.24908924668655577 5.4113932604955615 2.3648967261458487
-0.4068680972426194 5.111509878195393 1.267586449690887
-0.5029844790668698 4.186429764579969 2.5575225213592585
-2.3833251326522507 3.8023366681558355 3.194279800106489
-0.4202186938886938 5.228423872890961 3.014470044438227
0.4130559505707947 5.213746235157248 2.7316357275756236
0.23780772461189192 4.618080637898416 2.7356261657477283
0.12974093112497725 5.013420622392078 3.052071224960425
-0.30332319556593884 5.013883403126967 3.080888311277043
-1.0755729956387183 5.025053567677709 3.508499798819111
0.2225211105151818 5.106574284168025 2.2380826738158053
-0.3984463721477635 3.9819483814916588 3.175497287521411
-0.7884559578225409 4.340983649866486 2.6036888429747926
-0.056875416648628045 3.845611520328789 2.2835328062756846
1.2874798298252716 5.44800188109493 3.067559808240988
-0.31399187829394126 5.011864619520349 4.087114892570158
-1.2357954819409822 5.5620063940025535 2.2246326061134396
-0.1701542956275862 4.239236444894104 1.9266544120123057
0.19696323782547834 5.019771649861743 1.981780580175133
-0.15154991903148293 5.815909405837835 2.9706029756642103
0.6515543029082767 5.061002707021904 2.7668483114337046
0.7006330047697298 5.270791082566575 2.104663024780645
-0.11221154349722322 4.976302605123135 2.596614185948034
0.7143241685179668 5.192330050649942 3.1368473142008635
0.406232058876832 3.52685141926495 3.4738146733008146
1.9177230104734653 5.209511614623144 2.8178312043468035
-2.439851646449356 4.809864437227206 2.573594125233464
-1.0257665382100212 4.4810742200239355 2.669559587525024
-1.6363276654908878 4.337938320179834 2.175554156719402
1.336261537918982 5.517447925223048 3.3842450835512787
0.7501372338507395 5.214818872751693 3.316854319081843
-0.529369200145013 4.7693986561867145 2.8209869200715367
-1.398574188511058 4.068207204971221 2.4157689001436333
-2.295585404565721 3.914408338101955 1.8772744431813342
-2.869509122429443 3.891645930941312 2.77527783388783
-0.3008936894418354 4.8024127620938115 2.1996969880015373
-1.287169612632995 4.479807842501932 2.06202990751943
0.993704341376605 3.689628426409385 2.716031908767939
-0.27861029194040565 5.472938475809489 2.2053415687840348
-0.539258786705834 5.051519114013205 3.4598839791598923
-2.715708510992546 4.058856481978562 2.9209226694962966
-0.5039825727691715 4.510234681026869 3.1038494522648996
-0.03634651331268072 5.0416346764057725 2.4138344091521944
-1.0415757870270241 4.819145813883598 3.1811312494788746
0.5445150876869251 4.981995392397354 2.6891943120956925
-1.1526361500275064 4.308750777577507 2.6899141798494015
-0.8652686272069139 4.898263550132595 2.3871265485426965
-1.0248713481666303 5.578505597687435 2.9704921390560455
-2.045926986553797 4.300478915961981 2.4657610492312507
-2.1352775912350337 4.872138896713418 2.7285850349318976
0.4039789949072358 5.235650073043301 3.8369179997614777
-2.571167036918356 4.464048313195361 2.406251902097307
-2.9449949832649693 4.130295717664338 2.6153596614240744
0.22511726718455496 4.599077368684845 3.7059379212617682
-1.3905669883484422 5.371836896342589 2.4836648516228
-0.564257229331631 4.8586375837384095 2.334248374827358
-1.4358628331358145 5.307568200471307 2.680072536822488
-0.3381872578320154 4.996148986940306 3.755964078805094
-3.265519640462462 3.334847175447816 2.9663022797537915
-1.9995546820340204 4.150753759745147 3.3172162451045732
-1.2601296273758624 4.499735337655151 1.8461424497236671
-2.8479179139228306 4.687116328921613 3.1884362677400717
-3.0588116617245618 4.0555162540193095 1.968209844784505
-1.550911093533478 3.600569225844942 3.176044482662317
-3.02776929858124 2.731667220767794 3.5014558050353886
-0.8862505363171227 5.083891063174321 2.382887865257758
-0.985846070175295 5.410167240870654 3.818756792089421
-0.8536744348410291 4.752028838724155 3.683843347207949
-1.4440736922127866 5.167998547638856 2.9042626853823124
-0.8279078423520566 4.594786758461585 3.8655372125452114
-2.3585652599753097 4.055722242932031 3.4523176596978926
-0.3596968898205289 4.994236430464288 3.1480794029899313
-2.238025943736839 4.615117251428459 3.4489032821138967
-0.2896667797250894 4.9293406387943906 2.9794680683904056
-2.4877345866837355 5.263707765613016 3.4039055467134913
-1.432206779992346 5.225099373066748 3.1489004240074348
-3.0399179744050397 4.7899500259164185 2.8329506300962657
-2.1848846126646433 3.786655340259418 3.8643516857563496
-2.176395100843625 4.242080462907602 3.4346959716562355
-2.3865175846874322 4.995432706890448 4.190994951449784
-2.058050353872403 4.991471905412898 3.1272203982919264
-1.483083007891395 4.630220404548752 2.7761510722719485
-2.540608833105485 4.404482058423878 3.7048966234545837
-2.340548350608169 4.717619140680656 2.9949786641394196
-2.6370208828487716 3.7575860722928303 3.354568609566909
-2.796651743728571 4.711298672683308 3.39238565133709
-2.6996064378877187 3.9237742550728725 2.786162020776224
-2.1288317512026147 4.632384887015404 3.9986137203692436
-2.752705707448688 2.523083790707259 3.3639899210837987
-3.050948248791003 3.5761720665939967 3.2574308665219
-2.5695505193001003 4.418437459941827 3.4031436004749525
-2.3534398249435298 3.471270476108272 3.378670048380383
-2.674718376425722 4.546070422574586 3.701019388797323
-2.552058858598605 4.452862121334734 3.247078879283482
-2.43345370570852 3.6970814767484397 2.948356723480866
-2.5605117787888356 3.836397409817307 3.6847197359345345
-4.241576384640793 2.8664754225124587 3.3637338173720863
-2.1742277111055337 4.96923079625419 3.2337549251178306
-0.9369423842404897 4.498016763229844 3.2894569290803024
-3.6589795428790675 3.541627153326184 2.7309387721321325
-3.497550328977223 3.4697387687139907 3.382419490836965
-3.5266561904818223 4.298729037301248 4.086792877616171
-2.0905301315839773 5.057817948028867 3.1064162713406582
-3.9777618118988523 3.955001502671288 4.005757357334639
-3.22105582155097 3.6537345487308546 3.9447658329857185
-2.6205972119945624 4.344723277625741 4.385381652708004
-2.6098203068406782 3.6582444475780913 2.941736512562503
-3.356352675489015 3.588689798480936 4.039718090627543
-2.318317663072659 4.888977029546996 3.8994614341927463
-4.441613960001806 2.3567662794323203 4.376143918550552
-3.9761491036432686 3.4376744971626008 2.8328271462992167
-3.161001235962934 4.087448571113256 3.6524587939351054
-3.1572892479861605 3.4323768306174665 3.897491276308826
-4.42433591506429 2.997969864140109 3.5433987071603723
-2.9032981099276296 4.044342121761513 3.9146368676931877
-3.5421157842165703 3.202762686374788 3.9078487972088554
-4.493727017989219 1.7928516168796815 3.3424132773180295
-2.6481718329847923 4.898199168508305 3.005471954083673
-2.894364930341425 3.870210835182346 2.345635356892571
-3.7919511444983613 3.5859488467970824 3.4695216742312556
-3.2162400833345046 3.356137379856245 4.286285106815006
-3.197722889878234 4.018196235769221 4.416871924719246
-3.3391748287055716 3.3493195304577834 3.3559072251314155
-3.2781196787386824 4.248046790495247 3.376255584160171
-3.6785231471000905 2.7032783741398485 4.835772224219891
-3.422299593165974 3.2149403759913824 3.799878390885668
-3.069379914767731 3.6457403405532194 3.2259081462908696
-3.768038663481354 3.8992866210657855 4.342545136739029
-2.988926091516892 2.869755739114505 3.794985349076944
-4.826798633973512 2.9183033689596165 3.3004161253714823
-3.0508570375708626 2.7345670053414275 4.055262615161896
-4.827260148059648 3.3081768711047856 4.413624547331001
-3.510487675804727 3.2655251110927006 3.9693125520886037
-1.666706953878013 3.961978192871193 3.725492105542481
-3.6677270173859475 4.267876436866 4.213691635016666
-2.637040860367762 3.5250742203466414 3.7838396635086164
-4.190349973320111 2.798218117833226 2.619692650992378
-3.9923212183657864 2.463242265097985 3.682460885601801
-3.9177997385859267 3.553859225118575 3.4278128364773846
-2.025642923322598 4.531634282881751 4.451951399572825
-4.7510898349102915 1.4298254875024552 4.090315958710435
-4.7151236475898335 2.489847160727353 2.773017922512748
-4.339197637119722 4.157106098405755 3.6940637613483682
-3.071639918168952 4.752593820957722 3.905734967763281
-1.8884444380506027 3.756390823056251 3.845022033779027
-4.684062195268392 2.2407472320325525 4.768871716053465
-4.468041159118544 2.36469028849876 3.743450445544054
-4.334964193302291 3.4170386815054137 4.559497412284796
-2.764081453804841 3.4380642448252203 3.7802688733197582
-4.673530839408367 2.4328902592188286 5.944296364421751
-3.226590473263903 3.860948885281128 4.3591471762029865
-4.527799607718629 2.4016449353801943 3.306329273648363
-2.7514431556970713 4.727827005960582 3.7520348583843406
-4.678346610172942 2.64600069642403 3.074611524478743
-3.8831855255213 3.48831850609156 3.220121613735227
-4.086784481659641 2.183687661776444 4.196077640103173
-4.188643679792467 3.014478107592334 4.290250627533198
-4.162318200185975 1.6538801045679494 4.330608908157131
-4.002550026252456 2.08657666587903 3.5478678040727414
-4.68419715078771 2.3204939921626933 3.7920832754290306
-4.314454900138587 3.0998131545150525 4.3601055793654
-4.2577841157253715 2.9005870686999673 3.421488493133669
-3.531663152785387 4.01202200769162 4.181527153300087
-4.927199642241922 1.2841473715627996 4.9048869189055875
-2.7652734498215374 3.4714302258485383 4.063217466947556
-4.791691382384823 1.4287056715452187 4.37939656429047
-5.50296485722404 1.7743680669856485 3.942546620202491
-2.662872093896151 3.186050845858953 4.275966551013755
-4.153895894402122 3.2642784721777542 4.008066644878054
-4.9656612238363245 1.6125561567029219 4.159445453609644
-4.147998785067351 3.0621602267303794 3.668908202791641
-4.838940137747121 2.930851732246867 3.486505189001567
-2.957353759029341 3.3524300460421035 3.5279643633155606
-3.110192073649444 3.2975893438789274 3.672080220237305
-3.5966983597030606 3.488178854988262 3.5301958752080203
-3.5387937093340818 2.941128571596753 4.605413923062012
-4.511445028934629 3.1695330088656397 4.07430174250296
-3.9746914868494487 2.467598431134734 3.6102221171377398
-4.548230579167207 3.075069743381068 4.80144925843846
-5.153391054581476 3.125780140606446 5.181727107697077
-4.204953377415411 2.153834547331946 3.388028560085059
-4.092748142548243 2.482414086568222 4.543220203786217
-5.145929871517125 1.7761829716197404 4.033165384834903
-5.0225239799161745 1.9861350817189842 5.516163976444562
-4.489432821522809 2.337687698391933 4.173167862168038
-4.366195096478577 1.7486023769272834 4.123661540115428
-4.279497504485314 2.307960302972212 4.161544229637336
-4.892551167231754 0.8710426533706328 4.821919690216799
-5.080514826112314 1.4230056114426015 4.394435343696376
-4.341210622693402 1.4911855669432126 5.2903561111379265
-3.3404309784633845 3.558175033658646 4.427850468591475
-5.858952507680262 1.8625314462085834 5.799201876672729
-4.6448789006430795 2.3254498311179486 4.841273061191619
-4.642758196101599 2.493670734978947 3.2757616479978973
-4.0152776248193724 2.7159005259081694 4.819917111723782
-5.826046973915667 -0.4881204367368241 4.740642532375748
-5.423451026442678 1.14326344434283 4.166210999443651
-3.678428069202641 2.738019856563691 4.331798330279132
-4.708540977122561 3.8944593364363747 4.122306299340893
-5.535394781235772 0.08604123735326152 4.041837542147117
-4.4854899269218285 4.385789276082658 5.270070234353568
-4.159440822722009 1.367217761768943 4.452713573593098
-3.623732358324868 2.5396992233886513 4.042075161044403
-4.364202193604839 1.8151711654806353 4.166411403876004
-4.531016093218448 2.869646143504288 4.721311555439983
-3.883113647271216 0.9428540928174318 5.01943587955282
-4.546790445879202 1.1988621286212013 4.571337559224825
-4.292594257662041 1.5252853229044596 3.8892511541036807
-4.189622699393256 2.1543016986243826 4.5124264918072745
-5.416347639927854 1.3727926275376576 4.668417414619219
-3.607192640189349 1.5174248559555004 4.778226305962565
-4.3624701778318045 2.3864785320831223 3.1162573329218244
-4.837103711432144 1.6763383070964846 4.320833031667435
-5.0007186726713115 -0.34555915916024305 4.748819898798982
-4.724763878351132 1.1763142140637806 4.597588978842668
-4.621684637753754 0.39116300013268546 4.059372899771931
-4.278608983739052 1.8734183410568148 4.114149159452379
-4.814393947116107 1.45015594632286 4.611139066752446
-4.54843573130245 1.3827682837526927 5.585625032743029
-3.896473411811724 1.7384799287713077 5.942890252132856
-5.0679947161570595 0.11413473502376745 4.394220560138108
-4.707218769108653 1.0974934484819603 5.035119029940437
-4.84779052852853 1.4321866746309317 4.326925163127063
-4.240837435483075 1.2635561248174088 5.17114381851672
-5.341332223598667 1.695870854708999 3.8003214180576226
-4.883228798223584 -0.11694017164942383 4.204628499553734
-5.33101581104213 -0.2238844681924211 4.6924331146290035
-4.6689356187770095 0.434277532184523 4.07493197919881
-4.563463070381173 1.126997969983135 5.129460521101523
-5.7507950880463055 0.2767968391453611 4.726306157914725
-4.97596786357053 0.16802660386025126 4.722919163859558
-5.306665813478328 0.4229980010860004 4.623658869704371
-4.817446061766844 0.7345972164838543 4.701730089031119
-4.578314269916085 0.6189598413411382 5.227073942942878
-5.299132934430025 0.9681566812988628 4.939111521939671
-5.054564042513106 1.58995584372601 5.058599478429471
-4.145749285329949 1.419763998914843 4.666840965100257
-5.438450731324172 1.4395353669523128 5.555172485606345
-5.248459697343339 0.78321442972723 4.387506475572926
-5.081294181588952 0.732259750510584 4.401174317860697
-4.654404396415865 0.9680804217342344 4.661516033747248
-5.426630620681874 0.5665585189370644 5.440364967425124
-5.613254825288293 -0.028582006776074382 5.080954086632775
-4.872650424406538 -1.3735314273463135 5.343329092978223
-5.02012976891181 2.4073578628842545 5.365528072143163
-4.954894876288726 0.2727515535354828 4.2731734890903965
-4.9406376094418 -0.09371603278614431 4.554207681557998
-4.974366609653339 -0.6092941480294232 5.384704541187998
-4.430981719637984 0.634546476156301 5.727481038022963
-4.6241516901812645 1.8165823147672158 5.135709681076826
-4.631164867145825 0.4989536857382467 4.712857302750822
-4.422991552399669 -1.0133474687798258 5.237946062199961
-5.9699968409174415 1.36317260766167 3.731083874142303
-4.709760894911201 -0.09671279787177428 4.815821904649186
-4.829512128301388 -0.14529868021987036 5.787058646756389
-3.917833289143771 0.11167335343961768 5.071233926158857
-4.889351018054297 -0.4602013208847573 5.69372373636883
-3.6714643508078275 -1.2951733783455408 5.516111807333742
-4.087918991884078 1.3734005409502124 4.332624590647486
-4.445674695337112 0.8510432386285917 5.108589036817437
-5.837547666895718 -0.21723102481807688 5.116408409376944
-4.918186198298735 -1.479384712759265 5.039878271566318
-4.991287479253876 0.6396294157017267 5.0129034481853365
-3.98961486942613 1.334928766916074 4.906246779901968
-5.130135569732909 -0.7745797278887178 3.6394955556196478
-5.362261228120418 -1.3592602593007799 5.212799917983097
-5.068314763899442 -2.4343965222796458 5.098782741144235
-4.373461569353578 -1.0632272127157023 5.375437512728301
-5.324394237001861 0.18749865443980726 6.23503457954779
-5.715747679443335 -1.683607887750213 5.373879192485817
-5.130174765787374 -1.3568251666561197 5.185877818028999
-4.603556000872146 -0.1775249106531478 5.095386210007767
-4.476761077763157 -0.7941666397773566 4.843669349512593
-4.303184847011771 -1.5325297361665333 6.011974690140934
-4.526976695815699 -1.1281575148959875 5.396868696084269
-4.656479069584829 -1.2730972399714715 5.3378758992915465
-4.751384976447057 -0.7159331838599566 5.8677741233204035
-4.723006403183717 -1.1368659437985187 5.244403428067325
-3.2086972073608013 -2.3922096039946426 6.009141439326793
-5.131409487924278 0.6674350007682263 4.621108119776693
-5.370519767653482 -1.7422071820901333 5.660673261590786
-4.487390687421748 -1.1104428404557105 5.70691290253915
-5.4404278510095905 -0.04058771840156788 5.627485423661509
-5.262820558180267 -1.630612804476496 6.5009719133063335
-4.525752909321542 -1.1287848543551293 5.661563240894611
-4.2226276029962735 -1.8365834117826885 5.068374185990741
-5.473273626441453 -0.5846116192305904 4.73909126013292
-5.453412425625671 -1.1328888516020252 5.152304000962225
-5.989525492560703 -1.3464486005419642 4.786729118973569
-4.760592953088094 1.7792660970775958 5.428645789219896
-4.765850402256728 -0.7985334463420267 5.122325683274399
-4.536090560718433 0.1645302120647972 5.837586513598947
-4.903228996534264 -0.12635842462195124 5.483065362798039
-4.945197611999333 -0.39531883265326734 4.826511172196744
-4.7372310073512525 -1.043216277862823 5.182978611444385
-4.009419239184127 -1.681553177246902 5.513475608159177
-3.4397335302057055 -1.9059583643954834 4.507781798047466
-4.17593046565954 -2.0574875913887607 5.069587717233013
-5.73107994111145 0.24566238076267866 5.330953725118408
-4.582420159103038 -1.9796226567647308 5.8061477454732735
-4.510829813070836 -1.0704770484401425 5.45789793601511
-5.000893572400414 -2.6869509588092724 4.76763778445429
-5.256018907280756 -1.4448496870767675 5.6677911741182125
-4.34686022725129 -1.19927287842868 5.875421749702331
-4.377104756193264 -1.4492438952181417 5.347570989799157
-4.796715684824188 -2.048770182830266 5.983227876091767
-4.459883107027524 -1.7627130929244685 6.013838132891275
-5.253598544506762 -0.17480065323039107 5.892336350330597
-3.451747077307642 -1.657852266214793 4.649987242617835
-5.592491793074917 -0.36957139151212565 5.111524429675083
-2.925080640431614 -3.950337532710106 5.20264728638451
-4.664420970712699 -2.0260434166959973 6.106392396988958
-4.350385982722885 -2.1648152657168525 5.968563168897269
-4.422196686112664 -2.1848392371140117 5.331605444832807
-3.480290041962875 -2.7226054448755552 5.988658423071992
-3.7019346413634047 -1.9045131735311531 5.628867361544859
-3.843035169600995 -3.441363379063173 5.8765668208280175
-4.947715904857459 -1.4113137530582496 5.747517638979535
-3.5162529139605607 -2.554551038014448 5.182477731150889
-5.989645246253275 -1.192926316664816 6.340689598498589
-5.065771424720538 -1.274361678566663 5.602345665043516
-3.851482574364001 -2.6593350758733103 6.629404166168169
-4.880536089553667 -0.4928640659814344 5.621226419449909
-5.137587442080748 -0.9063805641124769 5.647785107888856
-3.6694065664840494 -3.052236380550998 5.799150097422328
-4.486961220795877 -2.4020565784624304 5.140087474293248
-4.46892878255928 -1.9447454574829623 6.023246932861358
-3.384266908028086 -1.6734829550459234 5.283621831097775
-3.6327776615795626 -3.5263557142713564 5.291993998108498
-4.104037371981993 -2.717036603028271 5.517423812337097
-3.004380942035429 -1.9666104197516978 5.231475720635496
-3.9336816684620546 -2.9134743051728864 4.609134308034347
-4.196905153050989 -3.35620424786713 5.22976230253996
-4.9900042045744595 -1.2220456091487488 5.718172398132129
-5.643337769800251 -3.149407573582138 5.824821843336172
-4.139678897677383 -3.567222782638504 5.744912984310647
-4.492641767849341 -0.824041047485369 5.556189242215001
-3.6918306873784092 -4.2033848324848675 5.895561307359784
-4.285446625866517 -2.326488379576759 5.798823070981853
-3.528071882037835 -2.575315052833503 5.20724408219019
-4.798229057112834 -2.192754866865536 5.672555344859238
-3.373039010502255 -3.1923260471524073 6.517503845106452
-4.151812098853805 -3.1730995100738904 5.255194266915481
-4.4666503080900934 -1.4684169514098246 5.122840347814096
-4.582945872536759 -1.8734303972259443 5.428920684274722
-4.37899974502707 -3.271231881371805 5.897993046164616
-4.335394362758702 -3.295539558952008 5.510701365096624
-4.42645898924348 -0.8326558181511016 5.917082560923205
-4.4188626501566235 -2.8403675843649547 6.2641661027449125
-2.9366223155649154 -2.767975224590123 6.204808956776313
-4.665876641487829 -2.680754215528177 6.039730450707237
-3.978281416372521 -4.509965414915841 5.410969057158001
-3.1479969537567576 -2.7307408418236077 5.507684671207078
-2.4523959178012564 -4.406173696969028 5.346131102973336
-3.440086562802972 -3.0997977133634995 5.059517254871319
-4.27168401472351 -2.6169539223853118 5.787242233033441
-3.9913344910653215 -4.016661640800065 6.134202055261279
-3.163224715913408 -3.1895900555706866 6.378706941220221
-2.9341160179646377 -4.629332282205976 6.188020980105451
-3.1755774929523946 -4.40164830393314 7.037444098400199
-3.4616277301314646 -3.905584364111183 6.435232871997578
-3.386148787166276 -3.0359190832714025 6.430559289389609
-2.8844700373207766 -3.669592623366732 6.618075973585503
-2.7986584399428502 -3.7452423492809563 5.841170265893078
-2.6851214623593678 -2.9066085400775292 5.629012768070932
-4.125948616076192 -3.5146291488111245 6.627918545380853
-2.751913420600187 -3.7208785012550805 5.608054631425797
-3.4233953600553972 -3.2408651980344687 5.845873926476835
-4.110466586239307 -3.069038049629174 6.636155629195451
-4.365219832724185 -3.7801053604576778 6.857335605764746
-3.193015371914748 -3.9751439825118733 6.564670922011349
-3.6255770354981607 -2.4143349282543123 7.092445421939942
-2.2971299529746294 -4.075943077963068 5.920874575468943
-3.6359152317093626 -1.8923696235055039 6.800060639750454
-2.9695813403614517 -2.453538282747881 5.928799311507702
-3.1205445756426244 -3.662086739678664 6.834743018645219
-4.425260709563667 -2.359638159402855 5.172776263649295
-4.07844878726475 -3.236574040961489 6.989393223991115
-2.5638920126329228 -4.091735574436543 6.17930925142317
-3.8958154069904993 -2.477445877970803 5.862441984644943
-4.8730208234508225 -4.095728220216193 6.431880433494201
-1.3255551166983195 -3.936425465352969 5.679250320335461
-4.219125852787917 -2.573027502151944 6.241170609966902
-3.4427713422325503 -3.6711214778846823 6.1849455011389
-3.154658625774293 -3.434626657757989 6.254707383321255
-2.447757453954786 -3.981037294190998 6.247241647935524
-3.976210280807519 -2.1074099779565123 6.293455746837772
-4.092874795616157 -3.540825896443032 7.164031834788368
-1.8527605448657707 -4.931633879739556 5.92132255410799
-3.406899838767138 -4.136842758370811 5.875772846656221
-4.054171789620248 -3.198117904379599 6.813392081904645
-2.67179214696243 -4.066848662892367 6.095309071635003
-4.26503022413311 -3.460281378997166 6.584415852014101
-3.653050647716182 -3.320768542454809 6.175491111997604
-3.6420329058035725 -2.1128077855134997 5.813170378458963
-4.955404133610062 -1.1540621499468038 7.117840730340157
-2.469766067585328 -4.246813920771012 6.732222822513754
-2.043408410975836 -5.19461355708532 6.380507330492214
-4.731083218960306 -1.5928257778598574 6.7172145721462355
-3.9313947250480434 -3.351081963644039 5.578476752171794
-3.538790277057142 -3.0054349139483936 6.488363726242298
-3.2995782608757356 -3.0407125079102344 6.0253922384669805
-3.7817418510572547 -3.9439717048932788 5.904637218279031
-4.004371056181589 -2.9845695962234613 6.64039453234466
-2.2556876047988252 -4.727193619816949 5.914371474550404
-2.402686986366514 -4.559597745771239 6.222274889521314
-3.166685538068552 -3.6753628023906844 5.873375986694863
-1.7098164852718964 -4.502277482984584 6.032769931664146
-1.920033727653318 -5.070736153528679 7.031278983445273
-2.3565907500980554 -4.630267032644883 6.712362415385162
-3.6596494974137594 -4.279189786534715 6.733541906582875
-2.762159062211428 -4.138654913806554 6.259038076659266
-3.2791721074980877 -2.9719256790560067 5.98478537102863
-1.5391886300418525 -4.217895705210791 6.4187931607028
-3.198279263899235 -3.3399189995843375 6.737842799442319
-3.2141156692124717 -3.7736342289597062 6.659644480909471
-3.1238214052944224 -4.0567142483119705 6.216140113213332
-1.4993151247916843 -4.4521665545472615 6.351378833877757
-3.1601935834053108 -3.9152825118985497 6.690541325358486
-0.8508055008317269 -5.342395424577903 6.774740412728888
-3.3263186285431763 -4.691827229571389 6.593542231467242
-1.4433208839856266 -4.339073213192427 6.561336914951339
-2.238321516476475 -5.3207082951429285 7.7347383544721815
-2.5984246643990323 -3.861180842453105 7.097196187805806
-2.4838594322396665 -4.756075475220976 6.949860180019111
-1.1160564846088796 -3.7549203224648418 5.861720398050797
-2.197057330215349 -4.23527990769191 7.1113471080955595
-2.2928302619601437 -4.932838371323352 6.469473562024334
-3.5397049073808415 -3.9100631101817958 7.334979492463665
-2.688848571729753 -3.7610914735979963 6.447278770113113
-1.6896068513289608 -5.335001224077054 5.728022077872995
-1.0471355673635168 -5.197197968456124 6.760006542167425
-1.6677381008771055 -4.4632942083362925 7.219607507156914
-1.8084929373193186 -4.912926721660378 7.141298843376574
-1.8485605266706782 -3.6180475968821506 6.619900057319491
-2.3636045698232353 -5.260236034754379 7.75944763111213
-3.4415612807890996 -4.066469404986582 7.432998855196933
-0.5716805722170026 -5.328232859741388 6.76647399410768
-3.9147132546032894 -3.761543825093968 6.867940945549019
-2.540211309133709 -3.9616545261808653 6.9150220678611785
-0.46746534041953103 -4.787617834108825 7.289861765094484
-0.12219054101910501 -5.102290622198963 6.6926656740221615
-2.611806625920549 -4.06490874915735 6.610295124377156
-0.5296313938126727 -4.205135293956549 6.712571781852301
-2.105832658611103 -4.541866834561412 7.484627213348679
-3.16540397537288 -3.070084802717537 6.9670812309042995
-1.0485855420326555 -4.490986138405001 6.349543966841048
-1.8449398366411047 -4.150284579581838 7.3387705251042075
-4.510586876446325 -3.187206761120182 7.731209355440223
-1.5243434415119146 -4.546328465532385 7.127466680979004
-2.1611102716448505 -4.885242695305436 7.472197442694741
-1.9552352461730569 -4.84234816726028 6.320152789871059
-0.7704827440363416 -4.513338177586316 7.272933955275146
-1.7093863628782826 -5.255001257336153 6.809739200049552
-1.312698048885468 -3.8460995687897945 7.049839010857115
-2.1312693413286756 -6.049553807923827 7.451513160050971
-2.5146695742590115 -5.155146395470447 6.59894878513755
-1.04607267571148 -4.162520289497346 7.168079421820002
-1.9989112133712732 -4.158604691853444 7.0527381032173535
-2.97431225185209 -4.985751586762373 7.35658363614675
-2.483263960960068 -4.30970842971567 7.091193736999401
-2.4287947200525353 -5.395995955212846 7.031651569654446
-0.3844087529408677 -5.06136199258838 6.992368007994598
-0.00626644215823578 -5.018748309918041 6.83999578307849
-2.581680509732153 -5.150900010298448 7.161970939168974
0.3646966147016777 -5.244068719402592 7.109913112152117
-2.192126011226939 -3.9872647254387963 7.650175096975716
1.6071294390129283 -4.672024770827454 6.596939204081017
0.1945443903941483 -5.471912894802436 6.889525116788016
-1.1096805299761245 -4.4258004730771985 7.642854928795788
-0.8605882580053086 -5.063670942583395 6.808192252937352
0.02551066050317466 -4.5691096627522505 7.713974340963379
-1.3900145950406682 -5.431881867598729 6.9275868744811335
-0.1837009889011068 -5.198674679252016 7.519397666619234
-0.02096491575638879 -5.455502362435753 6.440072622188058
-2.0763265715845685 -4.5981973804486564 6.113626761663645
-1.0851753972044718 -4.507669789708132 7.398507807871179
-1.401846254901526 -5.109310763199492 7.747271354517361
-0.8727667513833918 -5.3740826787800104 6.22822381968405
-0.9891307730864582 -5.037542319899256 6.797877894257461
0.21084240422236325 -3.9155180947635495 6.824843208949652
-1.423704962979169 -3.8977049342946604 7.77544919434422
0.018527002108707984 -4.900802154628719 7.507944981692174
0.6395443817183634 -4.79650365679232 7.30710951839314
-1.7735925398758685 -4.902656158134567 6.934720423141065
-1.4250856085112915 -4.920717561109586 7.387451508737842
-0.9035291710858362 -4.9638539835058255 7.285111323720594
-0.4913202252643364 -5.7350210095512395 6.932042273376671
0.5639819664003755 -5.268608185230332 6.757222977174391
0.9555652292462493 -4.347181193031451 6.434372224882494
0.4690120939110179 -5.408452341561445 7.013653499353886
-2.2989920877993417 -4.606682735864129 7.57833592352013
0.2824913495793935 -4.376999365238699 7.198045060005058
0.071489677200515 -4.874305474267568 6.49838116743722
-0.5404986782469663 -5.23551217672968 7.293015523622024
0.2599115377362057 -5.30730818162919 6.853345764654031
-1.3046224078688515 -4.774896357145263 6.120316789704415
0.42456181930906717 -4.62563240879505 7.195713037734264
-1.3986264341225758 -3.9986118321516373 8.109256682233248
1.0547689787300272 -3.7036336180913954 7.902690677457553
-0.40822335802292953 -5.561741255664837 7.337070514531058
-0.1478433487488456 -4.2015618783327335 7.956537206711321
-0.13366708671662525 -4.06482123363482 7.215963956137549
-1.5362224276629817 -4.67098379903048 7.32254628780211
-0.3873768998735105 -4.922775425519597 7.135076783798407
0.01716789045099688 -5.447849426268786 7.450317853996186
0.13555892137933373 -4.789364466105855 7.492018829378781
-0.1988917732081335 -4.082817621030817 7.713418130844045
-0.15825848015880434 -4.859549329178484 6.868611950778398
0.9816219357517696 -4.766627160692385 6.413061575878157
-0.5076818600540915 -3.847539789501929 8.133060426089894
-0.47704003702494246 -4.427950123849974 8.193739887798813
-2.243999079989045 -5.516660457710175 7.6870840272115535
1.2752165563906264 -4.883254296587919 7.940898442089775
-0.8962489941018646 -4.17855284241371 7.677144897114703
1.1441419263024284 -4.226253883807687 7.363607872049294
2.163699354845323 -4.382072991102303 7.656444895756193
0.988116300820102 -5.1976060042170635 7.416795532111368
1.2088218545276685 -5.48521856918972 7.083480449154032
0.7130050314868932 -5.014487358474896 7.435883524336474
0.8523076952447334 -4.406869404847537 8.117357361572084
0.9388664183303498 -5.054679118138018 8.190766180638331
0.48175233294307895 -4.702785841626863 6.2001313151670585
-0.647512180475138 -5.0952244248122005 7.60176978303037
0.3052150243447689 -5.190838209328187 7.969148463329747
-0.5649430037168746 -5.636134208238545 7.41049397544955
0.0799642825182307 -4.7719468731457635 7.405895237302017
1.435357255082831 -4.314841571698052 8.886611557834883
1.086033266487534 -5.371338458116871 8.379588532912269
0.9547861245289714 -5.636490066962241 7.153888661310242
0.1032336187148999 -5.338740785688389 7.426059255814644
-0.2732868595896442 -5.199983469721 7.859027234170149
0.5090396148607595 -4.595898457209852 8.363587329492946
2.287268286190951 -5.120933708777748 7.694084631945403
0.7009159389223688 -5.524093167712767 7.873676864654903
0.554662187909983 -4.818928893764949 7.329978389884935
0.4955998099774678 -5.215745298981031 7.546952877377756
2.4220074709967445 -4.893451854005092 7.380114502507718
1.195108816166705 -3.8140294022701093 8.427188928222801
-0.5490066405648983 -4.4520097553951254 7.64857536892467
1.3756928745705344 -4.686654840461872 7.356310084360163
0.5895098065787119 -4.479610912810518 8.063773231461349
0.5572401993252181 -5.248976363057533 8.278110435716549
0.740996671393274 -4.617392280199471 8.667279475507364
1.6083780398200582 -4.930922307455376 7.859930208178171
1.616160269188588 -3.764031849747279 9.09984600676944
-0.0033353059491416258 -4.63098937507437 8.477796570431046
1.1885734673341377 -5.343346712978465 7.227955180110239
0.18159244924133552 -4.815516720698534 7.697842255494014
1.8803787013504991 -4.472833110506771 8.229897114644674
0.6408589421611649 -4.868941603565748 8.062325772127256
1.0017032578823704 -4.124881769193437 8.063621113308606
1.4917959624719117 -4.83232160501444 7.844102765409491
0.22618890339495148 -5.572830154351191 7.766825667405876
1.084344539724606 -5.188182669815897 8.414271488693032
1.646825802045545 -4.518881170229523 7.909274630447082
3.23000461721004 -4.744919176817968 7.624378711429761
2.0237807766290703 -3.9293878138529563 8.198137572568204
1.9675485452895496 -4.037690331116567 7.285192005971607
1.359301309971544 -4.710255515027736 8.318662430208452
2.0335823612962955 -5.851992071503483 7.593858639606965
2.1853268480002668 -4.362452366025525 7.803134223190702
1.3017061319879952 -5.088314365874142 7.924688727612188
3.0297385494042 -5.497081267448194 8.893973861161331
2.4455311764062633 -4.447997865412441 7.52288549253421
1.424583734499551 -4.039367866078417 7.542379126707199
2.752992770388449 -3.7611272247033 8.56424199724678
2.77455232000519 -2.5013690008632863 7.552295004352704
1.5446017256344562 -4.961189296822154 8.878197706689583
2.792627957771286 -3.4971443473261137 7.5552448412009285
1.1320482330573571 -4.551425764982674 7.936145440089606
2.172087375600276 -5.1442020831326 8.017272172243063
1.3427904601308958 -4.818371916299388 8.146536528493256
3.077359028814033 -4.079570192690395 7.475569386607919
1.9121636831799227 -4.223308607880524 8.1018026328968
1.5311165320474536 -5.1899036206280105 8.152055023937416
1.207961979180856 -5.693951333220027 8.037467025612644
1.1019397636821038 -5.525934661696788 8.452620819484473
2.0386171270981093 -4.835016741051502 8.269460128617082
1.3190991375377694 -5.677043483418646 8.012449055233342
2.725516724190099 -4.498016807472269 8.587411216741833
3.131026636169421 -5.057518279152733 9.141553963263334
2.6291892796480045 -4.466846124731087 7.752845056733595
1.891860009455774 -5.253290007838985 8.944803343765027
2.5259525621467205 -4.496071279381163 8.858668645986402
2.6891337071275254 -3.812104800597502 8.219203379902478
1.509688383389414 -4.2520738284383715 8.31095959136656
1.8719152420244098 -4.31508907816419 8.030299242400735
3.439806371546555 -4.206529005312327 8.096713888738671
2.5617051348246336 -4.540190694772032 9.427568078149221
3.971242392167135 -3.235182214764758 8.079309435210002
1.1515618116410207 -5.271881277598355 7.650257488304872
1.4706857652499472 -5.831694691020875 8.478413825389367
2.2262106254412792 -4.8060410611231275 8.471011625271826
1.9733917740938782 -3.1627903032839786 8.397704809443278
2.236542769880109 -4.578633277170995 8.103138984681907
2.328259133061399 -4.816998059415836 8.40016564166278
3.455502986674606 -4.242755641006711 8.47583971567478
3.645760721479324 -4.627617799411121 8.097625883321271
3.072892213533861 -4.604520696843588 8.740817944985608
1.2356196046991503 -4.74116022019927 9.091147476582911
3.1653276177485923 -3.5710335968276614 8.302281369028428
3.320004284628576 -2.5688884908386713 8.225401548113227
3.2772042816443743 -2.450356542337209 8.305374257658801
1.947108360535432 -4.438187803689518 9.30321442775755
3.9669096402977773 -4.2481174189737345 8.490957832652732
2.8076363818714767 -5.0751023648258435 8.604803826801735
2.6928121976579336 -4.635852638814755 8.378090435231567
2.0492077299651443 -4.623068298688638 7.7990908950443085
3.2206583751864124 -3.3698009116265135 7.417246178837289
3.376341251218698 -4.361772808434404 10.026920860014334
3.528782982885081 -3.1183401798138575 7.493802481938563
3.3627407149570345 -4.765298697944631 7.9905411980504715
3.464926571517561 -2.738169821167947 8.149101779275783
2.896108303224076 -3.4164037584165445 8.643382876325653
2.741523670420063 -3.720758426049829 9.125777868079366
4.557404172154716 -2.5083713600554898 8.940102092354207
3.7954138263947432 -2.827055416401601 7.993476615621109
3.7913580369966633 -3.6476710357172406 8.593481865104565
3.6976568737557924 -3.021486162583541 9.129350200042772
3.769471995617029 -2.762420581706674 9.690420357269582
2.629192107266997 -3.841062702044535 8.62353480922643
2.601682671825956 -4.362688431916682 9.711356510766844
4.130949782633354 -1.6848104832224284 8.699599822726812
5.042245359891713 -1.3296942747417122 8.954233206830553
4.352236637703222 -2.52523372447912 9.35897778381101
2.8382325874160914 -3.9634546864912834 9.105774773287145
3.8057726120792443 -2.4556719779365683 8.10888804439448
4.052486602139953 -3.493707990473736 8.713455139671298
2.7756794929741595 -4.123093968502525 9.245128091636172
4.565446829858457 -3.612674645785667 8.589830212164616
5.743166647099429 -1.648600991879049 8.762104814060482
4.677143067442982 -2.34808676802827 9.479931449728848
4.334340722983033 -2.980229241736645 8.544963827765937
3.612852712781932 -3.2577104772607828 8.847880214514031
4.677304919714219 -3.808528069308311 9.08483792389229
3.9283513088107482 -1.5687130742225937 9.351863639457857
2.8361941307294476 -4.311878343249746 8.668892239226235
2.9615083280458476 -3.420495486644483 9.584277637331418
3.2718970247964463 -4.412582648454326 8.48434293546929
4.346217816821152 -3.4414882593786404 8.629437005614088
3.568072567763135 -3.2431637072801935 8.081575393844316
4.432974802274089 -2.8653603925314335 9.587561561063369
2.2864700888564315 -4.93124014315816 8.871631014110507
3.912589638764647 -4.076380955561987 8.583252053541315
3.344435013774821 -3.300691551399439 9.021813137825625
4.280822058880193 -2.880012335509305 8.77296904936649
3.5283806458228177 -3.4956210917122403 9.51232501313147
4.443029854933041 -2.8361236212786096 9.182887762769715
3.5579066742290273 -3.0245510944351675 9.013791182028902
4.0055779807287015 -3.779277628907276 8.755951698683297
4.420220807048452 -2.539737517331015 8.687997561235596
3.945654668568903 -2.411530577475509 8.762206360348692
4.100824063511254 -2.0192075283062687 9.20920132057837
4.353403331543226 -1.9424659879599464 9.12543432878979
5.0337859504345674 -2.778883344089812 9.140186721323763
4.3712704355846865 -3.523459081173141 9.684610606428466
4.239819287530448 -4.281976808306943 8.888310289647015
4.420395227191836 -2.43184896258812 8.700545521214153
4.6759202852609105 -3.3713037041958964 9.158382521097028
3.7393397271385513 -2.095537943310943 8.246821823848746
4.15861719526317 -3.6920397278781176 10.136182920713427
3.6090930777436476 -3.4711422804369017 9.49521372725874
4.006804253300668 -2.031252522869663 9.761428037118623
4.474768431431082 -2.7052934064444702 9.515705007186245
4.385072873566721 -3.1739873765663735 8.95116518971623
5.166272443349651 -2.574558118467029 9.075749759851774
4.795855250494919 -2.138219899537423 8.897859159126547
3.654027702705444 -3.1544307603676986 9.472452549882725
3.7770277574194977 -2.9255904308572322 8.990829413633456
5.151932311139669 -2.9110137011052197 9.432168167049026
4.803824701022783 -4.063932347794872 8.790724886056115
3.67489329501916 -3.622942865736137 9.777719736758888
4.613019872070821 -1.2670053978399896 9.510599490018866
4.684753546210951 -2.849947108556028 8.733249346193427
5.221804666370135 -1.1753617488285895 9.780516362219398
3.950796251827859 -2.9130422477190625 9.050576751332324
4.6556356243192 -1.3491966106747775 8.48643058028976
3.8489654291392306 -1.7438599360258553 8.527550826281503
4.305444845863885 -0.6905469410370987 8.65887783918468
4.011595610910104 -3.2158070222810795 8.787463654207839
5.198303349338746 -1.4538820628075528 8.415945282501195
4.631255736526095 -2.298820527259648 9.83717881790666
4.860288078343465 -0.9561314633305635 8.075596069603804
4.5566085332410955 -1.9803890036719507 8.814988064914333
4.446973631545997 -1.1145168384019262 9.302118804665641
5.129913576691132 -1.6859220180882728 9.693367291760675
5.239265256332137 -1.5637795200549796 9.626935149550981
4.990208799026809 -2.1373475196485052 9.320488964334116
5.249613749052429 -1.1336494534372872 9.572633657031567
5.04168743509596 -2.299397748836016 8.836047894109296
4.408005760946184 -1.469956246995368 10.42825087205586
3.076626982461388 -3.1402246973914543 9.948238038971406
4.671675948727393 -2.437562669070221 9.691967131072406
4.442725820601385 -1.2254592052498674 9.155758002928856
3.959107792298556 -2.4423280128766134 8.966440572698508
4.706717595863141 -2.67331759511352 9.577746663979186
3.8084164191418135 -0.961291692032126 8.96504970693869
4.981509690239863 -1.8946595389270706 8.944146023139993
6.402208053746392 -1.7051208327863834 9.38187952332872
4.186155490295223 -0.19331317387301739 9.44578028858856
5.226545757346933 -2.927406613470006 9.146919819794267
4.285163088117893 -2.4056986394569724 9.69000839119172
4.426989332426023 -1.1887558856230243 9.231573310788509
4.0284163573950185 -2.4650346082754186 9.492061516691189
3.926189261924658 0.10051754559220555 10.226557139769415
3.176216529540495 -2.415066860975883 9.648542661408733
5.35379283713136 -2.4772080851117995 8.963402425449397
5.020480371168469 -0.5564789599631238 9.630438142900521
4.259529082861969 -1.3527486206213877 9.691334392317067
5.255644265770787 -1.0277929733123237 9.119259008168953
4.420963493274416 -1.5533842719105706 9.863252268987832
4.189415210757775 -1.4855167061210752 9.530489519630818
4.631503703846375 -1.0891732465851003 9.23332272743598
3.9557908045877173 -1.271756353905082 9.73648587725749
5.0069227858254175 -0.4565991415199563 9.101216745417053
4.1968571211010115 -1.174755228053411 9.469811317498603
4.795523991319839 1.933368879894329 10.015985661079092
4.889029939122838 -0.40697090402462677 9.152573561294718
5.140581566519496 0.32750060578167334 9.618732974537785
5.3849353240779365 -0.09734351694312188 9.845437582442491
4.6388669550661294 1.148352458768379 9.671680476759203
4.255522622001591 -0.4107101362419618 9.610588640186641
4.775661912432453 -0.40949608221453576 9.509602379277279
5.234571953235036 -1.004838940607166 10.585689409888076
4.743856092281833 -2.8708661456677786 10.678730574640184
5.5158616820647035 0.23040499219420946 10.153265750782133
5.089327826519743 -0.7882801309815349 9.775941069753433
4.893206702991348 -0.8572254431201718 9.418117564939264
4.831670152411419 -0.8325004141953994 9.339433567589376
4.506690027163259 -1.5379168072818172 9.489840593395575
4.492740821362171 -1.338699664872515 10.178337777681097
5.343904312834537 -1.6600255888182338 10.957137258227522
5.080843139518193 0.2745130664177214 9.875516324284446
4.801383223187704 -0.6079947532886448 10.32263183317659
4.238940440289962 -1.7069663671022137 10.14163491161356
4.831387923456179 0.27835223655005614 10.109078859446727
4.0107491113372875 -1.8749962747273858 10.12022646336498
4.708053922512137 0.06062421654973325 9.244232288492404
4.277125625854073 -1.393813367612551 9.639004282208749
5.410511784051848 -1.5033084480782977 9.830497302995402
4.748597881323831 1.6253611130722252 10.100004250774678
4.771242870105505 -0.32490388301718426 10.116931599978745
5.028711843762581 0.6193149478965014 9.724787355908333
5.320789688952653 0.19176968057826935 9.309679024908803
4.674879945043758 -1.6762245160057478 9.416393712814987
5.316586975165556 -1.6280376646691126 9.222686570664177
4.582270760717898 -0.1573127613735381 9.36717712404144
4.220322536842449 1.2672492341158108 9.703518923639304
5.140823148470153 -1.7571637673639275 10.12084290048312
4.752766307492894 0.645836450509311 9.022290116622578
5.090668127922476 0.535092281243284 10.516254355675493
5.492887258398923 0.5589187529969277 10.399096038956094
