5.038111169125513 0.12990033282661756 0.8826639577329811
4.610251859573669 1.502838514176281 0.30644018191607575
3.6615397361717354 -0.6250900953043126 0.28096256252019197
4.489142708318341 2.0384042808353655 -0.2241661595526475
4.717701873577704 0.41090637687760717 0.1727319916864152
5.106182316895699 0.7453059308475959 -0.05772121960809562
4.373221485186143 2.126355090373414 0.3622400765921807
4.949649941246528 -0.1856675001626301 -0.061526066536601864
5.8125509105112325 0.3051470225761319 0.4284555657599234
4.011984440328472 -1.1283708010225753 0.12285630726912147
4.959888311551135 -1.1689375478637511 0.5251934229623649
5.1244096194233615 -0.2069443705333706 0.22214391295282826
5.235689100578673 0.8361314702052965 0.41183441954397026
5.639130818760703 -0.5330304080522292 0.6646287086626624
4.239097332111758 0.003852512496058055 0.5132585224731397
5.200167147100733 -0.7447270906735614 0.7670428992017683
5.306408311463414 -1.1125034592716394 0.05096836783773517
4.908566987218902 -1.372686898548256 -0.44830385168427367
5.23496438440708 0.678640003463976 -0.09159380964422287
4.814901125132322 1.1999779144495661 0.008668451902637625
4.419890401288991 -1.3809080335625135 0.4339302504082051
4.880985838753563 -0.12011315126129386 -0.531535624528781
4.078933288462532 -0.17711909298751216 0.045269046964362125
4.664531778950833 0.047770322506971316 1.1043563112658559
5.1449069538790555 -0.2662313133858367 -0.04054004835546615
4.324615245454984 -0.29122588048057513 -0.7975474870137147
4.600218742790762 1.739027488216067 0.7309609472185548
5.119072679646038 1.7225777406915657 0.5358086810987605
5.48778206307678 -1.0436148716314153 -0.34413739065643745
4.935121183701295 -0.2548574968903661 0.5104458940235586
4.163296006428126 0.6874131213448695 0.38872418558171296
4.194931255302528 1.8055353349747323 -0.27357635775328054
6.506201724320621 0.2641616244904502 1.1730053032924568
4.354825797262538 1.8870963519756778 0.4270407122854635
4.746358013779373 0.028620552607363226 -0.27750557914954516
4.519099009982093 2.0042683275248447 0.7472697985081016
5.023954361963274 1.7997464122693678 1.195854784891789
4.892527579364744 0.4671341480390049 0.056342530030069005
3.8128176606192934 3.0576226174598187 0.14196496686270982
5.429939278402328 1.4574828864029683 -0.2621110209192068
4.1449396987634 0.09255949220991949 0.9368411671789303
5.369959495442292 1.5054914846524516 0.578470245961314
4.985441555119836 1.3948807714071316 1.1508712648523856
4.885577101959565 1.3096478347714209 0.17796902311757995
6.041828864581834 2.2601776179964017 -0.27744900064362854
5.425803562765626 1.3233580952501134 0.053000343384171755
4.205976244566551 1.2687283230608544 1.0806590304484562
3.8401591622468816 2.680812088290287 0.677425073205875
4.279664610420892 2.5141517265991573 1.0648698511191594
4.8175639071428495 0.9008537885006607 0.5281798302397512
5.118796513392382 0.9577845561131673 0.5574869522735121
4.190347935692472 3.1541234783933256 0.32228982324478783
5.1564359542929425 1.6079116596540812 -0.15221028686483684
4.702697656302178 2.00912070454988 0.432702609780404
4.581794833307235 0.692062813699297 0.14078346673077785
4.56632993758481 0.8897013440280823 1.1752117220484721
4.662492913423673 0.9679470284659584 0.3481526374826134
4.747833536670756 1.9559691028482715 0.1791035845057336
4.429720437259716 -0.3858810737873502 -0.03531505145418723
5.083315610492466 1.7983515728221011 1.3061473978170015
4.075058481346942 0.5814175107429743 0.9499729167533661
3.9049940780451133 3.043058752078397 1.0595407466353497
4.072429245385933 2.8003552430901957 0.5650088199926797
5.4935945148541885 0.6717593811992187 0.9124325148675969
4.38670406223757 3.5378312149323756 1.0530315120631235
4.4036597955363375 2.9674622783960514 0.5946024867915967
5.1088744553297225 1.3981433302697996 0.9672199349041286
3.7471547415716726 2.0169013254512578 1.8318994315328383
4.610253820161398 1.724762980003019 0.05779401240351212
5.241508608331075 2.5985166290317103 0.045171473725333144
6.055783160739649 1.0830922014205508 0.873393327359848
3.989255019877297 3.0554377133312647 1.1473580418061142
4.474429489495164 2.135130157790235 0.2648854869367154
3.8019602067210565 2.433754153976942 -0.0025251831754234955
4.385518185697208 2.409880711657486 1.835665223331977
4.870911337698149 2.694337176113218 0.4520772716295358
3.362954127074358 3.4065270591976846 1.9765265407590678
4.070243908614548 3.1300729680390313 1.9411614264682817
4.5673370093716885 0.9703330606263626 0.2420781723561236
4.008093508598843 2.7463512680051796 0.479280410742242
3.0242091372421527 1.2880351186334245 0.5664653171538813
4.796569869000183 0.23229855811238026 0.9211581211561067
4.7635223968941744 1.3921739242528457 0.9672264524855028
5.163151562427879 3.0246902849500925 1.5703553867686064
4.090492354060504 1.428639456547681 0.5305052781165311
2.620527105849134 4.0015641281348415 0.7895212082687745
5.2805450991323015 1.9023494680467374 0.49589728474353156
5.132774618185791 2.057244736088867 0.7622879019580362
4.2484040988561755 2.1478049020395327 1.837724444621971
4.922363716943149 1.0312414472808569 0.9851290118668712
4.792442460166828 2.422136331824829 0.654492143451799
3.3139816776629356 2.7396302934555274 1.4474944512331978
4.828118467875304 2.016014694302312 1.0649012545794954
3.50129227067397 3.4589382793474024 1.2944968535658379
4.211022792467167 3.2016138432321233 1.6205974404754675
4.967055688091612 2.725061370876364 1.557241077981558
4.040892535767844 3.8087975973037134 0.038659451783269905
4.5552099523511025 2.5873099864175075 1.1778735105328724
3.2155370757816444 3.064314405826574 0.7943206238892935
4.416460983000168 3.9713603638709727 1.033158220679388
3.5048528386353905 2.8206589526105814 0.9228664198901275
3.2319846432968524 3.084261638539575 1.338485667207545
2.94797341591198 4.496265343625872 1.1337894353165623
3.1164142989320736 3.441266499518151 0.7378599481778292
3.8924618400216664 4.0620187684276745 0.8624602807175393
4.366471424768414 2.5947152199190744 1.2133893354800962
3.492155678608774 2.521148960416088 1.0748791375704487
3.5031628757998385 3.74290178946402 1.0984509236156146
3.850662835064852 3.0803244364967757 0.2588437942590718
3.72661219014149 3.2552846912245634 1.4553903734753668
4.155787818570763 2.8452679479690963 0.8419504720393366
4.111979402203061 3.1248329095140392 0.717538637469813
3.2859916720147564 3.7077836067560104 0.5982160807015877
3.292485642119187 3.4403177002045764 1.4649678610815662
4.10762054777001 2.9884712415476957 0.8499472571606363
4.9101563705880285 1.3177200263065438 1.380289378885684
3.6133145834777145 2.872522263736071 1.5860358461196615
3.436924481810466 2.8436162124288047 1.3388316318306288
3.554587890447379 3.286591098337403 1.445591021228251
4.844497198084744 2.841717517818956 0.7514460452851224
4.014245797057098 2.634224896775317 2.0495491888629576
4.140951107043715 3.0079140365891197 1.3797548650601124
4.2264412499051724 3.377275355150042 0.8925536120264603
3.074647503430487 4.248439236397108 0.9696861740819974
4.885301109467755 2.94505864060538 0.7966642421876675
5.154292679116983 1.544792506780835 2.090210221723164
4.377222433698976 1.2851534741786066 1.2539805163819686
3.3980029032993233 3.849644527410709 2.159890049699893
3.6728834011558704 3.9428836614978193 2.103486421449947
4.260147385895071 2.0239341194433775 0.4431659248284786
3.227199417560601 3.8527141074867166 -0.0030106617216096865
3.89517552587139 3.7918323992087255 2.3123120010643454
2.440899459505335 4.1042300700197885 1.2758919611340824
2.9511886578549347 4.286265049692231 1.1447456208339983
3.463652341022726 4.317735430459209 1.1073481150269915
4.048723658043001 2.0386888993195056 1.4403851633839337
2.5168690854784286 4.826968443646943 1.5109061802574861
2.9005244763544544 3.8312270397229353 1.9724345757566764
2.572507221778844 4.272460386473984 1.3507762243197168
3.922303515318704 4.003317271559073 1.568988618676995
2.1546495070802902 4.933056311795448 1.4502918620124914
3.5631024685550594 3.7001547569908206 1.572560456263217
4.99303626631147 3.480257481759152 1.7654955471934795
4.033532097496946 2.8047655192743095 1.4529277692297833
4.612858866595728 2.574897358048636 1.1725119501759593
2.6008675715073686 2.9596996647487748 1.029955751851857
3.361835777918685 3.333247563247036 1.3443129251019805
2.2682630278612135 3.7524943072376495 1.727556936779414
3.7831150476125894 4.36576574652805 1.8268219181697463
3.3601068061298727 3.3953934628668314 1.5025333495035618
2.902943509207844 4.13750474755975 1.6242030328902344
2.9510757994963894 5.505946414517119 1.8926348152766599
3.140152410921873 4.686846884297573 1.6043520948488683
2.543554278257139 4.338979371574504 1.4110985242605711
2.7764417773799286 4.658180755302641 1.5398388863469923
2.8862805136723786 3.1630932460093018 1.4954800298688835
3.2888430832895725 3.1136742802120208 2.144326077175546
2.630496087032962 5.025168634835218 2.1781277128388177
4.177098588117401 3.220670624172842 1.477605118252262
0.7649888663005084 4.879952922713177 2.2509425341295017
3.8526755675359645 3.3910318715717676 1.0610919480805463
1.6908264293433797 5.359436883999523 0.6428103756613158
3.2153187668877807 4.618425668348716 1.4862269602627274
2.4246871866477107 5.038745057913429 1.6946151637912854
2.2946505088145943 4.136070549493607 1.9889348982950998
1.3012740289536773 3.848947840817747 2.3002208852112673
2.4073564364854865 4.875633239114363 0.9321127025207582
0.7622291244729298 4.086384469384893 0.9312256056654282
2.0436162905862894 4.2975954158913785 2.3604514773226066
3.011380283785425 3.944951919900147 1.8376024595144203
0.07641709967057735 5.659906085326003 0.9901051343747777
1.8060452784551526 5.24698011069729 1.5621703353250525
2.082408372065951 4.708327168344505 2.145776463433968
2.3136403388159192 4.901858601413845 1.8025620105669433
0.5083937751694787 5.033740022080313 2.5201486786778196
2.6539150670888034 3.8669817970016367 2.114292298130494
2.3806364688102355 4.376646336127648 2.182611986440655
0.6180181866847174 5.154576498743752 1.852133205666903
2.758698123701186 3.364882343134568 2.015311238369029
0.2833869899580129 5.072539113967537 1.8134609544363072
-0.09407061386784554 4.9192505904968495 1.3126188420656897
2.3810897647842837 4.947076169237325 2.5604199437175983
1.786022992921631 4.243214859199984 1.8272348747835592
0.5638816750784117 4.703169478992589 2.226238144289927
3.052140655708196 3.581532105850031 1.6269353390567374
1.6421885053796688 5.075204240127527 2.1373023921031735
1.3123980989830462 5.431329192725371 2.0147767181082368
1.0169442449403605 4.427902062586896 1.7910007882800039
2.0507743512347028 4.618683447647911 0.6639716763487313
1.2498412550827533 4.570346807675999 0.6119149078232602
1.4000835953433062 4.640272269975251 1.7247036545245091
2.2949579163385536 4.047738426984247 1.7147073144362635
0.6078783830508175 4.751533801960963 1.5483636809713408
2.410036064497549 4.055447465958606 2.654497637017361
3.015301704385325 4.790290519983165 2.280001268159949
2.288582201266648 4.710084814809269 2.4275398690736254
2.760470902706902 4.9054997431406235 2.170539326562777
2.7386247483692356 5.571436095257538 2.274266279267255
2.5779452155709692 5.4845467435784006 1.4870605628526763
-0.1960989026211798 4.2611956759565235 1.366321565034426
1.321871404436605 5.46119267284078 2.405903195925014
1.0639428969867954 5.063301643482294 2.5225281799197594
2.3621965808732126 4.67205498694781 2.0334389713080148
0.8175515449732292 5.410348216137934 2.31676862339799
1.5813142606083317 5.115515628079835 2.502341355644207
1.6670245976232159 4.683585577397492 1.979196464391878
2.274772014677477 5.779579387128327 1.5669475922318492
1.2787263895679994 4.140206486027938 1.8071286135727898
-1.4982501613125698 5.02269588848284 1.8631187142753953
0.8079089084619406 4.8137265902848405 1.5869499906737987
0.3432257668440752 4.311990682910249 2.090012196979579
2.5932908244441384 4.622387718621337 2.5415058656420073
0.8720355810075824 5.7177294218465144 2.4961975196198942
0.3753512147125937 4.697274548496716 2.0239521545167563
0.5742037807323381 4.585482223276844 2.52584651392743
1.9725927016147262 4.721136541838696 1.5141733177163932
-0.7390719580569628 4.9025675331740945 2.0903047875565957
1.0856233653548697 5.07179587906602 1.8105286168150747
1.0741604854432056 4.351508476768428 1.9959636548054362
0.9183857088947768 5.543576579765243 3.201242342379685
0.12163536229310964 5.645932207329 2.339671477950931
0.5095354567781233 5.143270800490028 2.1002563266853085
0.8060464888654753 5.889389185955141 3.0622877972442994
1.1382735851350951 4.97916813989742 1.5561629565683064
1.5153141898557825 4.301659908028902 2.424958709750934
1.182761502606951 4.872091254753456 2.2651108814612755
0.35687341455889177 5.1377145610843415 1.9043505660843139
0.6830080477323353 4.253591168830597 1.5115605236002918
1.2431041623140622 4.596389209532432 2.2779031789644946
0.6540368750020276 4.906599311268923 2.3065437135627
0.9736876878063414 5.813574446529805 2.20483000513335
1.4555176651504476 5.38400032870543 2.9657915569593656
1.2043224618201458 4.838800618134164 2.391493665216239
0.3369921096044657 5.016822715601823 1.840727233444753
1.1854001070033855 4.816103096510967 2.1805910299826747
1.0803572652266484 5.57864231189643 2.5125570480183166
-0.3848442956553197 4.725510265298863 2.7349633146152543
1.177594851554577 4.323633807916378 2.4649659885143995
0.5006850109382407 4.675661413294375 2.184416702010358
-0.5812288221199471 4.916951893013654 1.4532945674366662
-0.9979896529495516 5.64889589743608 2.8912027786870307
-0.09261053287142294 4.428597618933609 1.7894511448616557
-0.884171136840749 4.24656470419033 2.6010806440873755
0.3351583574409777 5.30354466511522 2.918249655376054
-0.5741922821203391 5.305549329809224 2.105803431025836
-0.01634108400973907 5.097677160702291 2.1578090865232387
1.3030264230977968 5.005436915359573 2.265086130650151
0.5591582768214867 4.041601997265234 2.1528665502525297
0.0067954290584697616 4.8058281926448725 2.5338258560860805
-1.7814639808366455 4.272186922701815 2.3062620953320807
1.9715509648494312 5.371900019394574 2.6670897320434666
-1.1026137342021465 5.342238050284174 2.5949434576328674
1.466858407392233 5.461657384578519 2.9631881767514776
0.5698375956217906 5.230448745112001 2.9598729223205544
-0.7144002097016462 4.356601469323575 1.9883331750215385
0.01762715528019158 4.044882447985928 2.6101387034215406
0.4465577732734086 4.3059765897543025 2.027731488644975
2.38561980519679 4.604634194375804 2.7361954498459866
-0.778571271570839 4.913760519732785 3.022322351838788
-0.23444992332616782 5.137118346211013 2.229699741320755
-0.6973769648492527 4.61278070010827 2.5685801716612002
-0.6489728039616868 4.491311249598409 2.5807364195777174
-0.28134067309745414 4.938473305580006 2.197637441947284
-0.6991187688775167 5.347473283971758 3.6072357918928883
-1.6312989388610797 4.65011357615837 2.6039401758996368
-0.9258499434525911 3.6258990150693293 2.9856665711602144
-0.1660669956370446 5.258556143019953 3.2395784378105725
-0.4358042675039457 4.25889024043559 2.964123021279961
1.3405217613301876 4.695981011100508 2.9757561461287954
-0.6357355843936568 5.339564264447403 2.966822213875755
-1.1597269860170165 5.341263780281207 2.3617911084036374
-2.1761572627855355 4.361022861037428 3.07400380993681
-1.14023244823322 4.95470682507241 3.1755540313624735
0.8263679535240476 5.266590323193208 2.5986392057143197
-0.25773751140590345 4.996537852387993 2.3265029793412144
-1.9883429607886094 3.579223353774013 2.4409679423120116
-1.9584483688234373 3.881510296657259 2.444739665080913
-1.728240799211607 3.967153814586135 2.0456956479839654
-0.681390071360726 5.845208086246592 2.580030985969734
-0.4871387498463129 5.433923702561546 3.079809830677335
-1.1574504313411966 4.574277596744634 3.4437417596683515
-0.633626221993541 5.330201697301795 2.5876634617077743
-1.7094260663095162 4.905163751333336 2.986428761982765
-1.553025722989787 5.099171222126416 3.28764184935107
-0.7809326743374323 4.5263775855489925 3.080094171847848
-0.2363223266628083 4.609126638348169 2.651115928094932
-0.41842330076549383 5.3834008238756565 2.717185140562378
-1.2025321402974702 4.542633453116761 2.7488581080627257
0.6509899018649574 5.438601054720355 2.49442208307874
0.26033480461373093 5.427305958183807 2.0222645181175016
-1.1813069762695536 4.887946367301453 2.8741959108165607
-2.2166584628320156 5.17791506044591 2.7105314088240937
-1.921569381967521 4.3856056340577885 3.1851857581110288
-2.139246950452263 4.66074407901427 3.693759357837906
-0.8863585818231402 4.889855560839476 2.958163470515299
-1.782607734026577 4.017979038637866 2.8556188028734986
-1.1459140625076283 4.914358797930153 2.7904027863845404
-1.0150433641871155 5.174475273614319 3.113202081148913
-1.5568655975469825 4.285883343434198 3.09989059246941
-1.6641517175425424 4.323063424034708 4.053814217217351
-0.9915136597548385 4.6839895315487245 3.0047683451637535
-2.2917348727074685 4.600185874510942 2.97730003293399
-1.8534602855574198 4.7042495834526905 3.3490826099436686
-2.1669060245084837 3.950910427844088 3.676319146873551
-1.2384207884894791 4.184959599943631 2.5980421283381467
-0.2976388115642727 4.437324542981199 2.832325381342588
0.23465308635818471 4.191884671409978 2.217274306942303
-1.0019341125135357 4.638905495095235 3.348041729430996
-1.0021050467857473 4.529924264699246 2.971007163309302
-2.9046159059397345 2.915366191677109 4.151197191863517
-3.0442558083147206 4.826373796033001 3.5307721277644895
-1.5266435500132076 6.004947322718738 2.828822768725745
-0.3533796798818841 5.051455384770769 3.1413117232134242
-1.975596371845634 4.024832159483003 3.184143464291198
-1.4486587894427851 4.243359442542217 3.148221854237814
-1.123703530305006 4.582329207483296 2.9004152526141698
-2.450324017403718 3.804550759620713 2.760284506853243
-3.186636239825557 4.739415479469749 3.360494654044527
-2.3531486473975045 4.954159880554462 2.8549163261795463
-1.9341282217871292 4.476566424536218 2.8666754038614677
-0.24977486207959423 5.3540856274171835 2.9472778021284833
-1.9603031358436818 5.212811826701087 3.644899480313375
-1.2688807537800186 4.5119127899675915 3.1668630107897795
-2.7710813831487875 3.5254382123998593 3.911588559812477
-2.570010272664177 4.853980403952413 3.6578622963016025
-2.1246721097783827 4.7711794728136026 4.320255290504635
-2.83824619957442 4.548362589862482 3.5551526033509973
-2.7282256799285984 3.9836163360617327 2.7973560220650993
-2.63038718251552 4.8540050836534885 2.923909615896285
-1.35640772125289 4.097133758368303 2.899222254841806
-2.1958208135653154 4.401945690060656 3.749182533425104
-0.4387481563597663 5.168947721679584 3.087730908585235
-2.310843058435829 3.556653935467222 4.452612164554337
-2.419837966712393 4.240019337289772 3.092560198881401
-2.5232450417642416 4.874304260798418 3.110074646233836
-1.582524722427538 4.854460871739724 2.791978028325121
-1.9643973433112474 4.475791838701835 2.888892528785913
-3.9951532232820886 2.379677293888355 4.278204958645992
-1.9024552073789562 4.0844237718326655 3.1249914450564176
-0.9445557681774763 4.2871190200479745 3.2000688374249955
-3.224814887787979 3.944150090618037 3.1773825165154235
-2.889539685622979 4.085434044767769 3.8663750580311236
-2.7060805911570514 4.614292192445686 3.4229215311368892
-3.212722427998414 3.69535088845908 3.103985919946398
-1.8457726013631859 4.2353773158447 3.7163995728368064
-1.612313554325428 3.789200713639824 4.703170666559966
-3.173306232241738 4.575946513880833 3.138586904670679
-2.3173824199415174 4.395800661398702 4.327366640029405
-2.581878631088058 3.396667862926297 3.540593476995894
-1.6266026842856072 4.789285267147563 3.9888727509902657
-1.8089432357987298 4.974932408284109 2.97374298982796
-2.33703336684169 3.68514105090426 3.5043209319720003
-2.844570323931769 4.114842474396945 3.5429095805878106
-1.353703540892734 4.574935285529779 3.7786551616157142
-1.7474136657308923 4.176276935982199 3.215508491046029
-3.8012145134862445 3.6942723547859893 3.3186092556292626
-2.6549204355583833 4.909959627299901 4.095576879884639
-3.7541838735291377 3.3977277689231715 3.8440244824811223
-3.796625573222884 3.8838843503215927 3.157654841732867
-2.4934856661841778 4.10164406338782 4.408599115143077
-1.51518141005129 4.556712597635956 3.3529706145609515
-1.4262542771313622 5.198089918597055 2.997342209487221
-2.518348958927908 3.313749877501443 3.0760569059095375
-3.809163659603397 3.2836547247265346 4.4400218320110865
-3.76792678088243 4.8633673421071615 2.7367769729930256
-3.385832963114216 3.55478921370202 3.7875171485452066
-1.7748491336226817 4.991173614963406 2.5398581944150056
-3.6838942920557427 3.973353033418573 3.2609220800377665
-1.947188208587352 4.120041249891566 3.859432480185795
-4.12706442372057 2.5944844756169623 3.476811470309198
-3.79746591521703 3.907815878239691 4.010852748988961
-4.084415253362158 2.7545123993814693 3.82689558344202
-4.210043316319357 3.381944059213515 3.758072907689197
-3.993632033583496 1.9066902498483098 4.609231408700621
-2.856182116966585 4.076728641086326 3.382507785982143
-3.593561001956008 3.3468193056647495 3.5812696497089513
-3.127988036210903 3.907510520165421 3.4784227048367633
-2.9117120227154794 4.033003511645038 4.222998441439158
-3.450187606813862 2.7885912804619193 4.079932764130934
-2.738894948431213 3.986757291154295 4.543902246162771
-2.529657891570506 4.621452339926687 4.104511991161366
-4.429985699366305 3.0079176207817677 2.9672067987755533
-3.2695137914702848 3.4801480688417663 2.9248664950574628
-2.461175731170742 3.7805808939510674 2.97823307942325
-4.67606559337009 3.9136526429677154 4.529578917025983
-4.061849360751717 3.970409031598609 4.837960118369438
-3.0007998367037363 2.730312900571739 3.4997467903286443
-3.7564066746088116 2.8765490921419907 4.541219139251297
-3.957835589173537 2.3633665592961415 4.354786189271196
-4.573841947581096 1.0136364986349407 3.680963504904717
-3.220884178082067 4.707523765862699 3.6154300500085483
-4.083481787442125 2.8059104606353094 4.661592362552498
-3.6769858032036806 3.262765464251582 4.134221837398323
-3.918989415633981 3.7276284169100418 3.8539597401861485
-3.559204835840581 3.4417071915773905 4.2822228923964785
-3.7470750810235436 3.5686947393833917 4.137981682608872
-2.994209631742361 2.7055042526261603 4.168435037441488
-3.409478346681246 3.7093678072815983 3.800965248216154
-3.7602229857580376 3.9588952362550156 3.474252096107267
-4.406092406017274 2.7797494457559475 4.0820960175119705
-4.058953657988923 2.810926117347003 3.6896212484136632
-4.603388664166889 1.9447307821515107 3.993616987689134
-4.265648160318042 2.4643636430001945 3.967487001944884
-4.2569939923593365 3.3014687117110717 3.486644655154774
-3.8149079612378376 4.261273407232525 4.246213871595632
-4.488998449694231 2.1799334091993265 3.815987199762344
-4.054818502488181 4.043981116588289 3.6320282728006688
-4.151039352417247 3.3445329012140483 4.198198460090198
-5.134410566522237 2.054486689957556 3.6264980364320385
-4.389325415059759 2.5126053316785395 3.732873324393412
-4.011465077077779 2.167873306722164 3.819821925761179
-3.565889273794784 2.1137078239288143 4.255978485425852
-4.451277765110481 2.166840842666937 3.813443550405749
-4.9144992535133705 2.099982355343082 4.346559638447451
-4.715381251861841 1.7436879467676325 3.6499082983551063
-4.254483650268728 2.9308884763968934 3.9656284461666544
-3.37249425762096 3.5203776544731116 2.983661216852253
-3.1018817924133155 2.9294614028604413 4.09680300671589
-3.696487945128744 2.4574383290623927 3.7108563652504585
-4.232638536199738 2.8794212520610984 4.495014189770416
-3.801971598273192 1.8721192236717812 4.162277405178659
-4.860572200324815 2.1009068861164293 3.977209442057227
-3.7834790607959414 2.846354544310387 3.821726136605226
-4.650997274540179 2.447730435890729 5.047147918378333
-4.419287772250973 2.236715265699966 3.703334447755084
-4.7005941828037265 3.271812976430464 3.8271425000618535
-3.980009199579917 1.4953579696023613 3.677874556716767
-3.8818523780280447 2.9868464090528892 4.2459368762068435
-3.6524075112613303 2.507077987847328 4.603017622575612
-3.9781296311486742 2.292201196986227 3.279815005604799
-4.00928386286132 2.711080920411496 5.384098352468819
-3.7473876485202715 2.2174041649448464 4.23931332747836
-4.46705298463607 3.6128558033169025 3.7955307829011256
-4.575344952846519 2.6364268707402894 3.814700794867565
-3.9892661084476644 3.326147592498821 5.026015860754549
-3.975900192514647 1.795987920744871 3.6208576094080316
-5.273671532013129 1.602346758533491 5.1666839113428304
-5.135316654872304 1.2074809710391488 4.114878676725446
-4.620092345280768 2.1960498778516824 4.946209459934049
-4.279597334909316 0.7087938161398286 4.393813715307005
-4.1117064716051885 1.0520964908966552 4.27628284046753
-4.615254878803569 1.4937263157536145 5.0163233675349765
-5.440193797977658 0.788346492892923 4.899346113214366
-4.785285368354692 2.8730711755994722 5.249573423977637
-3.5312280235251676 2.1040846321460935 4.189733739367461
-4.274001212726733 1.619407393622326 4.392450587719232
-3.9997949365368464 1.2350824479443638 3.774675377289774
-4.721369356936865 0.8711451273792118 4.25737014460028
-4.859908804837394 0.722711431441486 4.762309077881491
-4.994491322127919 0.5280430835379026 4.589994808798806
-4.350235590142173 2.621170499255826 4.348719431779424
-4.718979112299362 1.6383041001254866 4.747367952691794
-4.690807235788816 2.099867849174357 5.309424894645506
-4.734349842916996 0.5952327056408557 5.034359218114552
-4.968676902549401 0.37662749162087644 4.509174151055477
-2.9674198024365555 3.8158325679758147 4.405613616870542
-4.164625661974852 2.602369820248564 5.532368641332423
-5.678372442448385 0.09983224163036883 5.041070245899631
-5.079144390393016 1.0937110315643939 4.09274256490926
-4.547060784547889 0.9517593727722365 4.876131897320083
-6.326502277943226 1.6731900138597569 4.498853086067347
-5.258060145972956 0.17280800804657492 4.559449479109478
-4.887641971560212 0.3999189563779299 4.833492766359085
-5.454119434305038 -1.1858880878379878 5.199708972777891
-4.381282970682136 1.82099643895643 5.455894642629325
-5.536762023609396 1.0686415612050053 5.076703785604269
-4.9107593790039274 0.5008834302549993 5.0878914363466565
-4.7596079268782 0.7816111526158631 5.540777272088868
-4.608723580567122 0.3787564229416728 4.3900581863447945
-4.360439947749171 1.183053063489539 5.374497560665268
-5.129319241327196 0.37649455594717995 3.960255150627805
-4.3435127367968995 2.1701629188561307 4.328576014706158
-4.985742669370094 1.015391569172703 5.495687376902458
-4.968217493017714 1.0673530439312569 4.8373498283981675
-4.951179995040058 0.3070476479214691 5.240578718712493
-4.855641736352619 -0.9078066312939194 5.254369843570492
-4.2946855482475454 1.6272062302432262 5.317139905772839
-5.16602828063995 -0.3287827363098999 4.414954638500859
-4.157522804032371 2.225376269262035 5.15736621237056
-5.171764688607838 2.199288594191102 4.56006084714369
-5.712986666493963 1.0820664910829227 4.668080224013018
-5.392004857973643 -0.8543848015922859 5.07157543039111
-4.5337764124987645 -0.7476081779588718 4.5449239041862235
-5.833894310584315 0.5791693985406398 4.3296274159606964
-4.744646212065964 -0.0375126352363679 4.077834936904706
-5.043719550256261 1.463304841830109 5.5383009057661035
-5.198734286960502 0.2961558177095143 5.173356042215784
-4.418021011872486 2.1719624301444265 4.323606752801119
-4.305576894307852 1.1678137395291834 5.204038260612941
-4.671101859645749 0.053296627777797985 4.83666740661458
-4.66683549336638 -1.7501558298405304 4.411351871710862
-4.849884254516984 -0.7589524986067486 4.826922015901555
-4.419727508616709 1.9209445000658583 4.512689204873055
-4.768609695741038 -0.47636157614252905 4.708564512655945
-4.0686387236522945 -1.9613552449060598 4.52333023115118
-4.942692680936631 0.30299435454797874 4.4315303435341455
-5.03480628475491 -0.39619527038420677 3.7864924800348545
-4.619015669067479 0.4994201541893527 4.6785717299192875
-3.6844659659996606 -1.5722045761947143 5.288086466300524
-4.924446483847782 -1.2343264275278456 4.030224972591693
-5.5784180890732555 0.8660044330253984 4.993580561536363
-5.287072751436571 -0.043833869063096956 6.0025812697561225
-5.855487593542241 1.3000020132814043 4.484322190368158
-4.876737157200136 -1.4358180463934154 5.158090951190367
-4.867722053989683 1.8284343724722076 5.2483514253920625
-5.516640083798525 -2.0516662911542936 4.63391356628436
-4.360239962606402 0.32246614484217667 5.219672722184153
-4.298719341745599 0.8165434271384742 5.115894339963423
-4.575872845257148 0.06671450202303524 5.424917483413056
-4.760342999366644 0.6939813559919223 5.384723263840042
-4.576912336215175 -0.9319628007305327 4.7673077588181805
-5.070410807243311 1.172007009412281 5.0476517934560885
-5.383525181164144 0.5937280616534988 5.401078999478706
-5.072040739612306 -0.5776966802343524 4.842467572275764
-3.933455719714972 1.305533504706323 4.736726892007395
-4.3956630439904405 -0.19567454589426528 3.7522529539167095
-5.705459298185488 -0.5079056494908439 5.206490968564236
-4.15768702483158 -1.0755407176750904 5.43273430811751
-6.13791932942811 -0.9449433006031319 4.854188348876851
-4.788039110608597 -1.320740025055489 5.520316333589466
-5.0262102568153875 0.5584998663732527 4.889033680534154
-5.3728597824443085 -2.471792646482168 5.313418894380408
-4.602819721551503 -1.4447365689283886 5.553137670380639
-5.043544072002133 -0.3324120658306976 5.656876933648687
-4.5728571525094015 0.600459719967465 5.835486351795179
-5.438066706476669 -1.6457639537940978 5.667821224052941
-5.296527585070485 -0.20759421019643545 5.315974502096436
-4.597935642745263 -1.0697736170716219 5.684765405685024
-5.082649438482086 -0.8210483796457325 5.288005030987333
-4.561626123765539 -1.5168035909564077 4.90282567872064
-5.47426991613536 -0.04939977820759057 5.013903887525286
-5.4283215644766525 -2.0159243199467163 5.646861870526723
-4.344119386983175 -0.6842812290718645 5.198870444545649
-4.71826717302859 -1.800733862934138 5.404528422310834
-3.464020003896254 -1.5119839524080398 4.646803073773503
-5.053731726731716 -0.5046039614083357 4.739160598531974
-4.248885104274113 -1.2597877467745993 6.1235235338327705
-5.737370630318694 0.10544117399687176 5.846910957907637
-5.540761731390196 -0.3865421667559374 6.344312986433517
-4.547518661686846 -1.8454854899220354 5.701149925954816
-5.303793628770984 -2.2043403515776427 5.761140782805108
-4.484895177461706 -1.4324352328105603 5.718830267504102
-4.266493824747075 -1.9274809945363103 5.781453352157543
-4.7308288022206435 -1.0273506792928166 5.390657319210184
-4.386985168621761 -1.154407561323685 5.588168598230095
-4.656018554767475 -3.314802201612969 5.329433873495565
-4.482144089324214 -1.2855701111024302 5.311627969008293
-4.1750162602792615 -1.2693372036238932 6.007882552999897
-3.928162457835768 -2.067944328741763 4.4125545798777255
-4.368301917827162 -2.259056105549497 5.828771630639218
-3.8393038085717266 -2.3443047608983254 4.527523965618156
-2.6366274458044785 -2.6896182931535053 5.720438253767879
-5.135853218784474 -2.3683365628705717 4.9961104240852725
-5.0380288867209435 -2.0533378792594665 5.103472687785869
-4.437019830923646 -1.7569983718408644 5.849740089239338
-4.963230866415705 -2.573177703592301 5.068217707794809
-3.5212990810659277 -2.3505027371953706 5.998264462151489
-4.136115634282441 -2.3698367500142288 5.15224197520005
-4.663732128046168 -1.3212940404680167 6.573731972734846
-4.214489333818492 -1.4194411667733666 4.970762942469308
-4.147561083796442 -1.4230850216948743 6.2842553978461915
-3.9212893616124402 -2.329810444696523 5.218350960827079
-4.038076777067382 -3.310384915909971 5.333482001077782
-4.255398120545259 0.28047752689747807 4.705068115751348
-4.977268976073499 -1.6645049315421472 5.455944699701087
-4.329893183212417 -1.3851962032397054 6.762589534396673
-3.8438050403786748 -3.0053709383969776 5.343821554054851
-3.8918722348649997 -1.642484766120487 5.644444632455711
-5.170997482191682 -1.9982412925411694 5.78527770244519
-4.253513294553564 -2.7494476562170234 5.3853940169614525
-4.332213103726479 -1.3694193476092673 4.754072872368931
-3.3554769981586707 -2.4825070212039506 5.496765558298304
-4.924615783770594 -1.702841314440964 5.714682206948318
-4.802434419522555 -1.6795245504983662 6.205654278198737
-4.466114336409643 -0.7097833582277974 5.792418917891689
-4.457404789378983 -3.6279780827567474 6.608940194773428
-4.6162375499245165 -1.000638646446478 5.942302468826728
-4.522222988383582 -1.239588344352336 5.567871812585036
-5.23162058692992 -1.3265814679847987 5.9230527710102745
-3.829708870587067 -2.1530073160176433 5.577828580382843
-3.3949113442783236 -1.6527037951303993 4.726332987991643
-4.638836393645705 -1.081355253436685 5.943766194591812
-4.815026222465907 -1.1184600343380506 5.5842668511469356
-4.957696422948027 -1.4988484747774184 5.696105769483506
-3.7304336674125547 -1.74696985916734 6.142785749362366
-4.953374339248235 -2.339756767776304 6.043502319888958
-3.2924522999507206 -1.9450509328146073 6.414582093192498
-4.201061242166543 -1.0063918556546936 6.087303267171015
-4.384718339893603 -2.305327877256329 5.814931975368603
-3.6204405554301764 -3.974773501306185 5.565978258469232
-3.452105849953186 -2.993920864785624 5.904013961952882
-3.7399917408328767 -3.280381623756212 6.047648562946196
-3.7805114523657246 -3.3240162311141663 5.748966629314132
-3.039549587424125 -4.113908411872385 5.474889659858003
-5.0200000877621695 -2.577792259042155 6.7615952821267
-3.8290328549024846 -3.2245820374221874 5.782695971549511
-3.8215214979868555 -2.9440187850655413 6.347241694822659
-4.847964546149726 -3.2206498952771647 6.184226671398857
-5.582813122876158 -1.926985007905183 5.446587811175343
-4.449275039409671 -2.208996293851787 6.172457972843791
-3.944797760350905 -2.1942826866009346 6.7778213728903145
-4.199687629715812 -2.6607169595323863 6.668431799108792
-5.127783383440196 -1.4912671455659263 5.755835067095002
-3.997227709634411 -1.9130456867003844 5.041232368842787
-3.9059239702512025 -3.597333418346559 5.940174147247708
-4.431814355250219 -2.1922815243995006 7.226790575192567
-4.135082753520478 -2.287330626899208 6.726202345609311
-4.196749368795779 -3.694711843909282 6.24240963195808
-4.711027603136917 -4.435709596821787 6.353291438891507
-4.570025773734618 -3.019861329342767 5.93480170582002
-3.5688946673393427 -2.7762980793634715 6.674786374868402
-3.9274969510440907 -3.0660618178777606 6.698864688130894
-3.2276680423206803 -3.717950681442416 5.7043701388455075
-4.494435009281435 -2.08221689827397 6.453516929007472
-4.308662491307779 -2.6964156409275417 5.453709543421844
-2.8453895968701155 -2.79352692378487 6.999762178766638
-2.473706285284028 -3.726744084508802 6.878143466600081
-4.073837039933321 -3.901292406809156 6.97309412441953
-4.076690783703363 -3.3243944876814577 5.89068545746408
-3.7336574614954317 -4.7073671730878415 5.569507765964282
-5.279782901857665 -3.2849578696968296 4.958786512930839
-4.0882260920185 -3.148997369585977 6.79006000425533
-4.177168288337922 -3.334383085613066 6.483376216981506
-3.259729989232877 -3.235203758716637 6.8473807593624905
-3.4556901219424163 -3.052884151845864 6.387333418735189
-3.031144921841101 -3.902075510892952 6.353021594450804
-3.6528825416478887 -2.519113878721253 5.640185298146725
-4.018872864218314 -2.9135304912846696 5.760102926943036
-2.7639263886375702 -3.9368384013530697 6.7197012664438205
-4.916638642445262 -2.4413542657522553 6.3803594022991685
-2.9492597828603193 -3.3862201169815456 5.942709343723415
-4.137279557057804 -3.678417660103216 6.1752480576253195
-4.2841281908017335 -2.4968223591342054 6.379899289356948
-2.4522169826757523 -3.455843003902058 6.0858697165636295
-4.262193163970412 -2.5346493516108444 6.17460597065315
-2.947235740788341 -4.187653809230475 6.453339583119829
-4.417938654130315 -3.3304781529228507 6.04587667749939
-3.468282426877026 -3.219420794439073 7.249126744042375
-3.594480524663732 -3.007680591448018 6.255442357698345
-2.757444488761955 -2.8149199272056062 6.926080494426604
-2.3552717277023985 -3.6074800113667616 5.882939761204689
-4.0553311632450635 -3.3469640594851313 6.9313016931730855
-2.675094450863644 -4.5806666000857295 6.844585880303132
-1.7211754807767763 -5.344012643189346 5.730954091897207
-3.283948003895629 -4.380118132605842 6.471009858159041
-3.101172559434339 -2.7265756588529526 7.141223140452399
-1.7562769072006832 -3.9794776746826 6.430351648034443
-4.618684166274688 -3.177002618703768 6.9580696528414
-3.0751657519680924 -4.241800636743293 6.2277925293210625
-3.9132176922365915 -4.144103008514858 7.220800133155748
-3.0274827848995733 -4.4468830108078325 6.633345022515273
-3.265342797629632 -3.4216929012859407 6.580685737153277
-3.1998222807154098 -3.7839102316117965 6.571110607746562
-2.9562792861275184 -2.8543952168185673 6.270769888820373
-1.1484882671065857 -5.106702772550607 6.720917373510909
-3.778916611816707 -3.2526857271155785 6.805301382053547
-3.3572948905250395 -3.650193721463704 6.292493677885428
-3.20036733080062 -4.379824454254909 6.1060172625981
-2.930288956500394 -4.064279190266298 5.775163378344839
-2.7258380064208505 -4.295693804130569 6.3354931603746945
-1.9374889390665853 -5.175955668683766 7.404259306419527
-1.4357267143977477 -4.981256062996262 5.810495127619438
-2.6400737765676863 -3.707514278538241 6.417787071202518
-2.714630505743691 -4.667656897327382 5.637390339478214
-2.8262389795247125 -4.8368310367819305 6.219693747861125
-2.725179448134911 -4.922292946428653 7.93565105436068
-0.4034844190292766 -4.215725829496268 6.704002389712526
-1.375186508244631 -4.220503990125645 6.918686307186326
-2.807419486762952 -4.007417571914068 6.5148798804394605
-3.4446250508955787 -3.970644527996469 6.477799895600759
-1.904304585155178 -4.8614865965073655 6.823807794224141
-2.947031055179889 -3.768350361904552 6.685838690284819
-2.3947272839033875 -3.3253380867651594 6.597134942362925
-3.3863349859625584 -4.992421024830762 7.201014686190153
-2.659630151075091 -4.707427723741353 6.659310380202506
-0.3588393632093612 -3.516497632360665 7.046659287293291
-1.1585265148432748 -4.420309525463255 7.114749611717827
-2.6467612017801776 -4.820248839710985 6.864026662050292
-2.0756337834691547 -3.473392497411744 7.14933408536793
-2.1679039734649797 -4.498341494818871 6.313202422652763
-2.7620746420776947 -3.7772117697701235 6.1361326988723945
-2.2415189944849945 -4.48364217470829 5.7066316896924025
-0.6750809522014788 -4.339799389693966 6.320325779728013
-2.4088362615626564 -5.144138793977777 6.662273442104804
-1.9918963645581913 -5.026524561562972 7.138310605879852
-1.8956903291783886 -4.038288495539583 7.08537324585037
-2.8577811471965298 -5.045035070324443 7.2192989366697
-1.9036873307134563 -4.250552472898309 6.344204404933293
-1.9386194725728751 -4.65302445517168 7.98573473901161
-0.6290155882190503 -5.647168408105933 6.391318076438652
-1.4965637906051918 -4.646918202647223 7.09592414262816
-1.7188736148795472 -4.32010876528994 6.700763714639667
-1.1316636483770928 -4.6230749059703315 6.740492195564283
-1.2648001226580226 -4.926127525818929 6.686399124682836
-0.7728500008241176 -5.609210298650847 6.1756045549141065
-0.9569050663087708 -4.446754436461269 7.4484128747718525
-1.6663713305561871 -4.901166431183384 7.580385137287893
-1.3107595210762562 -4.528040624041072 6.351618600893899
-0.9925708041582362 -3.634867281479764 7.1450005505588905
-1.0814382226185815 -5.255304246434823 7.57326929076231
-2.402279273153284 -4.649419839066113 6.787967051527653
-0.8980366177044575 -5.437134773037403 6.219954647244787
-1.5056239386369517 -4.723266995477731 7.162240523393204
-1.0180394666721182 -4.488238819587846 7.417520876551605
-0.03434356467926432 -4.76413619634643 7.271084754579986
-2.4917555493211365 -4.878556057982396 7.241053812812573
0.3084588475560213 -5.322086467633982 7.307443752736072
-1.97633137370788 -5.1788693600112 6.828588674426808
-0.01502693589327598 -4.379956292327309 6.561264059887716
-2.3432120855438154 -3.9277536570389087 7.28402735015656
-1.096213394695475 -4.231936035526066 6.971687466016479
-1.2620452459218894 -4.90704324966775 7.1707129162242875
-0.2931006859009118 -5.0350036957086495 7.837026545137361
-0.9457160451838967 -4.5920734185218635 6.956583062639493
-0.15791754938588645 -4.912971294850939 6.501558389547168
-0.5858127573116978 -3.7753058836049 7.26306558082288
-2.9350371455458983 -4.289111297676625 7.404305275258319
0.944183029080949 -5.149248912553963 7.7818715311951205
-0.7167338258250043 -4.900420695415084 6.839194166306117
0.2930061170050395 -5.383078707490249 7.804444706929597
-2.4121304980063 -4.393048177433624 6.337055656722228
1.0898998975558514 -5.292248636723932 6.88488457392566
0.7952557838199348 -4.902807923377483 7.421742992117519
-0.5423778620973373 -4.101181693753518 6.678932579444813
-1.2711628645010327 -5.07225719447471 7.3476649044049225
-0.6087307018750328 -4.321268638865243 7.140515741128905
-0.8072672445998249 -4.974638379367156 7.365160035986395
-1.3503287868712732 -4.837188934661746 7.512631631950736
-0.39966525586010965 -5.632662677768243 6.629399560122347
-0.20999129035883854 -4.278596680054038 8.491876801829282
-0.79728047031212 -5.316544749447366 7.326700677600803
1.1045302681049507 -5.169038103061384 7.358813605530486
-0.6852493598187249 -5.7495128169133 7.19253710870253
-1.22745889846972 -4.692144477350185 7.7853522680135985
-1.6583874608174862 -5.25060498480474 7.600092302929023
1.2853035218983841 -4.777396125198048 7.712172223686904
-0.05301554617914842 -4.630599202652011 7.769818910736384
-0.10633109717121074 -4.389925003703095 7.148139360350301
-1.4895617311385199 -4.282570447357441 7.570514227211276
-1.118456572765665 -5.236817471907209 6.984724210497789
-0.7333601661439634 -4.995543869862195 6.859772001610275
0.24694208825967354 -5.670793971139462 6.460670735958495
-1.2030427428925794 -5.279009640607923 7.307865198857057
1.1130529394949211 -5.194725043089946 7.744448285862758
-0.9769298291250161 -5.0672582715310694 7.273861409204024
-0.9929858497880959 -4.946444232438587 7.115082062804817
-1.230290949648766 -4.313836801017418 7.340824878895977
-0.1335815195428725 -4.9133618073011665 7.489485921351367
-0.9803286850916808 -5.150319826260059 7.0205505305857026
-0.38408004882777547 -4.195657769339558 7.780024867326778
0.6683847070772447 -5.759606063943253 6.665017785001041
-1.1762833642642738 -4.740775846982565 8.102431381462956
-0.6358966807716668 -4.788820317100316 7.138227760313028
-0.6095194273780388 -4.863897872360625 7.239412309850081
0.9980515821475847 -4.530273626324728 6.239057131626057
-0.14930651453037166 -5.469580999647219 7.339023825859379
0.011009660284885163 -5.007817523148161 7.20014241315263
-0.4432886242998523 -5.419416320527304 7.41691161012059
0.2843900295542575 -4.834087105486927 8.286991592167597
1.0662671865219975 -4.610314126570115 7.325244818291859
0.33542599079992563 -5.673700731653434 7.716731710784728
0.3545985820160058 -4.879714550690716 7.893321298789806
0.0018660471019480917 -4.314337404132909 7.465787307486658
0.5098405832845522 -4.8299134714803555 7.658489083400295
0.07591889426550143 -4.347977534103003 8.374095461469686
-0.1388233141024677 -5.399436537934687 7.182344485065628
1.7362472360938865 -4.292176899773736 7.840416229897228
1.1543256777119515 -5.333516992271227 7.698417974939705
1.1084738269566876 -3.727669357950803 7.476400875006783
-1.0097405646862598 -4.398931452114818 7.807623245078549
0.735504934979216 -5.274813636450973 7.807175761396921
1.0118015283019146 -4.617703724632727 7.7008840443175925
1.2524700265183275 -5.195541258678312 8.183779884049898
-0.20563937570242097 -3.7392078018934174 8.098168661342479
1.2029727751297135 -4.7358885832727005 7.913978664447699
2.635728327315567 -4.562323926365326 7.336680361062348
0.7224739168336002 -5.081002955504532 8.349020376317654
1.480020445171872 -4.829654005838296 7.7861834888731565
0.06430882135891401 -3.9328685756455273 7.979993649274546
0.885864819376799 -4.9714450222881466 7.367277245652347
0.17725813039118468 -5.743964169770129 7.856461735232167
-0.3653854393515862 -3.921414574554301 6.94688969388411
1.6558663521990262 -4.400171452640737 8.108985474374167
1.2514390412373824 -4.297427476654481 7.979073271165763
1.7012576833399216 -4.858363774181544 7.714541888481521
0.19760742264400527 -5.3421405714107 7.179508282979599
0.25970236143211856 -4.416750005325782 7.831305537214177
2.1743112191015292 -3.883800236514499 8.358083237486838
1.7872503677991782 -4.409160359871365 7.711357686903056
2.166133474111814 -5.881806697971604 8.564442331780908
1.9183761277077047 -4.632487604473903 7.262518960153526
1.691872113468601 -4.381643147042002 7.31352350312293
2.6170406777886237 -4.712359713953158 7.985607232269688
0.9198879548585167 -4.516131222850183 7.738737234471047
3.00982788169094 -3.6728073526565312 8.419378293194598
1.6175850936361074 -4.433636111788056 8.940927427914056
3.5265302997492216 -3.5291330020834693 8.871367041739699
2.1030845867140995 -4.7560668049796995 7.712224940023556
0.4264755282358367 -4.606754762054516 8.167493191608472
3.2604802702566795 -4.145871313919791 8.114763303275092
2.2040005504080002 -5.351384379015671 7.827929792383259
0.07381788348118465 -4.5564022613238775 8.190506968669443
0.9130817430300473 -4.980979846932973 8.062232472082892
2.9944586383824463 -4.277841935946312 8.377978431683205
0.18713597007623403 -3.8568975164041412 7.3430557537851255
0.8229032933833222 -5.413319062050613 8.181033566356907
1.8930786215285407 -4.843351634589925 8.196932801611533
0.7940306578445616 -4.837439736233905 8.426337684341501
2.5226003462109503 -4.364837941834228 7.699298783499115
2.2411396103863592 -4.902220914037583 8.405392088421651
2.79186390246878 -3.795775498570635 8.213258814837715
2.1951836666213196 -3.2978013697799113 8.303010666034735
1.404770832382753 -3.9039740283969353 7.623275018592331
2.8040122233837494 -4.949355497793663 8.128025629988164
2.883361695912206 -3.40645509289429 7.805272852001549
2.1010268313948233 -5.0549644262218285 7.433327357277756
1.7063960805048726 -5.137344768674518 7.37079965910706
2.68992440045628 -4.372784863963259 8.974890701203663
0.7105581473608945 -4.575079194201704 8.350966531752059
2.4258467008098963 -4.758025002687374 7.671921183531617
2.0363767265347574 -5.331203462190711 7.683971000356506
1.3924132998363123 -5.5575326964486775 8.498060434518585
1.6324992350433114 -4.586739603522259 8.282241626946348
2.285026874719903 -5.075502535992904 9.045280398007423
3.430940110354869 -4.073216526225217 8.508424732045203
1.2070478133830551 -5.150218809808287 8.723376077673871
2.9370558159734745 -4.913751302354852 8.219614269098305
2.3090089016504365 -4.485953024002332 8.254642955280847
2.186833036989266 -3.662487145111193 8.14138999512659
1.7782699855569368 -4.733741169318969 8.35278665317849
3.125128069007905 -4.083506704765936 8.231413502256284
4.203546795477926 -4.320453197010127 8.76477099897352
3.0104530108659455 -3.91054388191062 8.226729549886032
2.166953151873128 -4.94267897392409 8.188950401141108
2.652462794291702 -4.448538102987518 8.299921935425228
2.3064494786361824 -3.8596846362569703 8.487467901293343
2.231405480829816 -4.731633199105637 8.26904288585726
1.7670084445908882 -4.04656710505333 8.919943710386017
2.7382955426164166 -4.239991507867357 7.760230019238984
2.0214413074224917 -5.085051673910326 8.122666101999416
2.9239390645945416 -4.650313684061976 9.50720708508404
1.173311504687339 -3.5494059907969344 8.631959091336201
3.5170949501757276 -4.210690691394315 8.456440858358375
3.0990162819976956 -3.5518227043017423 8.732108272910493
2.6190525444269914 -4.5517757982588 8.705057403089087
4.363148719996786 -4.2995563859180965 9.6091746813094
2.686814363886343 -3.5147366948017633 8.844950728888335
3.458996872662979 -3.2469127695839513 8.130907741303544
1.6940049170345737 -3.816329327782945 9.845518164671303
1.5360886709349708 -5.062172110354264 8.353917448998375
2.1474839729001416 -4.566501907400763 7.987389718237612
2.141740843131278 -5.211558477212386 8.67783193158807
3.8833219125047527 -2.234494225210847 9.488115091633787
3.6231917307784314 -2.2564733097370326 7.913835250787648
2.710260995221523 -4.136454074797893 8.905598087903618
4.069086597650852 -3.4030459073112223 7.9690406521829
3.8534979892956582 -4.097534867623251 8.13176285407301
2.4444373254506635 -3.8786143159276154 8.698621299617171
3.1603644514073013 -4.615175078961245 7.925555715616623
3.166068483744226 -3.063518241522326 7.21274221466324
2.566315981297924 -3.764725642083378 8.440815693506917
3.395505458430102 -4.58972517087041 8.112549703733297
2.8383818952424913 -4.095571156664654 8.978136591404567
1.97222262600968 -4.348624281129598 8.476821583577944
3.6987066850391175 -3.36085130882199 9.031599499431355
3.8288269600592266 -2.5065358090653898 9.05932113047897
4.053623075960486 -2.875283329459955 8.670864212988455
4.015382239004766 -3.012526276270001 8.52128491368911
2.20735815485945 -4.789404398844734 8.83299124369267
4.098547825096539 -3.8571605420877417 7.7200192509115535
3.8172039622595415 -3.8673522190723975 8.570311163003707
3.549026975205613 -4.871016619148635 9.69105949582852
3.277986128568361 -3.998759037427476 8.512588108772869
3.3211134477314737 -3.5406292856885733 8.95629451787465
3.8681757732344266 -2.229277219438496 8.630690540316383
4.138143497528784 -3.9716385770332865 8.862437984741652
3.880471039345237 -2.5233148988512855 8.563701481155414
3.622686889002974 -2.7055655326889902 9.73782450303479
3.8357867650742166 -2.2802399043686883 8.522035201184298
2.5899618601061323 -4.190827426865579 8.774105896032994
4.337742385084041 -2.804219587043371 9.004520940090268
3.731157779492241 -1.2028498866783273 9.376260101235882
3.693849755939191 -3.6620957855377734 9.750795779458524
3.273080813529915 -4.248467235745676 9.050630015573601
2.773160696108394 -4.756991261933785 8.906803214173603
3.802341914002895 -2.544840355723164 8.821720800657468
3.2461894380970286 -2.7948131719862572 9.891047796904392
3.400686403512383 -3.5720703048199485 8.984055840200284
3.453005594645358 -4.5939108887592095 8.742173852578368
2.1917362856128704 -3.7955412438165768 8.897910380976196
2.0214552639249237 -3.712609546569657 9.114328921490737
5.335082382855569 -1.7358901128897801 8.453406017239596
3.92817908691047 -2.3233735524756294 9.854794389121613
3.2481607124259106 -2.0934184851652904 8.723827111040224
4.536044730634429 -3.274191807622197 8.847042827278392
5.076450427670985 -2.3383930424181134 9.571050596369801
4.62209981208431 -1.584034569950496 8.299794003909463
5.283106804244689 -2.168390520307382 9.553565194496235
4.335630893228951 -3.4772952255245078 8.930071902007965
3.9571491494319173 -2.5965669473949826 8.928571030172652
3.5728448888233437 -3.8247183040547554 9.611102012447576
3.0751376292994412 -3.323902604182869 9.2392276978164
4.42258979172408 -2.9287378718337624 9.492295098383734
3.316382257919716 -1.9802231708616889 9.491234243053741
3.493063689825023 -3.801581913789876 9.327342691084626
3.92355528816075 -3.624691659006542 8.739822150085688
4.544038673012051 -2.3004687059557187 9.09210488527431
3.5733698915473373 -4.3507519813233975 9.047913249503212
3.9160122011520273 -2.2665190904212746 8.471568279729299
4.303699299287257 -1.465861601227781 8.963254198711706
3.979231238382219 -1.9948736224174448 9.066317583386649
2.993532368145304 -3.810820421056767 9.172148517720752
3.926229343749487 -0.9013670790319341 8.966615344998386
4.791445464154444 -1.9846162982926303 10.021386412401283
4.400540834965082 -1.5235623813668113 9.469562377561697
3.592148448677694 -1.7990312786725728 8.588145805382544
2.7573562961542817 -2.6515060517348794 9.736524707481868
4.817037260994295 -0.8422142459633248 9.883110565727584
4.5715164847408305 -1.0612468867808669 9.644111125873646
4.139862755539874 -2.2446371930083635 8.976153568886668
4.691400444429179 -2.0405457306069743 7.8465204299266
5.053293258391551 -0.9467578864987032 8.250047810610054
4.011488669158297 -3.2736652284032117 10.165253154517472
4.875848277924778 -2.1390551432024676 9.468016369810448
4.986209977004976 -2.3598534690777986 9.29580789680253
3.5555484632794334 -3.6725254355868593 9.410034953223636
4.120483475969392 -1.9770644410856424 8.733568931004873
3.845170526057191 -3.9614731716468334 9.62379112418571
5.379419886381659 -2.1649452900039 8.896286673326243
5.161821677528949 -1.1287681320844987 9.742738859512519
4.4613134657866045 -1.3775211091639084 9.400325596481792
3.695961643818188 -1.4863611617454344 9.721860284685512
4.735878442207946 -1.3479739185783086 9.729922849687753
3.680169022516163 -2.261772331256643 9.296711923781762
5.251481844196208 -0.7955255258427663 9.294032947469168
4.003394513635095 -2.57692288885036 8.817754939421599
4.707094809558341 -1.6597217894511072 9.760268653618843
5.093444061241432 -1.605918018202096 9.404164292693485
4.503633879149448 -1.7028560737943985 9.051604636279386
4.9549227473420085 -0.8861671740472206 9.49131792390285
3.5389835097861213 -2.930457775358161 9.716170043248914
5.110996957836014 -1.1647691906044386 9.537591606774237
4.523233032161805 -0.978063181684355 9.65145358163017
4.604137867848149 -2.6561277412572992 9.91916878540693
4.998095303674875 -0.17428078072556877 8.792287195915822
3.61740169646477 -3.0293546165465965 8.46671030240327
5.6936761875939705 0.5865157892964966 9.557880676344833
4.068115992335726 -1.7865462632873699 8.864845601499994
5.42840434652826 -1.286065928659861 10.341215008037068
4.8628723550411745 -0.0733251348453295 9.316910163902264
3.564875708061463 -1.656414748525186 9.070354395551938
4.253761436745667 -2.7296539126652855 9.955751259693475
4.689765828658659 -2.0418013136125257 9.580796325663854
4.406528013472386 -1.8762944254323048 8.688202735672363
4.199567236711842 -2.889748693515871 9.206497610496013
4.751874508058311 -1.3613808355971841 9.52248568538228
4.437679497521802 -1.4995803761164201 9.081878232419708
5.827775499667432 -0.6460125052728223 9.141007383916168
4.772513263921398 -1.9044389150415921 9.313658034597513
4.237375257454902 -1.499872604867333 9.704220731067414
4.24769116349193 -0.03475843331992075 9.318659882608458
3.596144459603684 -3.7861343811598713 9.619037672111578
5.230375971642693 -1.7763295066301388 9.991982175237684
4.911917071114844 -0.8959184427217419 9.979275893972119
4.914847965537262 -0.09187807223860932 10.060953027764318
4.642415832876024 -0.23794007823281332 9.387733543531732
5.239414257012502 0.4585500286633416 10.327149798374942
4.865297697909022 -1.4616467616428266 9.224766240399532
4.4565864537394155 -1.9397991318237093 9.999314310574663
4.682990034835222 -0.32912565545990846 9.340973222481102
5.264406249449844 -2.1260474988170284 9.263374538967502
4.457055698270398 -1.250977983717268 10.125272249507567
5.4081704217676645 0.4879082659744941 9.898632972590852
4.351681195175848 -0.9496495394821048 9.351433512104945
4.211542698827125 0.06765022691531829 9.886123564647292
4.2876135593170135 -1.5006010406831614 9.53255719218235
4.6124732723575725 -2.372974910846962 10.603944735341347
5.273889724898008 0.02092076669180897 10.117327471443224
4.4749097316312945 -1.130018422764182 9.750552249000403
5.6419871279057405 -0.1192943627061155 10.421929385004159
5.222030374467184 0.16268240472235804 9.69694811039762
5.354939127646916 -0.19596078249378557 10.509876896306864
4.669887566185895 -1.451180221995278 10.677205825281888
6.08931307775377 0.44457641892944394 10.261209609450765
4.475387021325012 -0.8701839986146577 9.762267948401004
5.19319642858717 -1.154811292298243 10.252633246586136
4.469100713603607 0.3007471533390206 9.161546989789537
4.826364504013491 -1.7493227853491855 9.628450192880784
4.317318842270029 -1.4112065481557738 10.332826311193498
4.661118203512349 -1.5339826173288873 10.530210280289518
5.095075619972209 -0.5724420778906776 8.76004876654527
5.196775373791371 -0.3829484819848247 9.544008503149946
5.041149913513617 -0.21195852235916965 10.642096513257055
4.515233861715094 -1.351923032194878 10.544330857018481
5.646682477903685 1.5538804857869377 9.643082869109673
5.422952565834428 -1.6342021042826504 10.476163928873156
5.534563633410697 -1.2264436903612064 9.781475509791488
4.180661064089576 0.4517341450377471 10.306934107941569
5.260650811755255 -0.9779685221961799 10.631546678335326
4.962661948127568 -0.1744163018452378 9.847931691168073
