1 1 0.922 8.4e-2
2 2 1.92 8.4e-2
3 6 5.84 8.4e-2
4 24 23.5 8.4e-2
5 120 118 8.4e-2
6 720 710 8.4e-2
7 5.04E+3 4.98E+3 8.4e-2
8 4.03E+4 3.99E+4 8.4e-2
9 3.63E+5 3.60E+5 8.4e-2
10 3.63E+6 3.60E+6 8.4e-2
11 3.99E+7 3.96E+7 8.4e-2
12 4.79E+8 4.76E+8 8.4e-2
13 6.23E+9 6.19E+9 8.4e-2
14 8.72E+10 8.67E+10 8.4e-2
15 1.31E+12 1.30E+12 8.4e-2
16 2.09E+13 2.08E+13 8.4e-2
17 3.56E+14 3.54E+14 8.4e-2
18 6.40E+15 6.37E+15 8.4e-2
19 1.22E+17 1.21E+17 8.4e-2
20 2.43E+18 2.42E+18 8.4e-2
21 5.11E+19 5.09E+19 8.3e-2
22 1.12E+21 1.12E+21 8.3e-2
23 2.59E+22 2.58E+22 8.3e-2
24 6.20E+23 6.18E+23 8.3e-2
25 1.55E+25 1.55E+25 8.3e-2
26 4.03E+26 4.02E+26 8.3e-2
27 1.09E+28 1.09E+28 8.3e-2
28 3.05E+29 3.04E+29 8.3e-2
29 8.84E+30 8.82E+30 8.3e-2
30 2.65E+32 2.65E+32 8.3e-2
31 8.22E+33 8.20E+33 8.3e-2
32 2.63E+35 2.62E+35 8.3e-2
33 8.68E+36 8.66E+36 8.3e-2
34 2.95E+38 2.95E+38 8.3e-2
35 1.03E+40 1.03E+40 8.3e-2
36 3.72E+41 3.71E+41 8.3e-2
37 1.38E+43 1.37E+43 8.3e-2
38 5.23E+44 5.22E+44 8.3e-2
39 2.04E+46 2.04E+46 8.3e-2
40 8.16E+47 8.14E+47 8.3e-2
41 3.35E+49 3.34E+49 8.3e-2
42 1.41E+51 1.40E+51 8.3e-2
43 6.04E+52 6.03E+52 8.3e-2
44 2.66E+54 2.65E+54 8.3e-2
45 1.20E+56 1.19E+56 8.3e-2
46 5.50E+57 5.49E+57 8.3e-2
47 2.59E+59 2.58E+59 8.3e-2
48 1.24E+61 1.24E+61 8.3e-2
49 6.08E+62 6.07E+62 8.3e-2
50 3.04E+64 3.04E+64 8.3e-2
51 1.55E+66 1.55E+66 8.3e-2
52 8.07E+67 8.05E+67 8.3e-2
53 4.27E+69 4.27E+69 8.3e-2
54 2.31E+71 2.30E+71 8.3e-2
55 1.27E+73 1.27E+73 8.3e-2
56 7.11E+74 7.10E+74 8.3e-2
57 4.05E+76 4.05E+76 8.3e-2
58 2.35E+78 2.35E+78 8.3e-2
59 1.39E+80 1.38E+80 8.3e-2
60 8.32E+81 8.31E+81 8.3e-2
61 5.08E+83 5.07E+83 8.3e-2
62 3.15E+85 3.14E+85 8.3e-2
63 1.98E+87 1.98E+87 8.3e-2
64 1.27E+89 1.27E+89 8.3e-2
65 8.25E+90 8.24E+90 8.3e-2
66 5.44E+92 5.44E+92 8.3e-2
67 3.65E+94 3.64E+94 8.3e-2
68 2.48E+96 2.48E+96 8.3e-2
69 1.71E+98 1.71E+98 8.3e-2
70 1.20E+100 1.20E+100 8.3e-2
71 8.50E+101 8.49E+101 8.3e-2
72 6.12E+103 6.12E+103 8.3e-2
73 4.47E+105 4.47E+105 8.3e-2
74 3.31E+107 3.30E+107 8.3e-2
75 2.48E+109 2.48E+109 8.3e-2
76 1.89E+111 1.88E+111 8.3e-2
77 1.45E+113 1.45E+113 8.3e-2
78 1.13E+115 1.13E+115 8.3e-2
79 8.95E+116 8.94E+116 8.3e-2
80 7.16E+118 7.15E+118 8.3e-2
81 5.80E+120 5.79E+120 8.3e-2
82 4.75E+122 4.75E+122 8.3e-2
83 3.95E+124 3.94E+124 8.3e-2
84 3.31E+126 3.31E+126 8.3e-2
85 2.82E+128 2.81E+128 8.3e-2
86 2.42E+130 2.42E+130 8.3e-2
87 2.11E+132 2.11E+132 8.3e-2
88 1.85E+134 1.85E+134 8.3e-2
89 1.65E+136 1.65E+136 8.3e-2
90 1.49E+138 1.48E+138 8.3e-2
91 1.35E+140 1.35E+140 8.3e-2
92 1.24E+142 1.24E+142 8.3e-2
93 1.16E+144 1.16E+144 8.3e-2
94 1.09E+146 1.09E+146 8.3e-2
95 1.03E+148 1.03E+148 8.3e-2
96 9.92E+149 9.91E+149 8.3e-2
97 9.62E+151 9.61E+151 8.3e-2
98 9.43E+153 9.42E+153 8.3e-2
99 9.33E+155 9.32E+155 8.3e-2
100 9.33E+157 9.32E+157 8.3e-2
101 9.43E+159 9.42E+159 8.3e-2
102 9.61E+161 9.61E+161 8.3e-2
103 9.90E+163 9.89E+163 8.3e-2
104 1.03E+166 1.03E+166 8.3e-2
105 1.08E+168 1.08E+168 8.3e-2
106 1.15E+170 1.15E+170 8.3e-2
107 1.23E+172 1.23E+172 8.3e-2
108 1.32E+174 1.32E+174 8.3e-2
109 1.44E+176 1.44E+176 8.3e-2
110 1.59E+178 1.59E+178 8.3e-2
111 1.76E+180 1.76E+180 8.3e-2
112 1.97E+182 1.97E+182 8.3e-2
113 2.23E+184 2.23E+184 8.3e-2
114 2.54E+186 2.54E+186 8.3e-2
115 2.93E+188 2.92E+188 8.3e-2
116 3.39E+190 3.39E+190 8.3e-2
117 3.97E+192 3.97E+192 8.3e-2
118 4.68E+194 4.68E+194 8.3e-2
119 5.57E+196 5.57E+196 8.3e-2
120 6.69E+198 6.68E+198 8.3e-2
121 8.09E+200 8.09E+200 8.3e-2
122 9.88E+202 9.87E+202 8.3e-2
123 1.21E+205 1.21E+205 8.3e-2
124 1.51E+207 1.51E+207 8.3e-2
125 1.88E+209 1.88E+209 8.3e-2
126 2.37E+211 2.37E+211 8.3e-2
127 3.01E+213 3.01E+213 8.3e-2
128 3.86E+215 3.85E+215 8.3e-2
129 4.97E+217 4.97E+217 8.3e-2
130 6.47E+219 6.46E+219 8.3e-2
131 8.47E+221 8.47E+221 8.3e-2
132 1.12E+224 1.12E+224 8.3e-2
133 1.49E+226 1.49E+226 8.3e-2
134 1.99E+228 1.99E+228 8.3e-2
135 2.69E+230 2.69E+230 8.3e-2
136 3.66E+232 3.66E+232 8.3e-2
137 5.01E+234 5.01E+234 8.3e-2
138 6.92E+236 6.91E+236 8.3e-2
139 9.62E+238 9.61E+238 8.3e-2
140 1.35E+241 1.35E+241 8.3e-2
141 1.90E+243 1.90E+243 8.3e-2
142 2.70E+245 2.69E+245 8.3e-2
143 3.85E+247 3.85E+247 8.3e-2
144 5.55E+249 5.55E+249 8.3e-2
145 8.05E+251 8.04E+251 8.3e-2
146 1.17E+254 1.17E+254 8.3e-2
147 1.73E+256 1.73E+256 8.3e-2
148 2.56E+258 2.55E+258 8.3e-2
149 3.81E+260 3.81E+260 8.3e-2
150 5.71E+262 5.71E+262 8.3e-2
151 8.63E+264 8.62E+264 8.3e-2
152 1.31E+267 1.31E+267 8.3e-2
153 2.01E+269 2.01E+269 8.3e-2
154 3.09E+271 3.09E+271 8.3e-2
155 4.79E+273 4.79E+273 8.3e-2
156 7.47E+275 7.47E+275 8.3e-2
157 1.17E+278 1.17E+278 8.3e-2
158 1.85E+280 1.85E+280 8.3e-2
159 2.95E+282 2.95E+282 8.3e-2
160 4.71E+284 4.71E+284 8.3e-2
161 7.59E+286 7.59E+286 8.3e-2
162 1.23E+289 1.23E+289 8.3e-2
163 2.00E+291 2.00E+291 8.3e-2
164 3.29E+293 3.29E+293 8.3e-2
165 5.42E+295 5.42E+295 8.3e-2
166 9.00E+297 9.00E+297 8.3e-2
167 1.50E+300 1.50E+300 8.3e-2
168 2.53E+302 2.52E+302 8.3e-2
169 4.27E+304 4.27E+304 8.3e-2
170 7.26E+306 7.25E+306 8.3e-2
171 1.24E+309 1.24E+309 8.3e-2
172 2.13E+311 2.13E+311 8.3e-2
173 3.69E+313 3.69E+313 8.3e-2
174 6.43E+315 6.42E+315 8.3e-2
175 1.12E+318 1.12E+318 8.3e-2
176 1.98E+320 1.98E+320 8.3e-2
177 3.50E+322 3.50E+322 8.3e-2
178 6.24E+324 6.23E+324 8.3e-2
179 1.12E+327 1.12E+327 8.3e-2
180 2.01E+329 2.01E+329 8.3e-2
181 3.64E+331 3.63E+331 8.3e-2
182 6.62E+333 6.61E+333 8.3e-2
183 1.21E+336 1.21E+336 8.3e-2
184 2.23E+338 2.23E+338 8.3e-2
185 4.12E+340 4.12E+340 8.3e-2
186 7.67E+342 7.66E+342 8.3e-2
187 1.43E+345 1.43E+345 8.3e-2
188 2.70E+347 2.69E+347 8.3e-2
189 5.09E+349 5.09E+349 8.3e-2
190 9.68E+351 9.68E+351 8.3e-2
191 1.85E+354 1.85E+354 8.3e-2
192 3.55E+356 3.55E+356 8.3e-2
193 6.85E+358 6.85E+358 8.3e-2
194 1.33E+361 1.33E+361 8.3e-2
195 2.59E+363 2.59E+363 8.3e-2
196 5.08E+365 5.08E+365 8.3e-2
197 1.00E+368 1.00E+368 8.3e-2
198 1.98E+370 1.98E+370 8.3e-2
199 3.94E+372 3.94E+372 8.3e-2
200 7.89E+374 7.88E+374 8.3e-2
201 1.59E+377 1.58E+377 8.3e-2
202 3.20E+379 3.20E+379 8.3e-2
203 6.50E+381 6.50E+381 8.3e-2
204 1.33E+384 1.33E+384 8.3e-2
205 2.72E+386 2.72E+386 8.3e-2
206 5.60E+388 5.60E+388 8.3e-2
207 1.16E+391 1.16E+391 8.3e-2
208 2.41E+393 2.41E+393 8.3e-2
209 5.04E+395 5.04E+395 8.3e-2
210 1.06E+398 1.06E+398 8.3e-2
211 2.23E+400 2.23E+400 8.3e-2
212 4.73E+402 4.73E+402 8.3e-2
213 1.01E+405 1.01E+405 8.3e-2
214 2.16E+407 2.16E+407 8.3e-2
215 4.64E+409 4.64E+409 8.3e-2
216 1.00E+412 1.00E+412 8.3e-2
217 2.17E+414 2.17E+414 8.3e-2
218 4.74E+416 4.74E+416 8.3e-2
219 1.04E+419 1.04E+419 8.3e-2
220 2.28E+421 2.28E+421 8.3e-2
221 5.05E+423 5.05E+423 8.3e-2
222 1.12E+426 1.12E+426 8.3e-2
223 2.50E+428 2.50E+428 8.3e-2
224 5.60E+430 5.60E+430 8.3e-2
225 1.26E+433 1.26E+433 8.3e-2
226 2.85E+435 2.85E+435 8.3e-2
227 6.46E+437 6.46E+437 8.3e-2
228 1.47E+440 1.47E+440 8.3e-2
229 3.37E+442 3.37E+442 8.3e-2
230 7.76E+444 7.76E+444 8.3e-2
231 1.79E+447 1.79E+447 8.3e-2
232 4.16E+449 4.16E+449 8.3e-2
233 9.69E+451 9.68E+451 8.3e-2
234 2.27E+454 2.27E+454 8.3e-2
235 5.33E+456 5.33E+456 8.3e-2
236 1.26E+459 1.26E+459 8.3e-2
237 2.98E+461 2.98E+461 8.3e-2
238 7.09E+463 7.09E+463 8.3e-2
239 1.69E+466 1.69E+466 8.3e-2
240 4.07E+468 4.07E+468 8.3e-2
241 9.80E+470 9.80E+470 8.3e-2
242 2.37E+473 2.37E+473 8.3e-2
243 5.77E+475 5.76E+475 8.3e-2
244 1.41E+478 1.41E+478 8.3e-2
245 3.45E+480 3.45E+480 8.3e-2
246 8.48E+482 8.48E+482 8.3e-2
247 2.09E+485 2.09E+485 8.3e-2
248 5.19E+487 5.19E+487 8.3e-2
249 1.29E+490 1.29E+490 8.3e-2
250 3.23E+492 3.23E+492 8.3e-2
251 8.11E+494 8.11E+494 8.3e-2
252 2.04E+497 2.04E+497 8.3e-2
253 5.17E+499 5.17E+499 8.3e-2
254 1.31E+502 1.31E+502 8.3e-2
255 3.35E+504 3.35E+504 8.3e-2
256 8.58E+506 8.58E+506 8.3e-2
257 2.20E+509 2.20E+509 8.3e-2
258 5.69E+511 5.69E+511 8.3e-2
259 1.47E+514 1.47E+514 8.3e-2
260 3.83E+516 3.83E+516 8.3e-2
261 1.00E+519 9.99E+518 8.3e-2
262 2.62E+521 2.62E+521 8.3e-2
263 6.89E+523 6.89E+523 8.3e-2
264 1.82E+526 1.82E+526 8.3e-2
265 4.82E+528 4.82E+528 8.3e-2
266 1.28E+531 1.28E+531 8.3e-2
267 3.42E+533 3.42E+533 8.3e-2
268 9.17E+535 9.17E+535 8.3e-2
269 2.47E+538 2.47E+538 8.3e-2
270 6.66E+540 6.66E+540 8.3e-2
271 1.81E+543 1.80E+543 8.3e-2
272 4.91E+545 4.91E+545 8.3e-2
273 1.34E+548 1.34E+548 8.3e-2
274 3.67E+550 3.67E+550 8.3e-2
275 1.01E+553 1.01E+553 8.3e-2
276 2.79E+555 2.79E+555 8.3e-2
277 7.72E+557 7.72E+557 8.3e-2
278 2.15E+560 2.15E+560 8.3e-2
279 5.99E+562 5.99E+562 8.3e-2
280 1.68E+565 1.68E+565 8.3e-2
281 4.71E+567 4.71E+567 8.3e-2
282 1.33E+570 1.33E+570 8.3e-2
283 3.76E+572 3.76E+572 8.3e-2
284 1.07E+575 1.07E+575 8.3e-2
285 3.04E+577 3.04E+577 8.3e-2
286 8.71E+579 8.70E+579 8.3e-2
287 2.50E+582 2.50E+582 8.3e-2
288 7.20E+584 7.19E+584 8.3e-2
289 2.08E+587 2.08E+587 8.3e-2
290 6.03E+589 6.03E+589 8.3e-2
291 1.76E+592 1.75E+592 8.3e-2
292 5.13E+594 5.12E+594 8.3e-2
293 1.50E+597 1.50E+597 8.3e-2
294 4.41E+599 4.41E+599 8.3e-2
295 1.30E+602 1.30E+602 8.3e-2
296 3.86E+604 3.85E+604 8.3e-2
297 1.14E+607 1.14E+607 8.3e-2
298 3.41E+609 3.41E+609 8.3e-2
299 1.02E+612 1.02E+612 8.3e-2
300 3.06E+614 3.06E+614 8.3e-2
301 9.21E+616 9.21E+616 8.3e-2
302 2.78E+619 2.78E+619 8.3e-2
303 8.43E+621 8.43E+621 8.3e-2
304 2.56E+624 2.56E+624 8.3e-2
305 7.82E+626 7.81E+626 8.3e-2
306 2.39E+629 2.39E+629 8.3e-2
307 7.34E+631 7.34E+631 8.3e-2
308 2.26E+634 2.26E+634 8.3e-2
309 6.99E+636 6.99E+636 8.3e-2
310 2.17E+639 2.17E+639 8.3e-2
311 6.74E+641 6.74E+641 8.3e-2
312 2.10E+644 2.10E+644 8.3e-2
313 6.58E+646 6.58E+646 8.3e-2
314 2.07E+649 2.07E+649 8.3e-2
315 6.51E+651 6.51E+651 8.3e-2
316 2.06E+654 2.06E+654 8.3e-2
317 6.52E+656 6.52E+656 8.3e-2
318 2.07E+659 2.07E+659 8.3e-2
319 6.61E+661 6.61E+661 8.3e-2
320 2.12E+664 2.12E+664 8.3e-2
321 6.79E+666 6.79E+666 8.3e-2
322 2.19E+669 2.19E+669 8.3e-2
323 7.06E+671 7.06E+671 8.3e-2
324 2.29E+674 2.29E+674 8.3e-2
325 7.44E+676 7.44E+676 8.3e-2
326 2.43E+679 2.42E+679 8.3e-2
327 7.93E+681 7.93E+681 8.3e-2
328 2.60E+684 2.60E+684 8.3e-2
329 8.56E+686 8.56E+686 8.3e-2
330 2.82E+689 2.82E+689 8.3e-2
331 9.35E+691 9.35E+691 8.3e-2
332 3.10E+694 3.10E+694 8.3e-2
333 1.03E+697 1.03E+697 8.3e-2
334 3.45E+699 3.45E+699 8.3e-2
335 1.16E+702 1.16E+702 8.3e-2
336 3.89E+704 3.88E+704 8.3e-2
337 1.31E+707 1.31E+707 8.3e-2
338 4.43E+709 4.42E+709 8.3e-2
339 1.50E+712 1.50E+712 8.3e-2
340 5.10E+714 5.10E+714 8.3e-2
341 1.74E+717 1.74E+717 8.3e-2
342 5.95E+719 5.95E+719 8.3e-2
343 2.04E+722 2.04E+722 8.3e-2
344 7.02E+724 7.02E+724 8.3e-2
345 2.42E+727 2.42E+727 8.3e-2
346 8.38E+729 8.38E+729 8.3e-2
347 2.91E+732 2.91E+732 8.3e-2
348 1.01E+735 1.01E+735 8.3e-2
349 3.53E+737 3.53E+737 8.3e-2
350 1.24E+740 1.24E+740 8.3e-2
351 4.34E+742 4.34E+742 8.3e-2
352 1.53E+745 1.53E+745 8.3e-2
353 5.39E+747 5.39E+747 8.3e-2
354 1.91E+750 1.91E+750 8.3e-2
355 6.77E+752 6.77E+752 8.3e-2
356 2.41E+755 2.41E+755 8.3e-2
357 8.61E+757 8.61E+757 8.3e-2
358 3.08E+760 3.08E+760 8.3e-2
359 1.11E+763 1.11E+763 8.3e-2
360 3.98E+765 3.98E+765 8.3e-2
361 1.44E+768 1.44E+768 8.3e-2
362 5.21E+770 5.20E+770 8.3e-2
363 1.89E+773 1.89E+773 8.3e-2
364 6.88E+775 6.88E+775 8.3e-2
365 2.51E+778 2.51E+778 8.3e-2
366 9.19E+780 9.19E+780 8.3e-2
367 3.37E+783 3.37E+783 8.3e-2
368 1.24E+786 1.24E+786 8.3e-2
369 4.58E+788 4.58E+788 8.3e-2
370 1.69E+791 1.69E+791 8.3e-2
371 6.29E+793 6.28E+793 8.3e-2
372 2.34E+796 2.34E+796 8.3e-2
373 8.72E+798 8.72E+798 8.3e-2
374 3.26E+801 3.26E+801 8.3e-2
375 1.22E+804 1.22E+804 8.3e-2
376 4.60E+806 4.60E+806 8.3e-2
377 1.73E+809 1.73E+809 8.3e-2
378 6.55E+811 6.55E+811 8.3e-2
379 2.48E+814 2.48E+814 8.3e-2
380 9.44E+816 9.44E+816 8.3e-2
381 3.60E+819 3.60E+819 8.3e-2
382 1.37E+822 1.37E+822 8.3e-2
383 5.26E+824 5.26E+824 8.3e-2
384 2.02E+827 2.02E+827 8.3e-2
385 7.78E+829 7.78E+829 8.3e-2
386 3.00E+832 3.00E+832 8.3e-2
387 1.16E+835 1.16E+835 8.3e-2
388 4.51E+837 4.51E+837 8.3e-2
389 1.75E+840 1.75E+840 8.3e-2
390 6.84E+842 6.84E+842 8.3e-2
391 2.67E+845 2.67E+845 8.3e-2
392 1.05E+848 1.05E+848 8.3e-2
393 4.12E+850 4.12E+850 8.3e-2
394 1.62E+853 1.62E+853 8.3e-2
395 6.41E+855 6.41E+855 8.3e-2
396 2.54E+858 2.54E+858 8.3e-2
397 1.01E+861 1.01E+861 8.3e-2
398 4.01E+863 4.01E+863 8.3e-2
399 1.60E+866 1.60E+866 8.3e-2
400 6.40E+868 6.40E+868 8.3e-2
401 2.57E+871 2.57E+871 8.3e-2
402 1.03E+874 1.03E+874 8.3e-2
403 4.16E+876 4.16E+876 8.3e-2
404 1.68E+879 1.68E+879 8.3e-2
405 6.81E+881 6.81E+881 8.3e-2
406 2.76E+884 2.76E+884 8.3e-2
407 1.12E+887 1.12E+887 8.3e-2
408 4.59E+889 4.59E+889 8.3e-2
409 1.88E+892 1.88E+892 8.3e-2
410 7.70E+894 7.69E+894 8.3e-2
411 3.16E+897 3.16E+897 8.3e-2
412 1.30E+900 1.30E+900 8.3e-2
413 5.38E+902 5.38E+902 8.3e-2
414 2.23E+905 2.23E+905 8.3e-2
415 9.25E+907 9.24E+907 8.3e-2
416 3.85E+910 3.85E+910 8.3e-2
417 1.60E+913 1.60E+913 8.3e-2
418 6.70E+915 6.70E+915 8.3e-2
419 2.81E+918 2.81E+918 8.3e-2
420 1.18E+921 1.18E+921 8.3e-2
421 4.97E+923 4.97E+923 8.3e-2
422 2.10E+926 2.10E+926 8.3e-2
423 8.87E+928 8.86E+928 8.3e-2
424 3.76E+931 3.76E+931 8.3e-2
425 1.60E+934 1.60E+934 8.3e-2
426 6.81E+936 6.81E+936 8.3e-2
427 2.91E+939 2.91E+939 8.3e-2
428 1.24E+942 1.24E+942 8.3e-2
429 5.34E+944 5.34E+944 8.3e-2
430 2.29E+947 2.29E+947 8.3e-2
431 9.89E+949 9.89E+949 8.3e-2
432 4.27E+952 4.27E+952 8.3e-2
433 1.85E+955 1.85E+955 8.3e-2
434 8.03E+957 8.03E+957 8.3e-2
435 3.49E+960 3.49E+960 8.3e-2
436 1.52E+963 1.52E+963 8.3e-2
437 6.65E+965 6.65E+965 8.3e-2
438 2.91E+968 2.91E+968 8.3e-2
439 1.28E+971 1.28E+971 8.3e-2
440 5.63E+973 5.63E+973 8.3e-2
441 2.48E+976 2.48E+976 8.3e-2
442 1.10E+979 1.10E+979 8.3e-2
443 4.86E+981 4.86E+981 8.3e-2
444 2.16E+984 2.16E+984 8.3e-2
445 9.61E+986 9.60E+986 8.3e-2
446 4.28E+989 4.28E+989 8.3e-2
447 1.91E+992 1.91E+992 8.3e-2
448 8.58E+994 8.58E+994 8.3e-2
449 3.85E+997 3.85E+997 8.3e-2
450 1.73E+1000 1.73E+1000 8.3e-2
451 7.82E+1002 7.82E+1002 8.3e-2
452 3.53E+1005 3.53E+1005 8.3e-2
453 1.60E+1008 1.60E+1008 8.3e-2
454 7.27E+1010 7.27E+1010 8.3e-2
455 3.31E+1013 3.31E+1013 8.3e-2
456 1.51E+1016 1.51E+1016 8.3e-2
457 6.89E+1018 6.89E+1018 8.3e-2
458 3.16E+1021 3.16E+1021 8.3e-2
459 1.45E+1024 1.45E+1024 8.3e-2
460 6.66E+1026 6.66E+1026 8.3e-2
461 3.07E+1029 3.07E+1029 8.3e-2
462 1.42E+1032 1.42E+1032 8.3e-2
463 6.57E+1034 6.57E+1034 8.3e-2
464 3.05E+1037 3.05E+1037 8.3e-2
465 1.42E+1040 1.42E+1040 8.3e-2
466 6.61E+1042 6.61E+1042 8.3e-2
467 3.09E+1045 3.08E+1045 8.3e-2
468 1.44E+1048 1.44E+1048 8.3e-2
469 6.77E+1050 6.77E+1050 8.3e-2
470 3.18E+1053 3.18E+1053 8.3e-2
471 1.50E+1056 1.50E+1056 8.3e-2
472 7.08E+1058 7.07E+1058 8.3e-2
473 3.35E+1061 3.35E+1061 8.3e-2
474 1.59E+1064 1.59E+1064 8.3e-2
475 7.54E+1066 7.53E+1066 8.3e-2
476 3.59E+1069 3.59E+1069 8.3e-2
477 1.71E+1072 1.71E+1072 8.3e-2
478 8.18E+1074 8.18E+1074 8.3e-2
479 3.92E+1077 3.92E+1077 8.3e-2
480 1.88E+1080 1.88E+1080 8.3e-2
481 9.04E+1082 9.04E+1082 8.3e-2
482 4.36E+1085 4.36E+1085 8.3e-2
483 2.11E+1088 2.11E+1088 8.3e-2
484 1.02E+1091 1.02E+1091 8.3e-2
485 4.94E+1093 4.94E+1093 8.3e-2
486 2.40E+1096 2.40E+1096 8.3e-2
487 1.17E+1099 1.17E+1099 8.3e-2
488 5.71E+1101 5.71E+1101 8.3e-2
489 2.79E+1104 2.79E+1104 8.3e-2
490 1.37E+1107 1.37E+1107 8.3e-2
491 6.72E+1109 6.72E+1109 8.3e-2
492 3.30E+1112 3.30E+1112 8.3e-2
493 1.63E+1115 1.63E+1115 8.3e-2
494 8.05E+1117 8.05E+1117 8.3e-2
495 3.98E+1120 3.98E+1120 8.3e-2
496 1.98E+1123 1.98E+1123 8.3e-2
497 9.82E+1125 9.82E+1125 8.3e-2
498 4.89E+1128 4.89E+1128 8.3e-2
499 2.44E+1131 2.44E+1131 8.3e-2
500 1.22E+1134 1.22E+1134 8.3e-2
501 6.11E+1136 6.11E+1136 8.3e-2
502 3.07E+1139 3.07E+1139 8.3e-2
503 1.54E+1142 1.54E+1142 8.3e-2
504 7.78E+1144 7.78E+1144 8.3e-2
505 3.93E+1147 3.93E+1147 8.3e-2
506 1.99E+1150 1.99E+1150 8.3e-2
507 1.01E+1153 1.01E+1153 8.3e-2
508 5.12E+1155 5.12E+1155 8.3e-2
509 2.61E+1158 2.61E+1158 8.3e-2
510 1.33E+1161 1.33E+1161 8.3e-2
511 6.79E+1163 6.79E+1163 8.3e-2
512 3.48E+1166 3.48E+1166 8.3e-2
513 1.78E+1169 1.78E+1169 8.3e-2
514 9.17E+1171 9.17E+1171 8.3e-2
515 4.72E+1174 4.72E+1174 8.3e-2
516 2.44E+1177 2.44E+1177 8.3e-2
517 1.26E+1180 1.26E+1180 8.3e-2
518 6.53E+1182 6.52E+1182 8.3e-2
519 3.39E+1185 3.39E+1185 8.3e-2
520 1.76E+1188 1.76E+1188 8.3e-2
521 9.18E+1190 9.17E+1190 8.3e-2
522 4.79E+1193 4.79E+1193 8.3e-2
523 2.50E+1196 2.50E+1196 8.3e-2
524 1.31E+1199 1.31E+1199 8.3e-2
525 6.89E+1201 6.89E+1201 8.3e-2
526 3.62E+1204 3.62E+1204 8.3e-2
527 1.91E+1207 1.91E+1207 8.3e-2
528 1.01E+1210 1.01E+1210 8.3e-2
529 5.34E+1212 5.33E+1212 8.3e-2
530 2.83E+1215 2.83E+1215 8.3e-2
531 1.50E+1218 1.50E+1218 8.3e-2
532 7.99E+1220 7.99E+1220 8.3e-2
533 4.26E+1223 4.26E+1223 8.3e-2
534 2.27E+1226 2.27E+1226 8.3e-2
535 1.22E+1229 1.22E+1229 8.3e-2
536 6.52E+1231 6.52E+1231 8.3e-2
537 3.50E+1234 3.50E+1234 8.3e-2
538 1.88E+1237 1.88E+1237 8.3e-2
539 1.02E+1240 1.02E+1240 8.3e-2
540 5.48E+1242 5.48E+1242 8.3e-2
541 2.97E+1245 2.97E+1245 8.3e-2
542 1.61E+1248 1.61E+1248 8.3e-2
543 8.73E+1250 8.73E+1250 8.3e-2
544 4.75E+1253 4.75E+1253 8.3e-2
545 2.59E+1256 2.59E+1256 8.3e-2
546 1.41E+1259 1.41E+1259 8.3e-2
547 7.73E+1261 7.73E+1261 8.3e-2
548 4.24E+1264 4.23E+1264 8.3e-2
549 2.33E+1267 2.32E+1267 8.3e-2
550 1.28E+1270 1.28E+1270 8.3e-2
551 7.05E+1272 7.05E+1272 8.3e-2
552 3.89E+1275 3.89E+1275 8.3e-2
553 2.15E+1278 2.15E+1278 8.3e-2
554 1.19E+1281 1.19E+1281 8.3e-2
555 6.61E+1283 6.61E+1283 8.3e-2
556 3.68E+1286 3.68E+1286 8.3e-2
557 2.05E+1289 2.05E+1289 8.3e-2
558 1.14E+1292 1.14E+1292 8.3e-2
559 6.39E+1294 6.39E+1294 8.3e-2
560 3.58E+1297 3.58E+1297 8.3e-2
561 2.01E+1300 2.01E+1300 8.3e-2
562 1.13E+1303 1.13E+1303 8.3e-2
563 6.35E+1305 6.35E+1305 8.3e-2
564 3.58E+1308 3.58E+1308 8.3e-2
565 2.02E+1311 2.02E+1311 8.3e-2
566 1.15E+1314 1.15E+1314 8.3e-2
567 6.49E+1316 6.49E+1316 8.3e-2
568 3.69E+1319 3.69E+1319 8.3e-2
569 2.10E+1322 2.10E+1322 8.3e-2
570 1.20E+1325 1.20E+1325 8.3e-2
571 6.83E+1327 6.83E+1327 8.3e-2
572 3.91E+1330 3.91E+1330 8.3e-2
573 2.24E+1333 2.24E+1333 8.3e-2
574 1.29E+1336 1.29E+1336 8.3e-2
575 7.39E+1338 7.39E+1338 8.3e-2
576 4.26E+1341 4.26E+1341 8.3e-2
577 2.46E+1344 2.46E+1344 8.3e-2
578 1.42E+1347 1.42E+1347 8.3e-2
579 8.22E+1349 8.22E+1349 8.3e-2
580 4.77E+1352 4.77E+1352 8.3e-2
581 2.77E+1355 2.77E+1355 8.3e-2
582 1.61E+1358 1.61E+1358 8.3e-2
583 9.40E+1360 9.40E+1360 8.3e-2
584 5.49E+1363 5.49E+1363 8.3e-2
585 3.21E+1366 3.21E+1366 8.3e-2
586 1.88E+1369 1.88E+1369 8.3e-2
587 1.10E+1372 1.10E+1372 8.3e-2
588 6.49E+1374 6.49E+1374 8.3e-2
589 3.83E+1377 3.82E+1377 8.3e-2
590 2.26E+1380 2.26E+1380 8.3e-2
591 1.33E+1383 1.33E+1383 8.3e-2
592 7.90E+1385 7.90E+1385 8.3e-2
593 4.68E+1388 4.68E+1388 8.3e-2
594 2.78E+1391 2.78E+1391 8.3e-2
595 1.65E+1394 1.65E+1394 8.3e-2
596 9.86E+1396 9.86E+1396 8.3e-2
597 5.89E+1399 5.89E+1399 8.3e-2
598 3.52E+1402 3.52E+1402 8.3e-2
599 2.11E+1405 2.11E+1405 8.3e-2
600 1.27E+1408 1.27E+1408 8.3e-2
601 7.61E+1410 7.61E+1410 8.3e-2
602 4.58E+1413 4.58E+1413 8.3e-2
603 2.76E+1416 2.76E+1416 8.3e-2
604 1.67E+1419 1.67E+1419 8.3e-2
605 1.01E+1422 1.01E+1422 8.3e-2
606 6.11E+1424 6.11E+1424 8.3e-2
607 3.71E+1427 3.71E+1427 8.3e-2
608 2.26E+1430 2.26E+1430 8.3e-2
609 1.37E+1433 1.37E+1433 8.3e-2
610 8.38E+1435 8.38E+1435 8.3e-2
611 5.12E+1438 5.12E+1438 8.3e-2
612 3.13E+1441 3.13E+1441 8.3e-2
613 1.92E+1444 1.92E+1444 8.3e-2
614 1.18E+1447 1.18E+1447 8.3e-2
615 7.26E+1449 7.25E+1449 8.3e-2
616 4.47E+1452 4.47E+1452 8.3e-2
617 2.76E+1455 2.76E+1455 8.3e-2
618 1.70E+1458 1.70E+1458 8.3e-2
619 1.05E+1461 1.05E+1461 8.3e-2
620 6.54E+1463 6.54E+1463 8.3e-2
621 4.06E+1466 4.06E+1466 8.3e-2
622 2.53E+1469 2.53E+1469 8.3e-2
623 1.57E+1472 1.57E+1472 8.3e-2
624 9.82E+1474 9.82E+1474 8.3e-2
625 6.14E+1477 6.14E+1477 8.3e-2
626 3.84E+1480 3.84E+1480 8.3e-2
627 2.41E+1483 2.41E+1483 8.3e-2
628 1.51E+1486 1.51E+1486 8.3e-2
629 9.52E+1488 9.52E+1488 8.3e-2
630 6.00E+1491 5.99E+1491 8.3e-2
631 3.78E+1494 3.78E+1494 8.3e-2
632 2.39E+1497 2.39E+1497 8.3e-2
633 1.51E+1500 1.51E+1500 8.3e-2
634 9.60E+1502 9.59E+1502 8.3e-2
635 6.09E+1505 6.09E+1505 8.3e-2
636 3.88E+1508 3.87E+1508 8.3e-2
637 2.47E+1511 2.47E+1511 8.3e-2
638 1.57E+1514 1.57E+1514 8.3e-2
639 1.01E+1517 1.01E+1517 8.3e-2
640 6.44E+1519 6.44E+1519 8.3e-2
641 4.13E+1522 4.13E+1522 8.3e-2
642 2.65E+1525 2.65E+1525 8.3e-2
643 1.70E+1528 1.70E+1528 8.3e-2
644 1.10E+1531 1.10E+1531 8.3e-2
645 7.08E+1533 7.08E+1533 8.3e-2
646 4.57E+1536 4.57E+1536 8.3e-2
647 2.96E+1539 2.96E+1539 8.3e-2
648 1.92E+1542 1.92E+1542 8.3e-2
649 1.24E+1545 1.24E+1545 8.3e-2
650 8.09E+1547 8.09E+1547 8.3e-2
651 5.27E+1550 5.26E+1550 8.3e-2
652 3.43E+1553 3.43E+1553 8.3e-2
653 2.24E+1556 2.24E+1556 8.3e-2
654 1.47E+1559 1.47E+1559 8.3e-2
655 9.60E+1561 9.60E+1561 8.3e-2
656 6.30E+1564 6.30E+1564 8.3e-2
657 4.14E+1567 4.14E+1567 8.3e-2
658 2.72E+1570 2.72E+1570 8.3e-2
659 1.79E+1573 1.79E+1573 8.3e-2
660 1.18E+1576 1.18E+1576 8.3e-2
661 7.83E+1578 7.83E+1578 8.3e-2
662 5.18E+1581 5.18E+1581 8.3e-2
663 3.44E+1584 3.44E+1584 8.3e-2
664 2.28E+1587 2.28E+1587 8.3e-2
665 1.52E+1590 1.52E+1590 8.3e-2
666 1.01E+1593 1.01E+1593 8.3e-2
667 6.74E+1595 6.74E+1595 8.3e-2
668 4.50E+1598 4.50E+1598 8.3e-2
669 3.01E+1601 3.01E+1601 8.3e-2
670 2.02E+1604 2.02E+1604 8.3e-2
671 1.35E+1607 1.35E+1607 8.3e-2
672 9.10E+1609 9.10E+1609 8.3e-2
673 6.12E+1612 6.12E+1612 8.3e-2
674 4.13E+1615 4.13E+1615 8.3e-2
675 2.79E+1618 2.79E+1618 8.3e-2
676 1.88E+1621 1.88E+1621 8.3e-2
677 1.28E+1624 1.28E+1624 8.3e-2
678 8.65E+1626 8.65E+1626 8.3e-2
679 5.87E+1629 5.87E+1629 8.3e-2
680 3.99E+1632 3.99E+1632 8.3e-2
681 2.72E+1635 2.72E+1635 8.3e-2
682 1.85E+1638 1.85E+1638 8.3e-2
683 1.27E+1641 1.27E+1641 8.3e-2
684 8.66E+1643 8.66E+1643 8.3e-2
685 5.93E+1646 5.93E+1646 8.3e-2
686 4.07E+1649 4.07E+1649 8.3e-2
687 2.80E+1652 2.80E+1652 8.3e-2
688 1.92E+1655 1.92E+1655 8.3e-2
689 1.33E+1658 1.33E+1658 8.3e-2
690 9.15E+1660 9.15E+1660 8.3e-2
691 6.32E+1663 6.32E+1663 8.3e-2
692 4.37E+1666 4.37E+1666 8.3e-2
693 3.03E+1669 3.03E+1669 8.3e-2
694 2.10E+1672 2.10E+1672 8.3e-2
695 1.46E+1675 1.46E+1675 8.3e-2
696 1.02E+1678 1.02E+1678 8.3e-2
697 7.09E+1680 7.09E+1680 8.3e-2
698 4.95E+1683 4.95E+1683 8.3e-2
699 3.46E+1686 3.46E+1686 8.3e-2
700 2.42E+1689 2.42E+1689 8.3e-2
701 1.70E+1692 1.70E+1692 8.3e-2
702 1.19E+1695 1.19E+1695 8.3e-2
703 8.38E+1697 8.38E+1697 8.3e-2
704 5.90E+1700 5.90E+1700 8.3e-2
705 4.16E+1703 4.16E+1703 8.3e-2
706 2.94E+1706 2.94E+1706 8.3e-2
707 2.08E+1709 2.08E+1709 8.3e-2
708 1.47E+1712 1.47E+1712 8.3e-2
709 1.04E+1715 1.04E+1715 8.3e-2
710 7.40E+1717 7.40E+1717 8.3e-2
711 5.26E+1720 5.26E+1720 8.3e-2
712 3.75E+1723 3.74E+1723 8.3e-2
713 2.67E+1726 2.67E+1726 8.3e-2
714 1.91E+1729 1.91E+1729 8.3e-2
715 1.36E+1732 1.36E+1732 8.3e-2
716 9.76E+1734 9.76E+1734 8.3e-2
717 7.00E+1737 7.00E+1737 8.3e-2
718 5.02E+1740 5.02E+1740 8.3e-2
719 3.61E+1743 3.61E+1743 8.3e-2
720 2.60E+1746 2.60E+1746 8.3e-2
721 1.88E+1749 1.88E+1749 8.3e-2
722 1.35E+1752 1.35E+1752 8.3e-2
723 9.79E+1754 9.79E+1754 8.3e-2
724 7.09E+1757 7.09E+1757 8.3e-2
725 5.14E+1760 5.14E+1760 8.3e-2
726 3.73E+1763 3.73E+1763 8.3e-2
727 2.71E+1766 2.71E+1766 8.3e-2
728 1.97E+1769 1.97E+1769 8.3e-2
729 1.44E+1772 1.44E+1772 8.3e-2
730 1.05E+1775 1.05E+1775 8.3e-2
731 7.68E+1777 7.68E+1777 8.3e-2
732 5.62E+1780 5.62E+1780 8.3e-2
733 4.12E+1783 4.12E+1783 8.3e-2
734 3.03E+1786 3.02E+1786 8.3e-2
735 2.22E+1789 2.22E+1789 8.3e-2
736 1.64E+1792 1.64E+1792 8.3e-2
737 1.21E+1795 1.21E+1795 8.3e-2
738 8.90E+1797 8.90E+1797 8.3e-2
739 6.58E+1800 6.58E+1800 8.3e-2
740 4.87E+1803 4.87E+1803 8.3e-2
741 3.61E+1806 3.61E+1806 8.3e-2
742 2.68E+1809 2.68E+1809 8.3e-2
743 1.99E+1812 1.99E+1812 8.3e-2
744 1.48E+1815 1.48E+1815 8.3e-2
745 1.10E+1818 1.10E+1818 8.3e-2
746 8.22E+1820 8.22E+1820 8.3e-2
747 6.14E+1823 6.14E+1823 8.3e-2
748 4.59E+1826 4.59E+1826 8.3e-2
749 3.44E+1829 3.44E+1829 8.3e-2
750 2.58E+1832 2.58E+1832 8.3e-2
751 1.94E+1835 1.94E+1835 8.3e-2
752 1.46E+1838 1.46E+1838 8.3e-2
753 1.10E+1841 1.10E+1841 8.3e-2
754 8.28E+1843 8.27E+1843 8.3e-2
755 6.25E+1846 6.25E+1846 8.3e-2
756 4.72E+1849 4.72E+1849 8.3e-2
757 3.58E+1852 3.58E+1852 8.3e-2
758 2.71E+1855 2.71E+1855 8.3e-2
759 2.06E+1858 2.06E+1858 8.3e-2
760 1.56E+1861 1.56E+1861 8.3e-2
761 1.19E+1864 1.19E+1864 8.3e-2
762 9.07E+1866 9.06E+1866 8.3e-2
763 6.92E+1869 6.92E+1869 8.3e-2
764 5.28E+1872 5.28E+1872 8.3e-2
765 4.04E+1875 4.04E+1875 8.3e-2
766 3.10E+1878 3.10E+1878 8.3e-2
767 2.38E+1881 2.38E+1881 8.3e-2
768 1.82E+1884 1.82E+1884 8.3e-2
769 1.40E+1887 1.40E+1887 8.3e-2
770 1.08E+1890 1.08E+1890 8.3e-2
771 8.33E+1892 8.33E+1892 8.3e-2
772 6.43E+1895 6.43E+1895 8.3e-2
773 4.97E+1898 4.97E+1898 8.3e-2
774 3.85E+1901 3.85E+1901 8.3e-2
775 2.98E+1904 2.98E+1904 8.3e-2
776 2.31E+1907 2.31E+1907 8.3e-2
777 1.80E+1910 1.80E+1910 8.3e-2
778 1.40E+1913 1.40E+1913 8.3e-2
779 1.09E+1916 1.09E+1916 8.3e-2
780 8.50E+1918 8.50E+1918 8.3e-2
781 6.64E+1921 6.64E+1921 8.3e-2
782 5.19E+1924 5.19E+1924 8.3e-2
783 4.06E+1927 4.06E+1927 8.3e-2
784 3.19E+1930 3.19E+1930 8.3e-2
785 2.50E+1933 2.50E+1933 8.3e-2
786 1.97E+1936 1.97E+1936 8.3e-2
787 1.55E+1939 1.55E+1939 8.3e-2
788 1.22E+1942 1.22E+1942 8.3e-2
789 9.62E+1944 9.62E+1944 8.3e-2
790 7.60E+1947 7.60E+1947 8.3e-2
791 6.01E+1950 6.01E+1950 8.3e-2
792 4.76E+1953 4.76E+1953 8.3e-2
793 3.77E+1956 3.77E+1956 8.3e-2
794 3.00E+1959 3.00E+1959 8.3e-2
795 2.38E+1962 2.38E+1962 8.3e-2
796 1.90E+1965 1.90E+1965 8.3e-2
797 1.51E+1968 1.51E+1968 8.3e-2
798 1.21E+1971 1.21E+1971 8.3e-2
799 9.64E+1973 9.64E+1973 8.3e-2
800 7.71E+1976 7.71E+1976 8.3e-2
801 6.18E+1979 6.18E+1979 8.3e-2
802 4.95E+1982 4.95E+1982 8.3e-2
803 3.98E+1985 3.98E+1985 8.3e-2
804 3.20E+1988 3.20E+1988 8.3e-2
805 2.57E+1991 2.57E+1991 8.3e-2
806 2.07E+1994 2.07E+1994 8.3e-2
807 1.67E+1997 1.67E+1997 8.3e-2
808 1.35E+2000 1.35E+2000 8.3e-2
809 1.09E+2003 1.09E+2003 8.3e-2
810 8.87E+2005 8.86E+2005 8.3e-2
811 7.19E+2008 7.19E+2008 8.3e-2
812 5.84E+2011 5.84E+2011 8.3e-2
813 4.75E+2014 4.75E+2014 8.3e-2
814 3.86E+2017 3.86E+2017 8.3e-2
815 3.15E+2020 3.15E+2020 8.3e-2
816 2.57E+2023 2.57E+2023 8.3e-2
817 2.10E+2026 2.10E+2026 8.3e-2
818 1.72E+2029 1.72E+2029 8.3e-2
819 1.41E+2032 1.41E+2032 8.3e-2
820 1.15E+2035 1.15E+2035 8.3e-2
821 9.47E+2037 9.47E+2037 8.3e-2
822 7.78E+2040 7.78E+2040 8.3e-2
823 6.41E+2043 6.40E+2043 8.3e-2
824 5.28E+2046 5.28E+2046 8.3e-2
825 4.35E+2049 4.35E+2049 8.3e-2
826 3.60E+2052 3.60E+2052 8.3e-2
827 2.97E+2055 2.97E+2055 8.3e-2
828 2.46E+2058 2.46E+2058 8.3e-2
829 2.04E+2061 2.04E+2061 8.3e-2
830 1.69E+2064 1.69E+2064 8.3e-2
831 1.41E+2067 1.41E+2067 8.3e-2
832 1.17E+2070 1.17E+2070 8.3e-2
833 9.76E+2072 9.76E+2072 8.3e-2
834 8.14E+2075 8.14E+2075 8.3e-2
835 6.80E+2078 6.80E+2078 8.3e-2
836 5.68E+2081 5.68E+2081 8.3e-2
837 4.76E+2084 4.76E+2084 8.3e-2
838 3.99E+2087 3.98E+2087 8.3e-2
839 3.34E+2090 3.34E+2090 8.3e-2
840 2.81E+2093 2.81E+2093 8.3e-2
841 2.36E+2096 2.36E+2096 8.3e-2
842 1.99E+2099 1.99E+2099 8.3e-2
843 1.68E+2102 1.68E+2102 8.3e-2
844 1.42E+2105 1.41E+2105 8.3e-2
845 1.20E+2108 1.20E+2108 8.3e-2
846 1.01E+2111 1.01E+2111 8.3e-2
847 8.57E+2113 8.57E+2113 8.3e-2
848 7.27E+2116 7.27E+2116 8.3e-2
849 6.17E+2119 6.17E+2119 8.3e-2
850 5.24E+2122 5.24E+2122 8.3e-2
851 4.46E+2125 4.46E+2125 8.3e-2
852 3.80E+2128 3.80E+2128 8.3e-2
853 3.24E+2131 3.24E+2131 8.3e-2
854 2.77E+2134 2.77E+2134 8.3e-2
855 2.37E+2137 2.37E+2137 8.3e-2
856 2.03E+2140 2.03E+2140 8.3e-2
857 1.74E+2143 1.74E+2143 8.3e-2
858 1.49E+2146 1.49E+2146 8.3e-2
859 1.28E+2149 1.28E+2149 8.3e-2
860 1.10E+2152 1.10E+2152 8.3e-2
861 9.48E+2154 9.48E+2154 8.3e-2
862 8.17E+2157 8.17E+2157 8.3e-2
863 7.05E+2160 7.05E+2160 8.3e-2
864 6.09E+2163 6.09E+2163 8.3e-2
865 5.27E+2166 5.27E+2166 8.3e-2
866 4.56E+2169 4.56E+2169 8.3e-2
867 3.96E+2172 3.96E+2172 8.3e-2
868 3.43E+2175 3.43E+2175 8.3e-2
869 2.98E+2178 2.98E+2178 8.3e-2
870 2.60E+2181 2.60E+2181 8.3e-2
871 2.26E+2184 2.26E+2184 8.3e-2
872 1.97E+2187 1.97E+2187 8.3e-2
873 1.72E+2190 1.72E+2190 8.3e-2
874 1.50E+2193 1.50E+2193 8.3e-2
875 1.32E+2196 1.32E+2196 8.3e-2
876 1.15E+2199 1.15E+2199 8.3e-2
877 1.01E+2202 1.01E+2202 8.3e-2
878 8.88E+2204 8.88E+2204 8.3e-2
879 7.81E+2207 7.81E+2207 8.3e-2
880 6.87E+2210 6.87E+2210 8.3e-2
881 6.05E+2213 6.05E+2213 8.3e-2
882 5.34E+2216 5.34E+2216 8.3e-2
883 4.71E+2219 4.71E+2219 8.3e-2
884 4.17E+2222 4.17E+2222 8.3e-2
885 3.69E+2225 3.69E+2225 8.3e-2
886 3.27E+2228 3.27E+2228 8.3e-2
887 2.90E+2231 2.90E+2231 8.3e-2
888 2.57E+2234 2.57E+2234 8.3e-2
889 2.29E+2237 2.29E+2237 8.3e-2
890 2.04E+2240 2.04E+2240 8.3e-2
891 1.81E+2243 1.81E+2243 8.3e-2
892 1.62E+2246 1.62E+2246 8.3e-2
893 1.45E+2249 1.45E+2249 8.3e-2
894 1.29E+2252 1.29E+2252 8.3e-2
895 1.16E+2255 1.16E+2255 8.3e-2
896 1.04E+2258 1.04E+2258 8.3e-2
897 9.29E+2260 9.29E+2260 8.3e-2
898 8.35E+2263 8.35E+2263 8.3e-2
899 7.50E+2266 7.50E+2266 8.3e-2
900 6.75E+2269 6.75E+2269 8.3e-2
901 6.08E+2272 6.08E+2272 8.3e-2
902 5.49E+2275 5.49E+2275 8.3e-2
903 4.96E+2278 4.96E+2278 8.3e-2
904 4.48E+2281 4.48E+2281 8.3e-2
905 4.05E+2284 4.05E+2284 8.3e-2
906 3.67E+2287 3.67E+2287 8.3e-2
907 3.33E+2290 3.33E+2290 8.3e-2
908 3.03E+2293 3.02E+2293 8.3e-2
909 2.75E+2296 2.75E+2296 8.3e-2
910 2.50E+2299 2.50E+2299 8.3e-2
911 2.28E+2302 2.28E+2302 8.3e-2
912 2.08E+2305 2.08E+2305 8.3e-2
913 1.90E+2308 1.90E+2308 8.3e-2
914 1.73E+2311 1.73E+2311 8.3e-2
915 1.59E+2314 1.59E+2314 8.3e-2
916 1.45E+2317 1.45E+2317 8.3e-2
917 1.33E+2320 1.33E+2320 8.3e-2
918 1.22E+2323 1.22E+2323 8.3e-2
919 1.12E+2326 1.12E+2326 8.3e-2
920 1.03E+2329 1.03E+2329 8.3e-2
921 9.53E+2331 9.53E+2331 8.3e-2
922 8.79E+2334 8.79E+2334 8.3e-2
923 8.11E+2337 8.11E+2337 8.3e-2
924 7.49E+2340 7.49E+2340 8.3e-2
925 6.93E+2343 6.93E+2343 8.3e-2
926 6.42E+2346 6.42E+2346 8.3e-2
927 5.95E+2349 5.95E+2349 8.3e-2
928 5.52E+2352 5.52E+2352 8.3e-2
929 5.13E+2355 5.13E+2355 8.3e-2
930 4.77E+2358 4.77E+2358 8.3e-2
931 4.44E+2361 4.44E+2361 8.3e-2
932 4.14E+2364 4.14E+2364 8.3e-2
933 3.86E+2367 3.86E+2367 8.3e-2
934 3.61E+2370 3.61E+2370 8.3e-2
935 3.37E+2373 3.37E+2373 8.3e-2
936 3.16E+2376 3.16E+2376 8.3e-2
937 2.96E+2379 2.96E+2379 8.3e-2
938 2.78E+2382 2.77E+2382 8.3e-2
939 2.61E+2385 2.61E+2385 8.3e-2
940 2.45E+2388 2.45E+2388 8.3e-2
941 2.30E+2391 2.30E+2391 8.3e-2
942 2.17E+2394 2.17E+2394 8.3e-2
943 2.05E+2397 2.05E+2397 8.3e-2
944 1.93E+2400 1.93E+2400 8.3e-2
945 1.83E+2403 1.83E+2403 8.3e-2
946 1.73E+2406 1.73E+2406 8.3e-2
947 1.64E+2409 1.64E+2409 8.3e-2
948 1.55E+2412 1.55E+2412 8.3e-2
949 1.47E+2415 1.47E+2415 8.3e-2
950 1.40E+2418 1.40E+2418 8.3e-2
951 1.33E+2421 1.33E+2421 8.3e-2
952 1.27E+2424 1.27E+2424 8.3e-2
953 1.21E+2427 1.21E+2427 8.3e-2
954 1.15E+2430 1.15E+2430 8.3e-2
955 1.10E+2433 1.10E+2433 8.3e-2
956 1.05E+2436 1.05E+2436 8.3e-2
957 1.01E+2439 1.01E+2439 8.3e-2
958 9.64E+2441 9.63E+2441 8.3e-2
959 9.24E+2444 9.24E+2444 8.3e-2
960 8.87E+2447 8.87E+2447 8.3e-2
961 8.52E+2450 8.52E+2450 8.3e-2
962 8.20E+2453 8.20E+2453 8.3e-2
963 7.90E+2456 7.90E+2456 8.3e-2
964 7.61E+2459 7.61E+2459 8.3e-2
965 7.35E+2462 7.35E+2462 8.3e-2
966 7.10E+2465 7.10E+2465 8.3e-2
967 6.86E+2468 6.86E+2468 8.3e-2
968 6.64E+2471 6.64E+2471 8.3e-2
969 6.44E+2474 6.44E+2474 8.3e-2
970 6.24E+2477 6.24E+2477 8.3e-2
971 6.06E+2480 6.06E+2480 8.3e-2
972 5.89E+2483 5.89E+2483 8.3e-2
973 5.73E+2486 5.73E+2486 8.3e-2
974 5.58E+2489 5.58E+2489 8.3e-2
975 5.45E+2492 5.44E+2492 8.3e-2
976 5.31E+2495 5.31E+2495 8.3e-2
977 5.19E+2498 5.19E+2498 8.3e-2
978 5.08E+2501 5.08E+2501 8.3e-2
979 4.97E+2504 4.97E+2504 8.3e-2
980 4.87E+2507 4.87E+2507 8.3e-2
981 4.78E+2510 4.78E+2510 8.3e-2
982 4.69E+2513 4.69E+2513 8.3e-2
983 4.61E+2516 4.61E+2516 8.3e-2
984 4.54E+2519 4.54E+2519 8.3e-2
985 4.47E+2522 4.47E+2522 8.3e-2
986 4.41E+2525 4.41E+2525 8.3e-2
987 4.35E+2528 4.35E+2528 8.3e-2
988 4.30E+2531 4.30E+2531 8.3e-2
989 4.25E+2534 4.25E+2534 8.3e-2
990 4.21E+2537 4.21E+2537 8.3e-2
991 4.17E+2540 4.17E+2540 8.3e-2
992 4.14E+2543 4.14E+2543 8.3e-2
993 4.11E+2546 4.11E+2546 8.3e-2
994 4.08E+2549 4.08E+2549 8.3e-2
995 4.06E+2552 4.06E+2552 8.3e-2
996 4.05E+2555 4.05E+2555 8.3e-2
997 4.04E+2558 4.04E+2558 8.3e-2
998 4.03E+2561 4.03E+2561 8.3e-2
999 4.02E+2564 4.02E+2564 8.3e-2
1000 4.02E+2567 4.02E+2567 8.3e-2
