-2 -3.1251736999281476 1.9949628855935575
8 -8.612368475206653 8.773308529632578
-3 -0.3758396574189362 6.867802480343572
-2 -4.80308388361431 4.608299755581883
-2 -0.216582407369323 8.56388113344577
-7 -0.8253052193459087 1.2897212109447709
-9 -1.779693421214299 4.149146419347809
-4 -6.432697520208105 6.744913632504444
6 -7.940763117369507 6.333739426788194
-6 -6.915370561853161 4.812135676996691
7 -6.1575262284263985 5.4473880935632835
10 -2.6069887634978164 4.4804192250573625
3 -2.5554127084905653 4.8382941908630155
1 -0.11310130468129742 8.113896738842246
-7 -5.5221875941958665 8.702342896420403
7 -4.071082809030896 1.0041435891627515
-8 -5.157887474697401 4.624226120598004
-10 -2.553229941040419 1.4323945644889724
-9 -6.847819665658986 1.0455710155422748
4 -5.991980957564617 1.4321238329125152
-5 -6.600875466449898 5.404437618315353
-1 -0.9844350392635963 5.874303633883815
-8 -5.891034518510825 3.2190509448973303
-8 -5.110512469993941 7.685001774532848
6 -7.995075782733015 6.955457002590912
1 -0.8804106678409429 1.0303758614721925
-5 -9.524619350505558 0.7396503155782719
-6 -2.4794556044169527 8.975809432970074
-1 -5.775137892914844 9.286027547244618
2 -6.027392743974924 0.6893070584463079
-6 -9.052549682344956 7.068240107405858
-8 -0.3425544141634358 9.415478248334146
7 -4.1813417830546316 0.18681139579791228
5 -6.642644186654634 4.822248763046428
9 -1.8771279226116953 1.888954390546943
10 -8.19824588267667 9.770290940100304
2 -6.6905305523081555 1.066057511509878
5 -3.556381110269684 6.303164774871305
9 -0.5151786705397896 7.314067921243633
4 -5.956146162742595 5.563396115023519
-10 -2.1332847725333277 1.7922065538453258
-3 -9.044266083806038 1.1986490919843862
-7 -2.8737083614165426 4.342814496296656
8 -8.961089946602993 0.100196292724688
-1 -3.7881543765852577 6.956867971743313
2 -8.041138379825385 8.344792198494252
-7 -8.30109041443567 6.857319498877732
-10 -1.3513424560067868 6.559943317902556
-5 -9.872090342405492 0.546575092139453
-4 -9.945086298139179 7.36751041544076
1 -9.016045342789688 9.662868252556464
-3 -8.490199439629539 3.981111762131123
8 -8.032651048727688 2.3467183381787295
-4 -7.729489367319645 1.2363181717878902
-3 -9.02086817005613 0.9502045118465319
9 -5.340658606823658 4.580172967686186
-8 -0.7719862799239081 8.052954818025277
-4 -2.810689241694088 2.6359125814979456
6 -2.154216996705694 7.865685466265482
3 -9.045346930724602 6.5451460994955415
-5 -3.6382815670448885 9.274052657316972
2 -6.844275278632663 0.6101928378335486
5 -4.766951296325615 2.4300901705338394
10 -0.01974904784079179 7.922994735714068
-7 -6.768650418554024 0.5721456332546693
-10 -6.258833446549953 3.612228462354624
9 -3.1560437716138168 2.356755344823908
1 -6.373336944800297 3.7720232318863047
4 -2.448285010535475 4.3295469284478685
2 -9.602726407882878 4.6205465561012975
-7 -4.831020003564137 7.540321149436098
5 -2.7668542861051897 9.847406196312168
8 -0.7368498166125264 6.297811209017194
-6 -6.703591872172042 1.2154569579418217
10 -8.189480662828135 8.714846987880026
-6 -6.878859760287473 0.5148561879531899
1 -0.5470662016951202 1.0518095755318713
0 -5.510375167039456 5.284409094205959
-3 -4.3716516296784205 7.69382135881154
3 -5.755370641687959 4.216133147153873
8 -7.6461132715508695 0.11727318552040789
-2 -8.02761564451234 0.15148806273986737
-10 -6.158275374106701 8.884586969006005
2 -6.391475060217991 7.573015910583612
-1 -6.080725851475378 9.596146252719256
6 -5.913884782042578 7.210196589691515
0 -4.62830222975737 4.948408760859079
-9 -1.9413116287469663 1.616203885305153
-1 -7.029814943559183 8.796979507910901
10 -7.237294506508 9.995334881382556
-6 -5.770709168355003 4.979740619994569
7 -7.9410238552323325 4.1508425434750595
-10 -5.44452543609382 2.4216474241364927
-7 -7.008264101052724 8.526052019763831
8 -9.998756199962024 1.8481755997364013
9 -8.016985617056324 8.995402899218949
6 -0.8025749836651563 6.28127878020044
4 -5.0086539866255455 0.38897726030838853
-4 -9.452883418459992 3.267874448957202
-6 -7.497197767152233 4.771342412954707
-1 -8.051493639929134 4.210065798210925
1 -9.990412642093924 2.6996261169243008
8 -6.460856034407013 3.005910114653493
2 -3.0943091155221545 1.9900851059119673
-5 -6.18848059399588 9.575668003438123
-8 -0.9493014422028807 5.618869762354662
-6 -4.3902433974578905 7.383645844348972
-10 -5.533923831970913 4.083769794782884
1 -1.3145187398223044 2.960545071204753
5 -0.0141370268171368 4.31428992927014
-2 -5.600201300085841 5.399392951671146
-7 -9.677468428855917 5.622720036381796
-9 -8.435713788858415 3.5933801494732998
-3 -7.978581502494605 2.409842248206311
8 -6.389356258968014 5.556729168010844
-9 -4.79333582534262 0.9655190848144568
-4 -4.299049770189316 0.10691336212390601
3 -6.542133480162855 4.881094869914596
2 -5.897387425731113 2.714403513164778
3 -6.97742934113644 5.19442216420738
2 -2.103774895371413 0.04278317607579574
3 -7.243116550259523 2.405727511287771
-9 -7.811011784996631 3.201110077541811
-9 -3.1412325516722905 4.693875261020995
-2 -4.472231022909272 6.655205420518403
8 -3.0577413724514004 3.459420352435071
-2 -6.931365789359671 9.289405605966811
-10 -5.927246295774746 2.026701902709295
-4 -5.884173357872827 2.472288259022842
7 -7.7649121132571945 4.680326706348047
-2 -0.038572171151184165 6.716517303800527
5 -9.071503860466853 7.690496507396275
4 -1.5712543628205022 2.1634495453612166
3 -6.155443759262741 5.617533865439311
-6 -1.1487115396637932 8.963757099372426
0 -7.903405314899279 6.627450310837917
6 -0.8588574355038769 8.759186334410572
9 -5.145890237197211 9.083519037861226
-9 -0.4438166835594828 3.820590528707898
-7 -3.833822095017779 0.4817672021063557
0 -0.6523343364034009 2.41540177902565
2 -1.9514886674543277 1.668298955057541
10 -0.67819148885118 6.171391822556577
7 -8.39932250334982 0.5871793991006791
-2 -3.1245962060508052 5.933657051860457
4 -2.2964719190289626 4.715109230773706
-3 -5.122726216628171 1.6999191086187238
6 -6.337968084909877 5.769365142487217
0 -2.3036910541640596 9.959181348763783
8 -6.727184671733216 2.2726117442995064
2 -4.063375196783819 4.736506370927081
-3 -6.435964324439686 9.609110260212573
-7 -8.510099183647998 4.809601172450405
-6 -1.8185002177064042 5.575974517214001
4 -2.9581002522733844 2.722891148724078
9 -3.6285029661799264 1.7120832531230967
1 -7.690588491601341 7.466765279627358
5 -1.593887544043696 1.8304544976167347
-3 -0.8348437325737592 7.633011416832001
-2 -3.7834449841026254 8.263761124761807
5 -9.60106807272843 8.302459483719018
-5 -4.32120448090184 5.317769745060081
4 -8.921395553838474 0.7171510737438547
1 -2.0184842700770087 9.096661858177624
10 -3.5998254702913446 4.2484081597678705
9 -1.7210700998917527 2.4324423494226712
6 -9.882665049060295 6.584500649621496
-4 -9.200753402360037 8.038307813762287
-5 -5.08059653163243 3.877531628276615
-1 -1.1689412644613526 6.004671574548112
-3 -2.9284415570571127 1.0159201035234477
9 -4.17194846491031 1.8156281959921505
-3 -5.291987084795025 3.058446451975747
-8 -8.203263220585512 4.459606023271183
5 -1.3096726241918315 4.285925875175546
7 -3.625308153630863 2.867775495890271
1 -9.19063692524135 4.393796131633275
10 -1.7526778143592576 4.351416399409734
3 -4.421548405642822 7.417646641396189
-2 -9.298007084016312 4.378334699458815
6 -3.4828376953867135 9.174496409300772
-7 -8.73618235816979 9.05060103930799
3 -9.830705864414641 6.809891662594772
10 -3.0577307694096403 0.12538986639556993
2 -5.1233674286502495 4.43718195539463
-3 -8.123034907319326 9.723366820884078
-4 -9.83487647707404 8.030607512882433
9 -6.61480857607771 4.43273097629512
2 -3.81646589840412 1.253866802923994
3 -0.5715799289367034 0.8980832115001691
-10 -8.960052965536493 0.060066260990906395
-6 -2.7010902724698482 2.798312083416218
9 -6.944900545165218 8.04284514537123
-7 -3.8394829160526465 3.4900655476032894
-6 -4.768624447945381 9.52103159697451
-7 -9.736983978251699 7.277130885668512
6 -6.353656395512514 7.27850510305238
3 -1.6225147056727813 7.197488147480479
-7 -9.270254506575137 7.5791938298259565
9 -0.3374310374247944 1.568027308530482
-7 -5.647521974567996 3.6417353797893304
-3 -2.217265067889633 9.006152705569573
2 -1.4880910874039994 1.061460138537751
-3 -7.580803031774305 7.740756683965144
10 -9.13170380376656 1.7748955477473882
4 -2.948422590944676 1.4574692511148912
0 -2.6265534644235133 1.2969620793965075
1 -7.198616437728162 5.2943754356191945
3 -6.452498298320543 2.289402554091824
0 -2.7357374382722384 8.972422073836812
4 -1.152560777665098 1.5404978259133506
8 -1.8045331730294798 5.429034243177281
2 -5.906661259139745 5.9138231948537365
5 -4.055064685290115 2.918884006974932
-1 -7.422012993196374 4.896411852626024
1 -1.4507242555177395 5.485778594007859
8 -2.1253168220934047 5.854435083661555
7 -3.708593352202291 4.003251039982427
9 -9.773746447422154 8.077782942314215
-9 -7.001280870299997 3.445857431345333
-7 -5.406877277258531 1.0911635281662002
-7 -5.396109801345858 1.9965649099634941
2 -6.483909976812281 0.42670869625525354
-9 -7.15480414770934 5.532340420694981
-10 -1.4208773934614882 4.227022211556454
-2 -2.7088789517841505 9.588859149135486
-10 -3.2771525145971943 0.18981084279836358
-9 -3.9917851216700138 7.163979551508815
3 -2.101046525227299 9.523287548778374
-10 -8.504902362595855 7.738004302297136
10 -7.812027985079972 0.8236972109540053
-6 -1.0946115059135586 6.425465085272606
6 -2.809871949629702 4.719064685070987
1 -9.356348427189644 4.876419732060183
6 -1.2184823074253508 1.633303427582603
-9 -0.6226074749736057 7.707554048584056
-1 -3.1108487147280437 5.680695340239712
1 -8.849719170953382 9.994977201603636
-7 -9.79374264442768 4.668152323885423
4 -7.704682661957748 4.299954734729931
7 -4.380581220415637 5.926575712176859
10 -7.116620573742494 6.660116045617826
-6 -3.0556921872184866 4.48746943508913
-10 -2.524578651892462 3.1356198078565956
-5 -9.976257508698447 9.442897072253013
8 -5.9114790715765615 2.057885326240477
3 -9.136097864128127 3.3380690349809616
-4 -8.966224945706658 5.932659256584603
5 -1.4782337802800765 0.9313345474481471
-4 -0.35990313984967415 1.36673964581986
-4 -5.728059470876562 0.4945164695374016
-3 -3.934096815260787 2.516983558954929
-10 -0.026194736665747342 6.272506254818856
-6 -7.368665232250996 6.563490861514392
-4 -8.726435112805701 2.417059683356908
5 -6.453668052315685 1.8158313448737629
4 -6.964674929339766 6.823185786560141
4 -1.7599604718664903 6.091022971033626
2 -0.36494233377403695 0.4075018827914878
9 -3.9374792052455145 6.843023834396646
-10 -6.127451903658386 7.456474888601675
10 -3.241030657333937 6.695875629110402
-8 -9.621371906207273 9.630533557613175
-10 -7.677198614212006 9.613765511820763
9 -5.618055241504908 7.713241457957069
-3 -1.175174135303802 1.4688965831800627
-6 -8.440772641594767 9.866381891784426
10 -5.31409482633494 8.5222345354544
5 -9.758141906472034 9.580140273899648
-4 -8.507927065841422 3.4566621967370956
5 -9.40419932193524 0.9824505674765038
-2 -0.9759337323113737 7.4897791044015785
-9 -4.560534301213916 0.37414460555423634
-8 -9.163116578314652 3.768434236298824
-3 -0.8621593102704814 1.684931266868085
5 -3.9561658025866384 8.36473186924551
4 -3.053019208301736 5.914442151568658
-7 -2.9987941939625253 5.354580185255415
-2 -0.9704968886077321 2.028509718824317
1 -3.035792507832701 6.255242469986495
-10 -1.3508563293504814 9.661462791301862
-5 -2.868181160642356 7.7551258533985035
-6 -7.167479173657313 4.377651209105968
8 -6.462273533110992 0.722492106928303
2 -4.680149243914462 9.876526475785017
9 -9.101763740008739 6.427597871931693
-7 -3.7960267488169572 2.7163385220518466
4 -4.83893715781935 9.27793989434843
8 -3.931465614499391 7.0525779707175715
-4 -3.263205476742227 7.472331124416666
5 -7.761713962799806 9.46631472418339
-7 -5.812001402628757 0.41810832611894666
5 -9.91531925394559 2.2105085816708634
-4 -1.5210865956942303 6.125630426629584
-6 -0.6339990649905225 1.1878290178178064
-3 -6.086023265109802 8.288918286936966
7 -4.365240436379637 7.097055266514821
-9 -2.315308388825782 7.356339850125777
-7 -4.29420814606 0.24849537410658207
5 -8.46893042693834 9.482464024590831
3 -1.6339146727849112 0.4530947744136782
5 -9.950046260493036 2.2839189925293613
3 -5.102514905162176 0.4565538255907342
10 -8.577009880190692 0.7788888782147729
-9 -3.4227918415796674 6.1691721963142605
7 -7.046631741083077 5.407351105216386
-9 -8.898737387128238 8.946105360142392
-4 -3.4138646075843937 8.764690874739035
3 -1.736865607548113 8.616058368125167
-5 -4.080379729214433 8.357755782822746
5 -9.492535543741516 2.5844716205554352
6 -7.752684951811295 3.680423474613568
-7 -2.338576583657269 4.887284204487273
2 -0.9953056687751864 4.554133034957885
4 -6.7457892662717835 7.531181277874902
-8 -7.768451699561686 3.8998624701651763
6 -2.529265878624816 3.5584712914422556
9 -0.06678368266130619 6.375510500493103
-1 -4.637675851288391 7.944222981799665
8 -3.974022232197604 4.816057912639683
-6 -7.047303916675616 2.94838694652236
-7 -5.718255056284878 6.595186255945469
3 -8.935767660939586 7.369042118225716
5 -8.141545295731651 1.0309015349672135
2 -6.606360528160794 9.634679800531003
-7 -7.9458821519685054 8.10614521385748
-4 -5.05659032117539 2.432638784044693
-9 -9.023898109656805 0.972262998415605
-9 -7.115053889274829 8.149618069588186
-2 -7.377691483332793 7.263206418905477
8 -6.759782265184761 8.072492596402816
-3 -5.514652717627472 5.019233065515619
-1 -0.9134663113539236 0.6058792022174486
6 -7.285462716408022 0.8364174596667617
6 -3.563498358032988 2.132102480180531
7 -6.057723355790689 8.359001805868676
-5 -1.2083817398030003 3.623204647887489
4 -1.484004660655641 0.2107891717022814
-10 -5.939995948755318 1.1885248762585154
4 -8.534964216015991 4.208596668458169
-6 -0.7805563951098158 9.106890694070827
0 -9.60446975043232 8.045807760741186
7 -2.06302735694152 3.5990404835925216
-7 -2.3106965244957305 5.437377310909708
6 -2.739436265330106 1.7103478795712235
8 -7.641810814766003 5.198754033789862
0 -5.010707326528183 0.12099646209014492
-5 -8.654028419847936 9.859864758090772
-7 -0.26209168426980334 8.625466597357615
-10 -4.56111249197236 5.957846204421125
-6 -7.785311214610328 2.6603174535723726
7 -3.702280745839409 7.085794859103025
6 -6.135083097467085 5.750257887180719
2 -8.883689463788082 6.523383790869078
-5 -2.4533918788872775 2.8554700031013027
-10 -8.916293830996572 5.865951825512329
-5 -5.234961679116847 5.156609166599382
-6 -4.672903784227684 7.173519445982518
-8 -3.914605723797953 2.8028010039268003
-4 -9.915487635754687 6.113902579012217
9 -7.365573128007037 3.568533040277856
-2 -7.912012142803668 2.5057345393945187
5 -3.363964451987565 7.473634615287999
2 -4.922043847077854 9.711681544936312
-10 -5.599232709610069 6.382199738055307
6 -6.885786445433165 9.206899137565001
-6 -3.5001255833859704 6.522736703620337
-7 -8.581999654069008 7.557730810977391
10 -8.354217737900903 8.747427136608977
0 -6.373607911227297 9.73546147073196
-7 -9.589071378185245 8.407474501085673
-8 -3.0421518053387526 5.640301129027122
10 -8.978998170816036 3.378542525802649
3 -4.381916681751555 0.19152649309604697
-2 -9.317321671977876 9.087919887168251
-1 -5.802855820005265 8.896638744618862
3 -9.44259655826607 6.08116963725603
-3 -7.8149528966078865 6.94643467083635
-3 -0.8230114334001541 3.459422059800299
2 -6.076902490893651 2.760239328975035
5 -7.854885462829695 7.523887610139771
4 -9.999545596619381 7.4475688421203055
2 -1.8399535211192717 9.492184191166855
-10 -1.653333863938153 1.7074924650733114
4 -5.950226472847176 5.221800888547544
7 -7.38565244521411 2.740092332645465
-7 -2.426557704202982 2.253184544116571
2 -7.273497426425571 7.209170614212637
1 -0.8695474267690582 4.122568673807239
-6 -5.419351616713937 0.11814129730700396
4 -1.086685955536506 0.4512664768324248
-7 -8.545522679189826 8.301403853715051
-1 -2.7907755775841387 5.38227004113787
1 -6.952544555939878 1.5366139865275874
0 -1.6023092969350845 9.474147119896072
-7 -2.135651898025303 3.586608326976719
8 -3.783435958130287 0.8701881585066429
-4 -4.707936186196645 9.636661565710256
0 -2.4338243427251065 2.8544251770326765
-5 -9.655641156121565 0.40334120259013506
-6 -5.736218122751847 3.078889022244006
-10 -7.55131548151904 1.462291060634634
-2 -5.998468117516429 9.401369159869208
-8 -1.9100600296812935 3.490741317655494
8 -9.477126799382665 5.618696012950756
-6 -0.16084505808738747 4.805355990309797
7 -7.761957199971285 4.368453920405764
8 -7.664468791228104 6.257977814052683
9 -5.559932672390452 0.894574998773574
-9 -7.434512524128705 9.119864560134237
6 -7.6485735165239985 1.2487469874303614
-3 -8.702223282506857 9.795637435103668
2 -4.4124969045942395 4.089258530323248
9 -3.001261833952242 2.6672153965081624
1 -9.526261140275142 1.954414802383686
-10 -6.626623348445925 1.5590188975480723
9 -6.414987761019884 9.556138980489342
-4 -7.648931007278957 3.8883387203386954
-8 -2.3452496771260574 8.447468282623907
-9 -3.5628526619857386 7.7628402774989445
-3 -0.38075797289483226 6.341230189007641
3 -9.508425017266147 7.0323984593517554
-5 -6.129594594595536 5.911385972280741
0 -4.3893427954210225 9.027692076282566
-1 -2.3928420479608707 8.824928585765555
3 -4.218378888184678 4.818491975224926
1 -8.918456650955626 7.432262178011171
1 -0.9064167417424525 5.147322784617799
-5 -6.111564560267393 6.881841303214225
-8 -1.6590697410558661 7.720371021171157
6 -9.013819660529235 7.585444879916201
-5 -6.832049664870368 8.559969436637598
-4 -4.072403044806869 3.846266060658091
-9 -0.5194693003750324 8.038572633539811
6 -0.6391674333346877 0.33059363415301135
-3 -6.380951186235432 9.907566939589964
0 -9.197942052130482 1.9576206052503786
-6 -2.8807739301351436 8.37246822274912
0 -2.0971364240443826 7.261491342181705
-10 -6.04537530582582 4.700015091728908
4 -7.661064633864645 0.08419637883410935
-8 -1.7450732991824474 5.747257122993771
-6 -1.2345199173629737 6.139570137327624
3 -5.5904948208256275 9.16046128762953
10 -8.393281531441858 1.031684255845724
9 -7.262716398574815 9.712145728474283
-1 -3.9446979533298645 1.525568565248221
-3 -1.1858621611012552 4.153525042859369
-10 -0.2925015563733311 3.81146464211241
9 -6.831904199734993 5.10017452503103
-9 -3.0873416448487117 6.4358000795075645
-5 -4.251887774907025 6.448406596323823
2 -5.115700851386561 5.04161363388582
8 -5.718888966456212 5.765527389920181
1 -3.0474587182563386 3.063052546326327
-9 -6.218859148798059 9.462300703642272
-3 -2.3439010273879246 8.268548161797058
10 -0.4338214844240049 5.145814239882675
-3 -4.742162699519019 5.960102632372616
6 -7.222597685314889 6.661438582540294
-10 -2.0019198630821444 8.125500616992205
-2 -1.8561395950034427 8.335580222061235
-10 -3.023579354439371 0.07446745987859882
-4 -7.699991965026997 5.5915974411221665
10 -4.629761870549429 6.9265165864871765
8 -0.9972756441442812 0.25130042484103554
-3 -1.7628414466768678 9.740878630616361
-4 -8.296769474603478 4.955483446309873
0 -3.3237690219067195 4.403192089727734
5 -2.4924329875823306 7.575705179251916
5 -7.2614913131803185 0.030354091971417363
-5 -5.115194630783165 9.548549241668592
-10 -9.780388653594294 9.023611172352807
8 -8.798539448104094 8.270919492745572
-7 -3.2940341795093007 1.6949600878094728
-1 -7.844793790236588 9.66166434687447
-10 -7.8847902294785355 6.513444726644206
4 -6.226041964838069 7.4532394873760275
2 -8.80515805347526 7.127069249708703
7 -0.5429241364118447 9.701123725477734
1 -6.5138300455628375 4.121123133163534
-5 -5.226137815311799 5.862668191375661
8 -9.960339315068747 7.49898884433192
-5 -4.906160473559576 9.50037944842839
-2 -2.629190926350952 4.369766461925828
9 -5.140269549360468 2.5567516986334837
6 -7.721342044090877 2.165593139132093
8 -3.3488924004618017 0.4181662635647454
5 -1.9282027057124456 9.599847822374974
-5 -7.520780854208651 6.102495307074206
6 -5.089944455841081 9.682128842347622
10 -6.5594306119861745 0.9137338995428745
5 -7.378655910159395 7.260247423326588
3 -1.152394288050811 1.5200010250928586
-5 -3.7908211014552915 1.7879725881143993
-3 -9.532993407977763 3.516358044734548
-4 -4.479086114698384 2.380711484892004
-2 -0.7574074545973328 5.9117845205653365
-2 -2.014985754211592 1.213236597236188
-6 -3.6158913917449 6.196435878447608
0 -1.0226908341158332 2.998986203743781
-9 -1.1992171716408109 3.8048363740177917
-6 -0.6957139162586596 6.7175010273756435
2 -6.932942733141903 2.4858091204077004
5 -1.2903318821700989 2.5077190484237044
-2 -5.393803821165818 1.5212820349398581
-6 -6.897990734303781 2.661218975880871
-10 -4.371792196609983 4.77060092686566
10 -2.1947160695911414 7.727214248203985
-7 -1.8905891746653047 5.541502329065628
9 -3.9518674269693843 9.837929242105051
-1 -5.733069662726286 3.348093110447042
-7 -4.321988034722079 7.747071317594122
7 -5.469982531908595 6.9642177524174915
-6 -2.971271955418202 6.476447379150001
4 -8.702842230194452 9.53558930651729
2 -7.341819227066716 1.4271050775727867
-5 -8.083986910002597 8.50872408318282
-5 -3.729729490499337 0.6294635053342035
-6 -8.067736754241606 7.842168216797299
9 -4.345156256639466 8.59182400140898
8 -7.65714366948159 1.9086742591931005
7 -8.26159360013296 1.6462982624720113
-2 -3.655325472648057 4.268395152827385
1 -1.588220107643041 8.810826709281192
-8 -9.952853168517995 9.847660490618031
7 -1.0654423999721203 6.0914096847524135
5 -8.841836117697126 0.3003222394749949
9 -7.310900301559451 1.26685207758784
-5 -3.341260310177989 5.676751133932046
-6 -5.351098198873255 3.9646172364682597
-10 -9.47734751486339 7.990024786956731
-4 -3.890268944758021 7.737182265104641
-7 -7.956086380860708 0.6554721311823031
0 -4.922542005219599 4.876087055219863
4 -6.868288408766086 8.172638523529743
5 -2.408341394921022 9.490775517943762
-9 -9.76768235727413 9.60250739914178
0 -5.087488981014109 2.780191300514873
-4 -2.933655407499108 9.599225508009479
7 -6.52424157580788 7.653857025940689
7 -1.1646910596442108 9.009728114918596
-9 -8.81780595567632 2.6732881664174615
2 -0.2748445704433511 7.534786632784446
0 -5.724204515262256 5.349328434290937
-7 -1.408145258433212 9.184580458379049
-5 -7.749385205778278 5.630385781364242
6 -8.910154147279115 4.940343720211054
-1 -4.9095953042130445 7.431316885487483
-4 -6.7607709259774795 6.549301786952665
2 -4.772089906158847 9.183525371405922
-2 -6.406496583949206 6.531554246502729
7 -0.03729480828805265 3.562748101775651
-2 -4.261740415710542 2.2807891016346593
2 -6.05131087990728 9.913453354301925
5 -1.2855955526754919 8.401922088324454
-3 -0.034879472227757446 7.631697944295776
5 -0.8511970495363457 7.558465491764017
8 -8.337044280989446 0.1810840629048438
2 -5.282822322380669 2.5425191037737074
-6 -2.230972504833268 7.397392894282997
7 -7.607762508151026 5.176946543047142
1 -8.650817194438329 5.891887491366122
-1 -4.023101983877742 3.3684389397747747
-6 -1.780301614185122 9.989457054899237
-2 -5.942332675266465 1.126399903980142
-7 -5.391558078938563 7.541878694199257
6 -0.8397330353546302 5.784782751357112
-2 -9.13762054618178 4.304392587537774
3 -9.025102564656532 8.029801340521693
1 -1.3539157720977215 2.0162255708922383
-1 -2.4793405214633433 8.354036414658754
-4 -8.264788735228496 2.932819039499689
-7 -4.711868336180631 7.992417122852004
7 -1.7009344799271382 9.949554236952109
10 -4.461252781971372 2.9876774110061377
-10 -6.9927951064192495 1.5184943485799351
9 -1.9484643983644752 4.9189175303374935
-3 -2.626877251332415 3.109721912070226
-4 -6.511198803981083 3.3871478074586934
3 -3.6455871245884177 5.44098995920666
-9 -9.48154699320425 4.65239761584384
-4 -0.581340397974083 5.9737482955623635
1 -1.3977027428977191 3.2716440532862556
4 -9.933144809362082 7.5541548687526925
3 -5.234521656653923 9.47653245663722
-7 -4.379217502567606 4.064080667813536
-5 -2.880782804822144 6.846872950593296
3 -4.2986350463061616 2.537304643569198
5 -4.125384240834414 2.5037729069441585
0 -5.832249589420241 2.32570847150974
-3 -6.607868706685236 5.342685893680815
4 -8.847024265804759 2.5100315947648886
-6 -0.3689876797582201 8.462985759211296
9 -6.164502574973463 3.7499511524322493
1 -4.686161422698686 9.962053471522125
-10 -4.620851568105477 6.35198701021821
10 -9.561965891723277 4.882605040721265
4 -2.10557503678951 2.4971595757356724
7 -4.395735511591013 8.042519073658418
5 -1.579828397748157 1.292391706520748
5 -2.921449818315086 2.1193575048404356
1 -4.836167889624629 2.860264763107465
2 -2.2333802072828943 4.439732579837557
2 -6.284036980292917 7.158885533001317
-6 -8.904664846192832 5.104802284410131
-8 -9.999524190708977 9.685393334491676
4 -9.141056388930712 0.9883306723909324
7 -2.015983869779113 1.8333590596416827
1 -9.450537378076367 4.830224452872896
-5 -8.84810960491886 0.7118912542645717
1 -6.742480215661527 8.948844521576714
7 -5.189968543821446 6.680625977291161
0 -9.175522004626 0.946927120739981
8 -1.601147350353184 3.1749140110661456
-10 -9.91373452302621 7.057698358385023
0 -2.5038457628562565 4.993013486256045
1 -2.177711647541524 9.585963141229394
-9 -2.7847931996131514 0.02923472232466584
-6 -2.190599225608204 6.714954146826293
5 -5.112969559157862 4.625928063099475
-8 -2.3463328573639544 7.82183406483136
-8 -9.721193576799847 5.242983544491784
9 -0.28294877400626994 5.5470669803740815
-6 -5.3020101878153 8.914414762316742
-3 -3.3053473811629033 8.788554577736985
7 -5.61598390759559 4.2412421517665875
2 -5.366267539137856 9.16178893859845
9 -9.760764952827035 0.3148571892336982
8 -5.014525644282032 5.642691891210536
-9 -1.4405736059826797 8.85172572212737
-5 -4.607651414788525 5.8791237660766
7 -1.4512907558458732 0.7078778200986968
9 -1.5776265664930484 8.624155081043686
7 -2.2571694197923424 7.448469050928673
7 -6.633188420814651 2.760438000635619
-10 -2.29270368295966 2.9840091963299233
-4 -9.262187626009524 4.678401982891648
4 -7.621300378443819 1.5902883957376568
-8 -6.102437446932098 3.113105386975863
-10 -5.523696819540039 0.11061151757258747
-10 -9.2115560236537 9.164370491890722
-10 -2.113583687738519 7.140414576160138
9 -2.559271314281732 0.04913722265458387
8 -2.6261031795295633 0.9482430152164545
-2 -3.100725832555007 6.4042226472103
10 -2.122167053768359 8.317692822333404
5 -1.8233623232249645 1.4435541269300045
10 -2.8773941207322764 0.5869074558655463
4 -5.730560246183711 3.0536679192815894
-7 -4.022725177625993 4.690143274458766
-6 -0.04082307731080448 6.177410448104413
-5 -8.852120170803744 2.1580326788524706
6 -7.696466625157239 3.456652303098837
-2 -0.15085380899429346 2.689191394220396
-2 -6.59098204557389 9.217570301654003
1 -3.482199868388159 4.061332345260201
8 -9.000702651811354 0.44381362976821714
-5 -8.635076687596584 2.8770514774249145
2 -6.1321055914675835 7.512471855032421
10 -8.846085981135285 4.762595419775008
-4 -7.4097688837096145 9.184158350711131
2 -4.117726227637553 0.7756333235282242
8 -0.1251519911339436 6.496892661081151
5 -5.831654028415976 7.427256802314367
4 -9.368329720500729 3.073048611583448
4 -7.706191037973683 5.636517643501705
-1 -5.265941224860988 4.799960181368334
9 -7.285981940289355 3.6399573502885776
8 -6.226505893090338 4.060089595538408
-5 -9.068274638945166 3.1384583842946636
-6 -4.89845106909061 0.7328401742017832
6 -1.7818415658033526 2.3273753543570574
3 -5.718797869917803 8.937309975667219
10 -4.963107724996455 0.5858951838102744
-3 -2.787299940749344 5.005786414503169
9 -7.336597420512714 5.20710438210915
-3 -7.923161216852124 8.727010189802169
-6 -8.810331682458388 5.664644614174566
3 -7.686511674312429 2.8797848751510347
6 -3.8122297963926055 5.625037137204742
-8 -4.468569593308766 1.4433238310973817
-1 -7.18729620409454 4.478213008338915
6 -8.699781177587 5.6679190726816735
-4 -7.073153524852037 6.223031412004593
3 -0.8598673024671513 8.260204102715548
1 -4.713653131732054 9.850764237693978
-8 -9.953544364299455 0.308322619172019
-10 -1.4209549484003254 5.611902157460742
-4 -6.99175063620157 6.913122430636665
-6 -5.466092735361183 8.71428451408882
0 -5.687186468930511 5.582624695135104
10 -9.33982894833903 6.28281872961321
2 -8.030306039928346 7.936709750141673
4 -0.9981801419619636 8.701814092362378
2 -3.923941730533617 3.0384020209099893
-4 -3.2242769639196016 6.6133937223524075
2 -5.7137234849314265 8.893895402854714
9 -2.8886186283384587 2.9121239546880062
9 -8.211419382454565 0.524939120499206
-7 -3.0920785620928912 0.1896119950696662
1 -6.216019380887335 9.952340118286347
8 -4.220403266936158 0.27178933119169413
-5 -3.403643211327875 0.08471658317231179
-10 -5.644428334840707 7.174798937349843
-9 -2.489048792179763 0.42721906722550607
-7 -2.849020651235988 6.513613413675804
5 -4.53518687848271 2.1600558606208695
-10 -7.908139744595065 9.924333322151973
2 -5.974928427892316 6.881817877302764
-1 -8.984349300593328 9.175714803914625
-8 -4.756291221613105 7.117062965648412
0 -2.271767434431256 4.772248585769839
9 -4.590248780029968 8.515632482873892
-7 -3.4701973950927636 3.384683308392505
4 -3.1166293931504265 9.114419533365256
1 -2.4356969751813162 7.774483769257664
-7 -2.0445028609884908 3.0070685524501863
-5 -7.345894692689281 1.3821908819101225
0 -0.2678894742091913 8.386910553608907
-6 -6.701367559548127 9.933679439410263
0 -2.3793910159864033 0.0022112086391135044
-8 -1.4325122694842136 2.8141606903425354
-2 -3.4587628139851203 4.964786008839529
-7 -0.8193187987087782 7.037256039349522
-4 -6.131662098802604 8.666146123194592
4 -3.0163923529308985 6.191714616993163
7 -2.789326494314352 4.274977339122213
2 -7.997256197718397 0.16356804063578645
8 -6.485311599871776 9.912659193663947
0 -9.429358453294956 8.05155130095151
-2 -8.198053324925814 9.812325901951208
9 -2.256615606459782 8.858778078602443
-2 -6.934300575003066 3.819784943638541
-6 -5.570050923424148 7.11277678374579
7 -5.227705605168012 0.9843986190224097
-8 -3.7560902820195317 4.242759825586967
10 -8.406591863656743 5.154716081191632
3 -8.540580873229107 1.174534431164408
-1 -8.352799048730654 7.883149951337448
0 -3.8518350646486272 8.351157445308301
-1 -5.381439101655182 5.724594798805517
1 -2.9378285543181812 6.163917705352225
8 -2.4320732055420535 9.02325025334316
-4 -8.007292542723405 2.3038092375798525
-8 -1.4305342707383684 0.9494660630439278
6 -3.0041415670540186 5.793722889556907
-8 -8.995574905365372 5.847207485207817
9 -7.20973121193223 7.357920317223924
1 -4.104810031994513 2.8185868052281027
0 -0.5862574285356015 2.6042614518276643
-1 -8.497521412516118 1.608513647327875
4 -1.4566425491400423 0.7737795822036475
9 -8.119333647468613 1.9093353965073923
2 -7.8259837230249705 7.346452813639235
8 -9.583438599046781 9.983457875423213
-9 -3.834233445560571 9.21390788883636
-5 -0.2496291818179781 8.609525058564843
8 -5.150602858457839 4.944050464467185
-2 -0.11903878129947465 1.520369826072182
0 -0.26827288767636226 6.202240780370997
4 -6.837724934750624 3.3174029211102596
-9 -5.780864400927095 6.386728075175945
-9 -9.607900535698851 9.93506146771659
5 -7.99431369529905 4.410489774396563
-2 -6.147590499033072 0.44577665685379353
-8 -6.36963617343432 4.75077463154074
4 -9.809344790022678 5.71231199334335
10 -2.657178499205849 8.694005989163704
2 -4.312228197384684 2.793017504729065
-1 -3.3172392216901 5.268100410498003
-8 -2.0003440186959898 8.239249537208728
1 -6.5249461675701195 2.749820018259622
3 -3.813900709021178 9.328311592858823
2 -9.457269959611533 5.089832798114344
3 -6.089452067181008 5.962425449668761
8 -4.63897137135766 8.509219644089432
-2 -9.709888126045623 2.8498932720068715
3 -2.0249657092093596 3.633671614870413
0 -4.517737558639816 1.841333014049732
-9 -0.9146259237928689 2.9828772058841024
-9 -7.664684284684055 9.894888100624673
-3 -2.7179648876967413 5.062096393814635
-9 -0.05130852397678609 0.26187128492802025
4 -4.369104907634128 8.69908503176182
2 -6.978450384811115 4.215111501358507
8 -7.165026961391803 8.005214380067978
8 -4.257185200805255 5.523319529736998
-9 -5.765634672419465 7.348652978806939
-7 -6.508867787288091 4.62387120477856
-8 -4.065446491617193 8.378347452709173
7 -7.922653858553318 3.791879037971647
-6 -3.710314155388323 7.611152251325059
7 -4.500780058313966 0.28982199600670056
5 -7.929511508531287 3.73591927506315
2 -2.7191945950761944 8.776584812803149
7 -6.934943869603718 7.3779915344942415
4 -9.080410235364443 8.17782269063134
7 -7.5309772082941855 1.9537860712971422
3 -5.112848889384073 3.48269079211586
5 -7.541230825922623 9.70988478743808
4 -8.15539719377962 1.6088160259102646
-10 -2.811478148635482 5.456877238512674
7 -5.784759413826038 2.987900034789951
-6 -7.7168609133162915 2.09353509018384
4 -4.273567040587759 9.384168766091731
0 -1.2814383778743075 7.841095502090098
-6 -9.015745229563088 3.5340804021066177
7 -7.264254303589002 7.862580005340931
1 -7.921354202890275 6.177319441127524
-6 -7.879282174905381 8.787866359386673
4 -8.349208713372176 3.9581496371616898
-10 -6.307257360642629 4.47065420418025
4 -7.003523244479486 6.15926444076387
7 -8.922472493834823 0.7270395125120621
0 -0.5039871553212993 3.6899669653263323
9 -9.651652470186914 0.543347551787291
4 -0.7793047288034529 2.7323334429441424
-5 -7.131432816785893 1.4936342570783
-2 -7.774337203758415 9.134262879634804
-5 -0.15318245780250095 2.9975907151323797
-3 -5.362155316463781 5.533176261741813
5 -9.403302865459452 8.110010976999648
10 -7.287612078960917 5.739359312032514
5 -6.603160106191805 3.4294856615802938
-4 -3.1614843127144407 1.2493534347161095
-2 -8.489077225123022 0.43301683913745115
-2 -3.8725990417276073 5.753610597848986
5 -1.2533700523507747 2.5461131061035336
-5 -4.745695643671936 3.5685956877548697
7 -3.47486204152728 4.931937399895283
10 -9.856354208155057 6.8313022516265125
6 -6.785568782741055 0.10162430937301403
-4 -4.292311369618861 2.918701836955387
-3 -6.076176862815425 3.184232058218636
-2 -9.001701823921614 6.266851950300923
3 -6.462422796028466 8.64725413993934
-5 -5.551576269006353 9.553765784304556
5 -4.367251623254527 0.6094102188350303
0 -7.419285225708542 8.858778816250165
1 -5.908690222465593 4.487214490758213
-3 -7.362156113952025 4.997104728806435
2 -0.224639553638184 8.35672732905672
-2 -4.893287893509655 7.270945478542368
1 -2.4267140074019933 5.057899511942342
-1 -9.806909447583065 9.05351814475715
2 -0.23624797886096083 1.4069802117302699
-5 -3.056796436076975 2.331143029271019
4 -3.022038618743121 1.469342410397898
1 -7.803968616732286 4.9485322233889475
2 -6.50574819530047 9.12792207323114
-6 -2.2944015184972066 1.3932648529498892
-7 -9.26262449216755 8.6882197422809
7 -1.523689829129589 0.40119003422291577
-7 -0.9299286407244356 8.149526842806639
3 -3.874643934631755 7.950411808440975
-8 -2.823299265568144 2.330231301376018
-4 -0.13322915960445947 8.058447815024342
-3 -4.599010082225271 5.866426210639142
-8 -6.249289292365664 1.6865252761457594
2 -0.82611128891498 7.284797150587703
0 -2.4254825384469054 4.856646059857155
-2 -6.708189778455868 7.87212721004102
3 -5.009827660181837 1.8287609457279652
-10 -6.728220477556581 8.7867711883286
7 -7.574470278895083 7.007070397194766
6 -8.497179735174269 6.072720204363662
-8 -0.048470282561236644 5.632735655301642
10 -2.8750216545356526 8.636693639294512
-6 -0.5672534891456475 0.46201303299275853
-4 -5.169203503343932 4.07468026539282
7 -1.834225132561052 6.9430540214983925
6 -4.696441049280798 0.6858001411095349
10 -7.821326516278169 7.701160671036922
4 -7.658600545612547 0.913863818826105
9 -3.051625647022359 2.9272746838741783
6 -9.091315423900776 8.818677003280806
-4 -4.238249671163809 8.017198286514764
2 -1.3547404187884755 2.9895729690914283
3 -3.531642799950622 4.0867132211868595
-10 -4.9614390964873465 8.58794384778664
-3 -4.368117857479964 8.347293046995064
2 -3.597894008102643 9.640414845437636
-8 -0.08938140996661836 5.174241936539437
-10 -2.641875652392242 6.949841295465919
-7 -7.483549988954436 3.978557245108046
-8 -4.655146341889559 5.990058730568174
-9 -2.1184778615561592 2.298701193920297
-10 -6.308520092199839 1.7835059412200949
-1 -6.338770621850695 4.8133224544481825
3 -4.641701407187324 5.5958363971867175
-3 -8.567945600606373 2.9885352972263792
9 -0.9277249319182417 7.373509068420869
9 -1.2005528999602415 0.12080743870187094
10 -0.1816702677409019 7.016281064167874
-1 -6.706419950453693 2.1821028119015464
6 -0.8486295222429359 1.9582655690432005
3 -3.0839738663292957 6.139242254823699
6 -2.097299345777092 9.69996329583741
5 -6.544592584565516 3.9044571131963677
2 -3.3617097413397703 8.718013994661941
9 -9.955263603494043 8.136477403921617
4 -8.958703723432128 1.8150162012175686
-1 -7.86128166256794 4.10980611356334
10 -4.637217360047429 7.377136667553151
-5 -7.059546054809966 3.657639295196131
1 -5.335456257356687 6.548636213780714
9 -1.2369275526897 7.229626328481097
-3 -8.418713110884502 5.023284667083599
-2 -1.6811177852893486 4.277913342381135
1 -2.2983438442272437 7.854157691236549
-8 -4.891165469644436 6.430900730328154
-6 -7.980701462169773 2.532154662751558
4 -7.723595664552423 8.854648824363922
-9 -4.996375379087016 2.064687525706932
0 -6.836352602392784 1.062746727577869
-8 -3.3950211342913477 2.2475440261937174
5 -8.902085247969108 7.7591162644026666
-1 -2.2881916594637044 6.059144647598914
-5 -4.66935367383341 5.240825848665446
-7 -1.2435814277947728 8.514317044665248
-5 -8.564679412928962 0.8858381902461743
-3 -7.540990114657981 4.067292199159765
6 -7.283285500068782 4.362294534702339
7 -2.5115966232672644 1.5152397039593346
-2 -4.361013175560592 5.403204328540969
-9 -1.7596804827081254 1.3105973370499036
6 -8.625272268629958 9.342708922446457
10 -2.0865210738488784 4.639609809258252
-4 -1.5516837616336314 7.1750222841613445
9 -1.199473238472745 5.943549507201562
8 -7.452576850974195 4.782354377446273
4 -7.508624536691347 4.101577357535322
-1 -9.131791659269444 2.9992569315247364
-1 -3.950665502392182 5.971578339937277
0 -1.0437287948575698 6.960979322912836
0 -2.8217306545974408 2.206705739685023
6 -0.7840650880601103 1.8370349038953981
-1 -5.53615552508605 6.840700366942405
-1 -4.9145734521136495 9.490990625012385
8 -1.1164452916596765 7.644920787437596
-3 -4.065098190970815 1.541631048914922
3 -6.276907968458792 0.5113273200736168
-3 -7.03063226536634 6.4779404670546405
7 -2.3275592647350694 9.964096421494606
-2 -1.702994106237373 7.316047776253375
-4 -2.13151387573694 7.151550131548506
-2 -5.675485093168397 3.498182992419693
2 -4.112651170534955 9.374042515358948
-1 -0.03517421934960119 8.670939880310076
-6 -1.3057910031637512 7.858284264317648
9 -9.572111332209294 3.1671922041139213
6 -8.678481623732988 3.5227261529581986
0 -7.005044175217908 0.46815869761361983
2 -7.757677286411625 1.0434458269046964
-4 -4.301602018394714 3.077722313671485
5 -2.331780194753213 7.867844034772302
-8 -7.633186578982569 9.418882593656908
6 -0.05369013497963948 0.3071585433218338
-7 -7.439085153704066 0.32256246723517457
10 -3.8172838707959746 8.269061504114369
9 -4.9576386039948686 2.926677109541086
6 -8.561098682651195 3.1120562271262306
10 -4.34529410209225 2.3596416785731145
-1 -0.3028448579506531 2.326102932648235
-5 -4.104199572083996 6.378120104990051
-8 -7.501560857699166 3.771682575597773
-8 -9.284897764973431 9.541427113342346
1 -5.407468694194364 0.37117320441585
5 -2.114238824418452 8.326326068646935
5 -2.3985880565068074 6.976874724383525
-5 -7.430620102722402 3.444636667573312
-8 -1.3113752924176527 0.3576500162158702
-3 -9.672176321638284 4.132581104014957
-3 -9.459458966377728 1.190250165176664
1 -1.595826012217099 2.657974400669106
8 -0.7336070932301162 3.117547908082645
1 -8.664941350775731 5.518905788308409
-7 -8.37255002159834 8.546801522157203
6 -6.915301542567466 4.053129242438428
4 -5.890026181352778 6.054445063399989
10 -5.268219080023895 9.23454280558664
10 -0.33083167081809783 3.1445025466185452
8 -9.11793525787905 8.549938156523517
-4 -2.5764150036111344 3.0604917526112985
8 -4.796286221265367 4.707624617462098
7 -0.04725714663019431 1.709924431035813
0 -6.59309166224347 5.394838703624655
10 -8.082873159917643 6.6324769479759995
5 -3.4658801241316883 5.369858351957829
1 -9.153057556220451 5.780398664644789
5 -0.8523799632396507 6.063914575904006
-3 -9.952801289035317 3.35006845613975
4 -4.708718317350968 2.8900382527624293
-2 -0.6559158306844228 6.698391052628989
8 -3.7615932899932307 2.551889867563445
4 -9.854327201559169 2.874995266445619
2 -1.459156806352075 2.621320139926606
0 -2.7417754662877725 8.521506305371208
5 -4.2760756031781435 9.029703208784836
9 -9.911443049199981 7.5467679088304385
-6 -4.000517039688784 6.5572674307203735
5 -0.7759428380316677 1.2025002087258196
-8 -5.105873513930826 1.9086980415304944
10 -0.234869354030657 1.077335837447575
9 -1.3790974719776585 4.585237308651786
7 -2.6684272627670937 0.09657980173944036
-3 -9.026829900893462 0.67099338853983
0 -4.312866880295511 9.686056304329686
-7 -7.66058908812314 1.1182479870918849
-1 -4.310841337081506 3.823959195096011
-9 -0.6613708564253482 4.635637107976786
-10 -6.498226606934706 0.8762920274792974
-6 -7.689686967367859 1.2601905920669776
-4 -0.1400065462687312 0.9617697467328912
-7 -0.13626189146366308 0.009146923026093212
-1 -9.695798066275078 8.217212922590571
10 -3.8617263948424974 4.237003629526975
4 -5.54853535492324 4.754911801298304
-6 -0.16981671208877636 7.876756875075483
4 -5.7090745968465315 4.14933661372531
-5 -1.3954318926200777 4.050428017935271
3 -6.9864682539303065 2.528862029790476
-7 -8.5376379822428 4.544603477112662
-7 -5.25759783132677 7.11916121467393
-8 -5.76409712136164 8.688555085694194
9 -0.9627717201369439 1.9965572211059246
7 -5.451446685308649 6.6882802862111745
4 -7.039814314144646 3.891976831952222
-7 -4.305099704906752 1.3042694728999282
1 -5.238123681713165 2.626613851702788
8 -5.013277508940378 3.497814373520444
-1 -4.3434157129202795 9.860493214194108
-9 -8.19058424663701 8.07596651947448
10 -1.7649499392799086 1.2719242834003242
-4 -4.52664780556082 2.256244865269289
-3 -0.8885534908740738 2.7176237789405375
5 -4.908743333268493 0.4499916716290209
-7 -3.7230521021955294 2.018734385182719
9 -1.2512656307905843 8.758767032477117
-7 -8.614672423247121 3.7917056034794205
-1 -5.912284877266876 2.8529121331086027
-8 -1.5874520336369482 3.481234077783273
-2 -6.6811615260058055 6.426369148142827
-9 -7.330951395110167 3.374417231171316
-3 -9.063612633982613 6.715334803027272
7 -9.03986862080014 9.819540288942669
-2 -9.47699497359832 9.048615286091449
2 -6.385559572895606 7.838208057254552
2 -6.711597840357601 5.588094229682314
-9 -7.021248623831429 0.3886233164154085
5 -1.5673642055373502 3.0722774819325185
-3 -4.956422262364249 2.8908198290064293
3 -5.262292615711025 1.898655428559809
-1 -3.672668652145199 6.363431754785274
-8 -5.829508928170241 7.246728885294521
-9 -7.405510759829444 4.988867828864258
-4 -4.744963913675324 4.558033557594008
-8 -1.0811705737869843 9.841548632013168
10 -5.79698649186958 3.0781429502894477
-6 -7.027423167672159 9.498248179825692
1 -2.080914873877779 1.927827852648989
-5 -0.08108842862229082 7.480365063907324
10 -7.003848041540438 3.9088974635867215
-3 -0.3245337947479445 2.305028824044819
-7 -5.2981283252048605 8.472753678362334
-9 -4.4674603246319355 6.389532584340252
8 -9.372284831473474 8.11904702252333
-1 -6.822907363905749 1.2768509977935072
4 -5.070579195858214 9.656817859866901
10 -4.18243622358558 2.638193937653708
-5 -4.437266810636293 8.93543048841132
-6 -6.299846693894937 4.360841750211013
2 -0.26510385596080255 3.459712403790486
4 -8.156780817341062 9.05169518445126
-8 -1.7348667006940293 7.002116225327349
5 -5.25297145058796 8.437970241785575
0 -8.775016517309806 7.724470736156679
-9 -3.578131785460589 3.8748566215812588
-4 -5.989234485313293 3.4034705587284932
8 -3.384555762860723 3.232255279678805
2 -3.666295452816647 4.906718612254178
-8 -9.596011415809437 7.399728480682187
-10 -5.333772831568286 1.4522161611243944
6 -7.64779265845286 4.9772349455432305
6 -3.1483871964253476 7.291392389252749
9 -6.418623340466904 9.801808889698219
-9 -0.6269316553871995 8.087435162585876
-7 -4.084165277739836 9.030700510552665
-3 -9.787270274158233 4.3388966972531575
8 -6.8195934186961225 4.63372173403089
10 -6.894491818696289 2.3400029549609958
9 -0.11545888657643744 6.274430282658681
3 -7.256443724166761 2.2253614299605564
6 -4.940694026456281 8.242884107041005
-6 -7.062584643296022 9.349224002284483
-2 -9.422548352836603 3.386263625653024
5 -7.4841671995955785 4.345355236117758
-1 -0.11979262386445555 0.4660130325809664
-3 -3.583378177828771 0.4006809699487601
-4 -2.817775138592477 0.8106443453234746
9 -6.859308589573027 7.9010638237650355
9 -9.001484758053833 3.6295040007699333
-4 -4.952072029023834 9.387864709461475
3 -3.0945041080909554 7.932785375398769
-10 -0.9329230808523388 1.5063430880201734
-2 -7.859042954710564 7.462251384457112
-4 -8.673430917993198 8.437290170043173
4 -3.7209509411466692 8.47984644420665
10 -7.178021444953662 1.0442425288612545
-7 -0.6835282663318019 3.908959284660444
-4 -7.039629603748814 6.597562623180439
3 -5.967892100631818 3.5275581295326983
-9 -3.1814802047446014 3.9755610812053366
-6 -2.315234561474133 0.3258907722803328
7 -7.162652928819602 3.021808258567825
8 -7.140610176989473 4.875178890257063
2 -5.916975385327113 7.116312337278259
5 -5.850264069061319 8.03022409627744
8 -6.001118036069704 2.512536003790957
2 -7.167404178936926 7.321328844504142
5 -1.577243283435589 4.05332854523213
4 -9.987466210706604 8.263665555606686
0 -3.2001242525688056 8.493008673016213
-10 -9.695623859102662 9.97969520183332
2 -6.071423107334292 3.5922547029558514
-10 -3.174454960874554 8.540197772454476
8 -2.301290965392999 7.530278877564038
4 -4.5324259194338135 3.3631113880123253
-8 -2.589333252681403 6.755569161629209
-1 -9.23472305723507 8.799029457172324
-10 -7.082891771545486 8.644235053105296
-10 -3.231611076401145 7.328199511454169
-5 -9.829024905846437 4.034110274896612
-9 -7.205598155537903 2.4836402487364517
-1 -7.008789315909482 6.531057050132921
-2 -7.147955837479532 1.0859827185406368
4 -8.353899444698698 3.496502640163466
1 -4.924326061587957 8.30575566731275
10 -6.9167331609630445 2.7366681435904274
0 -3.4061569331946107 1.5138926969132094
-3 -9.956450818172804 9.13923496009382
4 -5.716159490564536 2.1238612691315506
-1 -6.5760915283730395 1.1044952945608255
6 -5.2546816603647795 0.7966447785335229
-3 -7.898334549012955 7.7198706795570065
-3 -3.295098127867954 2.049577411076673
0 -6.368408705683938 2.753129283367893
4 -7.383937460462823 1.1349214569671895
7 -4.904741858595937 7.719888502721117
7 -3.7514273519379513 4.341883910527584
9 -2.8268096479037563 7.360610025982063
-6 -4.982571478422648 4.861245801880143
8 -0.2627281386954099 9.009328703288354
-6 -0.5798483072445997 8.097654011982856
-10 -2.9040950766631113 7.708626672213753
-1 -4.338970178676363 4.594977665661367
-2 -8.491991620163361 4.087973498666207
9 -9.481302943434251 8.139539709158164
0 -0.32158853586280145 3.3479404874532603
-3 -9.208902639321831 5.714327035154644
-2 -9.866702007024376 0.47331601536325096
-5 -7.9973840997137104 4.822054500809317
2 -7.103419888263913 5.231377811040074
1 -9.659505924770999 8.458111841494294
9 -2.152292051442531 6.863394360391561
0 -7.31492139214848 6.621979624639305
1 -8.749475825354168 7.972655202112669
5 -6.483014944189774 4.798094041209673
2 -7.6608413167944045 6.303088014138323
-9 -5.47606100081425 2.6999774342457386
10 -7.376366211388183 2.012222094089786
10 -8.70429830126328 7.786521490796334
-9 -0.43002172746296985 2.6704701114100136
-3 -7.162320722566463 0.5109764536458317
-4 -3.9081562712476794 3.9811361251153157
-8 -1.4660227731877011 9.627546092895084
5 -3.4601206016981942 3.9659328166783725
0 -1.7438636731596802 9.799158488958735
3 -8.67576820822631 2.0367024714074478
4 -4.275982517524989 5.311172223850475
-10 -3.125399275686683 2.7846043189698975
-1 -6.631765620698352 1.4664624189171216
6 -6.251774920200819 7.760997217957542
3 -5.480119873158246 8.613824807350491
-10 -1.7416264268099297 5.551681175223372
2 -5.515273140333228 0.2587007689409426
-4 -2.712900413015605 3.4485420989929763
10 -4.7066346160382775 1.729891692838036
9 -2.1197027459885662 8.524260225779393
-9 -3.153795065080473 1.7440276795547405
-7 -6.345188962286338 9.325019944298262
-2 -8.317192983059222 4.1210321131682885
-4 -0.8149091245468103 0.8654831848288091
0 -5.070408747125027 0.8837949833108705
-7 -2.6310091090827683 1.9497809008675004
-3 -2.1508434377297725 2.9769982323715105
2 -1.8572676594688513 9.534882479651479
-4 -5.263509807185153 3.666252311303416
7 -7.445622059058493 4.716906314394807
-1 -9.831532834923474 1.233117118025615
-2 -8.108241840898463 6.45682681463784
-7 -4.1585629157416415 9.275843733563356
-6 -8.706204625777858 0.6364227769342456
-9 -3.0271057586848524 3.285928936990352
8 -0.8316236906363734 4.304132196229313
-7 -9.237113438888038 9.99663836149514
10 -1.8023482772711965 3.17443431279529
-2 -1.5583722005891083 1.2011856035984148
-3 -8.81098535097967 7.524631552149593
4 -3.639625679910284 7.209857880127889
-1 -5.126938512761713 9.869728074529721
-2 -6.259764751935512 1.105396619919361
7 -2.266897870246817 1.1264458789061615
-9 -9.009679721334802 4.747391026999481
6 -5.566070428833098 5.209874278858364
5 -6.888893419541314 1.1924343655325564
-8 -2.3957356468248285 0.558516145826039
3 -8.948756735571003 6.700139384303062
8 -1.0065650280780876 7.763504063102225
1 -5.329317939104801 3.5369824609454814
-9 -0.42097163726214326 1.9495522579750157
-3 -3.015248331525183 6.197150225369591
0 -0.47071716686469856 0.7131043564008455
3 -7.155655099058361 8.558906623230417
9 -2.80577660859268 9.95616978191597
-2 -4.021033962130648 4.442934167576511
6 -7.348791594348097 2.4260242570856394
-8 -5.8316558262261475 4.58810612237825
2 -8.649076049338152 0.16425649648389884
-7 -1.2530327169548823 8.872872902984664
1 -3.5412540766618523 7.7031602796194605
9 -4.536284209024712 6.450358292763161
-4 -7.028482423353427 7.934680750131181
6 -2.1798052529973386 1.8538174184970413
10 -8.71410463161638 5.212833802669446
-4 -3.204148679894759 0.49006426177992224
-7 -6.993031822446497 7.177830170728512
3 -9.067043281014977 5.095631812827474
0 -8.517364288629013 0.31796226311217923
-3 -8.686600820971567 4.8790852239187075
-2 -4.134333750362393 6.380575478456332
0 -3.750536449929438 5.414227539614194
10 -6.536380787655109 7.287590893290789
-3 -4.271871554438244 1.9630829368123048
4 -6.5037627490023295 1.773774472596481
-7 -6.365521043063471 9.125613575271306
9 -4.804818873906216 7.138070984015944
4 -5.951623459637504 2.8768754025774745
5 -6.861221413491013 1.5172916088102617
5 -8.306888480373972 1.9773017184760344
-5 -8.00417169419333 5.5159335891321115
4 -5.3701013050411985 7.346545313996772
4 -4.850444306279309 4.577769880632289
5 -7.297647609349969 9.002133363720299
-1 -9.284065562341272 3.733214688266293
-6 -4.7382637570865 9.373743461456366
-6 -4.176877261923959 2.566990630506983
-6 -6.7768525635393075 7.480453465324734
-6 -6.6955519808727875 4.2898330417226935
-4 -5.84850624558451 8.302132558951037
-4 -8.648121582710415 7.595716808010822
-3 -0.3454434994776374 0.9274166184870336
9 -5.076576834333981 2.422157685996705
10 -7.648123078735613 6.024321488068766
2 -0.31774862388126124 9.699025957981867
6 -5.3695843491635475 1.2852639296492407
-6 -2.250192658655088 4.259236710742672
4 -6.2553443428984234 2.519715986960993
-2 -6.098558531992734 2.3584511326365143
-6 -2.8183072421864708 8.507305466180783
-10 -6.600810098066788 9.686515886368221
-9 -6.590607896843842 1.9105201299081398
1 -5.505243933500657 0.7091255368397986
-3 -6.159519226954648 6.4829284380552155
-4 -8.98156945395323 6.167525867405135
-8 -1.5515970042702794 5.587955802633307
-10 -7.058022416706163 7.2855762585101544
7 -8.73944797914947 6.868855141696923
6 -8.752858414486283 9.021333010272588
1 -5.337092733038496 0.20113973333643398
-7 -9.729537735852444 9.158840149850668
1 -5.242202963674751 6.0241250365096
10 -3.4961173984176064 5.271626556571856
3 -9.131393111559147 7.932586930524456
10 -4.384149203399411 5.4644354927171035
-1 -8.848300145905284 1.4970235882978444
10 -1.3201066101337648 6.172424510341718
-7 -3.1567378621368576 2.144241317461125
7 -2.2431237000621636 8.333398528996433
-6 -1.556194186616759 4.9891484520107205
5 -5.649609328961357 3.067710320998108
6 -2.01326276831992 3.2031691729072187
-3 -8.950903330080562 6.679173371433848
-10 -7.222225692911881 5.389394037257418
2 -3.945671610416891 7.714154146835773
2 -5.254313803283203 3.632859486463068
-3 -1.7954790384985273 5.5577225771550225
-3 -3.9460039423924815 8.936782881975075
-7 -7.971812850786036 9.039864097752691
-5 -9.713279022073742 0.4171888046102723
-2 -5.790270321597436 9.48147848378426
6 -6.623109813634662 0.9800113420807854
-9 -0.2767049749762869 6.568885475059897
-5 -0.6072722442049923 8.782536772154192
-8 -9.784378380321908 1.076311434076922
5 -0.32122599307383304 4.640494406909907
10 -7.576934642336859 3.5230547599477435
-9 -9.452355501010995 6.827105262524814
-3 -5.1371000094792585 5.672212651551032
5 -8.372840784058575 3.082650828001239
4 -0.9649600428722547 5.469599644046087
8 -2.0035519399604382 2.8613618529478613
0 -1.524778286270827 6.849829602830864
-8 -4.209275215034852 9.065615581926368
-5 -1.6461515075665787 9.657164506135544
-8 -3.358782464692859 5.76825357800759
2 -5.723315859882826 4.311200633898933
10 -0.21010496136486267 0.2696324870751543
9 -9.98008854736588 9.795315230767962
-5 -8.535687005229809 5.12426448703984
-6 -0.6100093253965007 7.89133111676216
-6 -6.612550366113706 9.805472214159037
8 -7.413636358089729 5.928447925453924
-2 -2.6917523011041435 4.727257145596155
-5 -4.852559880124449 4.626914160280556
-10 -4.337729310875175 2.230182971557343
-8 -1.345178737776667 3.5529358650451237
9 -7.482534047403117 6.733546895181544
-6 -5.556497287625973 5.5573768300253
2 -1.7609611810272376 2.530241128619587
3 -9.168729976431457 1.9780534394092197
4 -0.7581085463344035 9.774925094140123
1 -3.63659758070776 9.740490645402911
-9 -7.2548927177161895 4.382751070778863
-4 -5.160765471119111 0.5240486986451098
-7 -8.80750634488364 3.1772567819790485
-2 -3.7324680038491724 4.165553075672658
-5 -3.948981414719124 1.2055992905314838
-5 -3.1359471928110825 8.735411048741485
-1 -0.9971969794505533 1.9282791112384734
1 -2.385819169533119 5.854467164694761
-8 -4.202850388759463 9.781123619235386
7 -4.960886551816137 7.837075898990101
2 -7.857624868101545 2.9176979119051163
1 -0.35371343066014127 5.410900165978585
0 -6.096351612919467 4.321956199907115
5 -0.9536643388232964 5.402982282956201
7 -2.2233928595526287 9.945016280617793
-4 -8.921902788588525 7.09014498132311
-9 -7.988623511767799 7.03443825948531
7 -9.408948397123638 9.616958953639791
0 -4.084674323904788 5.96363255937571
6 -1.969224074418083 1.3066162706098572
5 -7.556538231320755 9.315988788749284
9 -2.601839655222779 6.399108036407034
10 -1.1205697449686411 6.936562223757589
-7 -1.441788443211788 7.598084611791032
-3 -9.844489896741628 4.865669874455182
-5 -9.357273822670193 9.871890513415147
-5 -6.549466262314512 9.329945791562952
4 -8.851883487564903 4.145682433502246
-10 -4.933944202248929 1.8551174085433708
8 -4.859201547790923 4.448703732418837
-8 -0.07614811489650108 3.3538332122515815
5 -3.0017595369928713 4.578780777057238
2 -4.741728249517829 1.8240141663192233
-8 -5.960102246566448 9.80230400588751
-1 -9.379757339032738 7.0620880907412875
4 -7.716627261649176 0.11851672570212135
7 -0.8971287530481007 8.693912923155981
-10 -0.9425233649192677 4.938228855034272
8 -9.085079469653268 9.126996318195722
-4 -9.415715192511966 2.9988809415063598
-5 -4.447632252185993 5.792507745474202
3 -5.306377281836393 7.0106754201737544
2 -5.003328150522588 3.027956361497177
3 -5.708632939365128 9.48388275979517
8 -4.694916443138598 7.299685138280778
-3 -3.5435917708034292 1.4002121008355606
-2 -2.3075701105921 3.756109789368778
3 -8.574687246904716 9.132092928278858
-6 -0.254762837290766 6.623106651343372
-7 -1.7276895745181235 2.048813853879322
-4 -8.566466162911235 6.526969068414178
7 -2.9656237669885837 3.0268603033731933
0 -0.16981632513844147 7.1387676570534975
-8 -2.8906740680247616 6.6887410418633415
-7 -9.397209432933396 8.43897216875931
-6 -2.95722914327788 5.352219715442211
3 -0.9076150231175077 0.15163419298703684
-5 -3.022657040379367 5.231691635645993
-2 -1.036527507066772 9.097008507260435
-1 -9.171844103075872 2.243002074463196
9 -6.249756207627739 3.3550170083174393
-8 -7.985447139753638 3.998383932196614
-4 -9.676049700337487 2.4113206641887475
2 -8.237971608634304 4.569268118616425
-3 -3.1851008124393063 4.913693083481567
-2 -1.8820358044868595 1.9599973468972165
0 -8.143822786258022 1.0471816540210421
5 -1.0805806275498515 2.5461416066912577
-3 -2.2454011415097694 5.305012794974731
8 -1.360009786816228 0.7957251293965262
6 -4.968804522070292 5.709112313562934
-4 -0.5635734832778834 4.99162288446724
-9 -9.791847525460605 5.225141443364007
-4 -7.06645189603085 4.53248527570322
-3 -3.190026172832418 4.826140991555276
-7 -7.1261593528160825 0.6656027054328806
9 -5.257552875492587 1.8732236668788915
8 -9.11335370596669 7.8125512227878255
-5 -6.23551575161401 2.769050017051109
6 -0.01593539756486173 3.7866596819666576
7 -0.7802253207676682 1.5043575759584449
6 -5.792315415507398 4.584383460735765
4 -8.113076498636046 5.705042133716854
9 -7.5850646499445435 0.8196487770411864
2 -1.524099322502213 3.1966377124010137
2 -4.847375489502328 5.920829499626205
-4 -8.825431065697387 6.710071978767211
2 -0.5284076875195325 1.0017007449897364
5 -5.176489612155271 2.307617491414846
-6 -3.5501504152167733 0.3375507592862703
3 -0.9631511350026152 8.001527795000257
-5 -0.2726214300249481 2.039915266864597
-2 -0.33778864110088413 3.9785145134776134
-2 -0.481441298990287 6.039008880765118
-1 -2.8490290232253006 1.4005800828847936
9 -7.442019870579565 5.567248464551779
-3 -7.7046575926132 5.81704537129092
1 -3.9093795145434207 7.134335755256208
-3 -5.459064488159106 9.21573816866406
2 -1.1980160019734054 9.951124893414272
6 -6.811661201329717 5.473389342094654
-4 -0.4837416894858446 7.031821316548372
1 -3.29061113488528 0.47590978113637994
-2 -5.676662110382518 2.96968551392782
4 -1.9247127069388767 6.449433070162246
5 -5.219174586824358 4.381750555266989
-3 -9.313620399091876 5.140042076562313
-2 -7.971278171655623 0.05656120233457962
10 -6.262036240774149 1.4832380660239308
8 -6.054489572960396 0.20151358300194766
8 -4.042293580428805 0.4669932054288184
-8 -0.7019209163657099 1.9376740714605933
-10 -1.2694620109199999 5.720861316878998
-3 -7.231647782874432 0.7079173463519606
-10 -9.084993650825359 1.778976296879694
0 -1.2548454816465977 7.551248963900851
4 -9.08532593453134 0.4338355902336255
-9 -5.282711775880403 2.775539751610948
-10 -2.0677186127806237 0.6394957125755873
-8 -4.409212390838064 1.768215798338263
-10 -8.159785922406186 7.328080719157334
-4 -1.7577196211303594 1.676839695644664
2 -5.8456889469496645 8.492671143648371
7 -9.669708327525399 0.7362970535423541
5 -4.189499812823097 8.835864033827546
0 -8.44472645214643 6.28409901493828
-9 -7.796629926053164 4.079982583959428
6 -7.402545240765267 9.97432824112441
4 -0.29363640171425587 5.85373432977217
-9 -5.578356959764209 2.601861537023394
-8 -4.077159062068003 7.918623691273763
4 -3.1687187098806158 3.570319052630105
8 -8.344899352036702 9.993254578926013
8 -6.9953750705370235 6.004367377575878
4 -8.79879001588284 5.669084014529719
6 -3.395705584504814 7.791724252509313
-2 -6.968932121102255 5.288956890863627
6 -8.695927440474643 8.509382198683998
4 -8.122344108019849 0.34728646893088855
10 -3.297658732400186 9.891239044059127
7 -9.025701388279153 6.358354522458505
7 -9.30908755159263 1.3693060694961223
8 -9.92307179323248 1.4155330149153011
3 -7.145799168581096 0.4239609918525189
7 -6.982429637685722 4.363042540976847
8 -0.9643256571941254 9.533577994991914
8 -9.322016748686274 9.571955141611534
3 -0.384417726243214 0.3045325548339528
-1 -8.145736846663013 3.2964976269741997
-4 -1.7544861542481645 0.5857864889388154
7 -2.1189284546105345 9.466028623339632
1 -1.4998316797264515 0.6944979038783305
3 -6.120095634602453 3.1910981384494788
-9 -9.204161021714295 4.02270426463221
8 -6.585167314807691 7.843347738146033
8 -8.551250581113623 3.4019961532530276
-1 -3.6594505976187675 9.230249175895901
-1 -8.963127186530874 3.5918247603549136
9 -1.621919033113432 5.743175138839856
4 -8.693449961014268 8.230535735334852
-5 -2.1889344365304737 5.810806107300759
-7 -0.026167498937304856 0.7510978403198498
-10 -6.917782300152682 3.0404531096912657
7 -8.842884668382972 4.429092357951998
0 -7.205947562237642 4.774327011875123
-4 -8.226722330915592 5.078919989779939
2 -2.9415390804043096 9.796177744213923
-7 -4.760732556384813 2.072037212748925
-8 -7.267916060839161 8.622448294659083
-9 -4.717383311456631 9.309083807991195
-4 -2.9933824220745864 0.25808784946659946
-10 -0.6053868333579615 4.215703253548103
-10 -6.862898219187698 1.3590750186150502
1 -3.028453893149181 2.3401244813415536
3 -5.61362578227148 2.6032595743813602
1 -4.783272078154791 5.001577596438689
3 -7.483719955522503 4.188818560178506
9 -7.805458104462138 4.732127012974107
7 -6.173461177582608 9.02066175554822
8 -7.745603831310266 1.4432409032738014
-4 -2.2648663451785334 4.273388988910054
-2 -2.718102181621238 2.553818034930788
-9 -2.2580781684826494 9.833553592279516
-2 -4.6312330424550305 5.409339978601891
-5 -0.5852861604277813 3.024240228426296
3 -8.065322482772457 9.187518914621682
-8 -1.9450480799602623 0.17294330732519514
10 -5.729855790936421 7.911213732146019
-3 -7.986292879498391 7.827439026987211
10 -9.091803718045135 2.0125394160279897
-10 -9.907049504331678 0.6111280069622893
6 -1.9281549775397266 1.0044018616257444
-10 -2.8676397143098944 0.46845117726461605
3 -1.1533743453856786 2.81956539386778
6 -2.621328405641375 0.7945092421964473
0 -5.557182730114571 2.6217962411306983
7 -9.697585104905645 8.675888220342147
9 -0.9516612315702275 9.46677807324488
-7 -4.566244483183656 1.229622367826686
10 -5.322848512825625 2.467836313791658
2 -1.616286082032607 3.2975135005956435
6 -7.239118332654755 5.034245871212998
7 -7.397556081204748 2.5459269276701013
5 -6.766818426026262 4.8351599001722505
-6 -0.7398463082292039 7.7679734538566105
3 -8.253454219438282 3.1141062434359537
-9 -6.910700920682219 3.0933737220818136
7 -2.4343630819372395 6.094031552816469
-1 -8.141522963000563 8.244122842534686
2 -1.9111013411280222 2.5156041362285073
-3 -5.145395046613075 9.914814967905675
-10 -1.17327994818638 0.12940778514414553
9 -2.265394039271258 1.967119963878231
4 -1.8932026668278539 2.358198710914443
-7 -8.725618340014789 2.1104906036090165
-5 -7.510408774835559 4.386553143922169
9 -9.5133406041767 6.769947148000769
-8 -5.1228361811051375 2.108237123960206
9 -2.2694967790045055 1.150021627772484
5 -0.07522111627735661 7.349320247214529
5 -3.9904827261205167 1.7862830095166249
6 -7.509358909995614 5.741124142839265
0 -6.294735797124132 7.198094509422975
5 -0.33888125786044654 6.2699703255736585
-4 -0.12045266783507103 9.459430255613025
3 -3.1087503005098114 2.3866332548458935
4 -0.3951100185206222 6.695475934948812
3 -8.619885754454534 7.83525138751621
-4 -0.41756771169005624 2.7338856135589418
6 -5.063292398594529 7.9265677021345615
-9 -8.361483558080346 5.022435761109653
-1 -4.302872304840422 8.809347010474456
7 -7.336421990940626 6.722462530264926
-8 -3.3321395565502474 9.42802634353676
3 -5.0503702782504964 2.2531059214190776
9 -9.55435681272218 6.139743587882175
8 -7.972837090022484 5.35409755439277
10 -7.626429758785223 4.9076692644701305
-3 -7.30506598265948 0.2525124194153494
-8 -9.842126858969563 7.8408972963425585
10 -6.566168158326179 9.789995712564147
-10 -4.442735616648042 0.2521122819124799
4 -1.6091079805407222 0.21760142539198002
5 -9.226956378559576 5.666605234003753
-2 -5.199882024270096 5.146995778265282
0 -2.879023133316255 6.318615358180637
-3 -3.1510612328332215 6.985092146430444
3 -3.117250716578928 6.728464428822136
-10 -4.399279869903526 4.313250664423499
-5 -1.0086214117624142 0.8198046548040561
0 -8.384347448065355 6.257481318049906
1 -2.404273838932589 1.408896995875124
-5 -5.92302669288253 4.26069303810668
3 -4.520852844858839 7.39595101407394
9 -0.9891852376950396 7.15764666629865
-10 -8.470464496057055 4.002372019421326
10 -8.752650549749013 0.9706106369101819
-3 -3.4692556864160498 9.101373975736129
4 -0.4139981015390575 4.767363447369263
7 -2.48648994116029 6.876596349364535
-6 -4.982730576931554 0.3926070173544116
8 -0.46213012618116345 0.5735781215763036
-6 -6.983736707923601 1.18734447803994
-2 -1.3577495489411877 7.720444285015286
-4 -9.20775672052505 1.8870600040963414
-8 -4.670784520165573 8.356729219026285
-6 -9.747370566775762 7.64711771366591
2 -5.7497626236952115 9.952531472890122
9 -7.369552181286114 8.906805031981825
10 -2.6890916548221178 2.326019019426435
8 -5.0031014426976945 3.141723044073177
0 -9.066829591532528 8.620836593530004
-8 -5.360007363039622 9.946292117294082
1 -4.388437881271026 8.422833003025506
-6 -6.165664535685051 6.53151394021482
-1 -3.0888211717671865 7.865921490717696
-9 -5.127971433949551 9.227478122091124
-7 -6.910118358097806 5.791042655489335
-10 -1.2163882678521336 3.606417391875759
9 -8.847166125185238 4.047562041539074
8 -5.211210792304054 1.5625289527786412
1 -8.599350547243636 6.961528147937747
-3 -6.69068376112659 9.557743755987348
6 -4.905807663534871 7.288620261932177
-7 -9.13296644339015 9.718310720234713
-5 -8.994382987094706 9.38991582942237
7 -8.857523752639924 6.219103329191605
-1 -2.9442796679588223 5.114939834919971
1 -4.076152775334165 0.7119998706905506
8 -7.562481724187404 6.431151049169493
4 -9.905129562756391 3.1724491369235555
1 -2.4533516457553013 0.2192099179152085
-4 -4.8633034701657465 9.81574885238356
-3 -6.690725641062846 8.549127244593292
10 -8.65906725473632 0.9934159552174249
9 -0.7061993432021971 9.282520576229986
8 -1.7159464463475356 9.642395606573503
8 -4.704750324882211 2.0950732615992806
7 -8.576563982001314 6.013091265446812
2 -9.343441161212152 3.8055163421703755
0 -8.354664209359582 4.265613414881955
3 -2.9041586189827218 6.395325356494875
-3 -6.515612875271836 9.55720505104326
-6 -3.202675654813955 6.919662227866131
8 -7.956844882785461 9.991044070144644
7 -0.4810137910614891 4.1513950536846025
-6 -6.970634019587857 6.900305133941468
-1 -2.2828478777794583 3.3560479448069227
-7 -4.352997527938721 2.7981823494381644
8 -0.9332335214342891 9.603242000375129
9 -5.543721706414566 5.647121772569374
-6 -0.45913901842115123 4.888842038470047
-10 -1.617694747620515 8.618364549849261
5 -9.300043116044595 4.3682945796771175
0 -0.4505396965958379 8.361018496086336
-9 -6.29568120282133 5.782292019760819
-4 -6.066398070835637 5.7674401904703485
-3 -4.1907649765270385 3.7269681513855235
-5 -0.8986286019401355 2.3663504986262227
2 -2.987101569383923 8.62495668319467
-7 -5.3121146680729066 0.47043753102681385
-10 -7.380644292012082 6.7583839771974565
-3 -7.49740177487069 1.5017535704013052
-10 -6.127441500055547 2.1251067539008828
-4 -2.8473186211769406 3.643208501691959
-3 -0.4747700179433121 6.1997064522741505
-8 -0.5343495936519886 8.248316863346508
-3 -7.877549114153082 0.5905437743843178
9 -0.12092034506812865 1.2234983666265165
2 -5.796622341671163 4.20541590284821
4 -2.682954980851595 2.984402158627698
-10 -3.2734860537653105 5.451751384401321
9 -7.906264394492263 2.8356213935432537
2 -7.431593169722151 5.656013349683673
6 -2.958389547118726 5.752913899350649
1 -7.838177954005864 8.649289998646713
7 -2.6186574112876047 2.7996915911196107
-4 -7.744105131256398 7.31637980101045
-7 -6.825938737431404 6.683164028406381
-10 -1.0720923270430553 6.328675270676349
7 -1.5949016631435153 4.657627380479799
7 -7.02846389266674 8.383505181776984
7 -2.944203793629839 4.705995014944352
-5 -6.4861309993067 5.239141788399708
-10 -4.331883051985446 1.9009825251624235
-5 -2.867359312172133 9.076913094429042
-4 -5.634824290078406 6.878262717523118
10 -0.14293962467297128 3.1935399578351698
-6 -8.407607676505673 3.1487558588468003
2 -9.32280260097216 4.791870587778066
8 -9.198912316065828 8.872890193788706
-8 -0.9479975403146614 7.173830132954208
-5 -5.3230883404932925 2.9380332424928888
0 -0.25374327034844946 8.692520988550985
7 -8.170436145629294 5.817767773016202
-2 -1.0750815976545098 3.7464986255349455
-9 -3.384249221961337 0.570798518084813
-10 -1.161591177267816 5.16662796727304
-7 -3.357530345619203 3.7637063607331678
-2 -8.44899851201564 1.1511575608200886
-8 -1.264134471677611 4.797122949577863
4 -3.0804059419887055 3.3268976254895986
7 -3.280341683322953 4.319203540340802
2 -9.024036113364444 9.400650477086316
-9 -8.59121002734042 7.756531410761073
-1 -7.536259946165041 0.41630245332956006
-3 -5.179319721868208 1.0868897964773738
10 -3.269132916714165 2.7490098646828054
7 -2.0410843101256866 6.025084990278771
1 -6.472460594319074 0.25839262488294823
1 -4.2808970264019175 4.050597640925256
-6 -6.613480232765375 4.732690872334898
-3 -4.081256217876882 2.462296947214724
9 -2.6512183550629134 7.688396889196836
10 -8.190593321395578 3.3784623096550437
3 -4.384422782711668 5.1384140558688
5 -5.801381716784161 4.163335937724041
0 -7.837930031914812 4.6505776553997835
2 -8.299820932932619 5.225237854793411
-10 -8.97367229951256 6.7250317017379935
-6 -3.107069337096206 8.055059638346439
-1 -9.576844225905134 3.2369334478760257
10 -0.31728268416128813 0.7156874126674351
0 -0.1542908033624304 5.202050889631799
-10 -8.477659912793857 6.451352554189404
-6 -4.569300020328254 4.8262208648206695
-9 -1.7150558511860865 8.03709518399503
4 -3.0744484016016136 2.4599180239158724
-9 -5.929432983161682 0.41024068302498384
7 -2.3983139121789643 2.8781601531384258
9 -3.838909863029773 6.500853610108339
-6 -4.521660528136362 4.921439278136331
-3 -9.364276013958667 9.311044284662206
7 -7.469183758390358 5.998180970955461
6 -6.890369589489772 5.124010368554998
-2 -9.036190893890446 6.353932026898542
0 -2.1088514232673568 6.556240817443589
9 -3.6315909429902185 4.247866187953248
10 -0.01780109034875821 0.6996828027747681
-4 -6.417099996727727 4.6597698138036066
-5 -0.8822334978397208 0.11004508251641121
-3 -2.375645903788315 6.579504829815739
-3 -6.964241481576878 0.10708621972167376
-5 -5.116463051643743 0.2533348981055883
2 -7.388322202226258 5.762513495031648
-4 -6.295004363299395 3.6154672098136666
-10 -1.1239892092892276 2.8395993461494626
8 -2.0980147229462425 6.305085841969163
7 -8.033138982921962 7.122965372583357
3 -4.441805194240031 5.760337985062465
-4 -6.324867980794897 7.806240653931105
10 -8.260953016049896 6.939251791108712
-7 -2.929384482294676 2.4589327122178037
8 -0.09898601662725603 3.471480226668012
-10 -8.300074160542025 8.027009714426065
-3 -0.8856134491655236 9.444561989491053
-7 -4.088901688306908 7.026824412025812
-7 -5.713117687210042 0.8460576981862633
7 -8.657637224570664 1.6542358211803976
-8 -7.9999797268507695 2.0781061785376265
1 -9.761393162526433 6.881145423264301
10 -2.3926311334827766 4.327448095758053
-6 -4.022128808945763 8.018641162248585
-8 -4.13168413640599 8.664161622477021
-5 -0.08846565263521633 7.474910817284747
5 -3.3328755951906235 9.422897647795304
1 -2.2243269718496954 8.234085158196164
-5 -3.5204906786908747 8.563572045141534
5 -5.274379649013335 4.902254539976125
-2 -7.146418767233117 8.696017766473439
1 -9.09675372201331 5.996679521368092
10 -1.0122881683676361 6.3484240516077906
-6 -8.054464723347412 9.873733085066734
2 -0.9755354888372203 6.720558832557078
-7 -7.772459717347756 1.113335103205615
1 -8.50928517299188 4.422183722127543
-4 -8.084185076366706 2.9860128938070285
-1 -0.6663885773013671 2.4178160900898114
8 -9.70631087684983 1.4042214057439284
7 -9.846537211911336 5.333716937318657
1 -6.792857663132742 8.816966109897336
-7 -1.310825944829233 8.747180172579935
-6 -5.20533926141667 8.156904857704193
-3 -1.3811443353753656 7.406442218053283
-6 -9.876436264040883 6.55693958868668
3 -9.1273267814803 8.61069217575442
-1 -0.28880399873109575 3.4116209856229753
8 -4.680093812232048 0.4775697114436406
-5 -7.212157085135211 6.168869039529112
-2 -0.4041412394852735 8.328424567815828
-2 -2.2596795281548356 8.312143988894444
-2 -9.259444358554106 3.13788918326129
-8 -6.947630650781463 0.9159142823660149
9 -1.9407021413392567 4.638287291144736
2 -9.538307187463099 1.7671089694539044
5 -3.0209939593814443 3.6602832087301196
-2 -8.773295630271992 8.366964497348041
10 -2.514433076438282 9.494404510363639
1 -1.1137487968418984 8.200715965733691
7 -9.66016669712853 2.0365474713890483
1 -8.317740071088318 4.2078913565740415
-1 -9.790928657029978 9.105326485748792
10 -4.901867386161446 4.958007687997564
-10 -5.208159453475817 4.426743037573164
10 -5.098880925877854 8.6462599423232
-2 -8.812810389513151 2.2617977425618307
-3 -0.9186815718981851 1.3187461722884564
1 -4.085180600592693 6.3634220510054185
-7 -1.984913249956005 5.852111386419823
-4 -7.558268609768616 6.283044879638636
-1 -3.5058095122872848 4.948209738311037
-5 -3.5078717731288203 1.2162518443007042
-5 -2.5272077942935667 3.4576460209502393
5 -2.8203825289685973 2.811491403595782
-4 -9.20832997162061 2.294423508816237
-2 -5.064221552012828 8.029512196819548
-7 -9.70915586767443 9.75763549102229
-7 -5.312906925801915 6.477086463325385
-10 -1.509413292787393 6.902149013029182
6 -3.485002308571432 8.590697107053943
1 -1.4430041232301853 8.544877727355985
-5 -4.49008492206328 8.506984188331183
9 -7.534469357103476 3.56081855050832
-1 -2.6026194382134937 9.749028391150977
-9 -7.953226809439334 7.504277530958342
-9 -0.05374204271145189 7.138955814408367
6 -2.661584285833978 0.5807479202174537
-7 -4.91067386129203 7.736099201256462
-1 -6.550861397972819 4.507922074863631
2 -9.458212444430567 6.64707740257783
-4 -7.304917933054909 4.697274752048239
7 -8.65675523427793 9.76078079428021
1 -8.127285651819395 7.7565593612241575
-2 -8.26515448678114 7.087062222372906
-6 -6.421148051134464 7.620432380928847
-3 -4.28939421789379 0.5763304324032725
6 -4.192004930112611 0.4634995392883223
-7 -6.9509934774679305 5.332198693631262
3 -6.745327320460463 5.528675158943343
10 -7.700100077612436 7.495063793861371
7 -4.515408997885188 8.970054256136708
-8 -6.163992350872726 0.9584155451494036
4 -0.182144812170133 9.990498439717637
7 -4.91136734166442 5.688507473440159
-9 -7.95330263783136 3.668696547965622
-6 -1.980146284629896 0.9064525501948495
1 -3.5675888256479817 7.320204810534683
-8 -8.69796170509262 8.472702869551178
5 -2.433450548224828 8.701943761241326
-5 -7.440881617860976 6.347540035443706
-5 -6.2314114870751505 7.667143847680832
8 -0.9733157549802982 4.100855601078695
1 -5.650822280182193 3.090062058342107
9 -1.3574270198146472 5.120232629424189
1 -7.404347110323387 6.166688719914715
-5 -4.403430798480664 4.9554617632077225
2 -1.3266398128516794 3.690004931570167
-6 -9.580670298147385 3.64645761001285
6 -9.6471982527334 0.669736085806607
-6 -1.9921805373358872 7.984666525469091
0 -9.309545580687901 6.340025777734441
-8 -5.284759112090366 5.400996774883592
-7 -2.1999811099414863 0.8536945200035095
-1 -0.416205351219503 2.8949825607050017
-10 -5.552394774593806 0.5035764288529798
-10 -9.386606818196178 7.5822948941920565
-9 -4.854005999736383 7.2298378787239015
5 -8.883607285212749 7.285824612745371
8 -2.133130274944536 9.375863784700988
-10 -1.7962966704224606 7.612369490817999
4 -3.2136792594545636 7.486623101723419
8 -0.6438733931974987 2.7456001197535507
-9 -1.3101056891383909 6.075785488538306
4 -1.3031506199121772 1.0663007974562344
3 -4.520451140185431 6.106490522576201
4 -1.9009545671004808 3.187420254050867
-3 -6.641399321300203 3.2947440638591043
-6 -1.8661578637430534 5.064233751310265
-5 -7.214417432816353 7.631801867293203
-9 -7.62986956397548 3.836311958869021
-3 -5.868677038651313 5.052222146283464
7 -8.923618549079949 3.7120139587361765
8 -6.989495428960682 0.7846654153061239
0 -0.44569069639372216 1.4970994281143302
-9 -3.142823801357472 9.9881812266957
2 -6.987224138736479 9.827681388336671
-8 -4.748908140527076 7.3155098440233495
-9 -7.754860982172932 3.974362423077743
7 -8.632872040822367 6.110952164521305
-3 -4.381046188471181 1.6193621895202526
-1 -1.8353835941226162 9.516973568381289
-7 -0.06494192809672406 0.5542691369035146
-5 -4.245080201996251 8.169977771533874
-5 -2.6708808380508087 1.0542559152863384
-9 -3.6863017746780553 2.233406277898309
-2 -9.942396717618854 1.343651809264067
3 -1.9465496696798699 4.495426077425163
0 -5.947767868643005 3.5922830398634185
8 -7.47389103046007 4.392602981264437
9 -3.2051336837023134 6.24102701617444
7 -5.115837140846797 8.48895592211449
-2 -4.4837833931159485 1.128773845208888
-8 -6.810005403640988 3.370427878048935
7 -2.2321370848130524 1.0570472699909306
-7 -0.951440719867577 3.541654849793805
8 -1.915978978950756 9.806545755414263
-7 -6.297895243991439 0.9804463943895148
5 -6.314076023687428 6.722669762745813
7 -9.793610887201467 4.566349598963626
-2 -5.549702244441631 5.337576999238937
-2 -9.099235282718963 2.6329584764046885
9 -4.007229206479889 1.9053315198550214
2 -4.364491655085725 2.5696469296207636
1 -6.629015784577737 6.5302303334391985
-5 -5.20431388902299 9.893887274295697
-1 -3.431204747987504 2.352632843455793
-8 -4.496198411572089 3.9443970437254885
-1 -5.28500514492337 5.678724076863718
-1 -1.3711309958205113 1.2346786186441205
7 -7.988814747877823 4.271231932568912
4 -6.477375481106986 0.6626007507008802
7 -9.16769801231605 6.231413619313891
9 -9.637176048735345 5.3730653325670925
8 -5.666332961217867 8.410675776913475
7 -4.583325303376746 7.593438366721634
1 -1.0525464543165004 1.649002995114195
4 -8.26542638379014 4.189141776532113
9 -8.940800242570472 4.2535248252746785
-10 -2.4521662407801 6.589693461922755
-8 -7.603994235694119 9.265426406474045
6 -3.9520755642199052 3.8991703607699444
-2 -4.069782902057021 2.4437543136369277
9 -6.643912726257023 5.026617400073076
-7 -7.085190796493819 0.17914116020515514
-7 -8.934584281907416 7.699625739704765
8 -8.240453550734902 3.4116907832636723
-3 -3.8586215947050047 6.401429553661031
5 -9.997193267885612 4.931833784005376
0 -5.526798571717078 4.258399978313538
1 -1.009827441779068 8.155046873544933
7 -4.671204812108652 1.3715456664468884
1 -2.052051090402541 4.302669814251473
-4 -4.300447170693353 3.851174074869096
-8 -6.904958775626442 9.158043875990403
0 -0.1562215411270742 1.1328551896971895
-9 -7.462680835118491 5.215467006696115
3 -2.725222097111722 6.1934658342893165
5 -9.011766095404512 9.115755908533343
-7 -0.521531433814884 3.885085485291362
2 -7.883314107852937 7.30432492361958
-6 -8.167200254778082 8.794032846187532
-2 -2.709777122930034 5.780400457398177
9 -5.702489944107017 3.8268929459761
9 -5.935654868998016 0.16728856959172478
-8 -0.26139997133490844 5.041399680060607
-5 -4.452493844233752 3.8912273066889513
2 -3.09405960244593 2.2045445560456898
8 -1.163148757915053 4.51445822879196
0 -0.7435250636356159 6.949087964618387
-5 -9.713782248497074 0.8686733932277568
10 -5.735585668766614 2.759203043991473
-2 -6.250779907434234 2.1129856804206804
3 -0.34986431220390024 5.531541487090128
6 -1.1439693365723098 8.281720676405358
-3 -8.731100732680106 9.716358253293677
10 -7.401194466217193 8.735496844150376
10 -2.0417414049044496 4.026860183000035
-4 -6.985456016649105 7.913980594247237
-7 -3.9550847410894594 0.3660577395947906
-7 -8.193620737247718 7.033675127782124
-2 -2.063773544742901 4.792222384302161
0 -6.440675411100689 0.39063808006867595
0 -9.875925911005526 5.980416373553071
6 -1.2598100243410606 5.820037138130036
-6 -7.950561417908357 6.038723325549381
-7 -1.0391548664877153 3.8516026400564742
-3 -6.65478963548762 6.351364636741829
10 -7.908770164072943 1.6186002812406575
6 -7.696890871415202 5.803393776306665
1 -6.027968804680409 3.096502851608831
-1 -6.8109555759722245 7.12006040280018
-4 -5.089407411673146 0.40514706776090703
6 -0.23428845307973667 6.004554043485336
-8 -8.155693387728075 3.5218833585924934
8 -5.197702099422527 4.376940694312318
-7 -8.014094088855469 7.218162223077296
1 -0.32575820183497584 2.422957116273375
7 -6.895968645440932 9.330896262969492
4 -9.756333516448635 7.784144518895112
3 -8.147976476141249 1.351265269477957
0 -5.531358819957224 6.9820907995333386
-6 -6.457053855386748 6.544559707717354
-5 -1.3021595563657797 3.367239512507111
7 -2.93202106893788 5.591261510517884
7 -7.612880367529121 6.903311103756938
7 -4.068281293637734 9.18164716155552
-1 -0.4546595190779783 0.4973202488060524
-1 -1.648177349821676 0.37373486935808775
7 -4.177643945048465 1.0169140785153608
-3 -1.4796162294773758 4.0421574534278655
-6 -0.07520143475609409 5.7152210811167485
2 -6.604472055275687 9.01235268263476
4 -6.586353135022829 8.258477180225118
-9 -4.690416966579828 4.058580529591134
6 -0.8288000520866525 1.337927781438828
5 -9.702937170405967 2.3703071932125885
-5 -0.1855330683543528 6.265741808631878
5 -1.9092759563686084 4.071466015841521
-2 -7.194801624113224 2.4204638021633462
-5 -4.80436733700532 8.71674010614305
4 -8.01544424925626 3.0667944558640814
-8 -3.6380705500395427 6.686349886460697
2 -7.399044114909222 8.341834681717105
1 -4.884207833841092 0.42172499311060263
1 -9.39952911932115 7.106074524368631
5 -3.9757213744456497 8.59230284969461
3 -6.598114856588912 5.475533654204602
9 -3.8132390330137067 0.2607386866817041
-10 -6.620322231246229 6.546603202901517
-2 -0.9144874009245214 0.25137486024829125
-3 -1.3161603094577963 3.8455874131110948
-9 -5.906090131342882 3.640065714076337
-1 -9.156821118163908 3.0599400413234488
-4 -9.690152424413684 3.025752344203579
0 -3.831731564610841 7.693482035663031
9 -2.2904547934679265 9.361497686168613
-3 -4.942512464104677 7.819146180008741
-4 -8.95076044100641 6.631846487140404
4 -1.816092241911754 4.5475180812685405
3 -1.1869844810329315 2.4497128612209473
-7 -7.297428074620265 0.7712147991905682
-10 -3.457105898160272 2.658921880430557
5 -5.172506193837232 7.204225484369663
-1 -7.171669032541937 6.5373558985128986
-5 -7.943027222457346 0.34581195736776205
6 -3.999860439714901 8.78775847765262
-6 -6.456834473588917 7.09972938881006
-4 -9.832620436755388 8.411939476594323
5 -6.808570430252136 4.907443958870605
1 -4.294751160695679 9.287245114328238
5 -7.373171918192263 0.6832931172371859
-1 -8.010669378381097 8.326673348698886
-2 -3.3537542036886903 5.982993763297374
-1 -6.07622360676526 5.099778650368002
1 -9.688151120550414 9.504558906914314
9 -4.291049898290966 9.285761230369284
6 -0.9617722255905861 1.2215672213359507
-8 -2.7556552985782936 2.652551485283283
5 -9.2650141759147 1.8920951391598673
7 -6.4741538639613 3.8266830571269663
-5 -3.0241889527509613 9.469657027163024
9 -2.992206874304239 6.409571060852545
-2 -2.745127220071649 0.3501179883224259
-5 -8.568416631914326 6.720738381996351
9 -0.17012827717264045 3.518536083687438
9 -1.5722202806697112 9.97986149161116
8 -8.558852942767484 9.694476604959524
9 -5.738320555590023 3.9202405254298753
2 -2.5056815242329025 9.186548339404197
1 -7.379224396889596 4.933016928309991
9 -0.8439936683609783 4.906085619523353
7 -3.76532678357872 4.965359051307479
-1 -7.668980130081336 6.116909690535798
6 -6.9585392316254975 4.388344898750411
-9 -8.912761477333438 4.889765227519773
4 -8.074584447604549 3.613642013945071
4 -8.147025188513336 6.518649937556647
-2 -6.062416059201471 1.676531084503643
-2 -6.155455487815091 8.469926084809607
4 -7.792904293935422 8.960513302386984
-7 -9.12362245670434 4.671540281240971
2 -0.7622097819621505 3.6290157997905856
0 -1.1029044311921794 8.029625795952365
4 -0.06905741288024103 1.3007130595153071
8 -0.9623692086100011 1.7506473650259124
-1 -3.1805463747134812 2.371160053596032
-6 -0.759284433420742 3.8698969233452063
-7 -3.908517231245524 7.444429354160035
-2 -6.521872119640953 9.036195411068384
-7 -0.5130533486138606 7.088949028197401
3 -8.837484263958366 0.19880016328769234
4 -0.418025913438397 4.566330216117279
3 -9.251878924902483 2.7149710546898342
-10 -2.6064230392831824 3.8662142354714355
2 -1.5736319163222454 2.9118646662653234
-6 -9.839077545884955 2.347448323894813
-5 -0.8365655889184929 1.8851296035480247
-3 -7.712264754812058 3.0015462525684433
-6 -7.825606615875084 3.981579473431859
-3 -6.647039997298252 8.252512149932368
-7 -2.6370629039966795 9.221952208272366
6 -8.516938155960307 1.651406047508609
-1 -5.639966109093567 1.3890233441490918
7 -2.742021924395953 9.663368940338486
8 -3.5565195387961976 7.265325429925371
-10 -8.160178441455404 3.038597942318624
-7 -8.35818017046099 0.7522675056940076
8 -1.3098701189534605 0.023499772208158687
-8 -6.081928848861674 6.185325381552337
2 -8.131513106865189 3.0480385069941462
5 -1.4233760928060306 6.9603483567036974
-6 -0.9713920399218932 7.734571379177849
-1 -4.212502802953649 7.797103626464493
3 -0.7786152346247981 6.069697304467953
9 -1.8798159551264586 5.1301825884354475
9 -0.30411260241173466 0.7609310381625622
-2 -0.43731128729331203 2.255026020181278
-1 -1.954767107235897 4.522812859567768
5 -8.27782072779833 4.184768256404951
-5 -9.951403046788245 6.841674704478936
-3 -4.983590581561327 9.564774209040435
0 -2.8861640720389197 2.862698304865421
-1 -1.2955635290995549 1.8146368571408056
-1 -1.8689302972341224 8.23883438844094
-1 -4.368654348321312 8.431692427960405
4 -8.741016618706542 6.04326025537428
-4 -8.532560422019216 8.184288321604193
0 -3.5026615825516156 8.479226193015426
0 -1.5975757299575086 6.7437883016678555
4 -8.690718042222581 9.479524818908956
-1 -7.211510825492339 9.237451596204611
-10 -4.240729894431299 3.2683378361855997
3 -7.397889294491964 2.631183790474437
-1 -2.543366602614771 0.4763188790775108
-10 -6.943780450853142 1.8370601701066902
-8 -0.87887353569125 3.7640936554421467
6 -2.758499112753295 7.224409043549706
-2 -0.2811307847237927 1.3281992856407188
6 -2.91550185192502 2.3717714675405444
1 -5.861865183991849 6.144531916463855
-4 -2.6318431959926105 1.200676530195659
-5 -4.135500128766197 1.2331430954219846
-5 -6.140376826888948 0.6509969856986242
-9 -4.26593939676919 1.7663656603838351
5 -2.137929027373495 5.541276923838768
7 -0.7712790233131042 0.24235258381012037
8 -6.038685663124522 7.190279465020886
-1 -7.856497845146011 1.584045281406239
3 -6.631588269325376 4.816220169052724
3 -8.937101411026443 9.994366823049987
-8 -6.478719102593757 0.23348090585813552
1 -4.3438836359440405 7.205073109905226
-1 -2.3652310255759694 8.026390195282513
-8 -3.8467610057724926 9.34887720598589
4 -5.436926459259126 9.07135752040338
8 -5.454060546476727 7.99218286050198
4 -7.1800107305908645 3.2571903705089533
1 -3.783619678905678 4.7669642775389605
2 -2.7768290221883216 3.2190199463964264
3 -7.66888816646364 0.2801359244003965
1 -4.282690996312414 6.1406900431076785
4 -0.0315850629009411 4.76347229449776
-2 -3.2881275454459544 7.307287458483409
-2 -0.8552791888934568 0.36611099030940286
2 -4.040574440144633 1.3222964733522669
-10 -7.502073116478725 5.611234150520193
3 -4.240831933909391 0.9443189565469245
-9 -4.318127940851325 3.5388499131848103
6 -0.816649838365306 4.586347991922036
-3 -6.312502441271599 7.89804968718521
5 -1.642044340239698 7.929794972513515
-6 -7.429997293604585 9.840958903993023
-5 -0.4411633408293305 1.972580012400429
5 -5.763419206668731 5.238976355275139
2 -2.686668267733463 7.476309657192587
5 -0.3981206143597209 0.26651843266395026
-2 -4.412933530454644 8.391584887717627
5 -6.233803423842216 9.763903433134505
-3 -8.826261435924788 9.09362845073384
-6 -2.675842991676971 4.298138340832746
6 -2.1459733884536742 4.934409899687266
2 -9.874075470738061 6.668322980327975
9 -2.5803947990740657 7.1546933088878575
-7 -6.48078427025302 9.223503123079102
10 -8.32505724746038 2.59986399904916
-10 -2.636018914224567 4.9340464406523274
3 -2.6847802673020364 0.5426547052331598
-9 -6.344438741735036 8.635435796271409
-4 -6.474950156967173 9.24724024639481
-4 -5.846495260353918 7.338181813915412
-6 -2.323388456510709 4.335435029802017
-2 -4.82197422506146 3.4634345543050293
-6 -2.136769975921556 1.9284994078345041
-1 -8.71370007736463 4.503521197024309
-2 -0.46522717956640847 1.6944011049228491
0 -2.966830308535817 9.22517125487658
-10 -7.195328839307415 0.6784704867604519
9 -5.569490010124291 5.34305580118271
-4 -9.505906420658613 2.871798508269381
-9 -4.039517932190179 6.247345795648266
6 -5.1935118435285315 2.505199021483302
-6 -8.839844700923353 2.6702564212347157
5 -1.5590716047270359 4.101563861550748
3 -6.562822827274624 5.292189128496024
-4 -2.1455382248548194 1.529427618437138
-3 -4.384577367108921 0.5436911777006581
-8 -9.756534580198169 1.0517865277597505
-5 -9.895219511760816 8.003293697131145
3 -0.19131612724772573 4.058728977531306
5 -1.9377771881168115 2.120674417286632
-7 -6.734278126481994 0.18769548981011797
-6 -7.067700650919669 9.4549592626751
2 -7.661615993917233 3.147946375472246
-6 -7.959245417750031 9.55543826347419
3 -8.007393341008415 4.73867503567384
0 -3.8437783020082534 1.6392759905837395
5 -3.475051599467051 5.742123612771958
1 -8.319168868419522 1.209054912266705
2 -5.688760800187196 2.018841107929136
1 -3.7979312885016245 0.4913188339852881
5 -0.0078034914149078816 9.021703891280708
6 -5.867965727023333 8.815727866460222
-8 -7.754568844858358 2.321267869384962
1 -3.008684506317742 3.687538431222862
-10 -1.9437829714971997 0.6365110439288102
-3 -2.1265489092575187 5.6125104635377685
-7 -7.409487341126443 6.550428590964295
-2 -7.654783988918949 7.8223777929238985
-10 -1.252979718477615 7.798831764357218
-6 -4.220840771642735 5.638105767560213
-4 -0.585412327295872 2.504358250131266
-6 -8.749604307927779 2.580407185747041
5 -6.083139352488124 7.071717323125092
-9 -8.97492807607448 8.27440403867406
9 -0.4873719728304202 6.6165417174823276
-7 -3.7432847709469073 9.162766084163426
7 -3.3813903054815633 2.477906074542613
3 -0.32136016195147477 7.569128744402635
-7 -4.160402377697855 5.096961196429353
5 -2.695705204896157 5.241006435681603
7 -3.765109862410111 0.9332391663157236
2 -5.367201140976318 8.900634038186926
-9 -7.921834877055019 0.2973231967608003
5 -8.104717239740484 0.2126436472084814
5 -8.43265643781095 9.727870579633324
-10 -8.702942846989272 9.525748603291541
10 -4.736704863379668 0.7130070498255037
0 -9.602958243869491 4.232714156310196
5 -8.253871794535586 5.661615204392193
-1 -9.730424150833164 2.7117409235091436
9 -3.2800304192089778 8.161723596238154
4 -5.387505665642026 9.975694695025796
8 -3.3303013327624784 4.237257919117335
-8 -6.802185298275952 1.7407292427643384
-3 -2.073730904973523 4.269011123214117
7 -2.899906973383243 0.4345082536546996
10 -9.545869057029684 7.091630645751507
9 -0.7411451872396277 1.327270521255548
10 -0.18466170582671637 8.567537533131844
-4 -7.454185026201379 9.069718603808251
-5 -4.807232749250703 3.895990863197997
4 -6.464427480974486 2.087263574117242
-4 -2.784437378438324 4.854255520486489
-1 -3.75390197536135 7.139889443560303
-10 -3.0332520379901426 0.34993130127937366
-10 -8.491295516804783 1.0032060391136566
2 -5.295665869875252 0.4504750900760224
10 -5.478610992679905 7.256688513081075
-5 -4.441894132394793 2.2722515181253975
-3 -9.752662238785605 5.392491833550591
-1 -0.35881239828911404 4.416610241071416
-4 -3.032637881369105 1.9370246815384684
-8 -3.4496932341064577 8.273425391900716
5 -3.386887571037274 1.8934277721352033
8 -2.9950621190091917 2.5342135604623994
-1 -9.878265584247107 9.096486784959728
6 -4.31461548219488 4.6381541293151205
3 -6.862135802058455 7.606711146331177
-1 -5.209922690853298 6.71279960022936
-9 -0.7163910883945288 6.650636709468811
-5 -5.036898463374413 5.376615089105734
-6 -6.829668615341657 0.22652426730414454
-4 -5.166416752298203 6.447114486170436
5 -2.6268242541331954 8.517721433744459
-6 -5.025143044507492 3.602614487504895
6 -6.778069841543899 3.450910182452861
8 -3.2381064868342966 0.3610698904358889
3 -9.188250629746289 3.119137512391328
-3 -9.950369697392372 0.6592953729409812
-6 -1.6029752200412712 0.05321487281518045
1 -2.1847588094030934 7.10231703857649
8 -1.2155867151751014 9.743767900728809
-10 -5.216837158558565 0.2693214242025166
-1 -8.43789929043275 1.208411411597038
3 -9.73973165651454 7.67607167801184
0 -4.640597451623922 1.4586856299124584
8 -2.9151669203919583 9.420235011490698
-2 -1.4169215984856205 6.419368856097587
2 -2.7678072933900824 7.536967697337138
-9 -6.107192102472972 6.025722899902713
9 -7.9233400714503315 2.0755411179212357
-6 -3.3616272074451023 1.3167701463040904
-5 -3.3757319895777957 1.7631285702431032
10 -9.392212127933586 9.1038873032489
-2 -6.5205518147520545 0.5358935969480372
-2 -8.106840248918267 9.776801125786463
8 -1.0381848206944788 2.009582165855316
-1 -3.5399594230880034 8.137216320341059
-5 -2.2269033811080927 9.654734438514962
4 -4.004306214212515 7.307203547735761
-10 -0.7713241908257924 6.725455555697827
-2 -8.621254257292124 3.651946777240862
-5 -8.632121812628975 8.177390442161327
7 -4.757149144640723 6.935849733553345
-2 -4.221077771554755 3.9779215580015848
-8 -7.51606434443155 4.314756662021862
1 -5.466788401050284 3.288048128294785
-8 -7.844004519657509 4.699014166702891
1 -9.26169482592763 7.677839772297361
2 -6.427211044441385 6.5067411722899475
7 -3.9215761083975087 0.8992925477577296
5 -1.0590946881819612 5.727468415071141
-3 -8.218766858862745 8.206697852196491
6 -5.999934590914206 6.5559533754317005
4 -5.568664109352543 9.707269933440006
-3 -9.087526491381027 4.053235933859995
-9 -9.989150792253545 0.059192929858570276
-8 -7.659480696438753 2.0991336606606836
-5 -3.4810528724125938 0.8654929723464067
-8 -7.512259118111418 6.728516364804992
1 -9.343694844071614 4.068666121587049
-1 -3.166231404377628 3.613069472816962
-6 -9.83388709207508 8.954831769856757
-3 -5.226837680464341 5.478141300123495
-1 -4.6510661720918005 3.8961227435087755
-2 -6.936118950710593 6.1609485579803085
8 -5.337046462245225 3.305583616677418
4 -8.603490953412399 0.9279461213693219
10 -0.8690853668080916 5.462964926969997
-6 -3.874914063374084 0.5637132493578834
10 -2.3891192164063018 7.814327801615763
-9 -3.4378513226951384 8.197823710347919
1 -5.991050690560062 5.142713806915296
9 -4.799877082448266 2.9112741491645933
0 -5.074444389933453 3.1889598885594284
-10 -1.1483989164965163 0.42635063134297324
6 -0.2197607968673161 0.4488698991962725
5 -7.834179607393704 0.558880448921012
0 -8.286673342096275 4.497145547251012
-7 -1.2234844386220107 8.157711837501529
9 -5.688055465760527 3.8292301380778007
1 -8.404856718914788 2.1395257266538037
-3 -9.858582792947718 4.386599206772632
8 -8.536944324744688 1.9021781824182005
-3 -2.7671709080734903 8.240549157967637
10 -9.868295660411334 0.00712365601255871
7 -1.9641500716516944 0.4181978830096733
